#num jobs
30
#num machines
4

#jobId machId procTime energyCons
1	1	77,84	556,71
1	3	1,72	23,86
1	4	19,28	267,11
2	2	39,56	365,25
3	4	5,51	76,39
4	1	19,1	136,57
5	4	15,3	212,08
5	1	18,28	130,73
6	2	2,23	20,61
6	1	11,47	82,04
7	2	6,72	62,04
8	4	5,24	72,57
9	3	9,92	137,56
9	1	1,59	11,39
10	3	59,16	820,69
11	1	3,27	23,36
12	1	24,07	172,17
12	4	48,29	669,13
13	3	322,25	4469,99
14	3	30,51	423,22
14	1	13,54	96,87
15	1	44,97	321,61
15	2	19,99	184,56
15	4	6,57	91,09
16	2	5,53	51,06
16	1	4,22	30,16
17	2	8,98	82,93
17	3	267,94	3716,7
18	1	43,97	314,44
19	2	20,91	193,08
20	1	3,67	26,25
21	1	911,79	6520,98
22	2	10,69	98,7
23	4	15,68	217,29
24	1	46,97	335,95
24	2	6,72	62,07
24	3	19,22	266,62
24	4	6,87	95,26
25	1	184,64	1320,52
26	1	10,32	73,8
27	4	2,84	39,4
27	3	16,59	230,14
27	2	124,38	1148,23
28	4	4,48	62,14
28	1	12,36	88,36
29	4	17,4	241,15
29	3	6,57	91,19
29	2	6,55	60,45
30	2	1,06	9,82
30	1	80,65	576,79

#jobId ddate weight rdate
1	187,62	38	589,739
2	483,216	17	389,692
3	379,759	5	467,392
4	675,878	46	193,747
5	195,152	42	316,005
6	562,859	6	494,864
7	199,204	26	467,417
8	211,116	3	82,291
9	303,621	35	11,962
10	500,492	15	686,626
11	580,282	38	287,51
12	336,332	46	284,668
13	534,634	36	134,336
14	397,547	40	584,905
15	446,142	19	381,844
16	557,279	3	369,67
17	652,957	10	389,449
18	146,176	19	590,412
19	608,986	36	665,928
20	543,768	27	224,494
21	486,795	34	544,382
22	580,205	43	119,495
23	223,794	3	518,823
24	652,569	26	35,281
25	352,065	41	447,368
26	527,784	28	401,516
27	507,344	24	378,225
28	503,012	21	504,715
29	197,295	28	542,633
30	361,182	23	354,48

#machId jobPred jobSucc setupTime
1	1	4	3,968
1	1	5	0,661
1	1	6	3,08
1	1	9	4,195
1	1	11	2,067
1	1	12	4,552
1	1	14	8,885
1	1	15	2,399
1	1	16	4,51
1	1	18	7,223
1	1	20	2,678
1	1	21	1,211
1	1	24	8,784
1	1	25	1,523
1	1	26	3,213
1	1	28	24,657
1	1	30	1,22
1	4	1	2,909
1	4	5	5,627
1	4	6	4,297
1	4	9	6,899
1	4	11	1,188
1	4	12	1,258
1	4	14	13,825
1	4	15	0,985
1	4	16	7,092
1	4	18	2,245
1	4	20	9,361
1	4	21	12,261
1	4	24	4,488
1	4	25	13,671
1	4	26	7,452
1	4	28	5,877
1	4	30	4,037
1	5	1	7,114
1	5	4	4,584
1	5	6	1,336
1	5	9	2,6
1	5	11	6,939
1	5	12	2,943
1	5	14	7,925
1	5	15	3,185
1	5	16	4,291
1	5	18	11,03
1	5	20	3,527
1	5	21	15,669
1	5	24	3,622
1	5	25	4,564
1	5	26	0,855
1	5	28	6,976
1	5	30	8,32
1	6	1	14,735
1	6	4	6,906
1	6	5	1,026
1	6	9	5,61
1	6	11	33,231
1	6	12	1,511
1	6	14	0,7
1	6	15	5,976
1	6	16	5,225
1	6	18	5,338
1	6	20	1,258
1	6	21	5,762
1	6	24	1,255
1	6	25	8,92
1	6	26	4,291
1	6	28	1,351
1	6	30	9,941
1	9	1	7,019
1	9	4	4,517
1	9	5	6,24
1	9	6	5,728
1	9	11	7,367
1	9	12	14,103
1	9	14	7,311
1	9	15	0,724
1	9	16	4,101
1	9	18	1,312
1	9	20	1,679
1	9	21	20,551
1	9	24	31,183
1	9	25	1,857
1	9	26	7,845
1	9	28	13,576
1	9	30	1,493
1	11	1	5,905
1	11	4	39,084
1	11	5	2,001
1	11	6	6,632
1	11	9	2,404
1	11	12	5,121
1	11	14	7,635
1	11	15	5,87
1	11	16	1,342
1	11	18	4,319
1	11	20	1,68
1	11	21	12,773
1	11	24	3,196
1	11	25	5,898
1	11	26	4,127
1	11	28	50,155
1	11	30	2,384
1	12	1	5,641
1	12	4	5,056
1	12	5	4,981
1	12	6	10,331
1	12	9	5,732
1	12	11	6,523
1	12	14	23,96
1	12	15	2,629
1	12	16	1,813
1	12	18	0,671
1	12	20	3,709
1	12	21	16,952
1	12	24	10,033
1	12	25	1,184
1	12	26	3,722
1	12	28	7,986
1	12	30	3,038
1	14	1	19,106
1	14	4	3,138
1	14	5	9,8
1	14	6	4,488
1	14	9	1,504
1	14	11	6,271
1	14	12	29,556
1	14	15	2,753
1	14	16	1,178
1	14	18	2,662
1	14	20	5,819
1	14	21	2,551
1	14	24	4,127
1	14	25	2,286
1	14	26	10,817
1	14	28	4,316
1	14	30	19,163
1	15	1	8,028
1	15	4	3,237
1	15	5	8,197
1	15	6	2,659
1	15	9	6,754
1	15	11	0,809
1	15	12	2,455
1	15	14	6,531
1	15	16	11,411
1	15	18	12,974
1	15	20	0,738
1	15	21	0,81
1	15	24	3,075
1	15	25	10,415
1	15	26	1,07
1	15	28	1,317
1	15	30	1,209
1	16	1	1,767
1	16	4	2,494
1	16	5	7,918
1	16	6	1,196
1	16	9	1,015
1	16	11	10,08
1	16	12	21,752
1	16	14	1,429
1	16	15	10,112
1	16	18	5,324
1	16	20	2,193
1	16	21	14,32
1	16	24	27,33
1	16	25	1,181
1	16	26	3,42
1	16	28	1,329
1	16	30	5,741
1	18	1	23,395
1	18	4	3,598
1	18	5	4,796
1	18	6	9,878
1	18	9	1,015
1	18	11	7,731
1	18	12	5,195
1	18	14	4,785
1	18	15	7,756
1	18	16	5,766
1	18	20	3,294
1	18	21	4,225
1	18	24	9,354
1	18	25	2,227
1	18	26	7,016
1	18	28	13,639
1	18	30	1,319
1	20	1	1,268
1	20	4	6,465
1	20	5	7,26
1	20	6	1,874
1	20	9	3,813
1	20	11	1,398
1	20	12	6,205
1	20	14	1,015
1	20	15	3,529
1	20	16	2,113
1	20	18	1,915
1	20	21	9,225
1	20	24	2,401
1	20	25	1,728
1	20	26	2,153
1	20	28	1,317
1	20	30	4,147
1	21	1	5,305
1	21	4	2,962
1	21	5	1,782
1	21	6	12,987
1	21	9	1,772
1	21	11	2,279
1	21	12	13,449
1	21	14	3,279
1	21	15	4,594
1	21	16	6,919
1	21	18	1,041
1	21	20	1,142
1	21	24	3,577
1	21	25	14,239
1	21	26	0,818
1	21	28	7,933
1	21	30	12,717
1	24	1	11
1	24	4	0,677
1	24	5	0,625
1	24	6	6,152
1	24	9	1,015
1	24	11	7,676
1	24	12	1,291
1	24	14	15,155
1	24	15	5,946
1	24	16	1,08
1	24	18	1,33
1	24	20	4,725
1	24	21	5,078
1	24	25	5,85
1	24	26	0,607
1	24	28	14,346
1	24	30	5,059
1	25	1	0,691
1	25	4	2,063
1	25	5	6,019
1	25	6	0,505
1	25	9	8,201
1	25	11	18,484
1	25	12	4,765
1	25	14	0,561
1	25	15	7,132
1	25	16	2,2
1	25	18	2,059
1	25	20	15,466
1	25	21	12,944
1	25	24	1,27
1	25	26	1,263
1	25	28	2,105
1	25	30	2,497
1	26	1	2,453
1	26	4	7,947
1	26	5	12,646
1	26	6	11,761
1	26	9	0,548
1	26	11	8,936
1	26	12	0,506
1	26	14	18,759
1	26	15	1,785
1	26	16	6,193
1	26	18	1,933
1	26	20	0,732
1	26	21	1,802
1	26	24	9,705
1	26	25	10,236
1	26	28	7,389
1	26	30	2,066
1	28	1	2,063
1	28	4	2,851
1	28	5	2,975
1	28	6	1,496
1	28	9	0,91
1	28	11	5,035
1	28	12	4,145
1	28	14	8,143
1	28	15	26,149
1	28	16	1,505
1	28	18	3,453
1	28	20	15,375
1	28	21	2,557
1	28	24	3,118
1	28	25	3,204
1	28	26	12,928
1	28	30	8,408
1	30	1	10,135
1	30	4	5,473
1	30	5	2,401
1	30	6	3,014
1	30	9	13,193
1	30	11	3,009
1	30	12	6,525
1	30	14	5,427
1	30	15	5,199
1	30	16	21,815
1	30	18	3,958
1	30	20	1,353
1	30	21	11,374
1	30	24	7,643
1	30	25	6,587
1	30	26	3,929
1	30	28	1,225
2	2	6	2,187
2	2	7	5,667
2	2	15	2,411
2	2	16	3,267
2	2	17	4,029
2	2	19	3,572
2	2	22	0,893
2	2	24	18,406
2	2	27	14,041
2	2	29	6,811
2	2	30	6,408
2	6	2	8,182
2	6	7	1,811
2	6	15	10,88
2	6	16	4,609
2	6	17	1,981
2	6	19	1,794
2	6	22	3,763
2	6	24	0,577
2	6	27	10,179
2	6	29	0,978
2	6	30	3,545
2	7	2	1,194
2	7	6	5,16
2	7	15	7,412
2	7	16	7,807
2	7	17	2,064
2	7	19	7,762
2	7	22	1,139
2	7	24	7,435
2	7	27	10,021
2	7	29	7,568
2	7	30	22,232
2	15	2	8,753
2	15	6	1,802
2	15	7	8,739
2	15	16	21,189
2	15	17	1,536
2	15	19	4,083
2	15	22	15,768
2	15	24	1,007
2	15	27	0,633
2	15	29	4,857
2	15	30	1,647
2	16	2	5,186
2	16	6	5,972
2	16	7	19,087
2	16	15	4,654
2	16	17	4,597
2	16	19	26,906
2	16	22	1,091
2	16	24	11,115
2	16	27	1,215
2	16	29	8,229
2	16	30	7,135
2	17	2	13,597
2	17	6	6,427
2	17	7	4,919
2	17	15	6,357
2	17	16	6,684
2	17	19	9,64
2	17	22	1,795
2	17	24	5,368
2	17	27	2,398
2	17	29	10,344
2	17	30	14,111
2	19	2	10,415
2	19	6	2,021
2	19	7	18,958
2	19	15	4,476
2	19	16	10,048
2	19	17	6,615
2	19	22	1,7
2	19	24	9,884
2	19	27	5,916
2	19	29	8,995
2	19	30	4,978
2	22	2	2,809
2	22	6	5,184
2	22	7	15,795
2	22	15	1,574
2	22	16	1,054
2	22	17	3,38
2	22	19	4,372
2	22	24	1,091
2	22	27	0,942
2	22	29	5,037
2	22	30	5,876
2	24	2	8,482
2	24	6	17,115
2	24	7	4,455
2	24	15	1,506
2	24	16	35,561
2	24	17	7,506
2	24	19	3,577
2	24	22	8,218
2	24	27	5,802
2	24	29	13,527
2	24	30	1,574
2	27	2	12,087
2	27	6	9,891
2	27	7	4,193
2	27	15	3,505
2	27	16	14,201
2	27	17	18,62
2	27	19	19,006
2	27	22	9,126
2	27	24	2,457
2	27	29	9,212
2	27	30	17,799
2	29	2	15,944
2	29	6	3,703
2	29	7	4,352
2	29	15	4,407
2	29	16	7,697
2	29	17	2,651
2	29	19	1,015
2	29	22	4,091
2	29	24	1,79
2	29	27	13,727
2	29	30	4,888
2	30	2	2,534
2	30	6	5,725
2	30	7	3,965
2	30	15	3,226
2	30	16	0,935
2	30	17	9,838
2	30	19	6,588
2	30	22	4,132
2	30	24	13,058
2	30	27	1,321
2	30	29	1,961
3	1	9	4,424
3	1	10	4,655
3	1	13	1,413
3	1	14	2,16
3	1	17	14,785
3	1	24	3,504
3	1	27	17,691
3	1	29	19,231
3	9	1	3,016
3	9	10	3,95
3	9	13	7,008
3	9	14	1,823
3	9	17	7,228
3	9	24	1,074
3	9	27	16,076
3	9	29	1,689
3	10	1	4,495
3	10	9	0,971
3	10	13	5,486
3	10	14	10,512
3	10	17	1,295
3	10	24	4,209
3	10	27	3,922
3	10	29	5,87
3	13	1	32,072
3	13	9	1,79
3	13	10	5,166
3	13	14	4,313
3	13	17	7,574
3	13	24	7,955
3	13	27	5,872
3	13	29	0,852
3	14	1	3,234
3	14	9	6,416
3	14	10	8,864
3	14	13	9,718
3	14	17	7,675
3	14	24	1,516
3	14	27	3,728
3	14	29	8,293
3	17	1	2,525
3	17	9	2,35
3	17	10	0,99
3	17	13	18,971
3	17	14	6,139
3	17	24	23,114
3	17	27	2,58
3	17	29	0,822
3	24	1	0,67
3	24	9	10,222
3	24	10	11,616
3	24	13	12,763
3	24	14	7,306
3	24	17	14,284
3	24	27	8,572
3	24	29	1,229
3	27	1	5,343
3	27	9	15,868
3	27	10	7,286
3	27	13	4,465
3	27	14	22,609
3	27	17	1,492
3	27	24	2,438
3	27	29	0,523
3	29	1	8,069
3	29	9	4,996
3	29	10	1,733
3	29	13	2,86
3	29	14	5,606
3	29	17	8,021
3	29	24	7,227
3	29	27	11,189
4	1	3	3,132
4	1	5	7,118
4	1	8	6,824
4	1	12	3,836
4	1	15	3,077
4	1	23	5,453
4	1	24	6,323
4	1	27	3,454
4	1	28	13,674
4	1	29	0,737
4	3	1	2,905
4	3	5	4,204
4	3	8	1,537
4	3	12	4,923
4	3	15	15,054
4	3	23	1,134
4	3	24	1,872
4	3	27	12,733
4	3	28	11,284
4	3	29	3,816
4	5	1	5,14
4	5	3	1,549
4	5	8	5,63
4	5	12	12,028
4	5	15	1,387
4	5	23	2,522
4	5	24	1,21
4	5	27	2,942
4	5	28	9,378
4	5	29	5,833
4	8	1	2,938
4	8	3	4,194
4	8	5	13,992
4	8	12	5,047
4	8	15	8,442
4	8	23	2,701
4	8	24	2,549
4	8	27	1,47
4	8	28	3,23
4	8	29	9,654
4	12	1	5,1
4	12	3	24,363
4	12	5	0,511
4	12	8	6,811
4	12	15	0,983
4	12	23	2,023
4	12	24	5,632
4	12	27	3,878
4	12	28	6,801
4	12	29	2,515
4	15	1	0,551
4	15	3	1,928
4	15	5	1,865
4	15	8	5,754
4	15	12	17,998
4	15	23	3,446
4	15	24	4,371
4	15	27	7,208
4	15	28	2,907
4	15	29	0,834
4	23	1	1,178
4	23	3	1,106
4	23	5	1,313
4	23	8	0,892
4	23	12	8,822
4	23	15	4,642
4	23	24	25,635
4	23	27	5,606
4	23	28	2,701
4	23	29	1,198
4	24	1	5,334
4	24	3	1,593
4	24	5	6,272
4	24	8	0,703
4	24	12	4,396
4	24	15	13,161
4	24	23	0,794
4	24	27	7,143
4	24	28	4,963
4	24	29	5,984
4	27	1	5,187
4	27	3	1,303
4	27	5	6,208
4	27	8	4,549
4	27	12	3,349
4	27	15	3,883
4	27	23	0,597
4	27	24	1,198
4	27	28	2,058
4	27	29	0,765
4	28	1	8,608
4	28	3	5,784
4	28	5	0,793
4	28	8	1,868
4	28	12	2,376
4	28	15	2,839
4	28	23	5,391
4	28	24	9,682
4	28	27	6,077
4	28	29	2,313
4	29	1	1,92
4	29	3	1,614
4	29	5	1,731
4	29	8	4,46
4	29	12	4,161
4	29	15	2,597
4	29	23	4,265
4	29	24	6,928
4	29	27	13,398
4	29	28	20,138

