#num jobs
30
#num machines
4

#jobId machId procTime energyCons
1	3	3,53	14,53
2	4	24,42	341,79
2	2	932,05	6394,58
2	1	434,6	5911,63
3	2	21,5	147,52
4	3	4,13	17,04
4	2	6,53	44,82
4	1	1,11	15,13
5	3	7,76	31,98
5	2	2,85	19,54
5	1	9,18	124,87
6	3	19,72	81,28
6	2	204,68	1404,24
7	2	419,56	2878,51
7	1	41,25	561,12
8	1	32,14	437,22
8	4	373,34	5225,49
9	1	14,22	193,4
10	4	113,04	1582,13
10	1	9,81	133,42
11	2	115,36	791,44
11	1	5,93	80,69
12	1	6,68	90,88
12	2	49,65	340,66
12	4	3,56	49,78
13	3	5,16	21,28
14	3	57,08	235,29
14	2	536,26	3679,15
14	1	56,8	772,59
15	1	9,21	125,3
15	2	5,45	37,4
16	2	3,93	26,95
16	4	12,82	179,46
17	2	32,75	224,69
17	3	3,52	14,49
18	2	1,38	9,46
18	3	52,12	214,84
18	4	16,87	236,19
19	2	0,91	6,22
20	1	13,51	183,81
21	1	50,01	680,21
22	4	6,23	87,24
23	2	3,03	20,81
24	1	358,42	4875,4
25	1	4,04	54,94
26	4	0,36	4,97
27	1	4,25	57,76
28	2	18,17	124,65
29	3	38,2	157,48
30	2	3,04	20,89

#jobId ddate weight rdate
1	800,357	40	403,521
2	846,2	38	1262,935
3	669,205	24	73,685
4	661,827	35	788,487
5	625,923	13	932,382
6	664,797	12	935,886
7	607,656	46	111,96
8	430,216	30	607,229
9	834,023	29	604,876
10	760,181	3	1010,097
11	571,53	10	150,554
12	794,763	43	641,051
13	660,023	37	1491,515
14	432,85	10	1016,914
15	674,156	2	236,784
16	470,879	36	309,221
17	433,512	4	653,841
18	706,687	36	335,264
19	518,137	43	1295,493
20	516,038	22	42,618
21	502,788	19	1182,869
22	613,131	21	316,038
23	650,977	10	910,348
24	591,598	31	16,711
25	639,025	20	611,821
26	738,694	13	647,495
27	672,122	10	1271,006
28	797,133	12	1143,343
29	846,731	43	1028,237
30	626,368	28	968,19

#machId jobPred jobSucc setupTime
1	2	4	1,66
1	2	5	6,038
1	2	7	9,862
1	2	8	7,575
1	2	9	10,207
1	2	10	12,647
1	2	11	4,404
1	2	12	1,153
1	2	14	1,389
1	2	15	10,209
1	2	20	5,674
1	2	21	26,959
1	2	24	1,34
1	2	25	20,619
1	2	27	3,162
1	4	2	7,865
1	4	5	3,124
1	4	7	2,873
1	4	8	1,338
1	4	9	5,132
1	4	10	6,475
1	4	11	2,702
1	4	12	2,196
1	4	14	3,785
1	4	15	2,617
1	4	20	0,796
1	4	21	0,708
1	4	24	3,568
1	4	25	4,419
1	4	27	5,206
1	5	2	4,731
1	5	4	9,618
1	5	7	39,145
1	5	8	0,763
1	5	9	15,026
1	5	10	6,893
1	5	11	12,097
1	5	12	1,616
1	5	14	17,966
1	5	15	5,427
1	5	20	12,836
1	5	21	3,053
1	5	24	2,63
1	5	25	2,25
1	5	27	1,532
1	7	2	16,099
1	7	4	5,019
1	7	5	6,177
1	7	8	0,851
1	7	9	1,125
1	7	10	6,17
1	7	11	0,734
1	7	12	1,848
1	7	14	3,848
1	7	15	5,571
1	7	20	30,739
1	7	21	1,586
1	7	24	5,706
1	7	25	6,205
1	7	27	1,081
1	8	2	2,226
1	8	4	7,932
1	8	5	9,005
1	8	7	3,988
1	8	9	0,521
1	8	10	7,055
1	8	11	8,838
1	8	12	10,879
1	8	14	22,135
1	8	15	2,164
1	8	20	20,282
1	8	21	0,509
1	8	24	3,715
1	8	25	1,637
1	8	27	4,133
1	9	2	0,522
1	9	4	9,964
1	9	5	3,719
1	9	7	10,684
1	9	8	12,568
1	9	10	5,036
1	9	11	3,239
1	9	12	42,795
1	9	14	12,821
1	9	15	2,275
1	9	20	5,122
1	9	21	0,695
1	9	24	6,097
1	9	25	3,765
1	9	27	0,668
1	10	2	1,115
1	10	4	2,305
1	10	5	4,843
1	10	7	1,906
1	10	8	3,507
1	10	9	4,324
1	10	11	12,956
1	10	12	8,241
1	10	14	4,131
1	10	15	4,309
1	10	20	3,418
1	10	21	1,48
1	10	24	4,849
1	10	25	7,914
1	10	27	14,351
1	11	2	8,141
1	11	4	4,762
1	11	5	10,329
1	11	7	3,328
1	11	8	4,394
1	11	9	7,878
1	11	10	14,12
1	11	12	9,385
1	11	14	0,631
1	11	15	0,864
1	11	20	15,591
1	11	21	8,076
1	11	24	0,888
1	11	25	11,99
1	11	27	2,86
1	12	2	1,675
1	12	4	2,751
1	12	5	15,159
1	12	7	12,22
1	12	8	4,706
1	12	9	12,269
1	12	10	3,74
1	12	11	8,891
1	12	14	28,265
1	12	15	3,452
1	12	20	0,954
1	12	21	17,067
1	12	24	1,274
1	12	25	12,175
1	12	27	2,511
1	14	2	7,009
1	14	4	1,342
1	14	5	13,113
1	14	7	2,382
1	14	8	8,012
1	14	9	2,505
1	14	10	1,428
1	14	11	4,393
1	14	12	0,77
1	14	15	9,211
1	14	20	2,058
1	14	21	6,719
1	14	24	2,876
1	14	25	2,474
1	14	27	1,971
1	15	2	0,78
1	15	4	1,569
1	15	5	4,573
1	15	7	11,299
1	15	8	4,924
1	15	9	4,154
1	15	10	9,918
1	15	11	0,853
1	15	12	13,007
1	15	14	0,631
1	15	20	1,623
1	15	21	1,816
1	15	24	2,64
1	15	25	6,487
1	15	27	7,676
1	20	2	1,579
1	20	4	2,259
1	20	5	10,665
1	20	7	2,846
1	20	8	2,765
1	20	9	1,005
1	20	10	8,697
1	20	11	10,109
1	20	12	4,605
1	20	14	15,65
1	20	15	2,338
1	20	21	9,453
1	20	24	4,085
1	20	25	6,365
1	20	27	6,042
1	21	2	13,671
1	21	4	6,633
1	21	5	1,021
1	21	7	1,599
1	21	8	7,842
1	21	9	1,684
1	21	10	7,886
1	21	11	1,154
1	21	12	9,687
1	21	14	1,789
1	21	15	11,153
1	21	20	2,076
1	21	24	3,517
1	21	25	7,359
1	21	27	5,376
1	24	2	9,888
1	24	4	5,322
1	24	5	0,947
1	24	7	0,558
1	24	8	3,351
1	24	9	5,65
1	24	10	3,284
1	24	11	5,724
1	24	12	4,505
1	24	14	15,966
1	24	15	7,529
1	24	20	19,354
1	24	21	2,655
1	24	25	3,438
1	24	27	3,398
1	25	2	2,428
1	25	4	1,403
1	25	5	10,591
1	25	7	0,998
1	25	8	26,039
1	25	9	4,387
1	25	10	2,506
1	25	11	18,04
1	25	12	1,249
1	25	14	2,452
1	25	15	3,547
1	25	20	2,651
1	25	21	5,819
1	25	24	1,988
1	25	27	11,819
1	27	2	0,524
1	27	4	4,436
1	27	5	4,385
1	27	7	6,085
1	27	8	4,045
1	27	9	4,691
1	27	10	8,496
1	27	11	3,848
1	27	12	5,916
1	27	14	1,367
1	27	15	1,856
1	27	20	3,762
1	27	21	7,862
1	27	24	5,813
1	27	25	9,567
2	2	3	8,936
2	2	4	7,271
2	2	5	7,173
2	2	6	2,934
2	2	7	14,796
2	2	11	3,469
2	2	12	4,141
2	2	14	2,216
2	2	15	1,85
2	2	16	1,453
2	2	17	2,051
2	2	18	2,761
2	2	19	4,354
2	2	23	10,265
2	2	28	4,718
2	2	30	0,765
2	3	2	1,759
2	3	4	11,008
2	3	5	2,226
2	3	6	4,701
2	3	7	4,05
2	3	11	6,199
2	3	12	12,278
2	3	14	24,626
2	3	15	2,712
2	3	16	1,09
2	3	17	3,026
2	3	18	7,344
2	3	19	2,1
2	3	23	8,453
2	3	28	3,635
2	3	30	4,567
2	4	2	1,886
2	4	3	16,511
2	4	5	13,043
2	4	6	1,582
2	4	7	5,253
2	4	11	2,426
2	4	12	0,861
2	4	14	7,584
2	4	15	5,262
2	4	16	5,148
2	4	17	0,901
2	4	18	7,845
2	4	19	10,832
2	4	23	6,874
2	4	28	8,51
2	4	30	9,137
2	5	2	0,741
2	5	3	6,352
2	5	4	1,476
2	5	6	12,668
2	5	7	0,958
2	5	11	17,486
2	5	12	7,634
2	5	14	54,888
2	5	15	3,419
2	5	16	5,179
2	5	17	14,16
2	5	18	6,461
2	5	19	5,662
2	5	23	1,256
2	5	28	6,694
2	5	30	24,615
2	6	2	1,555
2	6	3	6,269
2	6	4	10,667
2	6	5	2,01
2	6	7	1,693
2	6	11	1,589
2	6	12	5,762
2	6	14	4,135
2	6	15	8,958
2	6	16	8,136
2	6	17	10,607
2	6	18	1,194
2	6	19	2,116
2	6	23	17,457
2	6	28	13,439
2	6	30	2,664
2	7	2	3,365
2	7	3	1,968
2	7	4	3,036
2	7	5	23,224
2	7	6	1,007
2	7	11	1,486
2	7	12	0,881
2	7	14	0,923
2	7	15	1,999
2	7	16	2,759
2	7	17	2,413
2	7	18	2,967
2	7	19	1,443
2	7	23	14,221
2	7	28	1,995
2	7	30	6,934
2	11	2	1,987
2	11	3	2,292
2	11	4	0,856
2	11	5	3,671
2	11	6	15,968
2	11	7	2,613
2	11	12	1,953
2	11	14	7,818
2	11	15	13,53
2	11	16	1,671
2	11	17	3,46
2	11	18	8,509
2	11	19	3,123
2	11	23	2,171
2	11	28	19,726
2	11	30	41,464
2	12	2	2,667
2	12	3	0,945
2	12	4	6,929
2	12	5	1,925
2	12	6	13,342
2	12	7	12,394
2	12	11	1,938
2	12	14	4,759
2	12	15	1,233
2	12	16	26,45
2	12	17	5,752
2	12	18	0,618
2	12	19	3,143
2	12	23	4,085
2	12	28	9,535
2	12	30	24,633
2	14	2	4,337
2	14	3	4,119
2	14	4	7,781
2	14	5	5,941
2	14	6	3,296
2	14	7	7
2	14	11	7,105
2	14	12	5,854
2	14	15	17,111
2	14	16	3,23
2	14	17	1,229
2	14	18	6,922
2	14	19	7,489
2	14	23	4,927
2	14	28	8,16
2	14	30	3,295
2	15	2	3,723
2	15	3	2,428
2	15	4	0,892
2	15	5	6,289
2	15	6	25,324
2	15	7	1,744
2	15	11	3,62
2	15	12	0,526
2	15	14	10,518
2	15	16	6,775
2	15	17	4,592
2	15	18	7,028
2	15	19	2,92
2	15	23	10,003
2	15	28	1,958
2	15	30	17,383
2	16	2	5,724
2	16	3	5,01
2	16	4	6,399
2	16	5	8,701
2	16	6	2,142
2	16	7	3,093
2	16	11	1,559
2	16	12	9,277
2	16	14	3,13
2	16	15	3,55
2	16	17	22,336
2	16	18	3,68
2	16	19	2,993
2	16	23	11,298
2	16	28	1,866
2	16	30	1,081
2	17	2	3,082
2	17	3	38,777
2	17	4	3,94
2	17	5	9,515
2	17	6	14,023
2	17	7	5,926
2	17	11	1,97
2	17	12	17,668
2	17	14	4,2
2	17	15	19,442
2	17	16	19,372
2	17	18	10,014
2	17	19	2,254
2	17	23	2,179
2	17	28	5,328
2	17	30	6,912
2	18	2	19,585
2	18	3	3,676
2	18	4	0,958
2	18	5	1,827
2	18	6	2,64
2	18	7	1,663
2	18	11	14,501
2	18	12	5,432
2	18	14	2,058
2	18	15	2,534
2	18	16	2,943
2	18	17	6,458
2	18	19	6,205
2	18	23	3,657
2	18	28	1,066
2	18	30	10,639
2	19	2	1,005
2	19	3	4,568
2	19	4	3,524
2	19	5	1,695
2	19	6	14,493
2	19	7	9,832
2	19	11	6,422
2	19	12	1,624
2	19	14	1,323
2	19	15	1,768
2	19	16	6,28
2	19	17	5,481
2	19	18	1,226
2	19	23	1,075
2	19	28	6,004
2	19	30	15,603
2	23	2	1,737
2	23	3	1,094
2	23	4	3,774
2	23	5	0,93
2	23	6	2,88
2	23	7	1,752
2	23	11	1,575
2	23	12	13,489
2	23	14	7,708
2	23	15	5,519
2	23	16	1,143
2	23	17	2,384
2	23	18	0,926
2	23	19	2,689
2	23	28	1,015
2	23	30	9,972
2	28	2	0,611
2	28	3	7,661
2	28	4	4,334
2	28	5	12,161
2	28	6	7,103
2	28	7	6,76
2	28	11	2,938
2	28	12	9,526
2	28	14	0,632
2	28	15	3,884
2	28	16	13,988
2	28	17	13,806
2	28	18	22,37
2	28	19	1,392
2	28	23	9,732
2	28	30	22,362
2	30	2	0,975
2	30	3	3,355
2	30	4	0,592
2	30	5	4,674
2	30	6	2,22
2	30	7	6,406
2	30	11	1,229
2	30	12	1,422
2	30	14	8,848
2	30	15	4,242
2	30	16	5,108
2	30	17	4,606
2	30	18	15,147
2	30	19	3,54
2	30	23	10,054
2	30	28	1,847
3	1	4	1,626
3	1	5	6,755
3	1	6	8,601
3	1	13	3,089
3	1	14	4,839
3	1	17	1,834
3	1	18	16,975
3	1	29	2,279
3	4	1	3,539
3	4	5	1,272
3	4	6	0,87
3	4	13	8,977
3	4	14	2,191
3	4	17	4,089
3	4	18	0,858
3	4	29	20,333
3	5	1	2,873
3	5	4	9,02
3	5	6	12,869
3	5	13	1,438
3	5	14	5,035
3	5	17	4,071
3	5	18	0,988
3	5	29	4,506
3	6	1	0,627
3	6	4	4,2
3	6	5	10,757
3	6	13	0,824
3	6	14	5,185
3	6	17	2,414
3	6	18	16,339
3	6	29	3,959
3	13	1	8,451
3	13	4	21,514
3	13	5	1,419
3	13	6	4,962
3	13	14	0,927
3	13	17	2,424
3	13	18	3,95
3	13	29	7,154
3	14	1	3,758
3	14	4	7,131
3	14	5	1,208
3	14	6	4,209
3	14	13	3,912
3	14	17	1,845
3	14	18	2,362
3	14	29	3,687
3	17	1	4,242
3	17	4	1,136
3	17	5	2,04
3	17	6	10,635
3	17	13	3,78
3	17	14	4,189
3	17	18	0,854
3	17	29	9,282
3	18	1	1,704
3	18	4	2,771
3	18	5	26,352
3	18	6	10,061
3	18	13	3,437
3	18	14	18,699
3	18	17	2,185
3	18	29	4,857
3	29	1	2,674
3	29	4	5,839
3	29	5	9,744
3	29	6	10,285
3	29	13	6,95
3	29	14	5,814
3	29	17	14,596
3	29	18	16,684
4	2	8	8,369
4	2	10	9,277
4	2	12	0,653
4	2	16	15,616
4	2	18	8,351
4	2	22	8,906
4	2	26	1,474
4	8	2	2,153
4	8	10	1,115
4	8	12	7,818
4	8	16	2,736
4	8	18	12,621
4	8	22	3,548
4	8	26	8,306
4	10	2	9,664
4	10	8	3,882
4	10	12	0,746
4	10	16	13,87
4	10	18	9,682
4	10	22	6,93
4	10	26	4,268
4	12	2	1,518
4	12	8	8,299
4	12	10	1,505
4	12	16	13,98
4	12	18	2,94
4	12	22	7,709
4	12	26	1,511
4	16	2	7,225
4	16	8	6,027
4	16	10	2,25
4	16	12	2,398
4	16	18	2,368
4	16	22	1,925
4	16	26	2,408
4	18	2	0,978
4	18	8	1,081
4	18	10	1,435
4	18	12	7,119
4	18	16	19,93
4	18	22	11,069
4	18	26	17,373
4	22	2	24,1
4	22	8	2,132
4	22	10	2,118
4	22	12	0,581
4	22	16	12,496
4	22	18	0,681
4	22	26	1,896
4	26	2	8,472
4	26	8	2,42
4	26	10	1,657
4	26	12	6,385
4	26	16	0,578
4	26	18	1,111
4	26	22	1,665

