#num jobs
30
#num machines
4

#jobId machId procTime energyCons
1	1	10,01	11,61
1	3	10,12	80,73
2	1	3,46	4,01
2	2	15,37	46,86
3	1	20,86	24,21
4	2	47,96	146,21
5	4	15,63	116,92
6	3	7,66	61,1
6	4	1,11	8,27
7	3	28,13	224,53
8	4	0,04	0,32
9	4	8,07	60,35
10	1	4,92	5,71
10	3	46,44	370,63
11	1	10,05	11,67
12	1	14,35	16,65
13	1	14,98	17,38
14	2	156,64	477,56
14	4	253,17	1894,08
15	4	7,61	56,9
15	3	4,73	37,75
15	2	245,94	749,78
16	4	6,21	46,47
17	4	5,23	39,15
17	1	2,88	3,34
18	3	5,15	41,06
18	4	107,45	803,9
19	3	103,92	829,33
20	2	13,91	42,4
21	2	40,44	123,3
21	1	2,97	3,45
22	2	1,47	4,48
22	4	1,37	10,22
23	3	1,59	12,67
24	1	14,57	16,91
24	4	6,17	46,15
25	4	33,64	251,7
25	3	899,48	7178,56
25	1	1,93	2,24
26	3	25,67	204,9
26	4	15,12	113,11
27	2	1,54	4,69
28	1	30,66	35,58
28	4	56,34	421,48
29	1	1,45	1,69
29	3	1711,89	13662,16
30	3	62,82	501,39

#jobId ddate weight rdate
1	281,877	29	485,464
2	164,946	47	1259,401
3	168,362	40	224,329
4	220,881	19	439,469
5	306,372	15	1096,233
6	310,822	35	1185,296
7	158,957	34	74,64
8	188,121	33	371,209
9	230,763	13	1664,66
10	204,271	29	1730,098
11	282,825	7	958,97
12	180,043	3	1708,177
13	178,67	5	1475,536
14	242,515	44	538,262
15	126,154	32	107,624
16	192,092	2	1058,671
17	149,657	8	1110,427
18	275,231	20	92,731
19	235,182	3	843,802
20	298,496	39	1293,697
21	251,837	10	1562,863
22	152,584	36	1328,551
23	158,022	34	1136,963
24	154,288	42	1189,374
25	232,517	37	1134,024
26	268,833	7	557,701
27	107,47	16	348,037
28	152,714	17	491,533
29	194,898	23	68,346
30	256,605	23	1389,795

#machId jobPred jobSucc setupTime
1	1	2	0,711
1	1	3	23,199
1	1	10	1,977
1	1	11	1,173
1	1	12	2,449
1	1	13	7,33
1	1	17	2,104
1	1	21	1,236
1	1	24	5,884
1	1	25	2,156
1	1	28	0,586
1	1	29	1,161
1	2	1	11,821
1	2	3	2,819
1	2	10	3,604
1	2	11	3,417
1	2	12	8,839
1	2	13	4,152
1	2	17	27,856
1	2	21	4,456
1	2	24	2,26
1	2	25	7,325
1	2	28	3,658
1	2	29	15,988
1	3	1	3,814
1	3	2	8,629
1	3	10	13,027
1	3	11	4,739
1	3	12	7,633
1	3	13	0,784
1	3	17	1,55
1	3	21	10,955
1	3	24	1,651
1	3	25	0,639
1	3	28	7,842
1	3	29	8,485
1	10	1	1,83
1	10	2	1,512
1	10	3	4,236
1	10	11	3,99
1	10	12	2,962
1	10	13	3,181
1	10	17	1,183
1	10	21	5,213
1	10	24	0,869
1	10	25	3,439
1	10	28	3,036
1	10	29	2,446
1	11	1	1,769
1	11	2	2,026
1	11	3	4,467
1	11	10	1,154
1	11	12	0,794
1	11	13	15,101
1	11	17	4,861
1	11	21	2,889
1	11	24	5,466
1	11	25	5,533
1	11	28	13,779
1	11	29	2,478
1	12	1	7,002
1	12	2	5,462
1	12	3	5,39
1	12	10	10,574
1	12	11	4,113
1	12	13	8,879
1	12	17	3,561
1	12	21	9,906
1	12	24	3,23
1	12	25	5,271
1	12	28	3,105
1	12	29	4,345
1	13	1	2,273
1	13	2	2,694
1	13	3	21,345
1	13	10	1,147
1	13	11	22,364
1	13	12	4,365
1	13	17	6,833
1	13	21	12,777
1	13	24	8,347
1	13	25	5,766
1	13	28	9,731
1	13	29	5,751
1	17	1	18,379
1	17	2	2,228
1	17	3	6,008
1	17	10	4,628
1	17	11	4,071
1	17	12	10,101
1	17	13	4,256
1	17	21	7,508
1	17	24	0,804
1	17	25	2,098
1	17	28	9,33
1	17	29	3,573
1	21	1	0,857
1	21	2	10,359
1	21	3	12,828
1	21	10	7,656
1	21	11	9,044
1	21	12	7,203
1	21	13	2,918
1	21	17	3,154
1	21	24	10,433
1	21	25	0,801
1	21	28	1,86
1	21	29	8,07
1	24	1	4,72
1	24	2	2,571
1	24	3	13,189
1	24	10	4,601
1	24	11	0,833
1	24	12	13,754
1	24	13	17,866
1	24	17	2,673
1	24	21	2,98
1	24	25	3,61
1	24	28	4,259
1	24	29	4,185
1	25	1	2,993
1	25	2	2,212
1	25	3	1,774
1	25	10	1,306
1	25	11	5,869
1	25	12	5,731
1	25	13	10,238
1	25	17	2,18
1	25	21	4,383
1	25	24	3,356
1	25	28	2,232
1	25	29	2,26
1	28	1	24,17
1	28	2	1,872
1	28	3	1,915
1	28	10	0,845
1	28	11	2,224
1	28	12	6,819
1	28	13	2,035
1	28	17	3,901
1	28	21	9,008
1	28	24	6,603
1	28	25	9,259
1	28	29	4,806
1	29	1	3,207
1	29	2	21,489
1	29	3	11,013
1	29	10	5,909
1	29	11	8,845
1	29	12	4,408
1	29	13	5,804
1	29	17	1,481
1	29	21	1,645
1	29	24	11,177
1	29	25	0,509
1	29	28	0,509
2	2	4	5,021
2	2	14	6,965
2	2	15	3,77
2	2	20	6,447
2	2	21	1,465
2	2	22	1,511
2	2	27	2,48
2	4	2	3,921
2	4	14	10,114
2	4	15	0,895
2	4	20	4,772
2	4	21	5,8
2	4	22	2,583
2	4	27	4,185
2	14	2	3,16
2	14	4	7,18
2	14	15	1,573
2	14	20	16,116
2	14	21	2,909
2	14	22	10,218
2	14	27	1,635
2	15	2	2,759
2	15	4	3,321
2	15	14	0,728
2	15	20	11,749
2	15	21	5,325
2	15	22	2,931
2	15	27	16,487
2	20	2	5,235
2	20	4	3,966
2	20	14	1,121
2	20	15	2,951
2	20	21	11,465
2	20	22	12,591
2	20	27	6,744
2	21	2	13,164
2	21	4	5,695
2	21	14	1,796
2	21	15	5,848
2	21	20	9,584
2	21	22	2,187
2	21	27	5,89
2	22	2	5,28
2	22	4	5,596
2	22	14	5,29
2	22	15	0,908
2	22	20	2,95
2	22	21	0,801
2	22	27	3,231
2	27	2	1,95
2	27	4	2,069
2	27	14	17,994
2	27	15	7,839
2	27	20	28,816
2	27	21	3,108
2	27	22	30,592
3	1	6	7,305
3	1	7	12,729
3	1	10	5,171
3	1	15	3,62
3	1	18	5,86
3	1	19	1,907
3	1	23	8,32
3	1	25	5,803
3	1	26	11,86
3	1	29	3,15
3	1	30	2,394
3	6	1	19,248
3	6	7	18,998
3	6	10	0,855
3	6	15	1,177
3	6	18	1,731
3	6	19	2,681
3	6	23	1,524
3	6	25	9,978
3	6	26	3,653
3	6	29	14,313
3	6	30	5,266
3	7	1	0,523
3	7	6	2,336
3	7	10	35,999
3	7	15	5,677
3	7	18	8,697
3	7	19	8,339
3	7	23	2,593
3	7	25	2,29
3	7	26	4,457
3	7	29	5,923
3	7	30	0,913
3	10	1	0,598
3	10	6	11,01
3	10	7	1,252
3	10	15	9,051
3	10	18	3,177
3	10	19	0,629
3	10	23	0,659
3	10	25	2,404
3	10	26	26,935
3	10	29	4,806
3	10	30	6,876
3	15	1	2,351
3	15	6	9,144
3	15	7	4,869
3	15	10	2,478
3	15	18	13,222
3	15	19	14,466
3	15	23	5,183
3	15	25	13,691
3	15	26	16,018
3	15	29	3,292
3	15	30	2,534
3	18	1	0,908
3	18	6	10,095
3	18	7	7,058
3	18	10	4,135
3	18	15	17,386
3	18	19	1,194
3	18	23	3,459
3	18	25	8,297
3	18	26	4,081
3	18	29	2,125
3	18	30	16,216
3	19	1	0,918
3	19	6	9,573
3	19	7	3,898
3	19	10	1,378
3	19	15	6,134
3	19	18	2,552
3	19	23	0,512
3	19	25	1,439
3	19	26	9,051
3	19	29	19,656
3	19	30	1,5
3	23	1	0,97
3	23	6	1,441
3	23	7	8,102
3	23	10	1,068
3	23	15	17,158
3	23	18	0,635
3	23	19	2,203
3	23	25	1,276
3	23	26	7,407
3	23	29	3,265
3	23	30	3,367
3	25	1	0,902
3	25	6	8,549
3	25	7	0,518
3	25	10	4,858
3	25	15	0,53
3	25	18	8,507
3	25	19	8,196
3	25	23	5,009
3	25	26	9,012
3	25	29	12,216
3	25	30	4,995
3	26	1	2,585
3	26	6	1,407
3	26	7	4,15
3	26	10	3,68
3	26	15	17,23
3	26	18	3,756
3	26	19	1,1
3	26	23	3,095
3	26	25	8,486
3	26	29	4,823
3	26	30	2,859
3	29	1	3,304
3	29	6	2,01
3	29	7	3,395
3	29	10	1,764
3	29	15	1,138
3	29	18	0,959
3	29	19	8,575
3	29	23	1,419
3	29	25	3,041
3	29	26	6,916
3	29	30	6,62
3	30	1	9,051
3	30	6	4,349
3	30	7	19,775
3	30	10	6,406
3	30	15	0,53
3	30	18	5,698
3	30	19	3,752
3	30	23	17,551
3	30	25	3,211
3	30	26	8,741
3	30	29	0,976
4	5	6	2,96
4	5	8	2,712
4	5	9	2,126
4	5	14	12,764
4	5	15	1,27
4	5	16	9,081
4	5	17	2,277
4	5	18	0,629
4	5	22	3,494
4	5	24	2,839
4	5	25	12,076
4	5	26	4,448
4	5	28	3,828
4	6	5	14,022
4	6	8	2,822
4	6	9	2,242
4	6	14	3,942
4	6	15	16,812
4	6	16	1,254
4	6	17	0,998
4	6	18	8,391
4	6	22	5,749
4	6	24	1,146
4	6	25	10,727
4	6	26	17,616
4	6	28	6,36
4	8	5	5,351
4	8	6	8,028
4	8	9	4,102
4	8	14	0,618
4	8	15	0,679
4	8	16	3,805
4	8	17	0,719
4	8	18	3,144
4	8	22	0,649
4	8	24	10,329
4	8	25	9,026
4	8	26	8,535
4	8	28	8,057
4	9	5	8,549
4	9	6	1,906
4	9	8	4,11
4	9	14	22,042
4	9	15	1,36
4	9	16	3,818
4	9	17	0,665
4	9	18	3,792
4	9	22	7,179
4	9	24	8,545
4	9	25	2,028
4	9	26	1,778
4	9	28	19,921
4	14	5	6,178
4	14	6	1,24
4	14	8	11,245
4	14	9	2,364
4	14	15	7,71
4	14	16	25,753
4	14	17	24,763
4	14	18	5,099
4	14	22	14,135
4	14	24	6,293
4	14	25	4,124
4	14	26	4,288
4	14	28	17,736
4	15	5	14,534
4	15	6	25,342
4	15	8	6,351
4	15	9	21,628
4	15	14	2,158
4	15	16	2,022
4	15	17	0,719
4	15	18	5,779
4	15	22	19,229
4	15	24	15,054
4	15	25	2,569
4	15	26	4,561
4	15	28	1,554
4	16	5	0,97
4	16	6	18,145
4	16	8	1,7
4	16	9	0,605
4	16	14	1,563
4	16	15	2,289
4	16	17	4,538
4	16	18	1,431
4	16	22	2,323
4	16	24	3,451
4	16	25	3,955
4	16	26	4,501
4	16	28	1,71
4	17	5	27,801
4	17	6	1,318
4	17	8	1,235
4	17	9	4,333
4	17	14	3,462
4	17	15	1,189
4	17	16	0,851
4	17	18	1,524
4	17	22	1,654
4	17	24	4,213
4	17	25	8,995
4	17	26	3,377
4	17	28	15,598
4	18	5	1,469
4	18	6	1,957
4	18	8	2,511
4	18	9	2,302
4	18	14	2,125
4	18	15	1,931
4	18	16	4,486
4	18	17	4,751
4	18	22	0,796
4	18	24	9,655
4	18	25	1,926
4	18	26	4,613
4	18	28	0,907
4	22	5	1,825
4	22	6	3,68
4	22	8	20,586
4	22	9	9,481
4	22	14	1,873
4	22	15	7,432
4	22	16	10,758
4	22	17	4,262
4	22	18	8,341
4	22	24	3,575
4	22	25	3,81
4	22	26	3,051
4	22	28	3,091
4	24	5	5,821
4	24	6	32,78
4	24	8	20,604
4	24	9	8,322
4	24	14	0,553
4	24	15	4,943
4	24	16	7,344
4	24	17	7,266
4	24	18	6,687
4	24	22	12,978
4	24	25	1,701
4	24	26	0,571
4	24	28	6,763
4	25	5	3,035
4	25	6	1,029
4	25	8	15,973
4	25	9	1,489
4	25	14	1,209
4	25	15	15,933
4	25	16	0,859
4	25	17	12,206
4	25	18	13,464
4	25	22	4,584
4	25	24	10,63
4	25	26	0,593
4	25	28	17,687
4	26	5	2,57
4	26	6	1,585
4	26	8	3,208
4	26	9	0,965
4	26	14	0,84
4	26	15	6,742
4	26	16	0,911
4	26	17	4,851
4	26	18	3,025
4	26	22	7,172
4	26	24	3,77
4	26	25	5,539
4	26	28	0,59
4	28	5	6,228
4	28	6	1,586
4	28	8	2,784
4	28	9	7,057
4	28	14	17,23
4	28	15	3,164
4	28	16	32,67
4	28	17	3,182
4	28	18	1,738
4	28	22	3,224
4	28	24	3,555
4	28	25	4,181
4	28	26	5,092

