#num jobs
30
#num machines
4

#jobId machId procTime energyCons
1	2	112,68	1316,1
2	3	13,21	38,54
3	4	443,41	2765,29
3	2	8,3	96,91
4	4	2,03	12,64
5	2	13,88	162,07
5	3	4,05	11,81
6	4	66,18	412,72
6	3	293,27	855,25
7	2	2,59	30,27
8	1	26,99	98,27
8	2	12,92	150,91
9	4	3,88	24,2
10	4	215,44	1343,56
11	4	3,34	20,82
12	4	0,84	5,23
12	2	7,58	88,53
12	1	29,27	106,58
13	4	8,13	50,7
13	1	18,86	68,67
14	1	9,62	35,02
14	3	7,6	22,18
14	4	159,9	997,2
15	2	15,62	182,4
15	3	11,23	32,75
16	4	47,34	295,24
17	4	11,61	72,39
17	3	1,92	5,61
18	4	11,27	70,31
19	3	4,61	13,44
19	4	8,13	50,73
20	1	6,04	21,99
21	4	5,52	34,42
21	3	50,04	145,94
22	1	7,71	28,07
22	4	239,06	1490,86
23	1	11,71	42,64
23	2	10,56	123,31
24	4	26,32	164,13
24	1	2,32	8,45
25	3	2,76	8,04
26	3	10,68	31,13
27	4	0,82	5,13
27	3	295,94	863,05
27	1	16,01	58,31
28	1	14,4	52,43
29	1	118,19	430,38
30	2	16,96	198,12
30	3	1,29	3,77
30	4	0,99	6,18

#jobId ddate weight rdate
1	108,22	19	322,366
2	225,792	32	219,315
3	189,218	6	121,125
4	125,178	45	203,761
5	228,26	7	67,985
6	92,188	13	196,978
7	263,688	8	289,375
8	200,204	8	208,231
9	265,767	10	20,175
10	145,986	30	116,399
11	239,635	9	23,547
12	568,592	8	52,838
13	346,667	28	272,379
14	332,454	14	47,065
15	436,997	37	300,25
16	56,951	35	253,784
17	420,238	22	277,129
18	500,249	1	1,856
19	311,297	15	320,68
20	132,828	26	355,353
21	261,563	1	28,821
22	296,3	24	305,699
23	414,624	2	155,116
24	563,994	40	212,35
25	399,775	32	336,159
26	502,58	38	224,141
27	233,854	20	139,211
28	274,941	29	199,168
29	92,02	3	208,261
30	93,916	15	171,53

#machId jobPred jobSucc setupTime
1	8	12	1,805
1	8	13	32,82
1	8	14	6,542
1	8	20	1,306
1	8	22	2,894
1	8	23	12,22
1	8	24	6,312
1	8	27	9,702
1	8	28	1,668
1	8	29	6,714
1	12	8	9,392
1	12	13	2,846
1	12	14	0,824
1	12	20	2,235
1	12	22	9,453
1	12	23	29,428
1	12	24	13,819
1	12	27	1,556
1	12	28	4,365
1	12	29	3,828
1	13	8	2,297
1	13	12	4,038
1	13	14	2,433
1	13	20	5,715
1	13	22	5,675
1	13	23	1,59
1	13	24	2,361
1	13	27	1,628
1	13	28	7,965
1	13	29	0,557
1	14	8	5,501
1	14	12	7,152
1	14	13	2,418
1	14	20	14,526
1	14	22	2,142
1	14	23	1,292
1	14	24	8,485
1	14	27	2,3
1	14	28	2,036
1	14	29	11,855
1	20	8	5,015
1	20	12	1,293
1	20	13	3,431
1	20	14	9,491
1	20	22	8,113
1	20	23	2,164
1	20	24	1,14
1	20	27	3,987
1	20	28	5,082
1	20	29	4,308
1	22	8	6,729
1	22	12	0,84
1	22	13	1,824
1	22	14	9,116
1	22	20	12,544
1	22	23	2,004
1	22	24	30,528
1	22	27	18,11
1	22	28	2,122
1	22	29	2,764
1	23	8	39,193
1	23	12	29,471
1	23	13	4,723
1	23	14	21,185
1	23	20	1,273
1	23	22	23,987
1	23	24	0,797
1	23	27	10,818
1	23	28	13,817
1	23	29	1,757
1	24	8	7,12
1	24	12	12,956
1	24	13	3,697
1	24	14	6,967
1	24	20	0,618
1	24	22	6,001
1	24	23	3,066
1	24	27	4,628
1	24	28	14,776
1	24	29	2,198
1	27	8	1,39
1	27	12	4,953
1	27	13	7,108
1	27	14	1,18
1	27	20	7,195
1	27	22	8,568
1	27	23	0,785
1	27	24	1,365
1	27	28	2,323
1	27	29	1,268
1	28	8	9,656
1	28	12	8,947
1	28	13	9,151
1	28	14	1,396
1	28	20	10,081
1	28	22	8,93
1	28	23	0,85
1	28	24	1,362
1	28	27	4,909
1	28	29	3,181
1	29	8	24,138
1	29	12	14,887
1	29	13	0,918
1	29	14	2,027
1	29	20	4,454
1	29	22	1,834
1	29	23	2,847
1	29	24	20,577
1	29	27	1,81
1	29	28	7,193
2	1	3	5,046
2	1	5	11,831
2	1	7	4,35
2	1	8	12,374
2	1	12	13,878
2	1	15	2,808
2	1	23	4,552
2	1	30	3,997
2	3	1	3,869
2	3	5	1,907
2	3	7	3,511
2	3	8	13,465
2	3	12	1,051
2	3	15	0,779
2	3	23	4,401
2	3	30	4,176
2	5	1	7,685
2	5	3	1,497
2	5	7	1,522
2	5	8	2,05
2	5	12	11,233
2	5	15	3,762
2	5	23	2,303
2	5	30	4,039
2	7	1	2,901
2	7	3	2,685
2	7	5	0,577
2	7	8	5,519
2	7	12	11,547
2	7	15	2,228
2	7	23	2,417
2	7	30	0,963
2	8	1	21,219
2	8	3	1,459
2	8	5	1,939
2	8	7	5,525
2	8	12	8,855
2	8	15	1,972
2	8	23	2,996
2	8	30	13,916
2	12	1	2,409
2	12	3	13,214
2	12	5	0,641
2	12	7	2,336
2	12	8	9,3
2	12	15	3,294
2	12	23	2,094
2	12	30	3,539
2	15	1	5,247
2	15	3	1,099
2	15	5	1,534
2	15	7	7,584
2	15	8	5,552
2	15	12	3,659
2	15	23	3,062
2	15	30	3,041
2	23	1	9,499
2	23	3	3,593
2	23	5	8,456
2	23	7	4,373
2	23	8	8,625
2	23	12	2,984
2	23	15	10,783
2	23	30	6,803
2	30	1	0,935
2	30	3	1,647
2	30	5	7,58
2	30	7	5,368
2	30	8	3,236
2	30	12	7,869
2	30	15	11,64
2	30	23	7,881
3	2	5	0,801
3	2	6	7,593
3	2	14	0,993
3	2	15	3,897
3	2	17	3,412
3	2	19	4,158
3	2	21	21,6
3	2	25	2,479
3	2	26	8,079
3	2	27	3,581
3	2	30	6,141
3	5	2	2,557
3	5	6	17,633
3	5	14	9,873
3	5	15	0,723
3	5	17	10,901
3	5	19	2,754
3	5	21	8,528
3	5	25	3,14
3	5	26	1,395
3	5	27	5,177
3	5	30	0,7
3	6	2	1,454
3	6	5	0,55
3	6	14	3,67
3	6	15	13,888
3	6	17	2,823
3	6	19	2,59
3	6	21	0,814
3	6	25	10,112
3	6	26	3,617
3	6	27	8,949
3	6	30	5,691
3	14	2	9,053
3	14	5	1,384
3	14	6	1,151
3	14	15	0,72
3	14	17	9,233
3	14	19	13,67
3	14	21	24,856
3	14	25	3,802
3	14	26	5,098
3	14	27	36,6
3	14	30	6,049
3	15	2	1,017
3	15	5	3,222
3	15	6	1,212
3	15	14	3,392
3	15	17	5,885
3	15	19	6,848
3	15	21	7,35
3	15	25	2,734
3	15	26	1,113
3	15	27	5,778
3	15	30	5,637
3	17	2	2,021
3	17	5	5,625
3	17	6	1,525
3	17	14	14,378
3	17	15	4,787
3	17	19	13,444
3	17	21	3,825
3	17	25	3,908
3	17	26	6,902
3	17	27	1,519
3	17	30	6,117
3	19	2	2,963
3	19	5	8,861
3	19	6	23,757
3	19	14	7,529
3	19	15	5,158
3	19	17	2,934
3	19	21	3,032
3	19	25	1,768
3	19	26	2,861
3	19	27	1,778
3	19	30	23,032
3	21	2	9,082
3	21	5	0,539
3	21	6	1,187
3	21	14	3,389
3	21	15	5,477
3	21	17	3,676
3	21	19	6,502
3	21	25	5,313
3	21	26	1,407
3	21	27	1,99
3	21	30	12,289
3	25	2	3,755
3	25	5	1,439
3	25	6	1,022
3	25	14	1,432
3	25	15	3,843
3	25	17	3,407
3	25	19	4,898
3	25	21	28,626
3	25	26	12,159
3	25	27	4,256
3	25	30	2,226
3	26	2	5,348
3	26	5	7,779
3	26	6	1,725
3	26	14	1,233
3	26	15	3,52
3	26	17	3,156
3	26	19	3,699
3	26	21	6,302
3	26	25	7,589
3	26	27	17,911
3	26	30	4,052
3	27	2	3,813
3	27	5	8,088
3	27	6	1,702
3	27	14	0,83
3	27	15	1,298
3	27	17	8,341
3	27	19	11,941
3	27	21	3
3	27	25	7,146
3	27	26	8,753
3	27	30	4,811
3	30	2	8,06
3	30	5	3,589
3	30	6	4,593
3	30	14	1,645
3	30	15	4,722
3	30	17	20,221
3	30	19	0,785
3	30	21	1,674
3	30	25	23,136
3	30	26	1,928
3	30	27	1,659
4	3	4	0,555
4	3	6	7,804
4	3	9	6,671
4	3	10	10,897
4	3	11	18,461
4	3	12	17,702
4	3	13	10,056
4	3	14	2,216
4	3	16	3,964
4	3	17	1,342
4	3	18	12,125
4	3	19	0,86
4	3	21	5,669
4	3	22	22,834
4	3	24	0,628
4	3	27	17,022
4	3	30	13,582
4	4	3	9,383
4	4	6	7,133
4	4	9	1,435
4	4	10	1,361
4	4	11	6,121
4	4	12	1,499
4	4	13	3,091
4	4	14	1,883
4	4	16	6,782
4	4	17	18,281
4	4	18	1,297
4	4	19	2,904
4	4	21	3,142
4	4	22	5,354
4	4	24	16,298
4	4	27	3,146
4	4	30	4,209
4	6	3	1,414
4	6	4	1,079
4	6	9	0,913
4	6	10	0,568
4	6	11	4,792
4	6	12	5,292
4	6	13	10,128
4	6	14	21,806
4	6	16	20,015
4	6	17	4,498
4	6	18	5,585
4	6	19	6,425
4	6	21	1,372
4	6	22	0,85
4	6	24	6,727
4	6	27	2,079
4	6	30	1,614
4	9	3	1,055
4	9	4	0,9
4	9	6	16,475
4	9	10	0,606
4	9	11	2,429
4	9	12	3,253
4	9	13	6,82
4	9	14	6,911
4	9	16	2,984
4	9	17	22,564
4	9	18	3,998
4	9	19	5,85
4	9	21	9,346
4	9	22	3,645
4	9	24	5,647
4	9	27	1,505
4	9	30	8,171
4	10	3	5,781
4	10	4	9,176
4	10	6	0,54
4	10	9	11,047
4	10	11	6,299
4	10	12	2,574
4	10	13	0,553
4	10	14	11,105
4	10	16	19,099
4	10	17	7,905
4	10	18	11,381
4	10	19	2,816
4	10	21	20,768
4	10	22	0,509
4	10	24	2,187
4	10	27	8,761
4	10	30	7,852
4	11	3	2,129
4	11	4	2,405
4	11	6	3,745
4	11	9	10,134
4	11	10	5,222
4	11	12	0,881
4	11	13	3,127
4	11	14	6,766
4	11	16	2,271
4	11	17	1,437
4	11	18	6,518
4	11	19	6,454
4	11	21	2,103
4	11	22	0,911
4	11	24	3,858
4	11	27	21,033
4	11	30	23,302
4	12	3	17,278
4	12	4	2,4
4	12	6	2,863
4	12	9	8,321
4	12	10	2,531
4	12	11	5,858
4	12	13	1,349
4	12	14	11,721
4	12	16	9,735
4	12	17	2,831
4	12	18	4,573
4	12	19	0,639
4	12	21	14,268
4	12	22	10,398
4	12	24	2,318
4	12	27	18,166
4	12	30	1,193
4	13	3	2,535
4	13	4	7,579
4	13	6	0,597
4	13	9	3,717
4	13	10	3,399
4	13	11	4,048
4	13	12	2,669
4	13	14	3,95
4	13	16	9,129
4	13	17	3,87
4	13	18	2,52
4	13	19	1,238
4	13	21	14,442
4	13	22	0,618
4	13	24	10,238
4	13	27	4,465
4	13	30	8,346
4	14	3	3,706
4	14	4	4,951
4	14	6	3,017
4	14	9	1,01
4	14	10	1,204
4	14	11	8,036
4	14	12	6,243
4	14	13	0,637
4	14	16	1,899
4	14	17	9,986
4	14	18	1,958
4	14	19	3,139
4	14	21	5,472
4	14	22	2,446
4	14	24	8,489
4	14	27	7,131
4	14	30	6,382
4	16	3	13,027
4	16	4	6,332
4	16	6	1,682
4	16	9	2,759
4	16	10	2,203
4	16	11	2,916
4	16	12	8,352
4	16	13	1,869
4	16	14	0,944
4	16	17	4,961
4	16	18	2,919
4	16	19	19,694
4	16	21	7,734
4	16	22	7,833
4	16	24	1,776
4	16	27	1,283
4	16	30	12,083
4	17	3	5,96
4	17	4	3,732
4	17	6	1,507
4	17	9	2,825
4	17	10	6,383
4	17	11	2,127
4	17	12	13,954
4	17	13	23,263
4	17	14	0,616
4	17	16	5,188
4	17	18	3,04
4	17	19	1,576
4	17	21	8,475
4	17	22	7,615
4	17	24	1,292
4	17	27	1,479
4	17	30	4,783
4	18	3	14,856
4	18	4	2,223
4	18	6	23,915
4	18	9	7,481
4	18	10	13,145
4	18	11	6,782
4	18	12	11,621
4	18	13	17,191
4	18	14	0,5
4	18	16	0,719
4	18	17	4,721
4	18	19	7,59
4	18	21	0,571
4	18	22	6,526
4	18	24	8,482
4	18	27	15,545
4	18	30	6,547
4	19	3	12,968
4	19	4	8,662
4	19	6	5,277
4	19	9	13,762
4	19	10	4,026
4	19	11	0,734
4	19	12	5,873
4	19	13	4,468
4	19	14	2,041
4	19	16	7,546
4	19	17	2,461
4	19	18	5,945
4	19	21	2,459
4	19	22	4,659
4	19	24	7,839
4	19	27	20,961
4	19	30	12,532
4	21	3	0,892
4	21	4	3,525
4	21	6	0,579
4	21	9	3,06
4	21	10	9,857
4	21	11	7,136
4	21	12	1,021
4	21	13	3,225
4	21	14	1,36
4	21	16	10,001
4	21	17	8,448
4	21	18	0,581
4	21	19	3,283
4	21	22	12,119
4	21	24	1,554
4	21	27	2,88
4	21	30	2,938
4	22	3	7,276
4	22	4	4,7
4	22	6	5,093
4	22	9	14,584
4	22	10	11,126
4	22	11	11,941
4	22	12	1,477
4	22	13	3,342
4	22	14	2,663
4	22	16	2,888
4	22	17	0,743
4	22	18	2,26
4	22	19	14,325
4	22	21	9,879
4	22	24	3,806
4	22	27	0,735
4	22	30	3,522
4	24	3	1,646
4	24	4	2,13
4	24	6	9,115
4	24	9	4,118
4	24	10	3,359
4	24	11	2,94
4	24	12	1,351
4	24	13	6,993
4	24	14	6,698
4	24	16	4,663
4	24	17	9,255
4	24	18	18,289
4	24	19	0,813
4	24	21	2,079
4	24	22	1,831
4	24	27	1,554
4	24	30	1,019
4	27	3	3,743
4	27	4	6,744
4	27	6	11,747
4	27	9	0,508
4	27	10	3,494
4	27	11	11,727
4	27	12	4,965
4	27	13	5,724
4	27	14	1,289
4	27	16	2,235
4	27	17	4,23
4	27	18	1,941
4	27	19	1,293
4	27	21	4,264
4	27	22	12,072
4	27	24	5,834
4	27	30	9,573
4	30	3	9,035
4	30	4	5,36
4	30	6	13,589
4	30	9	13,139
4	30	10	3,718
4	30	11	4,024
4	30	12	2,502
4	30	13	0,528
4	30	14	14,118
4	30	16	9,114
4	30	17	3,334
4	30	18	41,483
4	30	19	41,406
4	30	21	1,131
4	30	22	1,142
4	30	24	12,888
4	30	27	1,866

