#num jobs
50
#num machines
6

#jobId machId procTime energyCons
1	3	261,85	1179,23
1	5	1335,4	10797,89
2	3	4,46	20,07
2	5	0,65	5,26
2	6	2,27	23,41
3	6	8,29	85,43
4	1	18,48	211,45
4	2	1708,84	18431,26
4	3	48,73	219,47
5	2	2,5	26,98
6	6	6,96	71,71
7	5	42,91	346,97
7	4	33,95	46,43
7	3	5,61	25,28
8	4	25,63	35,05
9	2	1,1	11,86
10	2	405,61	4374,86
10	6	45,51	469,15
11	3	6,54	29,45
12	4	35,99	49,22
12	5	7,61	61,52
13	6	9,28	95,67
13	5	10,17	82,2
13	4	35,3	48,28
14	5	4,65	37,59
15	2	16	172,55
15	4	38,82	53,09
15	5	7,19	58,15
16	3	14,7	66,19
17	6	21,01	216,64
17	2	2,89	31,14
18	2	4,84	52,2
19	2	0,83	8,9
19	4	1,66	2,27
19	5	7,45	60,23
19	6	131,31	1353,73
20	5	2,48	20,03
21	5	0,2	1,63
22	5	12,62	102,01
22	4	6,4	8,75
23	5	2,9	23,44
24	3	10,41	46,89
25	3	69,98	315,17
26	3	12,25	55,14
26	5	2,82	22,78
27	6	317,15	3269,67
28	6	12,91	133,05
28	3	62,43	281,17
28	2	1,23	13,23
29	2	228,07	2459,92
29	4	7,63	10,44
30	1	54,82	627,16
30	5	3,95	31,91
31	3	229,68	1034,36
32	3	243,43	1096,26
32	5	18,33	148,23
33	5	5,27	42,63
33	2	5,77	62,23
34	1	109,65	1254,55
34	4	33,69	46,07
34	6	1018,29	10498,02
35	3	23,13	104,15
35	1	14,5	165,86
36	1	1,52	17,39
37	6	23,91	246,52
37	5	3,69	29,85
38	1	23,47	268,48
38	6	0,9	9,26
39	6	3,13	32,23
39	5	15,23	123,11
39	1	1,86	21,24
40	6	4,08	42,09
40	1	12,72	145,48
41	4	1,95	2,67
41	3	16,96	76,38
42	6	203,38	2096,78
42	5	14,21	114,88
42	3	2,76	12,43
43	1	132,43	1515,12
44	5	4,96	40,08
44	6	21,61	222,8
45	4	11,7	16
46	3	8,04	36,22
46	4	18,47	25,26
46	5	1,18	9,55
47	4	268,98	367,84
47	5	3,58	28,92
48	2	728,08	7852,88
49	6	1,9	19,63
50	3	28,74	129,44

#jobId ddate weight rdate
1	1032,383	13	2,18
2	1120,128	38	584,037
3	1039,019	41	287,087
4	1223,106	47	804,574
5	1237,393	30	788,681
6	1150,539	24	194,767
7	1105,572	2	58,297
8	1248,6	31	45,978
9	1148,614	33	693,29
10	1006,273	45	835,633
11	1247,857	20	225,742
12	1068,915	10	798,871
13	1057,371	16	457,032
14	1166,643	10	751,1
15	1188,004	18	27,176
16	1241,265	42	718,182
17	1238,626	22	640,808
18	1049,32	10	632,286
19	1074,933	47	207,512
20	1182,093	43	770,705
21	1030,321	18	98,236
22	1261	34	781,906
23	1155,553	49	505,435
24	1117,817	34	279,503
25	1047,61	10	672,949
26	1232,087	2	181,787
27	1072,707	48	578,208
28	1230,411	12	159,104
29	1127,683	26	595,613
30	1055,569	34	838,107
31	1068,094	32	481,995
32	1124,808	38	408,966
33	1239,88	6	637,173
34	1192,305	13	257,136
35	1243,771	21	362,428
36	1214,103	47	5,13
37	1001,655	2	384,701
38	1263,375	12	328,157
39	1256,121	46	255,891
40	1036,452	11	399,953
41	1041,926	30	299,952
42	1083,725	38	149,168
43	1015,99	16	624,566
44	1121,073	23	832,78
45	1256,699	19	497,367
46	1205,029	38	816,081
47	1228,749	34	596,902
48	1162,281	26	161,74
49	1187,4	9	270,318
50	1115,519	9	462,221

#machId jobPred jobSucc setupTime
1	4	30	5,75
1	4	34	9,422
1	4	35	1,748
1	4	36	5,258
1	4	38	1,448
1	4	39	9,758
1	4	40	6,188
1	4	43	8,01
1	30	4	26,825
1	30	34	6,784
1	30	35	0,717
1	30	36	7,052
1	30	38	17,956
1	30	39	10,815
1	30	40	1,698
1	30	43	1,805
1	34	4	9,285
1	34	30	2,535
1	34	35	12,248
1	34	36	10,996
1	34	38	7,575
1	34	39	3,145
1	34	40	6,437
1	34	43	8,413
1	35	4	4,809
1	35	30	9,28
1	35	34	4,635
1	35	36	3,614
1	35	38	9,273
1	35	39	0,813
1	35	40	20,544
1	35	43	2,947
1	36	4	6,333
1	36	30	3,041
1	36	34	1,368
1	36	35	11,455
1	36	38	11,161
1	36	39	4,464
1	36	40	12,211
1	36	43	46,012
1	38	4	5,126
1	38	30	8,415
1	38	34	32,462
1	38	35	6,206
1	38	36	15,886
1	38	39	5,217
1	38	40	1,296
1	38	43	17,481
1	39	4	7,392
1	39	30	10,826
1	39	34	5,364
1	39	35	5,514
1	39	36	4,002
1	39	38	8,776
1	39	40	4,191
1	39	43	4,392
1	40	4	1,298
1	40	30	2,683
1	40	34	4,809
1	40	35	3,34
1	40	36	39,335
1	40	38	3,002
1	40	39	10,192
1	40	43	6,327
1	43	4	11,783
1	43	30	2,228
1	43	34	3,17
1	43	35	3,283
1	43	36	4,218
1	43	38	3,439
1	43	39	12,258
1	43	40	2,35
2	4	5	3,706
2	4	9	5,397
2	4	10	5,657
2	4	15	13,488
2	4	17	5,399
2	4	18	0,632
2	4	19	1,014
2	4	28	2,856
2	4	29	2,852
2	4	33	14,233
2	4	48	1,583
2	5	4	1,545
2	5	9	6,887
2	5	10	3,11
2	5	15	0,822
2	5	17	1,459
2	5	18	2,459
2	5	19	8,698
2	5	28	4,734
2	5	29	2,414
2	5	33	1,737
2	5	48	2,302
2	9	4	20,226
2	9	5	0,559
2	9	10	1,93
2	9	15	6,27
2	9	17	52,647
2	9	18	2,233
2	9	19	10,919
2	9	28	3,166
2	9	29	6,964
2	9	33	1,477
2	9	48	6,212
2	10	4	7,024
2	10	5	6,145
2	10	9	10,545
2	10	15	5,088
2	10	17	1,648
2	10	18	2,864
2	10	19	1,748
2	10	28	1,815
2	10	29	7,791
2	10	33	9,079
2	10	48	1,078
2	15	4	6,177
2	15	5	24,877
2	15	9	1,654
2	15	10	1,111
2	15	17	13,392
2	15	18	19,446
2	15	19	8,004
2	15	28	3,947
2	15	29	2,01
2	15	33	3,65
2	15	48	7,315
2	17	4	3,802
2	17	5	1,798
2	17	9	1,405
2	17	10	1,752
2	17	15	3,276
2	17	18	10,604
2	17	19	4,888
2	17	28	5,286
2	17	29	5,289
2	17	33	48,616
2	17	48	2,075
2	18	4	6,314
2	18	5	4,724
2	18	9	10,439
2	18	10	8,507
2	18	15	7,955
2	18	17	7,688
2	18	19	4,322
2	18	28	14,332
2	18	29	8,992
2	18	33	0,879
2	18	48	7,652
2	19	4	1,763
2	19	5	2,291
2	19	9	1,105
2	19	10	2,378
2	19	15	14,217
2	19	17	13,679
2	19	18	5,523
2	19	28	5,489
2	19	29	5,377
2	19	33	3,486
2	19	48	8,366
2	28	4	4,989
2	28	5	1,567
2	28	9	10,284
2	28	10	12,664
2	28	15	11,659
2	28	17	4,636
2	28	18	23,206
2	28	19	1,092
2	28	29	17,035
2	28	33	5,741
2	28	48	2,558
2	29	4	5,767
2	29	5	1,329
2	29	9	4,089
2	29	10	1,226
2	29	15	2,335
2	29	17	8,037
2	29	18	15,006
2	29	19	5,686
2	29	28	7,941
2	29	33	17,496
2	29	48	17,78
2	33	4	7,077
2	33	5	0,881
2	33	9	6,641
2	33	10	1,999
2	33	15	13,917
2	33	17	2,367
2	33	18	3,692
2	33	19	7,26
2	33	28	0,646
2	33	29	1,43
2	33	48	2,09
2	48	4	3,64
2	48	5	1,482
2	48	9	3,538
2	48	10	4,161
2	48	15	37,879
2	48	17	49,643
2	48	18	5,657
2	48	19	9,586
2	48	28	2,741
2	48	29	6,482
2	48	33	2,639
3	1	2	2,492
3	1	4	9,601
3	1	7	5,247
3	1	11	8,752
3	1	16	3,747
3	1	24	0,974
3	1	25	32,315
3	1	26	2,827
3	1	28	1,218
3	1	31	7,847
3	1	32	10,768
3	1	35	5,977
3	1	41	2,356
3	1	42	1,447
3	1	46	4,654
3	1	50	2,396
3	2	1	28,842
3	2	4	0,82
3	2	7	0,964
3	2	11	0,982
3	2	16	0,83
3	2	24	2,138
3	2	25	1,576
3	2	26	8,014
3	2	28	5,829
3	2	31	3,766
3	2	32	2,899
3	2	35	0,991
3	2	41	6,63
3	2	42	3,473
3	2	46	5,808
3	2	50	4,785
3	4	1	7,151
3	4	2	3,212
3	4	7	6,32
3	4	11	7,462
3	4	16	4,282
3	4	24	0,549
3	4	25	2,59
3	4	26	34,89
3	4	28	2,018
3	4	31	3,793
3	4	32	1,278
3	4	35	10,559
3	4	41	3,628
3	4	42	1,843
3	4	46	2,392
3	4	50	1,054
3	7	1	3,181
3	7	2	2,606
3	7	4	11,141
3	7	11	3,706
3	7	16	11,6
3	7	24	5,249
3	7	25	2,031
3	7	26	3,33
3	7	28	6,006
3	7	31	2,845
3	7	32	1,999
3	7	35	7,928
3	7	41	1,004
3	7	42	0,659
3	7	46	2,002
3	7	50	1,149
3	11	1	15,566
3	11	2	4,419
3	11	4	2,334
3	11	7	1,906
3	11	16	6,131
3	11	24	1,257
3	11	25	6,467
3	11	26	4,08
3	11	28	16,995
3	11	31	11,498
3	11	32	1,295
3	11	35	1,19
3	11	41	6,852
3	11	42	1,576
3	11	46	1,941
3	11	50	14,883
3	16	1	16,51
3	16	2	3,602
3	16	4	7,023
3	16	7	8,817
3	16	11	1,207
3	16	24	14,88
3	16	25	3,555
3	16	26	10,277
3	16	28	1,61
3	16	31	3,123
3	16	32	3,233
3	16	35	12,688
3	16	41	4,585
3	16	42	2,02
3	16	46	4,755
3	16	50	8,386
3	24	1	3,281
3	24	2	1,523
3	24	4	0,719
3	24	7	5,081
3	24	11	3,362
3	24	16	10,466
3	24	25	6,574
3	24	26	3,286
3	24	28	0,762
3	24	31	27,518
3	24	32	8,49
3	24	35	1,786
3	24	41	7,33
3	24	42	0,953
3	24	46	1,96
3	24	50	3,014
3	25	1	5,997
3	25	2	4,81
3	25	4	3,823
3	25	7	5,294
3	25	11	1,862
3	25	16	6,689
3	25	24	2,905
3	25	26	7,191
3	25	28	2,269
3	25	31	3,108
3	25	32	0,951
3	25	35	8,503
3	25	41	2,514
3	25	42	3,166
3	25	46	9,681
3	25	50	1,734
3	26	1	5,148
3	26	2	1,332
3	26	4	6,277
3	26	7	5,492
3	26	11	31,948
3	26	16	1,872
3	26	24	1,466
3	26	25	3,203
3	26	28	3,202
3	26	31	7,855
3	26	32	20,104
3	26	35	27,485
3	26	41	6,482
3	26	42	5,513
3	26	46	2,733
3	26	50	4,565
3	28	1	8,079
3	28	2	14,044
3	28	4	20,535
3	28	7	7,344
3	28	11	5,781
3	28	16	28,418
3	28	24	0,885
3	28	25	3,316
3	28	26	0,682
3	28	31	5,154
3	28	32	11,184
3	28	35	1,195
3	28	41	9,114
3	28	42	5,649
3	28	46	14,911
3	28	50	30,016
3	31	1	1,348
3	31	2	0,933
3	31	4	12,456
3	31	7	6,319
3	31	11	0,728
3	31	16	3,54
3	31	24	3,444
3	31	25	2,108
3	31	26	5,173
3	31	28	41,676
3	31	32	0,785
3	31	35	11,006
3	31	41	3,965
3	31	42	10,999
3	31	46	11,176
3	31	50	13,263
3	32	1	0,896
3	32	2	2,171
3	32	4	12,316
3	32	7	7,199
3	32	11	1,332
3	32	16	0,549
3	32	24	8,306
3	32	25	8,494
3	32	26	5,032
3	32	28	1,071
3	32	31	5,143
3	32	35	2,56
3	32	41	7,99
3	32	42	1,105
3	32	46	20,841
3	32	50	1,177
3	35	1	0,833
3	35	2	10,711
3	35	4	2,425
3	35	7	11,96
3	35	11	2,791
3	35	16	3,331
3	35	24	3,882
3	35	25	10,658
3	35	26	25,288
3	35	28	5,359
3	35	31	16,888
3	35	32	4,131
3	35	41	2,398
3	35	42	9,341
3	35	46	7,794
3	35	50	2,344
3	41	1	4,239
3	41	2	11,153
3	41	4	3,326
3	41	7	15,084
3	41	11	0,683
3	41	16	4,595
3	41	24	0,667
3	41	25	1,817
3	41	26	7,216
3	41	28	1,454
3	41	31	16,499
3	41	32	0,975
3	41	35	14,223
3	41	42	4,401
3	41	46	22,971
3	41	50	0,605
3	42	1	3,877
3	42	2	19,334
3	42	4	1,065
3	42	7	11,214
3	42	11	7,729
3	42	16	15,637
3	42	24	4,188
3	42	25	5,7
3	42	26	3,021
3	42	28	6,488
3	42	31	3,188
3	42	32	7,707
3	42	35	15,399
3	42	41	3,991
3	42	46	3,673
3	42	50	11,48
3	46	1	2,769
3	46	2	2,896
3	46	4	17,083
3	46	7	7,216
3	46	11	0,668
3	46	16	5,859
3	46	24	2,107
3	46	25	5,085
3	46	26	5,366
3	46	28	2,749
3	46	31	11,948
3	46	32	3,301
3	46	35	0,766
3	46	41	4,973
3	46	42	30,627
3	46	50	5,459
3	50	1	17,149
3	50	2	1,855
3	50	4	2,501
3	50	7	4,217
3	50	11	2,384
3	50	16	10,671
3	50	24	2,763
3	50	25	0,843
3	50	26	1,854
3	50	28	6,178
3	50	31	12,083
3	50	32	6,858
3	50	35	2,666
3	50	41	1,81
3	50	42	1,702
3	50	46	2,043
4	7	8	4,892
4	7	12	1,841
4	7	13	2,401
4	7	15	16,058
4	7	19	5,569
4	7	22	7,054
4	7	29	2,791
4	7	34	1,439
4	7	41	5,118
4	7	45	1,018
4	7	46	28,643
4	7	47	6,701
4	8	7	7,614
4	8	12	3,542
4	8	13	1,195
4	8	15	3,437
4	8	19	1,482
4	8	22	7,518
4	8	29	2,785
4	8	34	1,021
4	8	41	2,617
4	8	45	8,668
4	8	46	1,551
4	8	47	11,006
4	12	7	7,216
4	12	8	8,212
4	12	13	2,299
4	12	15	3,571
4	12	19	3,555
4	12	22	1,43
4	12	29	3,084
4	12	34	1,183
4	12	41	2,478
4	12	45	2,174
4	12	46	3,674
4	12	47	1,301
4	13	7	0,88
4	13	8	3,479
4	13	12	4,083
4	13	15	13,813
4	13	19	1,812
4	13	22	8,819
4	13	29	3,774
4	13	34	6,16
4	13	41	26,977
4	13	45	10,589
4	13	46	0,665
4	13	47	0,716
4	15	7	2,211
4	15	8	10,849
4	15	12	24,198
4	15	13	8,308
4	15	19	5,532
4	15	22	23,593
4	15	29	0,972
4	15	34	11,075
4	15	41	2,168
4	15	45	0,672
4	15	46	7,372
4	15	47	21,101
4	19	7	1,255
4	19	8	20,707
4	19	12	1,025
4	19	13	2,773
4	19	15	6,167
4	19	22	2,571
4	19	29	7,479
4	19	34	4,342
4	19	41	4,344
4	19	45	9,777
4	19	46	3,361
4	19	47	5,303
4	22	7	5,116
4	22	8	16,466
4	22	12	10,334
4	22	13	1,431
4	22	15	3,198
4	22	19	2,269
4	22	29	18,212
4	22	34	7,063
4	22	41	0,621
4	22	45	25,058
4	22	46	4,569
4	22	47	1,627
4	29	7	1,594
4	29	8	6,123
4	29	12	17,783
4	29	13	4,571
4	29	15	0,646
4	29	19	4,095
4	29	22	0,646
4	29	34	3,401
4	29	41	3,281
4	29	45	8,227
4	29	46	1,668
4	29	47	3,126
4	34	7	2,413
4	34	8	0,838
4	34	12	0,777
4	34	13	5,922
4	34	15	8,105
4	34	19	1,425
4	34	22	2,225
4	34	29	5,707
4	34	41	3,068
4	34	45	2,748
4	34	46	1,826
4	34	47	5,87
4	41	7	2,688
4	41	8	1,215
4	41	12	22,185
4	41	13	5,542
4	41	15	2,645
4	41	19	3,463
4	41	22	10,311
4	41	29	0,805
4	41	34	1,669
4	41	45	3,635
4	41	46	11,349
4	41	47	3,825
4	45	7	1,507
4	45	8	3,592
4	45	12	9,766
4	45	13	5,392
4	45	15	4,757
4	45	19	2,677
4	45	22	16,81
4	45	29	14,434
4	45	34	4,783
4	45	41	9,168
4	45	46	0,63
4	45	47	7,47
4	46	7	1,162
4	46	8	16,876
4	46	12	0,936
4	46	13	1,594
4	46	15	9,633
4	46	19	5,225
4	46	22	19,707
4	46	29	2,081
4	46	34	2,011
4	46	41	2,025
4	46	45	4,636
4	46	47	0,763
4	47	7	7,808
4	47	8	2,892
4	47	12	4,736
4	47	13	17,412
4	47	15	4,52
4	47	19	15,038
4	47	22	2,686
4	47	29	7,457
4	47	34	11,927
4	47	41	0,576
4	47	45	2,456
4	47	46	3,305
5	1	2	11,999
5	1	7	1,693
5	1	12	5,27
5	1	13	36,191
5	1	14	2,554
5	1	15	13,301
5	1	19	2,965
5	1	20	4,187
5	1	21	1,951
5	1	22	1,864
5	1	23	6,691
5	1	26	8,142
5	1	30	17,227
5	1	32	16,344
5	1	33	1,948
5	1	37	0,588
5	1	39	6,998
5	1	42	13,107
5	1	44	10,248
5	1	46	9,144
5	1	47	16,225
5	2	1	1,147
5	2	7	1,082
5	2	12	3,777
5	2	13	10,614
5	2	14	4,563
5	2	15	17,341
5	2	19	2,441
5	2	20	24,305
5	2	21	3,867
5	2	22	0,55
5	2	23	6,089
5	2	26	5,48
5	2	30	2,531
5	2	32	5,318
5	2	33	24,146
5	2	37	3,755
5	2	39	1,161
5	2	42	7,559
5	2	44	1,418
5	2	46	28,213
5	2	47	3,262
5	7	1	9,042
5	7	2	6,141
5	7	12	0,986
5	7	13	12,046
5	7	14	0,968
5	7	15	5,288
5	7	19	3,376
5	7	20	1,276
5	7	21	3,252
5	7	22	10,576
5	7	23	2,131
5	7	26	6,151
5	7	30	2,033
5	7	32	2,59
5	7	33	9,301
5	7	37	1,435
5	7	39	3,072
5	7	42	2,076
5	7	44	6,998
5	7	46	13,806
5	7	47	10,109
5	12	1	5,767
5	12	2	0,841
5	12	7	1,803
5	12	13	13,006
5	12	14	10,761
5	12	15	7,453
5	12	19	8,294
5	12	20	2,435
5	12	21	0,876
5	12	22	4,625
5	12	23	1,013
5	12	26	3,996
5	12	30	8,992
5	12	32	11,201
5	12	33	1,104
5	12	37	5,429
5	12	39	2,866
5	12	42	1,812
5	12	44	1,905
5	12	46	3,888
5	12	47	0,987
5	13	1	3,413
5	13	2	9,338
5	13	7	13,595
5	13	12	2,869
5	13	14	16,988
5	13	15	1,742
5	13	19	0,538
5	13	20	2,799
5	13	21	1,708
5	13	22	9,424
5	13	23	2,132
5	13	26	16,311
5	13	30	13,617
5	13	32	7,943
5	13	33	1,119
5	13	37	19,768
5	13	39	10,096
5	13	42	3,604
5	13	44	2,502
5	13	46	14,502
5	13	47	1,222
5	14	1	4,005
5	14	2	13,311
5	14	7	1,4
5	14	12	4,007
5	14	13	0,914
5	14	15	15,903
5	14	19	1,362
5	14	20	8,052
5	14	21	2,072
5	14	22	5,38
5	14	23	1,912
5	14	26	4,639
5	14	30	1,103
5	14	32	2,666
5	14	33	6,633
5	14	37	4,73
5	14	39	2,171
5	14	42	20,166
5	14	44	8,2
5	14	46	3,519
5	14	47	0,564
5	15	1	7,7
5	15	2	15,187
5	15	7	4,705
5	15	12	0,978
5	15	13	3,072
5	15	14	18,667
5	15	19	4,74
5	15	20	5,377
5	15	21	2,697
5	15	22	1,208
5	15	23	5,579
5	15	26	4,254
5	15	30	3,546
5	15	32	0,695
5	15	33	3,529
5	15	37	13,362
5	15	39	12,174
5	15	42	3,485
5	15	44	4,035
5	15	46	9,721
5	15	47	3,693
5	19	1	1,658
5	19	2	2,551
5	19	7	21,601
5	19	12	1,896
5	19	13	1,123
5	19	14	1,354
5	19	15	2,077
5	19	20	3,558
5	19	21	7,048
5	19	22	3,358
5	19	23	7,803
5	19	26	7,634
5	19	30	3,274
5	19	32	15,637
5	19	33	0,623
5	19	37	0,691
5	19	39	4,346
5	19	42	2,496
5	19	44	2,773
5	19	46	7,219
5	19	47	7,177
5	20	1	7,335
5	20	2	1,445
5	20	7	1,216
5	20	12	1,533
5	20	13	2,517
5	20	14	4,075
5	20	15	9,758
5	20	19	1,883
5	20	21	5,795
5	20	22	7,459
5	20	23	1,815
5	20	26	5,059
5	20	30	5,148
5	20	32	14,854
5	20	33	15,119
5	20	37	1,596
5	20	39	4,046
5	20	42	12,714
5	20	44	3,988
5	20	46	0,654
5	20	47	10,005
5	21	1	0,641
5	21	2	8,77
5	21	7	2,316
5	21	12	2,637
5	21	13	10,109
5	21	14	7,637
5	21	15	23,067
5	21	19	7,92
5	21	20	1,856
5	21	22	2,465
5	21	23	2,566
5	21	26	8,018
5	21	30	9,927
5	21	32	8,709
5	21	33	1,786
5	21	37	9,229
5	21	39	3,754
5	21	42	8,407
5	21	44	1,358
5	21	46	13,754
5	21	47	4,913
5	22	1	3,895
5	22	2	2,246
5	22	7	5,18
5	22	12	7,392
5	22	13	3,153
5	22	14	3,285
5	22	15	4,106
5	22	19	3,188
5	22	20	3,535
5	22	21	16,505
5	22	23	3,733
5	22	26	1,116
5	22	30	36,327
5	22	32	1,557
5	22	33	1,086
5	22	37	0,859
5	22	39	8,562
5	22	42	5,38
5	22	44	1,771
5	22	46	7,172
5	22	47	1,05
5	23	1	5,872
5	23	2	5,621
5	23	7	18,121
5	23	12	0,772
5	23	13	15,66
5	23	14	2,413
5	23	15	9,985
5	23	19	1,621
5	23	20	0,729
5	23	21	8,843
5	23	22	1,135
5	23	26	0,556
5	23	30	8,467
5	23	32	3,275
5	23	33	0,836
5	23	37	2,72
5	23	39	3,555
5	23	42	1,611
5	23	44	1,142
5	23	46	5,772
5	23	47	1,947
5	26	1	23,69
5	26	2	9,442
5	26	7	2,176
5	26	12	1,992
5	26	13	7,853
5	26	14	0,783
5	26	15	13,555
5	26	19	7,175
5	26	20	1,675
5	26	21	2,972
5	26	22	10,408
5	26	23	4,607
5	26	30	5,536
5	26	32	3,987
5	26	33	3,774
5	26	37	3,386
5	26	39	1,554
5	26	42	4,711
5	26	44	4,707
5	26	46	1,326
5	26	47	7,684
5	30	1	18,038
5	30	2	0,804
5	30	7	5,137
5	30	12	7,727
5	30	13	11,776
5	30	14	0,767
5	30	15	3,416
5	30	19	6,989
5	30	20	1,284
5	30	21	3,836
5	30	22	1,682
5	30	23	2,115
5	30	26	4,371
5	30	32	5,36
5	30	33	8,511
5	30	37	3,135
5	30	39	3,071
5	30	42	2,549
5	30	44	1,272
5	30	46	9,522
5	30	47	0,849
5	32	1	1,346
5	32	2	2,42
5	32	7	3,991
5	32	12	1,206
5	32	13	13,408
5	32	14	0,594
5	32	15	1,8
5	32	19	3,348
5	32	20	1,979
5	32	21	4,23
5	32	22	0,944
5	32	23	7,333
5	32	26	8,949
5	32	30	3,294
5	32	33	3,872
5	32	37	1,226
5	32	39	3,264
5	32	42	5,343
5	32	44	3,323
5	32	46	4,675
5	32	47	8,782
5	33	1	2,406
5	33	2	13,02
5	33	7	1,598
5	33	12	3,789
5	33	13	5,748
5	33	14	14,924
5	33	15	4,786
5	33	19	6,084
5	33	20	2,175
5	33	21	3,426
5	33	22	4,087
5	33	23	1,067
5	33	26	12,079
5	33	30	6,095
5	33	32	19,432
5	33	37	0,694
5	33	39	0,889
5	33	42	3,035
5	33	44	2,289
5	33	46	10,866
5	33	47	3,03
5	37	1	6,962
5	37	2	1,397
5	37	7	0,721
5	37	12	2,437
5	37	13	1,707
5	37	14	2,843
5	37	15	2,697
5	37	19	0,793
5	37	20	2,173
5	37	21	4,037
5	37	22	11,155
5	37	23	1,598
5	37	26	1,437
5	37	30	1,082
5	37	32	12,27
5	37	33	6,096
5	37	39	17,04
5	37	42	15,651
5	37	44	10,037
5	37	46	5,553
5	37	47	1,521
5	39	1	5,194
5	39	2	3,06
5	39	7	17,628
5	39	12	4,206
5	39	13	3,075
5	39	14	10,665
5	39	15	11,459
5	39	19	7,788
5	39	20	0,526
5	39	21	0,501
5	39	22	3,301
5	39	23	3,692
5	39	26	4,699
5	39	30	9,611
5	39	32	1,134
5	39	33	20,478
5	39	37	9,968
5	39	42	2,172
5	39	44	10,006
5	39	46	2,723
5	39	47	5,572
5	42	1	2,016
5	42	2	2,401
5	42	7	21,592
5	42	12	4,048
5	42	13	7,06
5	42	14	4,634
5	42	15	2,306
5	42	19	4,586
5	42	20	0,936
5	42	21	13,231
5	42	22	2,075
5	42	23	2,607
5	42	26	5,552
5	42	30	5,283
5	42	32	1,519
5	42	33	3,609
5	42	37	5,917
5	42	39	2,693
5	42	44	17,73
5	42	46	5,202
5	42	47	3,125
5	44	1	14,085
5	44	2	3,494
5	44	7	12,438
5	44	12	7,348
5	44	13	4,006
5	44	14	5,022
5	44	15	1,97
5	44	19	0,663
5	44	20	17,982
5	44	21	4,261
5	44	22	6,484
5	44	23	3,204
5	44	26	2,746
5	44	30	6,559
5	44	32	1,752
5	44	33	11,099
5	44	37	2,037
5	44	39	15,154
5	44	42	3,796
5	44	46	10,998
5	44	47	9,887
5	46	1	28,456
5	46	2	0,544
5	46	7	6,755
5	46	12	0,818
5	46	13	0,84
5	46	14	1,868
5	46	15	6,118
5	46	19	8,21
5	46	20	4,365
5	46	21	5,907
5	46	22	3,786
5	46	23	1,061
5	46	26	7,7
5	46	30	4,784
5	46	32	24,186
5	46	33	3,637
5	46	37	1,547
5	46	39	2,03
5	46	42	20,158
5	46	44	7,522
5	46	47	3,058
5	47	1	0,593
5	47	2	17,56
5	47	7	2,727
5	47	12	3,822
5	47	13	2,033
5	47	14	6,991
5	47	15	0,848
5	47	19	3,284
5	47	20	18,104
5	47	21	2,826
5	47	22	4,809
5	47	23	12,625
5	47	26	1,886
5	47	30	3,419
5	47	32	4,414
5	47	33	9,279
5	47	37	13,956
5	47	39	3,052
5	47	42	3,93
5	47	44	17,569
5	47	46	3,13
6	2	3	17,971
6	2	6	4,48
6	2	10	0,917
6	2	13	4,223
6	2	17	8,416
6	2	19	3,493
6	2	27	1,407
6	2	28	6,647
6	2	34	5,861
6	2	37	11,034
6	2	38	4,133
6	2	39	5,125
6	2	40	6,303
6	2	42	1,805
6	2	44	1,339
6	2	49	3,927
6	3	2	11,268
6	3	6	18,269
6	3	10	4,52
6	3	13	3,448
6	3	17	2,888
6	3	19	0,894
6	3	27	3,535
6	3	28	5,597
6	3	34	15,169
6	3	37	2,1
6	3	38	3,895
6	3	39	4,29
6	3	40	4,657
6	3	42	0,509
6	3	44	3,685
6	3	49	1,674
6	6	2	11,613
6	6	3	2,565
6	6	10	1,702
6	6	13	3,159
6	6	17	3,548
6	6	19	2,055
6	6	27	2,906
6	6	28	3,354
6	6	34	7,594
6	6	37	16,357
6	6	38	10,183
6	6	39	5,551
6	6	40	0,844
6	6	42	2,019
6	6	44	5,357
6	6	49	2,553
6	10	2	23,308
6	10	3	5,99
6	10	6	3,459
6	10	13	0,676
6	10	17	1,526
6	10	19	6,632
6	10	27	4,619
6	10	28	1,362
6	10	34	2,215
6	10	37	0,801
6	10	38	8,247
6	10	39	12,96
6	10	40	9,041
6	10	42	4,724
6	10	44	6,288
6	10	49	3,789
6	13	2	8,711
6	13	3	2,834
6	13	6	4,003
6	13	10	4,197
6	13	17	19,639
6	13	19	3,376
6	13	27	7,637
6	13	28	4,757
6	13	34	2,292
6	13	37	5,118
6	13	38	5,559
6	13	39	20,399
6	13	40	4,518
6	13	42	2,345
6	13	44	3,968
6	13	49	3,077
6	17	2	9,122
6	17	3	6,064
6	17	6	10,954
6	17	10	21,762
6	17	13	5,707
6	17	19	4,43
6	17	27	1,714
6	17	28	8,682
6	17	34	7,789
6	17	37	4,166
6	17	38	30,184
6	17	39	1,568
6	17	40	5,666
6	17	42	3,791
6	17	44	0,812
6	17	49	1,983
6	19	2	4,619
6	19	3	10,236
6	19	6	5,334
6	19	10	0,796
6	19	13	11,89
6	19	17	13,412
6	19	27	2,818
6	19	28	1,385
6	19	34	3,247
6	19	37	3,694
6	19	38	9,232
6	19	39	6,241
6	19	40	7,446
6	19	42	2,97
6	19	44	8,013
6	19	49	12,708
6	27	2	1,087
6	27	3	2,526
6	27	6	4,103
6	27	10	28,571
6	27	13	5,561
6	27	17	25,971
6	27	19	0,958
6	27	28	4,978
6	27	34	11,428
6	27	37	16,392
6	27	38	13,624
6	27	39	15,219
6	27	40	1,338
6	27	42	1,203
6	27	44	1,713
6	27	49	3,024
6	28	2	9,008
6	28	3	1,335
6	28	6	10,049
6	28	10	8,395
6	28	13	8,348
6	28	17	1,85
6	28	19	5,222
6	28	27	7,935
6	28	34	1,518
6	28	37	38,706
6	28	38	7,816
6	28	39	3,223
6	28	40	15,757
6	28	42	2,214
6	28	44	10,107
6	28	49	19,585
6	34	2	0,57
6	34	3	5,31
6	34	6	9,496
6	34	10	7,003
6	34	13	4,083
6	34	17	5,422
6	34	19	1,698
6	34	27	3,328
6	34	28	2,221
6	34	37	6,948
6	34	38	1,865
6	34	39	4,175
6	34	40	1,76
6	34	42	5,768
6	34	44	3,904
6	34	49	6,61
6	37	2	2,758
6	37	3	3,098
6	37	6	7,646
6	37	10	30,38
6	37	13	1,677
6	37	17	0,642
6	37	19	20,124
6	37	27	4,108
6	37	28	17,344
6	37	34	1,74
6	37	38	3,79
6	37	39	1,379
6	37	40	2,282
6	37	42	2,196
6	37	44	3,471
6	37	49	6,327
6	38	2	9,759
6	38	3	2,078
6	38	6	1,278
6	38	10	1,306
6	38	13	2,967
6	38	17	1,217
6	38	19	11,372
6	38	27	2,257
6	38	28	28,406
6	38	34	4,757
6	38	37	0,823
6	38	39	1,447
6	38	40	7,238
6	38	42	4,576
6	38	44	25,877
6	38	49	7,901
6	39	2	1,998
6	39	3	3,994
6	39	6	4,855
6	39	10	2,147
6	39	13	2,257
6	39	17	0,998
6	39	19	4,32
6	39	27	2,481
6	39	28	0,878
6	39	34	2,754
6	39	37	6,928
6	39	38	1,391
6	39	40	10,231
6	39	42	6,61
6	39	44	0,943
6	39	49	0,772
6	40	2	10,226
6	40	3	1,022
6	40	6	8,517
6	40	10	12,639
6	40	13	19,17
6	40	17	8,889
6	40	19	1,158
6	40	27	1,798
6	40	28	16,747
6	40	34	2,407
6	40	37	2,609
6	40	38	2,467
6	40	39	6,591
6	40	42	1,502
6	40	44	3,943
6	40	49	2,045
6	42	2	1,241
6	42	3	1,104
6	42	6	7,815
6	42	10	2,499
6	42	13	35,068
6	42	17	2,143
6	42	19	11,2
6	42	27	4,018
6	42	28	2,62
6	42	34	26,034
6	42	37	4,055
6	42	38	3,091
6	42	39	11,276
6	42	40	2,982
6	42	44	1,221
6	42	49	3,196
6	44	2	20,753
6	44	3	8,474
6	44	6	1,293
6	44	10	1,416
6	44	13	1,379
6	44	17	1,218
6	44	19	2,064
6	44	27	10,145
6	44	28	3,367
6	44	34	6,972
6	44	37	3,132
6	44	38	0,651
6	44	39	0,546
6	44	40	4,553
6	44	42	15,662
6	44	49	6,325
6	49	2	1,022
6	49	3	4,505
6	49	6	4,625
6	49	10	3,527
6	49	13	5,992
6	49	17	3,954
6	49	19	10,113
6	49	27	0,723
6	49	28	6,324
6	49	34	3,89
6	49	37	1,577
6	49	38	1,709
6	49	39	1,92
6	49	40	7,787
6	49	42	2,739
6	49	44	8,042

