#num jobs
50
#num machines
6

#jobId machId procTime energyCons
1	3	91,06	711,22
1	5	11,35	93,29
1	6	5,08	60,08
2	1	18,48	234,78
3	1	1,1	13,98
4	4	32,96	436,89
4	3	0,14	1,13
5	5	2,91	23,92
6	2	2,48	31,66
6	1	2,72	34,59
7	2	35	445,87
7	6	5,39	63,65
8	6	8,53	100,78
8	1	218,58	2776,65
9	2	43,28	551,34
9	3	9,85	76,95
10	1	105,81	1344,17
10	6	2,79	33,03
11	6	308,79	3648,95
11	5	31,07	255,36
11	3	480,41	3752,29
12	2	40,63	517,63
12	4	1,22	16,12
13	4	471,72	6252,49
13	6	7,35	86,8
14	1	958,81	12180,15
14	4	42,89	568,45
14	5	0,49	4,01
15	3	4,94	38,55
15	5	8,04	66,06
16	4	83,14	1101,99
16	3	49,69	388,14
17	5	2,67	21,94
18	4	14,36	190,4
18	2	14,78	188,29
19	1	451,24	5732,32
19	5	25,85	212,47
20	1	6,85	87
20	4	71,56	948,44
21	6	2,45	29
21	2	33,76	430,13
21	1	5,31	67,4
22	6	41,29	487,96
22	3	8,31	64,9
22	2	67,52	860,25
23	2	8,12	103,39
23	4	5,54	73,38
23	5	4,85	39,9
24	2	21,61	275,28
25	3	1,76	13,74
25	2	2538,23	32336,57
25	1	6,29	79,87
26	5	24,19	198,8
26	1	11,27	143,15
27	3	0,84	6,57
28	5	20,47	168,25
29	4	9,17	121,58
30	5	4,31	35,44
30	6	11,78	139,17
31	6	4,34	51,26
31	5	2,78	22,82
32	6	21,59	255,17
32	5	7,36	60,46
32	4	5,84	77,43
32	1	2,69	34,23
33	3	7,2	56,25
34	5	243,5	2001,43
35	2	3,32	42,29
36	5	5,55	45,6
37	1	0,85	10,83
37	4	21,29	282,15
38	6	1,18	13,91
38	2	8,5	108,33
39	6	1,52	17,97
40	5	3,97	32,64
40	3	0,75	5,84
41	6	0,9	10,68
41	4	4,5	59,65
41	2	0,66	8,38
42	1	6,97	88,57
42	3	15,76	123,12
42	4	4,75	62,92
42	5	0,8	6,62
43	2	40,16	511,65
43	5	5,85	48,07
44	2	43,68	556,52
44	4	2,8	37,06
44	6	15,98	188,79
45	6	6,7	79,14
46	1	3,16	40,18
46	4	10,74	142,4
47	6	7,69	90,81
47	5	6,49	53,31
47	3	4,65	36,34
47	1	13,24	168,21
48	6	9,73	114,95
48	4	7,97	105,66
49	4	25,6	339,28
49	6	16,61	196,22
50	3	30,67	239,55
50	5	49,36	405,67

#jobId ddate weight rdate
1	425,134	42	1091,983
2	588,87	4	1809,977
3	528,75	23	1834,081
4	1452,417	17	1735,509
5	1294,351	25	2007,394
6	948,377	33	4,916
7	1518,6	12	670,794
8	1550,982	29	1447,359
9	1182,014	45	1200,564
10	741,292	4	1557,84
11	853,533	11	451,391
12	970,623	35	1356,45
13	1309,176	25	1510,487
14	1470,657	36	2035,915
15	1382,031	43	1426,455
16	787,955	21	2080,27
17	686,127	22	1827,823
18	546,699	24	2073,368
19	923,3	42	193,44
20	692,431	14	1152,306
21	553,855	7	1837,391
22	853,151	29	1077,991
23	520,945	15	582,71
24	1374,262	16	1570,529
25	586,572	19	86,298
26	1012,389	1	304,112
27	1265,082	30	709,307
28	972,53	44	99,298
29	1143,903	14	552,3
30	1275,449	26	85,18
31	1424,791	8	1110,141
32	635,69	5	1650,243
33	1102,727	8	951,983
34	720,657	34	480,618
35	536,264	6	981,323
36	525,273	44	2148,196
37	491,152	47	2059,607
38	1394,265	10	1189,195
39	1197,283	39	1466,352
40	673,452	12	1696,614
41	751,177	11	861,859
42	1318,828	11	2129,014
43	567,891	15	2131,555
44	734,618	35	2057,359
45	1421,332	6	979,965
46	1515,921	30	785,278
47	1310,378	14	1113,534
48	831,598	6	1411,735
49	1077,596	48	54,948
50	1556,188	5	1209,099

#machId jobPred jobSucc setupTime
1	2	3	12,887
1	2	6	1,594
1	2	8	0,869
1	2	10	3,798
1	2	14	4,831
1	2	19	5,594
1	2	20	3,956
1	2	21	3,692
1	2	25	0,554
1	2	26	2,202
1	2	32	20,915
1	2	37	10,467
1	2	42	2,947
1	2	46	8,71
1	2	47	1,325
1	3	2	13,417
1	3	6	9,813
1	3	8	5,348
1	3	10	3,007
1	3	14	39,85
1	3	19	10,59
1	3	20	8,304
1	3	21	1,713
1	3	25	1,118
1	3	26	1,97
1	3	32	1,96
1	3	37	3,974
1	3	42	5,624
1	3	46	11,961
1	3	47	5,397
1	6	2	18,215
1	6	3	3,336
1	6	8	5,18
1	6	10	3,984
1	6	14	11,838
1	6	19	4,264
1	6	20	1,383
1	6	21	4,495
1	6	25	6,082
1	6	26	15,726
1	6	32	21,694
1	6	37	4,632
1	6	42	4,167
1	6	46	0,679
1	6	47	3,656
1	8	2	4,831
1	8	3	0,507
1	8	6	0,586
1	8	10	16,907
1	8	14	6,989
1	8	19	6,423
1	8	20	10,251
1	8	21	5,554
1	8	25	2,874
1	8	26	2,595
1	8	32	12,814
1	8	37	1,386
1	8	42	0,688
1	8	46	1,432
1	8	47	2,68
1	10	2	0,842
1	10	3	34,067
1	10	6	4,372
1	10	8	3,506
1	10	14	2,421
1	10	19	7,297
1	10	20	13,638
1	10	21	5,525
1	10	25	2,329
1	10	26	3,864
1	10	32	0,608
1	10	37	6,249
1	10	42	1,761
1	10	46	1,358
1	10	47	22,226
1	14	2	24,689
1	14	3	5,525
1	14	6	0,741
1	14	8	7,167
1	14	10	7,14
1	14	19	3,195
1	14	20	11,973
1	14	21	2,26
1	14	25	3,299
1	14	26	8,442
1	14	32	4,982
1	14	37	14,17
1	14	42	1,52
1	14	46	12,728
1	14	47	5,069
1	19	2	0,741
1	19	3	1,629
1	19	6	3,362
1	19	8	1,13
1	19	10	8,838
1	19	14	5,479
1	19	20	6,319
1	19	21	2,288
1	19	25	0,643
1	19	26	1,586
1	19	32	11,973
1	19	37	15,539
1	19	42	5,947
1	19	46	6,999
1	19	47	2,532
1	20	2	2,211
1	20	3	4,094
1	20	6	2,902
1	20	8	0,554
1	20	10	4,7
1	20	14	0,794
1	20	19	5,367
1	20	21	1,461
1	20	25	1,583
1	20	26	3,068
1	20	32	1,401
1	20	37	2,786
1	20	42	3,242
1	20	46	11,828
1	20	47	4,365
1	21	2	3,672
1	21	3	0,97
1	21	6	1,559
1	21	8	8,966
1	21	10	7,335
1	21	14	10,237
1	21	19	1,484
1	21	20	33,444
1	21	25	1,84
1	21	26	0,74
1	21	32	21,938
1	21	37	5,038
1	21	42	7,506
1	21	46	10,536
1	21	47	0,741
1	25	2	9,223
1	25	3	1,869
1	25	6	7,733
1	25	8	16,088
1	25	10	1,157
1	25	14	4,781
1	25	19	1,295
1	25	20	4,86
1	25	21	0,505
1	25	26	4,634
1	25	32	0,606
1	25	37	17,943
1	25	42	2,425
1	25	46	5,92
1	25	47	1,653
1	26	2	5,768
1	26	3	1,427
1	26	6	13,186
1	26	8	0,899
1	26	10	2,497
1	26	14	17,307
1	26	19	4,325
1	26	20	9,213
1	26	21	7,476
1	26	25	3,429
1	26	32	1,073
1	26	37	3,646
1	26	42	1,039
1	26	46	1,013
1	26	47	23,568
1	32	2	2,1
1	32	3	4,179
1	32	6	1,227
1	32	8	10,603
1	32	10	11,554
1	32	14	9,455
1	32	19	0,545
1	32	20	5,839
1	32	21	8,101
1	32	25	3,397
1	32	26	13,924
1	32	37	7,571
1	32	42	25,15
1	32	46	2,988
1	32	47	4,162
1	37	2	7,133
1	37	3	17,149
1	37	6	12,084
1	37	8	0,786
1	37	10	1,557
1	37	14	1,449
1	37	19	35,763
1	37	20	0,852
1	37	21	4,232
1	37	25	13,622
1	37	26	10,228
1	37	32	6,005
1	37	42	1,918
1	37	46	0,963
1	37	47	0,855
1	42	2	2,976
1	42	3	0,888
1	42	6	0,914
1	42	8	1,508
1	42	10	5,024
1	42	14	3,548
1	42	19	3,78
1	42	20	1,393
1	42	21	9,629
1	42	25	2,272
1	42	26	5,88
1	42	32	9,17
1	42	37	4,618
1	42	46	3,391
1	42	47	20,484
1	46	2	0,795
1	46	3	3,247
1	46	6	6,916
1	46	8	0,934
1	46	10	5,289
1	46	14	10,913
1	46	19	3,959
1	46	20	1,621
1	46	21	0,564
1	46	25	4,299
1	46	26	7,032
1	46	32	12,398
1	46	37	3,304
1	46	42	3,139
1	46	47	29,628
1	47	2	2,734
1	47	3	12,614
1	47	6	3,498
1	47	8	13,161
1	47	10	7,182
1	47	14	6,636
1	47	19	4,119
1	47	20	1,341
1	47	21	13,097
1	47	25	6,969
1	47	26	1,792
1	47	32	9,295
1	47	37	7,326
1	47	42	0,756
1	47	46	8,713
2	6	7	5,913
2	6	9	4,294
2	6	12	26,031
2	6	18	10,033
2	6	21	30,54
2	6	22	6,586
2	6	23	5,133
2	6	24	10,95
2	6	25	4,844
2	6	35	18,932
2	6	38	1,347
2	6	41	4,571
2	6	43	6,162
2	6	44	1,148
2	7	6	4,064
2	7	9	3,991
2	7	12	4,694
2	7	18	4,706
2	7	21	10,285
2	7	22	31,814
2	7	23	1,321
2	7	24	3,104
2	7	25	2,662
2	7	35	5,478
2	7	38	6,156
2	7	41	4,164
2	7	43	2,929
2	7	44	4,411
2	9	6	2,891
2	9	7	1,021
2	9	12	10,575
2	9	18	10,426
2	9	21	1,704
2	9	22	1,635
2	9	23	10,416
2	9	24	5,116
2	9	25	15,286
2	9	35	2,529
2	9	38	6,207
2	9	41	6,723
2	9	43	5,524
2	9	44	9,005
2	12	6	15,131
2	12	7	1,77
2	12	9	4,667
2	12	18	3,559
2	12	21	6,611
2	12	22	3,217
2	12	23	8,987
2	12	24	10,149
2	12	25	2,431
2	12	35	5,899
2	12	38	8,74
2	12	41	1,979
2	12	43	33,284
2	12	44	22,327
2	18	6	11,146
2	18	7	1,702
2	18	9	6,101
2	18	12	7,079
2	18	21	13,132
2	18	22	74,675
2	18	23	5,87
2	18	24	1,231
2	18	25	2,751
2	18	35	9,733
2	18	38	7,475
2	18	41	11,456
2	18	43	0,85
2	18	44	3,229
2	21	6	0,94
2	21	7	1,963
2	21	9	22,899
2	21	12	4,048
2	21	18	36,52
2	21	22	1,132
2	21	23	1,069
2	21	24	2,968
2	21	25	0,837
2	21	35	24,764
2	21	38	5,183
2	21	41	2,331
2	21	43	1,369
2	21	44	1,293
2	22	6	1,114
2	22	7	0,904
2	22	9	2,175
2	22	12	9,97
2	22	18	7,886
2	22	21	15,962
2	22	23	9,259
2	22	24	7,845
2	22	25	3,863
2	22	35	8,451
2	22	38	0,828
2	22	41	3,99
2	22	43	1,739
2	22	44	6,278
2	23	6	2,386
2	23	7	3,613
2	23	9	3,74
2	23	12	5,637
2	23	18	1,573
2	23	21	11,37
2	23	22	1,206
2	23	24	5,827
2	23	25	10,478
2	23	35	7,946
2	23	38	10,007
2	23	41	21,698
2	23	43	2,976
2	23	44	2,828
2	24	6	1,689
2	24	7	2,004
2	24	9	11,141
2	24	12	53,511
2	24	18	27,859
2	24	21	5,408
2	24	22	10,518
2	24	23	14,789
2	24	25	11,687
2	24	35	6,517
2	24	38	13,977
2	24	41	4,479
2	24	43	1,439
2	24	44	8,528
2	25	6	12,166
2	25	7	4,166
2	25	9	7,729
2	25	12	1,205
2	25	18	3,447
2	25	21	9,655
2	25	22	0,903
2	25	23	6,682
2	25	24	2,897
2	25	35	2,69
2	25	38	2,431
2	25	41	5,871
2	25	43	7,427
2	25	44	7,661
2	35	6	1,902
2	35	7	1,816
2	35	9	4,278
2	35	12	0,759
2	35	18	5,323
2	35	21	39,492
2	35	22	2,234
2	35	23	3,1
2	35	24	2,673
2	35	25	15,77
2	35	38	1,426
2	35	41	15,153
2	35	43	1,42
2	35	44	9,632
2	38	6	2,874
2	38	7	3,142
2	38	9	2,281
2	38	12	1,753
2	38	18	1,995
2	38	21	3,105
2	38	22	6,601
2	38	23	1,512
2	38	24	0,609
2	38	25	1,231
2	38	35	9,429
2	38	41	15,589
2	38	43	3,731
2	38	44	1,805
2	41	6	0,897
2	41	7	1,591
2	41	9	1,155
2	41	12	6,537
2	41	18	1,135
2	41	21	4,812
2	41	22	2,087
2	41	23	1,325
2	41	24	3,267
2	41	25	4,591
2	41	35	5,471
2	41	38	1,215
2	41	43	1,829
2	41	44	15,287
2	43	6	2,664
2	43	7	15,436
2	43	9	4,713
2	43	12	2,969
2	43	18	2,15
2	43	21	0,775
2	43	22	46,441
2	43	23	8,428
2	43	24	23,824
2	43	25	5,351
2	43	35	0,978
2	43	38	4,636
2	43	41	0,546
2	43	44	13,249
2	44	6	19,079
2	44	7	17,044
2	44	9	3,725
2	44	12	0,536
2	44	18	7,94
2	44	21	38,119
2	44	22	5,3
2	44	23	5,898
2	44	24	7,325
2	44	25	4,419
2	44	35	2,428
2	44	38	6,92
2	44	41	3,041
2	44	43	0,708
3	1	4	17,567
3	1	9	8,282
3	1	11	12,364
3	1	15	1,873
3	1	16	2,453
3	1	22	12,319
3	1	25	10,952
3	1	27	6,524
3	1	33	5,745
3	1	40	2,152
3	1	42	3,409
3	1	47	54,051
3	1	50	1,709
3	4	1	7,879
3	4	9	12,242
3	4	11	9,539
3	4	15	4,246
3	4	16	7,76
3	4	22	0,766
3	4	25	6,48
3	4	27	8,395
3	4	33	12,39
3	4	40	2,887
3	4	42	16,557
3	4	47	0,985
3	4	50	0,552
3	9	1	10,02
3	9	4	13,642
3	9	11	1,803
3	9	15	5,929
3	9	16	5,878
3	9	22	12,666
3	9	25	1,067
3	9	27	24,367
3	9	33	3,065
3	9	40	1,246
3	9	42	3,404
3	9	47	2,995
3	9	50	4,302
3	11	1	3,633
3	11	4	1,704
3	11	9	1,151
3	11	15	2,435
3	11	16	5,258
3	11	22	10,711
3	11	25	2,399
3	11	27	4,957
3	11	33	5,93
3	11	40	0,622
3	11	42	7,524
3	11	47	0,89
3	11	50	10,95
3	15	1	2,984
3	15	4	14,25
3	15	9	5,011
3	15	11	0,913
3	15	16	4,483
3	15	22	4,742
3	15	25	15,198
3	15	27	7,183
3	15	33	15,287
3	15	40	2,41
3	15	42	11,661
3	15	47	13,591
3	15	50	3,359
3	16	1	4,318
3	16	4	4,115
3	16	9	0,992
3	16	11	7,15
3	16	15	39,41
3	16	22	5,415
3	16	25	0,57
3	16	27	0,89
3	16	33	5,418
3	16	40	3,117
3	16	42	10,411
3	16	47	1,553
3	16	50	22,103
3	22	1	4,378
3	22	4	1,045
3	22	9	7,139
3	22	11	2,988
3	22	15	12,435
3	22	16	4,864
3	22	25	3,03
3	22	27	3,364
3	22	33	4,459
3	22	40	0,69
3	22	42	3,191
3	22	47	1,427
3	22	50	3,732
3	25	1	1,144
3	25	4	11,01
3	25	9	3,771
3	25	11	5,631
3	25	15	14,179
3	25	16	0,905
3	25	22	0,71
3	25	27	3,588
3	25	33	5,579
3	25	40	7,915
3	25	42	7,764
3	25	47	1,142
3	25	50	0,526
3	27	1	0,781
3	27	4	2,254
3	27	9	3,669
3	27	11	13,93
3	27	15	2,308
3	27	16	0,94
3	27	22	46,073
3	27	25	2,835
3	27	33	1,992
3	27	40	6,661
3	27	42	16,61
3	27	47	6,947
3	27	50	1,982
3	33	1	11,834
3	33	4	0,91
3	33	9	9,079
3	33	11	26,458
3	33	15	2,776
3	33	16	1,321
3	33	22	6,443
3	33	25	8,99
3	33	27	14,699
3	33	40	0,623
3	33	42	6,045
3	33	47	2,313
3	33	50	0,516
3	40	1	3,419
3	40	4	2,355
3	40	9	1,52
3	40	11	3,531
3	40	15	6,792
3	40	16	10,647
3	40	22	7,561
3	40	25	14,739
3	40	27	10,15
3	40	33	10,208
3	40	42	6,719
3	40	47	0,965
3	40	50	19,334
3	42	1	2,151
3	42	4	15,185
3	42	9	4,612
3	42	11	12,551
3	42	15	2,744
3	42	16	18,703
3	42	22	5,251
3	42	25	9,963
3	42	27	13,419
3	42	33	2,602
3	42	40	1,974
3	42	47	10,409
3	42	50	8,982
3	47	1	21,18
3	47	4	1,236
3	47	9	0,874
3	47	11	2,084
3	47	15	7,932
3	47	16	43,487
3	47	22	5,004
3	47	25	4,944
3	47	27	31,223
3	47	33	10,606
3	47	40	0,653
3	47	42	1,79
3	47	50	1,899
3	50	1	3,872
3	50	4	4,199
3	50	9	7,57
3	50	11	4,395
3	50	15	2,822
3	50	16	11,683
3	50	22	8,702
3	50	25	13,619
3	50	27	3,53
3	50	33	8,507
3	50	40	1,264
3	50	42	17,628
3	50	47	7,556
4	4	12	0,738
4	4	13	6,506
4	4	14	9,12
4	4	16	0,904
4	4	18	0,776
4	4	20	20,586
4	4	23	1,634
4	4	29	13,907
4	4	32	1,469
4	4	37	13,694
4	4	41	2,566
4	4	42	9,359
4	4	44	1,911
4	4	46	1,491
4	4	48	2,129
4	4	49	4,66
4	12	4	12,187
4	12	13	84,134
4	12	14	1,602
4	12	16	1,086
4	12	18	22,028
4	12	20	3,122
4	12	23	1,52
4	12	29	7,558
4	12	32	5,568
4	12	37	6,284
4	12	41	5,939
4	12	42	3,488
4	12	44	2,584
4	12	46	0,888
4	12	48	0,716
4	12	49	3,398
4	13	4	2,152
4	13	12	2,432
4	13	14	20,129
4	13	16	4,655
4	13	18	5,176
4	13	20	31,997
4	13	23	0,524
4	13	29	7,911
4	13	32	5,688
4	13	37	1,352
4	13	41	0,551
4	13	42	2,939
4	13	44	4,932
4	13	46	0,969
4	13	48	25,562
4	13	49	5,596
4	14	4	6,834
4	14	12	10,894
4	14	13	22,701
4	14	16	11,607
4	14	18	14,017
4	14	20	7,222
4	14	23	9,018
4	14	29	6,464
4	14	32	0,66
4	14	37	12,076
4	14	41	1,572
4	14	42	3,189
4	14	44	5,792
4	14	46	6,779
4	14	48	3,289
4	14	49	1,327
4	16	4	6,429
4	16	12	5,06
4	16	13	12,363
4	16	14	56,485
4	16	18	4,63
4	16	20	19,797
4	16	23	5,252
4	16	29	2,668
4	16	32	7,17
4	16	37	3,295
4	16	41	9,561
4	16	42	3,793
4	16	44	5,529
4	16	46	5,478
4	16	48	10,587
4	16	49	7,579
4	18	4	3,087
4	18	12	7,829
4	18	13	6,072
4	18	14	8,975
4	18	16	1,103
4	18	20	1,321
4	18	23	5,921
4	18	29	3,512
4	18	32	12,817
4	18	37	16,131
4	18	41	7,278
4	18	42	1,273
4	18	44	14,849
4	18	46	3,556
4	18	48	17,696
4	18	49	2,386
4	20	4	2,638
4	20	12	1,112
4	20	13	2,177
4	20	14	8,069
4	20	16	7,084
4	20	18	8,818
4	20	23	9,5
4	20	29	4,137
4	20	32	3,347
4	20	37	14,202
4	20	41	2,555
4	20	42	1,05
4	20	44	6,158
4	20	46	4,455
4	20	48	1,712
4	20	49	5,205
4	23	4	3,739
4	23	12	10,55
4	23	13	9,711
4	23	14	2,868
4	23	16	5,285
4	23	18	2,119
4	23	20	4,455
4	23	29	17,644
4	23	32	24,675
4	23	37	6,007
4	23	41	2,748
4	23	42	24,967
4	23	44	0,816
4	23	46	1,497
4	23	48	3,321
4	23	49	12,136
4	29	4	2,631
4	29	12	5,643
4	29	13	4,187
4	29	14	14,426
4	29	16	5,849
4	29	18	17,688
4	29	20	4,375
4	29	23	5,527
4	29	32	0,865
4	29	37	1,688
4	29	41	1,132
4	29	42	4,727
4	29	44	13,232
4	29	46	3,335
4	29	48	3,764
4	29	49	4,955
4	32	4	0,513
4	32	12	4,037
4	32	13	4,17
4	32	14	1,113
4	32	16	11,363
4	32	18	2,849
4	32	20	11,779
4	32	23	0,813
4	32	29	3,387
4	32	37	1,696
4	32	41	2,933
4	32	42	11,267
4	32	44	2,883
4	32	46	0,805
4	32	48	5,854
4	32	49	2,741
4	37	4	3,164
4	37	12	3,821
4	37	13	10,743
4	37	14	0,827
4	37	16	10,102
4	37	18	6,023
4	37	20	2,065
4	37	23	10,35
4	37	29	1,689
4	37	32	3,087
4	37	41	13,722
4	37	42	6,508
4	37	44	4,024
4	37	46	2,171
4	37	48	18,857
4	37	49	2,731
4	41	4	4,306
4	41	12	0,574
4	41	13	0,845
4	41	14	17,792
4	41	16	5,119
4	41	18	7,037
4	41	20	8,905
4	41	23	3,976
4	41	29	1,216
4	41	32	0,673
4	41	37	8,003
4	41	42	6,275
4	41	44	2,148
4	41	46	7,8
4	41	48	7,447
4	41	49	1,195
4	42	4	15,247
4	42	12	9,193
4	42	13	1,173
4	42	14	2,409
4	42	16	7,575
4	42	18	2,125
4	42	20	3,088
4	42	23	11,594
4	42	29	2,302
4	42	32	3,493
4	42	37	11,597
4	42	41	0,51
4	42	44	1,576
4	42	46	6,721
4	42	48	1,322
4	42	49	8,144
4	44	4	0,56
4	44	12	1,735
4	44	13	9,494
4	44	14	1,082
4	44	16	3,257
4	44	18	2,112
4	44	20	2,069
4	44	23	19,121
4	44	29	52,278
4	44	32	9,497
4	44	37	1,003
4	44	41	0,96
4	44	42	14,09
4	44	46	2,021
4	44	48	1,801
4	44	49	1,646
4	46	4	1,715
4	46	12	8,291
4	46	13	2,702
4	46	14	1,207
4	46	16	18,378
4	46	18	11,906
4	46	20	1,116
4	46	23	8,049
4	46	29	8,327
4	46	32	1,842
4	46	37	0,933
4	46	41	21,782
4	46	42	6,822
4	46	44	26,713
4	46	48	9,708
4	46	49	0,651
4	48	4	4,365
4	48	12	5,448
4	48	13	1,344
4	48	14	3,188
4	48	16	7,073
4	48	18	7,775
4	48	20	0,613
4	48	23	3,582
4	48	29	0,827
4	48	32	7,087
4	48	37	12,12
4	48	41	8,939
4	48	42	2,025
4	48	44	19,846
4	48	46	39,901
4	48	49	3,785
4	49	4	1,367
4	49	12	6,337
4	49	13	5,981
4	49	14	1,352
4	49	16	4,978
4	49	18	6,38
4	49	20	2,89
4	49	23	1,161
4	49	29	1,937
4	49	32	17,733
4	49	37	31,754
4	49	41	3,904
4	49	42	6,364
4	49	44	9,824
4	49	46	3,028
4	49	48	0,66
5	1	5	1,01
5	1	11	8,805
5	1	14	2,344
5	1	15	0,818
5	1	17	10,073
5	1	19	7,764
5	1	23	1,779
5	1	26	9,053
5	1	28	4,174
5	1	30	3,609
5	1	31	1,655
5	1	32	2,256
5	1	34	0,891
5	1	36	0,768
5	1	40	13,938
5	1	42	0,763
5	1	43	1,475
5	1	47	3,72
5	1	50	2,328
5	5	1	3,759
5	5	11	1,967
5	5	14	0,695
5	5	15	0,698
5	5	17	3,589
5	5	19	7,146
5	5	23	0,804
5	5	26	2,329
5	5	28	2,94
5	5	30	1,528
5	5	31	3,444
5	5	32	7,074
5	5	34	4,125
5	5	36	1,813
5	5	40	4,243
5	5	42	9,497
5	5	43	15,36
5	5	47	8,878
5	5	50	3,864
5	11	1	5,248
5	11	5	2,904
5	11	14	5,193
5	11	15	4,025
5	11	17	4,923
5	11	19	4,863
5	11	23	7,998
5	11	26	7,963
5	11	28	1,778
5	11	30	10,399
5	11	31	0,943
5	11	32	4,381
5	11	34	2,497
5	11	36	6,073
5	11	40	7,147
5	11	42	3,229
5	11	43	12,99
5	11	47	15,203
5	11	50	0,552
5	14	1	7,763
5	14	5	3,497
5	14	11	6,434
5	14	15	2,77
5	14	17	3,207
5	14	19	1,306
5	14	23	6,349
5	14	26	1,175
5	14	28	4,955
5	14	30	0,777
5	14	31	21,439
5	14	32	0,526
5	14	34	5,645
5	14	36	4,273
5	14	40	21,576
5	14	42	0,797
5	14	43	15,362
5	14	47	3,684
5	14	50	16,312
5	15	1	1,599
5	15	5	10,17
5	15	11	16,089
5	15	14	6,98
5	15	17	4,961
5	15	19	1,937
5	15	23	1,551
5	15	26	5,175
5	15	28	1,612
5	15	30	0,754
5	15	31	5,487
5	15	32	11,051
5	15	34	7,316
5	15	36	9
5	15	40	0,943
5	15	42	1,457
5	15	43	1,651
5	15	47	4,952
5	15	50	3,287
5	17	1	2,753
5	17	5	24,233
5	17	11	9,894
5	17	14	20,605
5	17	15	10,624
5	17	19	4,811
5	17	23	13,15
5	17	26	7,692
5	17	28	2,407
5	17	30	2,799
5	17	31	20,166
5	17	32	0,693
5	17	34	5,916
5	17	36	6,01
5	17	40	5,137
5	17	42	5,923
5	17	43	3,3
5	17	47	1,178
5	17	50	9,858
5	19	1	4,321
5	19	5	1,67
5	19	11	5,226
5	19	14	4,223
5	19	15	7,447
5	19	17	6,27
5	19	23	2,974
5	19	26	4,653
5	19	28	2,891
5	19	30	1,455
5	19	31	2,294
5	19	32	0,951
5	19	34	6,191
5	19	36	2,15
5	19	40	7,501
5	19	42	12,345
5	19	43	2,864
5	19	47	3,162
5	19	50	3,875
5	23	1	20,418
5	23	5	1,415
5	23	11	2,171
5	23	14	1,954
5	23	15	1,361
5	23	17	1,476
5	23	19	4,583
5	23	26	7,033
5	23	28	3,333
5	23	30	0,737
5	23	31	12,274
5	23	32	5,956
5	23	34	2,156
5	23	36	2,598
5	23	40	7,139
5	23	42	2,255
5	23	43	2,309
5	23	47	12,253
5	23	50	1,462
5	26	1	5,082
5	26	5	11,376
5	26	11	1,408
5	26	14	6,94
5	26	15	4,057
5	26	17	1,594
5	26	19	1,723
5	26	23	1,537
5	26	28	5,577
5	26	30	4,663
5	26	31	3,123
5	26	32	1,183
5	26	34	11,144
5	26	36	6,905
5	26	40	3,03
5	26	42	3,737
5	26	43	2,509
5	26	47	1,121
5	26	50	2,264
5	28	1	1,119
5	28	5	23,011
5	28	11	1,898
5	28	14	5,444
5	28	15	4,962
5	28	17	1,248
5	28	19	2,449
5	28	23	4,152
5	28	26	2,07
5	28	30	4,547
5	28	31	2,261
5	28	32	6,132
5	28	34	6,918
5	28	36	1,118
5	28	40	5,161
5	28	42	5,699
5	28	43	0,833
5	28	47	5,313
5	28	50	4,868
5	30	1	2,682
5	30	5	13,174
5	30	11	11,4
5	30	14	7,979
5	30	15	2,58
5	30	17	1,594
5	30	19	4,51
5	30	23	13,634
5	30	26	3,969
5	30	28	6,962
5	30	31	4,779
5	30	32	6,528
5	30	34	2,002
5	30	36	21,046
5	30	40	13,553
5	30	42	5,526
5	30	43	1,108
5	30	47	6,751
5	30	50	4,298
5	31	1	16,498
5	31	5	1,004
5	31	11	4,738
5	31	14	2,668
5	31	15	16,099
5	31	17	13,741
5	31	19	3,114
5	31	23	4,761
5	31	26	6,078
5	31	28	7,334
5	31	30	9,276
5	31	32	1,405
5	31	34	4,849
5	31	36	6,993
5	31	40	4,927
5	31	42	3,691
5	31	43	3,344
5	31	47	3,503
5	31	50	0,814
5	32	1	11,411
5	32	5	8,304
5	32	11	1,683
5	32	14	4,008
5	32	15	0,894
5	32	17	8,063
5	32	19	3,848
5	32	23	3,942
5	32	26	4,061
5	32	28	2,946
5	32	30	7,499
5	32	31	1,39
5	32	34	2,923
5	32	36	0,79
5	32	40	8,508
5	32	42	10,228
5	32	43	2,746
5	32	47	1,153
5	32	50	0,842
5	34	1	4,619
5	34	5	14,451
5	34	11	9,738
5	34	14	1,588
5	34	15	24,647
5	34	17	2,084
5	34	19	8,147
5	34	23	9,867
5	34	26	5,354
5	34	28	6,728
5	34	30	25,047
5	34	31	3,378
5	34	32	25,792
5	34	36	4,955
5	34	40	3,026
5	34	42	5,576
5	34	43	6,096
5	34	47	6,872
5	34	50	10,708
5	36	1	12,997
5	36	5	1,899
5	36	11	4,51
5	36	14	15,427
5	36	15	3,608
5	36	17	5,295
5	36	19	8,759
5	36	23	1,766
5	36	26	3,992
5	36	28	2,294
5	36	30	11,377
5	36	31	8,985
5	36	32	3,953
5	36	34	1,259
5	36	40	0,96
5	36	42	4,905
5	36	43	4,484
5	36	47	2,411
5	36	50	1,054
5	40	1	1,648
5	40	5	3,235
5	40	11	3,98
5	40	14	9,3
5	40	15	2,88
5	40	17	3,077
5	40	19	5,087
5	40	23	3,16
5	40	26	0,773
5	40	28	0,854
5	40	30	0,799
5	40	31	1,633
5	40	32	20,393
5	40	34	0,709
5	40	36	4,196
5	40	42	6,34
5	40	43	6,172
5	40	47	5,971
5	40	50	1,678
5	42	1	3,501
5	42	5	0,758
5	42	11	4,352
5	42	14	2,345
5	42	15	1,316
5	42	17	8,301
5	42	19	6,265
5	42	23	8,996
5	42	26	3,263
5	42	28	14,265
5	42	30	29,714
5	42	31	16,788
5	42	32	13,334
5	42	34	0,543
5	42	36	2,129
5	42	40	1,95
5	42	43	0,678
5	42	47	5,06
5	42	50	2,877
5	43	1	1,404
5	43	5	20,366
5	43	11	5,445
5	43	14	7,484
5	43	15	3,562
5	43	17	5,74
5	43	19	5,931
5	43	23	2,44
5	43	26	15,818
5	43	28	13,178
5	43	30	1,815
5	43	31	4,003
5	43	32	16,7
5	43	34	3,796
5	43	36	2,046
5	43	40	8,652
5	43	42	2,768
5	43	47	3,091
5	43	50	1,672
5	47	1	1,379
5	47	5	6,022
5	47	11	12,13
5	47	14	3,22
5	47	15	16,559
5	47	17	13,781
5	47	19	1,929
5	47	23	3,134
5	47	26	8,239
5	47	28	1,973
5	47	30	11,472
5	47	31	14,485
5	47	32	20,67
5	47	34	5,241
5	47	36	5,57
5	47	40	7,544
5	47	42	11,807
5	47	43	4,693
5	47	50	1
5	50	1	2,921
5	50	5	14,324
5	50	11	6,857
5	50	14	6,688
5	50	15	2,099
5	50	17	1,207
5	50	19	7,38
5	50	23	18,815
5	50	26	3,057
5	50	28	6,921
5	50	30	7,754
5	50	31	1,095
5	50	32	7,939
5	50	34	3,676
5	50	36	1,282
5	50	40	2,799
5	50	42	4,921
5	50	43	5,326
5	50	47	8,992
6	1	7	2,547
6	1	8	4,19
6	1	10	6,973
6	1	11	25,351
6	1	13	4,082
6	1	21	1,523
6	1	22	2,611
6	1	30	5,99
6	1	31	10,777
6	1	32	7,093
6	1	38	13,077
6	1	39	12,409
6	1	41	1,223
6	1	44	4,73
6	1	45	1,392
6	1	47	12,309
6	1	48	8,825
6	1	49	11,687
6	7	1	29,235
6	7	8	1,966
6	7	10	2,572
6	7	11	2,163
6	7	13	5,555
6	7	21	1,779
6	7	22	3,866
6	7	30	3,025
6	7	31	8,776
6	7	32	2,96
6	7	38	8,075
6	7	39	5,137
6	7	41	1,427
6	7	44	8,228
6	7	45	3,362
6	7	47	5,004
6	7	48	4,575
6	7	49	6,144
6	8	1	1,705
6	8	7	2,303
6	8	10	6,669
6	8	11	2,428
6	8	13	4,431
6	8	21	5,387
6	8	22	1,26
6	8	30	8,137
6	8	31	9,049
6	8	32	2,832
6	8	38	3,889
6	8	39	2,067
6	8	41	1,027
6	8	44	8,832
6	8	45	2,142
6	8	47	3,836
6	8	48	2,411
6	8	49	17,972
6	10	1	13,455
6	10	7	7,819
6	10	8	2,366
6	10	11	3,769
6	10	13	2,833
6	10	21	11,425
6	10	22	18,665
6	10	30	3,444
6	10	31	1,641
6	10	32	2,734
6	10	38	0,614
6	10	39	19,334
6	10	41	17,011
6	10	44	0,747
6	10	45	1,068
6	10	47	16,592
6	10	48	9,447
6	10	49	7,658
6	11	1	8,256
6	11	7	1,053
6	11	8	11,021
6	11	10	0,691
6	11	13	3,784
6	11	21	25,113
6	11	22	5,745
6	11	30	7,896
6	11	31	1,939
6	11	32	3,939
6	11	38	3,054
6	11	39	1,136
6	11	41	1,772
6	11	44	4,336
6	11	45	5,515
6	11	47	14,688
6	11	48	2,009
6	11	49	2,579
6	13	1	1,323
6	13	7	1,001
6	13	8	12,452
6	13	10	16,327
6	13	11	3,366
6	13	21	13,14
6	13	22	18,527
6	13	30	2,625
6	13	31	9,396
6	13	32	0,907
6	13	38	1,664
6	13	39	36,263
6	13	41	1,361
6	13	44	29,935
6	13	45	1,532
6	13	47	0,822
6	13	48	0,924
6	13	49	15,609
6	21	1	16,764
6	21	7	1,177
6	21	8	3,553
6	21	10	4,331
6	21	11	0,989
6	21	13	8,285
6	21	22	20,772
6	21	30	15,421
6	21	31	14,2
6	21	32	7,126
6	21	38	1,313
6	21	39	1,845
6	21	41	3,14
6	21	44	6,889
6	21	45	7,017
6	21	47	6,065
6	21	48	20,474
6	21	49	11,498
6	22	1	5,8
6	22	7	22,096
6	22	8	7,136
6	22	10	9,262
6	22	11	5,788
6	22	13	1,784
6	22	21	3,006
6	22	30	8,388
6	22	31	1,384
6	22	32	21,356
6	22	38	12,914
6	22	39	5,942
6	22	41	5,412
6	22	44	9,51
6	22	45	1,479
6	22	47	9,014
6	22	48	2,344
6	22	49	14,765
6	30	1	22,547
6	30	7	2,155
6	30	8	3,725
6	30	10	14,637
6	30	11	4,79
6	30	13	8,719
6	30	21	4,22
6	30	22	19,378
6	30	31	2,151
6	30	32	10,464
6	30	38	3,756
6	30	39	2,829
6	30	41	8,151
6	30	44	1,598
6	30	45	4,222
6	30	47	8,587
6	30	48	6,301
6	30	49	1,583
6	31	1	7,259
6	31	7	2,101
6	31	8	7,519
6	31	10	1,286
6	31	11	5,833
6	31	13	2,924
6	31	21	7,223
6	31	22	3,972
6	31	30	3,341
6	31	32	3,077
6	31	38	3,329
6	31	39	13,482
6	31	41	7,025
6	31	44	6,128
6	31	45	13,27
6	31	47	4,262
6	31	48	2,397
6	31	49	2,426
6	32	1	13,492
6	32	7	2,392
6	32	8	1,367
6	32	10	7,415
6	32	11	5,162
6	32	13	2,245
6	32	21	0,564
6	32	22	8,277
6	32	30	4,842
6	32	31	38,857
6	32	38	3,863
6	32	39	2,592
6	32	41	12,518
6	32	44	0,905
6	32	45	1,397
6	32	47	3,203
6	32	48	4,039
6	32	49	2,167
6	38	1	5,673
6	38	7	4,654
6	38	8	2,016
6	38	10	19,757
6	38	11	6,494
6	38	13	0,751
6	38	21	12,795
6	38	22	0,649
6	38	30	4,994
6	38	31	3,935
6	38	32	4,226
6	38	39	0,976
6	38	41	2,611
6	38	44	17,359
6	38	45	1,1
6	38	47	1,986
6	38	48	2,735
6	38	49	1,308
6	39	1	26,201
6	39	7	4,331
6	39	8	9,589
6	39	10	1,197
6	39	11	0,674
6	39	13	1,253
6	39	21	8,794
6	39	22	5,475
6	39	30	0,943
6	39	31	1,073
6	39	32	2,759
6	39	38	7,061
6	39	41	12,493
6	39	44	0,933
6	39	45	6,858
6	39	47	17,887
6	39	48	5,779
6	39	49	10,366
6	41	1	0,787
6	41	7	2,865
6	41	8	3,248
6	41	10	0,71
6	41	11	5,181
6	41	13	0,587
6	41	21	4,84
6	41	22	3,161
6	41	30	0,745
6	41	31	9,17
6	41	32	2,435
6	41	38	9,839
6	41	39	0,813
6	41	44	2,23
6	41	45	12,399
6	41	47	9,713
6	41	48	9,507
6	41	49	12,693
6	44	1	9,024
6	44	7	7,123
6	44	8	3,452
6	44	10	25,887
6	44	11	1,406
6	44	13	26,723
6	44	21	1,646
6	44	22	6,92
6	44	30	1,28
6	44	31	2,173
6	44	32	0,529
6	44	38	2,413
6	44	39	12,37
6	44	41	6,627
6	44	45	8,113
6	44	47	7,777
6	44	48	3,799
6	44	49	3,721
6	45	1	2,996
6	45	7	1,08
6	45	8	26,61
6	45	10	3,891
6	45	11	5,966
6	45	13	2,119
6	45	21	8,046
6	45	22	7,652
6	45	30	8,598
6	45	31	2,207
6	45	32	3,756
6	45	38	2,769
6	45	39	4,314
6	45	41	5,659
6	45	44	11,914
6	45	47	14,711
6	45	48	2,249
6	45	49	1,596
6	47	1	1,62
6	47	7	1,173
6	47	8	2,234
6	47	10	1,513
6	47	11	2,637
6	47	13	3,556
6	47	21	3,801
6	47	22	8,949
6	47	30	11,294
6	47	31	11,85
6	47	32	1,896
6	47	38	6,275
6	47	39	12,22
6	47	41	6,142
6	47	44	0,604
6	47	45	12,451
6	47	48	0,796
6	47	49	2,469
6	48	1	6,459
6	48	7	8,715
6	48	8	7,795
6	48	10	4,381
6	48	11	3,181
6	48	13	4,776
6	48	21	7,16
6	48	22	2,012
6	48	30	4,653
6	48	31	2,717
6	48	32	4,157
6	48	38	7,071
6	48	39	1,559
6	48	41	16,328
6	48	44	6,549
6	48	45	3,675
6	48	47	16,155
6	48	49	0,657
6	49	1	6,458
6	49	7	8,618
6	49	8	8,937
6	49	10	9,094
6	49	11	17,513
6	49	13	4,041
6	49	21	17,319
6	49	22	10,784
6	49	30	10,35
6	49	31	1,317
6	49	32	0,726
6	49	38	3,832
6	49	39	4,095
6	49	41	2,596
6	49	44	6,737
6	49	45	7,521
6	49	47	1,635
6	49	48	1,794

