#num jobs
50
#num machines
6

#jobId machId procTime energyCons
1	5	4,49	57,54
1	3	2,19	25,81
2	2	236,35	3063,58
2	5	3,72	47,62
3	1	8,26	45,65
3	2	1129,56	14641,54
3	4	146,18	840,69
4	2	59,52	771,46
5	2	68,51	888,01
5	6	65,12	71,46
6	2	1,87	24,28
6	4	13,04	74,99
7	3	1,37	16,08
8	2	17,66	228,86
8	5	118,97	1524,15
8	6	64,74	71,05
9	3	2,88	33,87
10	4	22,47	129,25
10	5	-0,01	-0,15
10	6	1,32	1,45
11	5	4,37	55,97
11	1	6,25	34,53
12	3	3,83	45,02
12	5	11	140,92
13	2	34,29	444,43
14	2	547,9	7101,97
15	6	42,74	46,9
16	1	547,64	3025,63
16	4	8,4	48,32
17	3	4,77	56,17
17	2	14,37	186,25
18	1	101,4	560,24
18	3	4,27	50,2
19	3	295,7	3479,67
19	2	68,1	882,69
20	1	22,3	123,2
20	2	7,93	102,83
21	2	39,25	508,75
22	4	359,1	2065,26
22	2	2,2	28,56
23	2	5,07	65,67
23	1	203,22	1122,74
24	3	39,76	467,93
24	1	9,11	50,33
25	1	8,77	48,46
26	6	12,98	14,25
26	5	4,2	53,83
26	3	8,38	98,56
27	2	18,67	242,04
27	4	1,3	7,45
28	1	4,7	25,98
29	2	24,44	316,76
29	5	3,66	46,85
30	3	2,98	35,06
31	2	21,16	274,32
31	3	10,34	121,66
32	1	193,26	1067,74
33	5	7,39	94,72
34	1	11,77	65,05
35	6	29,47	32,34
35	4	2,34	13,45
36	4	56,59	325,43
36	2	27,61	357,91
37	1	122,03	674,18
37	6	25,11	27,56
38	2	4,73	61,37
39	1	60,99	336,94
39	2	2478,55	32127,34
40	6	4,78	5,25
41	6	38,33	42,07
42	2	15,23	197,39
42	4	29,37	168,89
43	1	71,27	393,78
43	6	7,55	8,29
44	2	7,41	96,08
45	2	55,46	718,91
46	5	4,11	52,61
47	5	6,11	78,33
48	2	7,51	97,4
48	1	3,92	21,65
49	1	68,06	376,03
49	6	239,1	262,4
50	5	2,1	26,95

#jobId ddate weight rdate
1	909,166	45	224,319
2	731,97	4	252,856
3	914,154	6	37,233
4	890,87	1	202,981
5	832,186	12	194,464
6	871,795	37	81,769
7	925,447	31	166,697
8	950,141	35	179,686
9	856,796	45	53,194
10	902,186	17	99,685
11	801,199	5	179,079
12	905,574	9	67,507
13	940,502	12	199,805
14	707,574	7	217,896
15	715,207	4	16,597
16	691,327	29	91,917
17	870,409	46	84,16
18	782,805	47	23,488
19	955,672	8	232,89
20	744,032	36	149,039
21	730,222	38	11,967
22	897,294	5	89,671
23	938,597	23	200,477
24	700,684	28	205,159
25	824,56	40	217,873
26	817,557	30	234,933
27	859,035	43	165,469
28	773,307	3	31,777
29	799,333	28	18,394
30	722,365	20	223,768
31	686,277	10	196,47
32	823,26	37	251,217
33	782,034	36	91,778
34	951,439	30	26,595
35	716,585	28	169,725
36	782,593	15	232,11
37	722,74	49	138,115
38	840,073	47	158,862
39	923,049	46	230,78
40	880,551	13	97,961
41	826,838	45	216,232
42	703,138	2	14,407
43	789,726	44	1,301
44	701,4	26	35,522
45	920,827	25	181,461
46	754,5	25	56,721
47	821,187	11	16,74
48	760,775	16	273,49
49	795,188	7	120,069
50	751,859	4	174,076

#machId jobPred jobSucc setupTime
1	3	11	3,805
1	3	16	1,348
1	3	18	11,48
1	3	20	2,882
1	3	23	0,671
1	3	24	32,242
1	3	25	4,057
1	3	28	2,171
1	3	32	20,406
1	3	34	0,95
1	3	37	4,779
1	3	39	3,958
1	3	43	2,088
1	3	48	15,504
1	3	49	0,887
1	11	3	4,027
1	11	16	9,203
1	11	18	6,927
1	11	20	1,02
1	11	23	2,085
1	11	24	7,131
1	11	25	36,793
1	11	28	1,079
1	11	32	2,078
1	11	34	2,399
1	11	37	20,516
1	11	39	4,136
1	11	43	8,013
1	11	48	5,928
1	11	49	6,787
1	16	3	5,786
1	16	11	3,808
1	16	18	5,42
1	16	20	5,495
1	16	23	10,879
1	16	24	5,479
1	16	25	2,307
1	16	28	8,327
1	16	32	6,519
1	16	34	0,79
1	16	37	0,727
1	16	39	2,686
1	16	43	8,457
1	16	48	8,339
1	16	49	10,125
1	18	3	4,087
1	18	11	4,813
1	18	16	11,277
1	18	20	2,742
1	18	23	14,819
1	18	24	2,482
1	18	25	3,168
1	18	28	4,715
1	18	32	4,479
1	18	34	0,642
1	18	37	1,358
1	18	39	17,972
1	18	43	4,368
1	18	48	3,232
1	18	49	5,336
1	20	3	0,594
1	20	11	1,264
1	20	16	7,137
1	20	18	1,713
1	20	23	9,774
1	20	24	3,352
1	20	25	0,915
1	20	28	0,773
1	20	32	2,502
1	20	34	3,426
1	20	37	1,443
1	20	39	27,349
1	20	43	7,898
1	20	48	1,466
1	20	49	1,731
1	23	3	5,168
1	23	11	0,97
1	23	16	2,62
1	23	18	1,566
1	23	20	3,673
1	23	24	0,547
1	23	25	0,799
1	23	28	5,295
1	23	32	5,149
1	23	34	2,139
1	23	37	5,683
1	23	39	1,003
1	23	43	8,455
1	23	48	5,684
1	23	49	1,894
1	24	3	2,599
1	24	11	3,012
1	24	16	1,787
1	24	18	15,056
1	24	20	3,167
1	24	23	4,893
1	24	25	8,849
1	24	28	4,656
1	24	32	11,317
1	24	34	2,013
1	24	37	2,204
1	24	39	22,511
1	24	43	2,586
1	24	48	8,326
1	24	49	2,004
1	25	3	1,174
1	25	11	1,727
1	25	16	7,876
1	25	18	5,168
1	25	20	0,67
1	25	23	2,057
1	25	24	11,314
1	25	28	1,898
1	25	32	3,545
1	25	34	4,498
1	25	37	2,315
1	25	39	0,861
1	25	43	5,338
1	25	48	0,554
1	25	49	4,953
1	28	3	10,988
1	28	11	11,312
1	28	16	1,751
1	28	18	6,801
1	28	20	6,343
1	28	23	6,535
1	28	24	7,433
1	28	25	2,551
1	28	32	1,068
1	28	34	1,693
1	28	37	19,672
1	28	39	4,641
1	28	43	15,671
1	28	48	10,033
1	28	49	0,545
1	32	3	0,627
1	32	11	6,119
1	32	16	1,516
1	32	18	6,345
1	32	20	7,944
1	32	23	0,809
1	32	24	0,918
1	32	25	12,669
1	32	28	1,464
1	32	34	2,801
1	32	37	2,272
1	32	39	8,279
1	32	43	13,735
1	32	48	2,732
1	32	49	2,22
1	34	3	12,983
1	34	11	1,473
1	34	16	3,993
1	34	18	0,625
1	34	20	0,878
1	34	23	1,317
1	34	24	2,446
1	34	25	4,751
1	34	28	19,169
1	34	32	11,899
1	34	37	0,972
1	34	39	1,676
1	34	43	0,839
1	34	48	13,645
1	34	49	2,49
1	37	3	0,767
1	37	11	3,078
1	37	16	6,93
1	37	18	0,973
1	37	20	4,937
1	37	23	5,733
1	37	24	8,625
1	37	25	6,431
1	37	28	6,925
1	37	32	3,51
1	37	34	12,359
1	37	39	2,168
1	37	43	12,927
1	37	48	17,237
1	37	49	1,98
1	39	3	1,331
1	39	11	1,697
1	39	16	13,297
1	39	18	0,902
1	39	20	23,703
1	39	23	5,813
1	39	24	20,642
1	39	25	6,894
1	39	28	1,863
1	39	32	5,139
1	39	34	2,971
1	39	37	2,039
1	39	43	4,361
1	39	48	2,122
1	39	49	14,339
1	43	3	50,53
1	43	11	4,703
1	43	16	7,236
1	43	18	3,843
1	43	20	4,776
1	43	23	8,667
1	43	24	1,203
1	43	25	5,291
1	43	28	13,105
1	43	32	2,536
1	43	34	6,775
1	43	37	3,146
1	43	39	0,838
1	43	48	1,07
1	43	49	1,697
1	48	3	2,878
1	48	11	6,21
1	48	16	5,76
1	48	18	6,283
1	48	20	2,585
1	48	23	24,351
1	48	24	1,992
1	48	25	4,048
1	48	28	6,748
1	48	32	4,836
1	48	34	2,763
1	48	37	0,905
1	48	39	1,144
1	48	43	8,485
1	48	49	0,836
1	49	3	1,395
1	49	11	11,854
1	49	16	6,973
1	49	18	4,403
1	49	20	1,746
1	49	23	0,752
1	49	24	17,469
1	49	25	4,014
1	49	28	15,186
1	49	32	4,719
1	49	34	7,045
1	49	37	4,791
1	49	39	2,59
1	49	43	5,807
1	49	48	0,895
2	2	3	7,968
2	2	4	9,053
2	2	5	2,159
2	2	6	2,602
2	2	8	11,808
2	2	13	7,662
2	2	14	1,866
2	2	17	8,984
2	2	19	0,913
2	2	20	26,968
2	2	21	18,274
2	2	22	33,531
2	2	23	6,551
2	2	27	11,222
2	2	29	5
2	2	31	3,873
2	2	36	12,566
2	2	38	3,018
2	2	39	2,212
2	2	42	6,07
2	2	44	1,526
2	2	45	0,525
2	2	48	1,218
2	3	2	3,719
2	3	4	5,878
2	3	5	2,211
2	3	6	1,735
2	3	8	10,664
2	3	13	1,232
2	3	14	2,595
2	3	17	8,772
2	3	19	10,308
2	3	20	19
2	3	21	12,501
2	3	22	0,9
2	3	23	0,637
2	3	27	4,942
2	3	29	3,7
2	3	31	13,939
2	3	36	1,028
2	3	38	0,721
2	3	39	11,767
2	3	42	0,833
2	3	44	1,153
2	3	45	6,002
2	3	48	9,899
2	4	2	6,14
2	4	3	1,147
2	4	5	8
2	4	6	1,584
2	4	8	0,995
2	4	13	0,621
2	4	14	46,222
2	4	17	13,439
2	4	19	0,564
2	4	20	18,71
2	4	21	3,835
2	4	22	8,23
2	4	23	0,539
2	4	27	3,838
2	4	29	2,25
2	4	31	1,393
2	4	36	0,723
2	4	38	4,181
2	4	39	33,035
2	4	42	6,762
2	4	44	6,922
2	4	45	5,849
2	4	48	7,744
2	5	2	4,746
2	5	3	1,332
2	5	4	3,278
2	5	6	5,547
2	5	8	2,168
2	5	13	1,116
2	5	14	2,514
2	5	17	0,673
2	5	19	3,838
2	5	20	4,458
2	5	21	8,119
2	5	22	6,671
2	5	23	1,133
2	5	27	8,6
2	5	29	5,472
2	5	31	0,514
2	5	36	2,441
2	5	38	8,346
2	5	39	9,132
2	5	42	0,794
2	5	44	18,368
2	5	45	0,699
2	5	48	5,517
2	6	2	10,355
2	6	3	3,011
2	6	4	14,999
2	6	5	12,448
2	6	8	2,74
2	6	13	2,011
2	6	14	14,691
2	6	17	3,747
2	6	19	18,694
2	6	20	0,569
2	6	21	9,681
2	6	22	7,487
2	6	23	4,22
2	6	27	5,361
2	6	29	4,899
2	6	31	6,542
2	6	36	5,441
2	6	38	0,912
2	6	39	1,5
2	6	42	1,618
2	6	44	4,329
2	6	45	5,559
2	6	48	2,436
2	8	2	2,945
2	8	3	4,389
2	8	4	5,146
2	8	5	3,871
2	8	6	1,074
2	8	13	4,472
2	8	14	16,346
2	8	17	3,26
2	8	19	7,025
2	8	20	1,592
2	8	21	3,076
2	8	22	3,64
2	8	23	13,5
2	8	27	29,025
2	8	29	2,007
2	8	31	9,348
2	8	36	1,588
2	8	38	10,962
2	8	39	0,788
2	8	42	6,59
2	8	44	8,084
2	8	45	1,149
2	8	48	0,62
2	13	2	2,084
2	13	3	6,029
2	13	4	3,178
2	13	5	7,736
2	13	6	3,594
2	13	8	1,095
2	13	14	0,519
2	13	17	13,366
2	13	19	5,666
2	13	20	6,503
2	13	21	7,37
2	13	22	13,55
2	13	23	2,059
2	13	27	3,813
2	13	29	2,586
2	13	31	5,189
2	13	36	13,891
2	13	38	4,451
2	13	39	2,95
2	13	42	2,688
2	13	44	0,977
2	13	45	2,044
2	13	48	17,506
2	14	2	6,547
2	14	3	15,479
2	14	4	1,287
2	14	5	29,231
2	14	6	5,42
2	14	8	5,5
2	14	13	18,844
2	14	17	0,655
2	14	19	16,994
2	14	20	1,115
2	14	21	7,454
2	14	22	2,339
2	14	23	1,099
2	14	27	0,766
2	14	29	5,981
2	14	31	33,668
2	14	36	3,527
2	14	38	2,969
2	14	39	4,106
2	14	42	4,323
2	14	44	10,377
2	14	45	0,558
2	14	48	15,945
2	17	2	1,089
2	17	3	2,195
2	17	4	0,54
2	17	5	0,726
2	17	6	8,612
2	17	8	5,208
2	17	13	1,41
2	17	14	7,049
2	17	19	7,162
2	17	20	0,633
2	17	21	11,492
2	17	22	0,505
2	17	23	11,567
2	17	27	2,382
2	17	29	4,259
2	17	31	3,247
2	17	36	3,828
2	17	38	3,766
2	17	39	0,973
2	17	42	8,676
2	17	44	7,177
2	17	45	0,705
2	17	48	0,624
2	19	2	14,579
2	19	3	1,376
2	19	4	13,681
2	19	5	3,998
2	19	6	2,064
2	19	8	22,608
2	19	13	15,865
2	19	14	1,434
2	19	17	1,245
2	19	20	12,001
2	19	21	0,969
2	19	22	1,269
2	19	23	4,848
2	19	27	0,851
2	19	29	1,481
2	19	31	1,14
2	19	36	3,396
2	19	38	24,331
2	19	39	1,192
2	19	42	1,991
2	19	44	2,604
2	19	45	8,722
2	19	48	1,164
2	20	2	19,144
2	20	3	3,051
2	20	4	6,774
2	20	5	2,126
2	20	6	12,111
2	20	8	9,363
2	20	13	6,282
2	20	14	1,215
2	20	17	13,974
2	20	19	11,381
2	20	21	3,509
2	20	22	1,455
2	20	23	6,364
2	20	27	3,135
2	20	29	3,833
2	20	31	3,16
2	20	36	4,144
2	20	38	13,411
2	20	39	1,151
2	20	42	3,035
2	20	44	6,008
2	20	45	0,753
2	20	48	5,566
2	21	2	6,738
2	21	3	0,945
2	21	4	4,388
2	21	5	6,518
2	21	6	10,854
2	21	8	3,855
2	21	13	2,239
2	21	14	0,649
2	21	17	9,612
2	21	19	2,991
2	21	20	0,86
2	21	22	1,54
2	21	23	12,561
2	21	27	11,266
2	21	29	3,826
2	21	31	22,84
2	21	36	1,605
2	21	38	1,388
2	21	39	5,167
2	21	42	1,578
2	21	44	28,894
2	21	45	3,949
2	21	48	29,843
2	22	2	23,625
2	22	3	6,849
2	22	4	3,062
2	22	5	11,809
2	22	6	4,395
2	22	8	0,538
2	22	13	4,046
2	22	14	7,604
2	22	17	5,38
2	22	19	22,932
2	22	20	3,334
2	22	21	7,262
2	22	23	0,745
2	22	27	30,16
2	22	29	1,427
2	22	31	13,448
2	22	36	7,317
2	22	38	6,888
2	22	39	3,93
2	22	42	13,415
2	22	44	1,037
2	22	45	5,177
2	22	48	1,645
2	23	2	6,236
2	23	3	1,217
2	23	4	12,448
2	23	5	27,885
2	23	6	1,169
2	23	8	10,942
2	23	13	22,929
2	23	14	14,099
2	23	17	2,374
2	23	19	3,646
2	23	20	7,353
2	23	21	1,59
2	23	22	0,786
2	23	27	7,12
2	23	29	3,429
2	23	31	6,138
2	23	36	6,179
2	23	38	0,7
2	23	39	3,322
2	23	42	8,637
2	23	44	2,024
2	23	45	1,862
2	23	48	4,141
2	27	2	4,053
2	27	3	1,663
2	27	4	3,677
2	27	5	3,256
2	27	6	3,994
2	27	8	1,289
2	27	13	3,417
2	27	14	1,755
2	27	17	0,82
2	27	19	1,274
2	27	20	1,764
2	27	21	6,644
2	27	22	15,838
2	27	23	1,251
2	27	29	4,699
2	27	31	15,233
2	27	36	15,723
2	27	38	6,675
2	27	39	7,031
2	27	42	1,912
2	27	44	3,924
2	27	45	3,327
2	27	48	4,629
2	29	2	2,262
2	29	3	9,197
2	29	4	1,465
2	29	5	9,089
2	29	6	3,366
2	29	8	4,55
2	29	13	12,287
2	29	14	4,931
2	29	17	13,472
2	29	19	5,589
2	29	20	10,349
2	29	21	0,822
2	29	22	3,47
2	29	23	1,799
2	29	27	4,371
2	29	31	7,103
2	29	36	7,43
2	29	38	2,598
2	29	39	6,885
2	29	42	2,507
2	29	44	4,373
2	29	45	0,633
2	29	48	30,881
2	31	2	9,267
2	31	3	3,302
2	31	4	2,742
2	31	5	17,561
2	31	6	12,448
2	31	8	24,741
2	31	13	7,894
2	31	14	5,099
2	31	17	0,562
2	31	19	7,306
2	31	20	2,141
2	31	21	4,537
2	31	22	2,189
2	31	23	7,056
2	31	27	2,893
2	31	29	20,603
2	31	36	7,698
2	31	38	6,269
2	31	39	9,353
2	31	42	6,421
2	31	44	1,68
2	31	45	3,064
2	31	48	1,216
2	36	2	6,644
2	36	3	5,175
2	36	4	3,165
2	36	5	5,376
2	36	6	3,82
2	36	8	12,956
2	36	13	2,043
2	36	14	7,898
2	36	17	2,492
2	36	19	2,778
2	36	20	2,901
2	36	21	1,089
2	36	22	10,155
2	36	23	9,021
2	36	27	1,627
2	36	29	2,008
2	36	31	2,625
2	36	38	11,081
2	36	39	14,492
2	36	42	0,645
2	36	44	1,669
2	36	45	2,032
2	36	48	19,751
2	38	2	8,144
2	38	3	4,965
2	38	4	8,014
2	38	5	6,961
2	38	6	2,007
2	38	8	3,877
2	38	13	1,109
2	38	14	11,177
2	38	17	3,369
2	38	19	15,606
2	38	20	6,034
2	38	21	0,559
2	38	22	5,178
2	38	23	3,499
2	38	27	50,187
2	38	29	9,142
2	38	31	9,56
2	38	36	2,353
2	38	39	12,644
2	38	42	4,259
2	38	44	10,445
2	38	45	3,5
2	38	48	6,608
2	39	2	2,692
2	39	3	4,502
2	39	4	7,528
2	39	5	5,195
2	39	6	1,721
2	39	8	9,757
2	39	13	1,447
2	39	14	4,371
2	39	17	17,556
2	39	19	12,558
2	39	20	0,72
2	39	21	0,884
2	39	22	2,389
2	39	23	8,135
2	39	27	5,096
2	39	29	1,43
2	39	31	18,882
2	39	36	4,735
2	39	38	4,069
2	39	42	4,711
2	39	44	0,785
2	39	45	9,102
2	39	48	1,488
2	42	2	2,397
2	42	3	10,388
2	42	4	3,878
2	42	5	2,642
2	42	6	0,653
2	42	8	5,574
2	42	13	8,202
2	42	14	2,295
2	42	17	0,553
2	42	19	37,253
2	42	20	0,517
2	42	21	2,654
2	42	22	1,759
2	42	23	4,006
2	42	27	9,458
2	42	29	2,909
2	42	31	7,407
2	42	36	6,485
2	42	38	9,332
2	42	39	9,12
2	42	44	4,228
2	42	45	3,996
2	42	48	1,427
2	44	2	1,877
2	44	3	4,017
2	44	4	1,738
2	44	5	1,331
2	44	6	15,888
2	44	8	2,451
2	44	13	16,119
2	44	14	19,219
2	44	17	0,703
2	44	19	11,504
2	44	20	18,565
2	44	21	1,086
2	44	22	1,652
2	44	23	1,675
2	44	27	4,15
2	44	29	1,644
2	44	31	5,461
2	44	36	8,311
2	44	38	6,207
2	44	39	5,898
2	44	42	9,537
2	44	45	3,871
2	44	48	9,926
2	45	2	4,492
2	45	3	9,753
2	45	4	0,964
2	45	5	4,208
2	45	6	14,015
2	45	8	6,779
2	45	13	13,557
2	45	14	5,703
2	45	17	7,522
2	45	19	3,679
2	45	20	4,066
2	45	21	8,445
2	45	22	5,336
2	45	23	5,426
2	45	27	13,125
2	45	29	14,844
2	45	31	3,094
2	45	36	0,838
2	45	38	3,848
2	45	39	9,86
2	45	42	4,386
2	45	44	4,152
2	45	48	0,646
2	48	2	10,737
2	48	3	19,864
2	48	4	9,983
2	48	5	5,339
2	48	6	1,959
2	48	8	4,74
2	48	13	7,257
2	48	14	6,973
2	48	17	5,912
2	48	19	21,559
2	48	20	15,648
2	48	21	5,178
2	48	22	3,633
2	48	23	1,948
2	48	27	9,992
2	48	29	0,817
2	48	31	1,849
2	48	36	4,397
2	48	38	2,716
2	48	39	6,091
2	48	42	4,368
2	48	44	1,979
2	48	45	3,094
3	1	7	4,5
3	1	9	2,015
3	1	12	4,038
3	1	17	16,021
3	1	18	3,578
3	1	19	3,469
3	1	24	3,874
3	1	26	1,614
3	1	30	7,163
3	1	31	15,637
3	7	1	2,61
3	7	9	2,026
3	7	12	12,642
3	7	17	10,944
3	7	18	0,955
3	7	19	1,46
3	7	24	2,518
3	7	26	28,395
3	7	30	2,184
3	7	31	15,279
3	9	1	19,923
3	9	7	10,093
3	9	12	1,555
3	9	17	4,582
3	9	18	2,354
3	9	19	1,672
3	9	24	1,538
3	9	26	5,459
3	9	30	9,835
3	9	31	3,624
3	12	1	1,671
3	12	7	2,913
3	12	9	2,074
3	12	17	19,452
3	12	18	2,6
3	12	19	9,819
3	12	24	18,978
3	12	26	7,656
3	12	30	6,488
3	12	31	14,795
3	17	1	1,153
3	17	7	1,631
3	17	9	10,981
3	17	12	2,438
3	17	18	17,82
3	17	19	3,231
3	17	24	0,857
3	17	26	11,206
3	17	30	3,499
3	17	31	11,146
3	18	1	1,226
3	18	7	0,521
3	18	9	6,275
3	18	12	3,69
3	18	17	99,78
3	18	19	3,306
3	18	24	2,128
3	18	26	7,819
3	18	30	2,016
3	18	31	5,247
3	19	1	6,245
3	19	7	59,154
3	19	9	5,658
3	19	12	1,211
3	19	17	0,746
3	19	18	1,176
3	19	24	2,625
3	19	26	6,672
3	19	30	4,316
3	19	31	0,514
3	24	1	2,722
3	24	7	5,593
3	24	9	4,611
3	24	12	11,535
3	24	17	2,842
3	24	18	2,187
3	24	19	10,915
3	24	26	5,605
3	24	30	5,451
3	24	31	7,208
3	26	1	13,417
3	26	7	2,045
3	26	9	16,916
3	26	12	2,533
3	26	17	26,86
3	26	18	1,652
3	26	19	7,62
3	26	24	1,299
3	26	30	8,564
3	26	31	12,819
3	30	1	11,741
3	30	7	4,586
3	30	9	17,182
3	30	12	3,51
3	30	17	0,863
3	30	18	18,388
3	30	19	1,72
3	30	24	18,559
3	30	26	8,66
3	30	31	21,747
3	31	1	3,699
3	31	7	3,7
3	31	9	19,545
3	31	12	40,209
3	31	17	1,827
3	31	18	0,629
3	31	19	8,201
3	31	24	1,064
3	31	26	0,751
3	31	30	12,815
4	3	6	7,939
4	3	10	4,683
4	3	16	2,063
4	3	22	1,342
4	3	27	10,185
4	3	35	13,134
4	3	36	1,357
4	3	42	3,32
4	6	3	2,126
4	6	10	20,335
4	6	16	3,447
4	6	22	8,419
4	6	27	12,426
4	6	35	1,383
4	6	36	20,168
4	6	42	7,82
4	10	3	16,791
4	10	6	6,376
4	10	16	7,724
4	10	22	14,985
4	10	27	9,111
4	10	35	2,196
4	10	36	0,994
4	10	42	2,663
4	16	3	3,699
4	16	6	15,955
4	16	10	3,22
4	16	22	1,051
4	16	27	5,628
4	16	35	1,895
4	16	36	1,37
4	16	42	7,483
4	22	3	6,423
4	22	6	0,658
4	22	10	11,788
4	22	16	13,56
4	22	27	3,874
4	22	35	1,956
4	22	36	0,913
4	22	42	0,563
4	27	3	1,261
4	27	6	15,764
4	27	10	11,649
4	27	16	0,587
4	27	22	2,815
4	27	35	4,267
4	27	36	1,19
4	27	42	4,268
4	35	3	6,094
4	35	6	1,68
4	35	10	0,709
4	35	16	3,208
4	35	22	5,861
4	35	27	1,849
4	35	36	5,967
4	35	42	2,478
4	36	3	3,453
4	36	6	6,539
4	36	10	12,961
4	36	16	1,682
4	36	22	3,785
4	36	27	2,881
4	36	35	10,361
4	36	42	9,568
4	42	3	10,346
4	42	6	3,783
4	42	10	7,387
4	42	16	8,646
4	42	22	4,552
4	42	27	11,29
4	42	35	10,504
4	42	36	3,716
5	1	2	21,252
5	1	8	12,779
5	1	10	3,869
5	1	11	1,127
5	1	12	0,648
5	1	26	1,502
5	1	29	2,207
5	1	33	2,591
5	1	46	1,818
5	1	47	2,211
5	1	50	5,159
5	2	1	74,639
5	2	8	6,931
5	2	10	7,783
5	2	11	3,424
5	2	12	9,692
5	2	26	4,546
5	2	29	6,007
5	2	33	7,928
5	2	46	13,615
5	2	47	1,314
5	2	50	10,658
5	8	1	1,825
5	8	2	1,936
5	8	10	3,886
5	8	11	5,954
5	8	12	6,582
5	8	26	8,826
5	8	29	9,742
5	8	33	0,549
5	8	46	4,756
5	8	47	22,073
5	8	50	9,749
5	10	1	5,021
5	10	2	1,581
5	10	8	2,37
5	10	11	38,05
5	10	12	1,887
5	10	26	6,187
5	10	29	10,199
5	10	33	15,804
5	10	46	6,121
5	10	47	8,18
5	10	50	12,291
5	11	1	2,138
5	11	2	1,863
5	11	8	1,013
5	11	10	0,611
5	11	12	1,119
5	11	26	2,576
5	11	29	1,202
5	11	33	4,661
5	11	46	4,627
5	11	47	18,954
5	11	50	11,671
5	12	1	12,55
5	12	2	0,682
5	12	8	3,219
5	12	10	3,164
5	12	11	17,372
5	12	26	9,64
5	12	29	29,08
5	12	33	0,926
5	12	46	0,63
5	12	47	7,252
5	12	50	3,139
5	26	1	5,162
5	26	2	13,013
5	26	8	4,096
5	26	10	0,887
5	26	11	15,307
5	26	12	5,589
5	26	29	2,103
5	26	33	11,81
5	26	46	1,582
5	26	47	8,144
5	26	50	1,836
5	29	1	9,195
5	29	2	0,524
5	29	8	0,951
5	29	10	4,104
5	29	11	2,039
5	29	12	13,59
5	29	26	2,761
5	29	33	1,285
5	29	46	0,76
5	29	47	2,398
5	29	50	0,666
5	33	1	4,498
5	33	2	9,98
5	33	8	5,052
5	33	10	1,932
5	33	11	3,007
5	33	12	2,14
5	33	26	3,933
5	33	29	16,446
5	33	46	3,208
5	33	47	8,534
5	33	50	6,734
5	46	1	1,115
5	46	2	25,235
5	46	8	18,813
5	46	10	3,727
5	46	11	3,74
5	46	12	2,815
5	46	26	4,279
5	46	29	6,719
5	46	33	5,033
5	46	47	2,372
5	46	50	3,03
5	47	1	1,176
5	47	2	2,651
5	47	8	4,845
5	47	10	4,582
5	47	11	19,42
5	47	12	1,742
5	47	26	13,381
5	47	29	9,49
5	47	33	80,46
5	47	46	8,659
5	47	50	1,66
5	50	1	11,433
5	50	2	2,985
5	50	8	2,789
5	50	10	3,249
5	50	11	0,994
5	50	12	4,138
5	50	26	8,653
5	50	29	7,996
5	50	33	1,524
5	50	46	2,425
5	50	47	5,238
6	5	8	7,252
6	5	10	1,262
6	5	15	4,729
6	5	26	4,77
6	5	35	2,355
6	5	37	0,762
6	5	40	2,513
6	5	41	15,08
6	5	43	7,204
6	5	49	19,2
6	8	5	5,063
6	8	10	1,531
6	8	15	1,496
6	8	26	9,092
6	8	35	2,77
6	8	37	2,029
6	8	40	1,488
6	8	41	12,706
6	8	43	9,162
6	8	49	4,775
6	10	5	6,917
6	10	8	2,66
6	10	15	10,518
6	10	26	4,456
6	10	35	8,844
6	10	37	7,705
6	10	40	1,412
6	10	41	1,296
6	10	43	6,626
6	10	49	5,202
6	15	5	2,295
6	15	8	3,618
6	15	10	5,293
6	15	26	1,753
6	15	35	14,327
6	15	37	12,257
6	15	40	15,576
6	15	41	0,806
6	15	43	2,105
6	15	49	1,676
6	26	5	3,802
6	26	8	5,148
6	26	10	6,117
6	26	15	17,615
6	26	35	0,52
6	26	37	12,701
6	26	40	0,682
6	26	41	0,812
6	26	43	13,205
6	26	49	0,956
6	35	5	1,496
6	35	8	0,876
6	35	10	6,968
6	35	15	17,917
6	35	26	9,398
6	35	37	11,794
6	35	40	16,304
6	35	41	1,166
6	35	43	6,276
6	35	49	2,516
6	37	5	0,624
6	37	8	1,461
6	37	10	4,415
6	37	15	0,795
6	37	26	4,92
6	37	35	3,009
6	37	40	3,614
6	37	41	5,952
6	37	43	8,235
6	37	49	1,195
6	40	5	3,897
6	40	8	4,887
6	40	10	15,457
6	40	15	8,138
6	40	26	11,799
6	40	35	10,921
6	40	37	0,911
6	40	41	11,272
6	40	43	1,548
6	40	49	13,273
6	41	5	5,254
6	41	8	0,511
6	41	10	4,576
6	41	15	7,596
6	41	26	1,414
6	41	35	8,148
6	41	37	4,432
6	41	40	7,725
6	41	43	2,688
6	41	49	1,858
6	43	5	3,963
6	43	8	1,034
6	43	10	8,691
6	43	15	9,832
6	43	26	4,315
6	43	35	17,328
6	43	37	2,426
6	43	40	3,57
6	43	41	3,111
6	43	49	5,495
6	49	5	0,564
6	49	8	1,046
6	49	10	11,641
6	49	15	8,165
6	49	26	1,603
6	49	35	21,195
6	49	37	7,565
6	49	40	0,55
6	49	41	14,301
6	49	43	3,667

