#num jobs
50
#num machines
6

#jobId machId procTime energyCons
1	6	32,27	281,53
1	4	10,42	73,14
2	2	62,52	655,61
2	5	5,28	55,61
2	6	7,88	68,72
3	3	1834,4	9829,92
3	1	2,61	7,27
4	6	3,34	29,14
4	5	3,47	36,57
4	1	24,92	69,33
5	1	12,08	33,61
5	2	1,42	14,85
6	4	18,65	130,99
7	4	7,12	50,01
7	6	11,04	96,3
8	3	21,61	115,78
8	4	112,21	787,89
9	1	15,44	42,97
9	5	121,35	1279,19
10	2	12,13	127,26
11	6	12,97	113,19
12	6	2,61	22,73
12	4	19,31	135,58
12	3	15,93	85,36
12	1	15,19	42,28
13	3	5,08	27,24
13	5	5,7	60,05
14	5	2,83	29,85
15	1	6,41	17,84
15	5	11,42	120,39
16	6	11,52	100,47
17	4	4,35	30,55
17	3	16,79	89,95
17	1	11,5	32
18	3	15,31	82,03
18	2	8,15	85,45
19	1	28,19	78,44
19	4	25,45	178,72
19	5	33,04	348,3
20	2	1,27	13,36
20	6	35,24	307,4
21	3	2,9	15,54
21	2	622,65	6529,77
21	1	37,18	103,44
22	1	36,66	102,01
22	2	29,1	305,13
22	5	237,81	2506,79
23	5	58,11	612,58
24	1	5,5	15,31
24	4	14,42	101,24
24	6	3,14	27,41
25	4	10,62	74,57
26	2	5,16	54,16
26	3	8,26	44,27
27	1	8,94	24,87
27	2	6,5	68,14
27	3	7,83	41,98
27	5	10,61	111,83
28	3	19,8	106,1
28	1	9,19	25,57
29	2	77,73	815,17
30	1	18,35	51,05
30	3	5,27	28,22
31	3	74,41	398,71
32	3	10,15	54,41
33	2	5,51	57,78
33	3	1,34	7,17
33	6	3350,91	29233,87
34	3	1,17	6,28
35	6	724,45	6320,21
35	4	141,14	991,05
36	4	2,77	19,43
37	4	15,94	111,93
38	6	10,78	94,02
38	3	6,65	35,63
38	2	18,42	193,15
39	5	11,42	120,43
39	6	8,48	73,96
40	6	7,15	62,4
40	2	21,8	228,61
41	4	5,34	37,5
41	5	6,66	70,19
42	6	40,77	355,68
42	3	13,91	74,52
42	2	52,19	547,36
43	6	529,87	4622,65
43	5	5,86	61,78
43	2	25,69	269,46
43	1	36,47	101,48
44	4	4,24	29,74
45	4	7,5	52,67
45	5	1,4	14,71
45	6	48,64	424,39
46	1	4,25	11,81
47	1	0,2	0,56
47	5	6,61	69,63
47	6	13,61	118,74
48	3	28,57	153,09
48	5	14,39	151,72
48	6	4,5	39,25
49	6	1,01	8,8
49	3	83,94	449,8
50	2	330,79	3468,99

#jobId ddate weight rdate
1	342,262	29	727,575
2	70,701	48	287,127
3	90,593	15	903,175
4	604,383	38	538,772
5	19,215	2	25,816
6	198,404	40	924,673
7	475,864	47	564,337
8	354,277	41	421,746
9	539,596	49	172,559
10	34,454	6	762,66
11	636,218	5	466,187
12	101,477	46	749,144
13	401,548	49	126,019
14	411,415	23	20,389
15	515,776	33	139,576
16	440,697	27	496,15
17	466,451	5	769,967
18	504,181	24	195,169
19	376,738	16	956,295
20	484,531	6	270,975
21	640,528	8	84,207
22	114,341	4	926,565
23	441,889	13	850,925
24	66,797	41	669,601
25	539,438	28	96,673
26	307,926	15	732,068
27	112,348	33	148,348
28	286,113	49	326,322
29	17,237	14	198,056
30	402,089	39	561,426
31	396,012	42	849,843
32	562,598	46	630,649
33	210,158	10	602,152
34	381,071	32	972,53
35	189,078	6	599,481
36	179,306	5	921,433
37	593,333	12	103,218
38	15,773	7	558,275
39	292,106	37	531,623
40	98,548	37	145,656
41	517,256	15	59,7
42	305,428	40	480,496
43	629,074	23	939,577
44	405,177	7	146,652
45	63,227	8	571,233
46	20,789	36	145,553
47	577,763	13	731,215
48	115,015	24	687,452
49	361,96	15	570,358
50	471,156	5	405,738

#machId jobPred jobSucc setupTime
1	3	4	15,864
1	3	5	14,273
1	3	9	11,929
1	3	12	5,143
1	3	15	5,24
1	3	17	4,453
1	3	19	4,224
1	3	21	3,456
1	3	22	1,934
1	3	24	3,368
1	3	27	4,523
1	3	28	13,744
1	3	30	3,857
1	3	43	1,386
1	3	46	2,407
1	3	47	4,302
1	4	3	29,868
1	4	5	1,972
1	4	9	10,184
1	4	12	7,725
1	4	15	3,346
1	4	17	4,872
1	4	19	5,599
1	4	21	7,635
1	4	22	2,484
1	4	24	13,009
1	4	27	3,025
1	4	28	19,251
1	4	30	4,969
1	4	43	5,609
1	4	46	2,899
1	4	47	7,687
1	5	3	30,201
1	5	4	2,875
1	5	9	2,084
1	5	12	16,948
1	5	15	3,244
1	5	17	11,974
1	5	19	4,111
1	5	21	0,582
1	5	22	28,627
1	5	24	1,708
1	5	27	3,684
1	5	28	5,707
1	5	30	19,904
1	5	43	4,069
1	5	46	20,355
1	5	47	1,152
1	9	3	9,753
1	9	4	2,261
1	9	5	4,333
1	9	12	2,912
1	9	15	10,264
1	9	17	8,261
1	9	19	16,105
1	9	21	3,366
1	9	22	2,167
1	9	24	1,518
1	9	27	12,015
1	9	28	10,488
1	9	30	17,033
1	9	43	6,286
1	9	46	15,369
1	9	47	7,956
1	12	3	10,63
1	12	4	1,776
1	12	5	2,782
1	12	9	1,068
1	12	15	1,564
1	12	17	8,467
1	12	19	5,953
1	12	21	2,375
1	12	22	18,49
1	12	24	2,119
1	12	27	3,165
1	12	28	4,272
1	12	30	3,995
1	12	43	1,275
1	12	46	4,075
1	12	47	0,55
1	15	3	3,937
1	15	4	5,849
1	15	5	7,971
1	15	9	5,431
1	15	12	14,268
1	15	17	6,213
1	15	19	3,352
1	15	21	0,512
1	15	22	11,732
1	15	24	22,268
1	15	27	1,313
1	15	28	3,756
1	15	30	0,542
1	15	43	7,855
1	15	46	10,456
1	15	47	3,147
1	17	3	2,217
1	17	4	9,39
1	17	5	5,001
1	17	9	2,292
1	17	12	21,554
1	17	15	0,841
1	17	19	6,595
1	17	21	1,914
1	17	22	6,469
1	17	24	4,449
1	17	27	4,204
1	17	28	2,175
1	17	30	3,856
1	17	43	3,355
1	17	46	4,229
1	17	47	4,312
1	19	3	16,68
1	19	4	2,418
1	19	5	9,473
1	19	9	1,719
1	19	12	2,818
1	19	15	3,309
1	19	17	7,524
1	19	21	12,453
1	19	22	2,764
1	19	24	0,694
1	19	27	1,912
1	19	28	1,955
1	19	30	0,899
1	19	43	2,107
1	19	46	3,996
1	19	47	1,935
1	21	3	3,734
1	21	4	1,377
1	21	5	5,999
1	21	9	1,157
1	21	12	1,515
1	21	15	4,315
1	21	17	1,999
1	21	19	31,207
1	21	22	1,886
1	21	24	10,374
1	21	27	12,364
1	21	28	16,332
1	21	30	6,836
1	21	43	39,535
1	21	46	0,651
1	21	47	4,315
1	22	3	0,515
1	22	4	8,513
1	22	5	1,829
1	22	9	3,884
1	22	12	7,463
1	22	15	2,166
1	22	17	0,709
1	22	19	3,13
1	22	21	1,063
1	22	24	1,947
1	22	27	2,539
1	22	28	1,699
1	22	30	31,602
1	22	43	0,92
1	22	46	1,494
1	22	47	2,735
1	24	3	0,724
1	24	4	2,041
1	24	5	2,586
1	24	9	12,612
1	24	12	12,404
1	24	15	22,698
1	24	17	9,71
1	24	19	2,824
1	24	21	2,339
1	24	22	5,587
1	24	27	4,362
1	24	28	15,02
1	24	30	1,299
1	24	43	10,273
1	24	46	0,706
1	24	47	0,538
1	27	3	2,683
1	27	4	6,411
1	27	5	8,15
1	27	9	6,998
1	27	12	2,466
1	27	15	2,31
1	27	17	5,599
1	27	19	5,516
1	27	21	3,436
1	27	22	6,654
1	27	24	10,633
1	27	28	17,169
1	27	30	3,042
1	27	43	8,866
1	27	46	3,083
1	27	47	0,914
1	28	3	6,082
1	28	4	12,28
1	28	5	5,359
1	28	9	20,007
1	28	12	2,515
1	28	15	4,946
1	28	17	0,864
1	28	19	11,407
1	28	21	9,081
1	28	22	0,712
1	28	24	11,59
1	28	27	3,943
1	28	30	14,803
1	28	43	3,153
1	28	46	7,685
1	28	47	4,726
1	30	3	0,759
1	30	4	0,761
1	30	5	1,358
1	30	9	1,531
1	30	12	3,639
1	30	15	12,554
1	30	17	17,277
1	30	19	5,985
1	30	21	23,731
1	30	22	1,581
1	30	24	3,033
1	30	27	4,434
1	30	28	1,786
1	30	43	0,815
1	30	46	1,717
1	30	47	1,024
1	43	3	1,379
1	43	4	2,69
1	43	5	1,561
1	43	9	27,959
1	43	12	13,229
1	43	15	1,785
1	43	17	22,402
1	43	19	16,091
1	43	21	2,718
1	43	22	20,613
1	43	24	4,845
1	43	27	4,571
1	43	28	3,486
1	43	30	7,48
1	43	46	5,255
1	43	47	5,983
1	46	3	8,75
1	46	4	28,791
1	46	5	1,809
1	46	9	22,568
1	46	12	6,461
1	46	15	3,736
1	46	17	1,777
1	46	19	11,169
1	46	21	1,009
1	46	22	2,317
1	46	24	0,891
1	46	27	0,726
1	46	28	1,281
1	46	30	7,669
1	46	43	1,803
1	46	47	5,149
1	47	3	5,467
1	47	4	1,911
1	47	5	2,812
1	47	9	1,282
1	47	12	2,234
1	47	15	3,567
1	47	17	8,839
1	47	19	3,382
1	47	21	3,416
1	47	22	0,755
1	47	24	2,174
1	47	27	2,742
1	47	28	1,965
1	47	30	1,285
1	47	43	9,109
1	47	46	11,069
2	2	5	4,06
2	2	10	5,211
2	2	18	2,326
2	2	20	4,749
2	2	21	5,17
2	2	22	7,115
2	2	26	5,382
2	2	27	1,555
2	2	29	2,426
2	2	33	4,528
2	2	38	9,794
2	2	40	0,815
2	2	42	3,928
2	2	43	3,726
2	2	50	4,419
2	5	2	0,914
2	5	10	0,913
2	5	18	0,627
2	5	20	9,609
2	5	21	5,86
2	5	22	2,327
2	5	26	2,439
2	5	27	24,555
2	5	29	1,459
2	5	33	12,356
2	5	38	1,738
2	5	40	4,514
2	5	42	0,568
2	5	43	0,847
2	5	50	18,897
2	10	2	7,485
2	10	5	18,049
2	10	18	2,948
2	10	20	0,994
2	10	21	4,533
2	10	22	29,81
2	10	26	1,67
2	10	27	1,092
2	10	29	3,237
2	10	33	20,696
2	10	38	2,579
2	10	40	3,722
2	10	42	3,513
2	10	43	7,9
2	10	50	5,74
2	18	2	5,32
2	18	5	0,811
2	18	10	5,023
2	18	20	6,656
2	18	21	3,951
2	18	22	0,979
2	18	26	1,556
2	18	27	3,069
2	18	29	8,88
2	18	33	2,701
2	18	38	3,145
2	18	40	7,085
2	18	42	4,145
2	18	43	9,438
2	18	50	4,484
2	20	2	7,815
2	20	5	2,88
2	20	10	21,11
2	20	18	1,985
2	20	21	7,316
2	20	22	4,705
2	20	26	8,798
2	20	27	1,714
2	20	29	5,179
2	20	33	9,022
2	20	38	2,827
2	20	40	2,437
2	20	42	12,22
2	20	43	3,902
2	20	50	2,647
2	21	2	2,222
2	21	5	11,821
2	21	10	10,085
2	21	18	11,657
2	21	20	2,979
2	21	22	6,71
2	21	26	5,117
2	21	27	2,313
2	21	29	0,904
2	21	33	3,802
2	21	38	3,189
2	21	40	0,613
2	21	42	14,607
2	21	43	1,378
2	21	50	3,429
2	22	2	3,057
2	22	5	0,811
2	22	10	9,122
2	22	18	1,564
2	22	20	6
2	22	21	2,202
2	22	26	8,582
2	22	27	11,804
2	22	29	14,56
2	22	33	4,374
2	22	38	6,782
2	22	40	19,625
2	22	42	1,755
2	22	43	11,845
2	22	50	2,564
2	26	2	4,111
2	26	5	4,209
2	26	10	1,458
2	26	18	2,612
2	26	20	4,475
2	26	21	1,518
2	26	22	6,125
2	26	27	1,035
2	26	29	15,439
2	26	33	1,353
2	26	38	2,909
2	26	40	0,831
2	26	42	4,863
2	26	43	13,945
2	26	50	13,942
2	27	2	10,223
2	27	5	1,881
2	27	10	0,992
2	27	18	1,516
2	27	20	0,863
2	27	21	6,344
2	27	22	4,344
2	27	26	2,678
2	27	29	5,243
2	27	33	12,52
2	27	38	7,318
2	27	40	7,455
2	27	42	1,619
2	27	43	1,838
2	27	50	5,734
2	29	2	17,867
2	29	5	5,262
2	29	10	10,47
2	29	18	2,441
2	29	20	9,728
2	29	21	4,975
2	29	22	7,884
2	29	26	2,317
2	29	27	6,172
2	29	33	5,328
2	29	38	5,576
2	29	40	1,911
2	29	42	3,953
2	29	43	5,986
2	29	50	13,829
2	33	2	8,987
2	33	5	39,216
2	33	10	0,984
2	33	18	12,281
2	33	20	0,842
2	33	21	11,338
2	33	22	2,215
2	33	26	17,097
2	33	27	2,716
2	33	29	1,058
2	33	38	7,555
2	33	40	0,502
2	33	42	3,265
2	33	43	42,049
2	33	50	13,425
2	38	2	1,846
2	38	5	6,717
2	38	10	2,73
2	38	18	2,545
2	38	20	0,702
2	38	21	0,848
2	38	22	1,175
2	38	26	5,124
2	38	27	4,941
2	38	29	4,08
2	38	33	3,41
2	38	40	8,283
2	38	42	0,687
2	38	43	5,529
2	38	50	6,85
2	40	2	3,5
2	40	5	2,207
2	40	10	2,148
2	40	18	2,85
2	40	20	3,489
2	40	21	0,904
2	40	22	4,838
2	40	26	1,704
2	40	27	16,189
2	40	29	6,243
2	40	33	5,096
2	40	38	7,13
2	40	42	6,493
2	40	43	7,774
2	40	50	0,58
2	42	2	2,977
2	42	5	26,699
2	42	10	3,728
2	42	18	1,762
2	42	20	10,969
2	42	21	1,88
2	42	22	0,778
2	42	26	0,526
2	42	27	4,334
2	42	29	3,494
2	42	33	10,24
2	42	38	1,375
2	42	40	3,397
2	42	43	0,525
2	42	50	2,762
2	43	2	6,576
2	43	5	1,747
2	43	10	5,679
2	43	18	7,45
2	43	20	9,501
2	43	21	0,594
2	43	22	0,925
2	43	26	5,518
2	43	27	4,012
2	43	29	9,866
2	43	33	6,919
2	43	38	5,952
2	43	40	9,851
2	43	42	3,037
2	43	50	6,447
2	50	2	2,971
2	50	5	9,377
2	50	10	4,65
2	50	18	1,18
2	50	20	14,966
2	50	21	0,638
2	50	22	7,85
2	50	26	9,584
2	50	27	5,771
2	50	29	2,132
2	50	33	3,545
2	50	38	6,777
2	50	40	3,359
2	50	42	7,101
2	50	43	0,583
3	3	8	1,535
3	3	12	10,896
3	3	13	3,941
3	3	17	0,572
3	3	18	16,707
3	3	21	1,148
3	3	26	2,23
3	3	27	14,465
3	3	28	4,176
3	3	30	3,462
3	3	31	0,884
3	3	32	12,416
3	3	33	1,174
3	3	34	0,895
3	3	38	2,723
3	3	42	1,913
3	3	48	1,845
3	3	49	2,268
3	8	3	1,652
3	8	12	1,212
3	8	13	0,5
3	8	17	9,102
3	8	18	0,842
3	8	21	4,936
3	8	26	4,55
3	8	27	21,803
3	8	28	5,355
3	8	30	12,003
3	8	31	7,718
3	8	32	1,19
3	8	33	1,724
3	8	34	42,177
3	8	38	3,701
3	8	42	0,569
3	8	48	0,844
3	8	49	3,903
3	12	3	14,985
3	12	8	9,43
3	12	13	14,714
3	12	17	3,394
3	12	18	33,761
3	12	21	11,621
3	12	26	1,162
3	12	27	4,793
3	12	28	1,221
3	12	30	7,993
3	12	31	2,928
3	12	32	2,497
3	12	33	2,281
3	12	34	1,334
3	12	38	1,556
3	12	42	2,152
3	12	48	2,347
3	12	49	8,522
3	13	3	3,746
3	13	8	5,625
3	13	12	18,598
3	13	17	17,686
3	13	18	10,008
3	13	21	8,005
3	13	26	3,834
3	13	27	1,476
3	13	28	7,852
3	13	30	6,326
3	13	31	5,57
3	13	32	4,453
3	13	33	1,245
3	13	34	8,429
3	13	38	4,098
3	13	42	2,383
3	13	48	10,746
3	13	49	4,849
3	17	3	1,548
3	17	8	14,449
3	17	12	2,16
3	17	13	4,916
3	17	18	1,671
3	17	21	5,817
3	17	26	0,997
3	17	27	2,788
3	17	28	2,526
3	17	30	0,941
3	17	31	4,939
3	17	32	2,512
3	17	33	3,75
3	17	34	27,108
3	17	38	1,159
3	17	42	0,736
3	17	48	4,086
3	17	49	1,099
3	18	3	7,879
3	18	8	3,671
3	18	12	13,571
3	18	13	9,269
3	18	17	8,031
3	18	21	6,329
3	18	26	3,615
3	18	27	11,701
3	18	28	9,399
3	18	30	4,494
3	18	31	25,914
3	18	32	7,749
3	18	33	12,742
3	18	34	8,584
3	18	38	1,928
3	18	42	6,926
3	18	48	12,942
3	18	49	18,822
3	21	3	5,721
3	21	8	1,242
3	21	12	11,624
3	21	13	12,67
3	21	17	5,016
3	21	18	5,483
3	21	26	7,831
3	21	27	10,221
3	21	28	5,442
3	21	30	3,865
3	21	31	8,758
3	21	32	13,198
3	21	33	13,771
3	21	34	5,928
3	21	38	15,56
3	21	42	6,046
3	21	48	7,019
3	21	49	1,505
3	26	3	3,277
3	26	8	7,523
3	26	12	3,586
3	26	13	4,42
3	26	17	17,61
3	26	18	14,964
3	26	21	1,77
3	26	27	3,286
3	26	28	3,783
3	26	30	0,906
3	26	31	3,829
3	26	32	0,617
3	26	33	11,283
3	26	34	18,876
3	26	38	11,909
3	26	42	10,153
3	26	48	1,025
3	26	49	4,94
3	27	3	11,601
3	27	8	38,05
3	27	12	12,601
3	27	13	3,533
3	27	17	2,022
3	27	18	4,318
3	27	21	2,097
3	27	26	0,911
3	27	28	18,287
3	27	30	41,546
3	27	31	5,383
3	27	32	6,997
3	27	33	15,939
3	27	34	4,776
3	27	38	3,844
3	27	42	12,97
3	27	48	1,545
3	27	49	4,041
3	28	3	4,62
3	28	8	2,965
3	28	12	2,788
3	28	13	3,749
3	28	17	6,559
3	28	18	6,294
3	28	21	34,058
3	28	26	8,986
3	28	27	2,95
3	28	30	3,275
3	28	31	2,101
3	28	32	27,97
3	28	33	19,741
3	28	34	1,478
3	28	38	9,258
3	28	42	0,536
3	28	48	11,07
3	28	49	6,234
3	30	3	5,271
3	30	8	2,307
3	30	12	5,152
3	30	13	5,87
3	30	17	22,903
3	30	18	13,226
3	30	21	3,553
3	30	26	4,2
3	30	27	0,601
3	30	28	2,074
3	30	31	1,648
3	30	32	0,59
3	30	33	1,908
3	30	34	3,353
3	30	38	8,569
3	30	42	7,626
3	30	48	0,524
3	30	49	5,322
3	31	3	6,198
3	31	8	2,157
3	31	12	1,082
3	31	13	2,354
3	31	17	6,943
3	31	18	5,967
3	31	21	1,417
3	31	26	10,6
3	31	27	2,499
3	31	28	5,222
3	31	30	0,562
3	31	32	20,41
3	31	33	0,993
3	31	34	3,326
3	31	38	2,27
3	31	42	10,205
3	31	48	1,308
3	31	49	5,924
3	32	3	3,086
3	32	8	7,39
3	32	12	10,473
3	32	13	1,111
3	32	17	9,154
3	32	18	11,926
3	32	21	28,856
3	32	26	1,169
3	32	27	3,597
3	32	28	2,61
3	32	30	2,116
3	32	31	6,833
3	32	33	3,475
3	32	34	6,92
3	32	38	4,875
3	32	42	16,04
3	32	48	1,248
3	32	49	10,27
3	33	3	1,255
3	33	8	6,449
3	33	12	3,182
3	33	13	3,234
3	33	17	8,571
3	33	18	1,559
3	33	21	2,688
3	33	26	35,122
3	33	27	11,045
3	33	28	4,877
3	33	30	10,578
3	33	31	19,53
3	33	32	3,116
3	33	34	2,676
3	33	38	3,575
3	33	42	12,851
3	33	48	7,635
3	33	49	0,708
3	34	3	3,876
3	34	8	8,5
3	34	12	7,381
3	34	13	8,373
3	34	17	19,403
3	34	18	14,289
3	34	21	1,741
3	34	26	1,505
3	34	27	3,98
3	34	28	48,536
3	34	30	2,075
3	34	31	5,208
3	34	32	8,414
3	34	33	2,507
3	34	38	4,688
3	34	42	0,734
3	34	48	5,616
3	34	49	5,202
3	38	3	8,017
3	38	8	5,364
3	38	12	3,862
3	38	13	8,266
3	38	17	29,736
3	38	18	3,006
3	38	21	6,925
3	38	26	4,316
3	38	27	2,453
3	38	28	25,454
3	38	30	9,917
3	38	31	3,623
3	38	32	5,968
3	38	33	4,179
3	38	34	13,208
3	38	42	2,491
3	38	48	2,573
3	38	49	16,225
3	42	3	19,107
3	42	8	3,997
3	42	12	1,846
3	42	13	4,599
3	42	17	3,764
3	42	18	1,873
3	42	21	7,605
3	42	26	7,96
3	42	27	9,5
3	42	28	6,618
3	42	30	17,068
3	42	31	2,152
3	42	32	3,711
3	42	33	5,374
3	42	34	1,151
3	42	38	1,853
3	42	48	2,429
3	42	49	1,969
3	48	3	6,235
3	48	8	2,23
3	48	12	7,754
3	48	13	3,613
3	48	17	5,861
3	48	18	0,635
3	48	21	1,282
3	48	26	6,564
3	48	27	0,768
3	48	28	1,536
3	48	30	11,659
3	48	31	13,301
3	48	32	4,65
3	48	33	1,75
3	48	34	4,878
3	48	38	0,549
3	48	42	5,911
3	48	49	11,846
3	49	3	9,874
3	49	8	9,016
3	49	12	2,159
3	49	13	0,506
3	49	17	26,576
3	49	18	29,303
3	49	21	2,17
3	49	26	16,024
3	49	27	1,817
3	49	28	2,802
3	49	30	9,1
3	49	31	1,446
3	49	32	14,837
3	49	33	2,488
3	49	34	1,484
3	49	38	3,295
3	49	42	23,189
3	49	48	3,739
4	1	6	6,637
4	1	7	27,799
4	1	8	11,942
4	1	12	1,971
4	1	17	3,459
4	1	19	2,098
4	1	24	2,755
4	1	25	1,058
4	1	35	1,621
4	1	36	2,935
4	1	37	10,208
4	1	41	15,686
4	1	44	1,077
4	1	45	1,046
4	6	1	1,44
4	6	7	2,658
4	6	8	4,702
4	6	12	1,738
4	6	17	0,56
4	6	19	17,366
4	6	24	10,492
4	6	25	14,44
4	6	35	6,472
4	6	36	0,589
4	6	37	5,746
4	6	41	3,401
4	6	44	1,446
4	6	45	2,189
4	7	1	3,722
4	7	6	2,692
4	7	8	4,508
4	7	12	10,024
4	7	17	5,378
4	7	19	0,693
4	7	24	17,653
4	7	25	5,85
4	7	35	1,268
4	7	36	16,682
4	7	37	5,013
4	7	41	7,414
4	7	44	6,051
4	7	45	6,647
4	8	1	23,931
4	8	6	5,346
4	8	7	5,209
4	8	12	3,421
4	8	17	5,299
4	8	19	6,312
4	8	24	3,231
4	8	25	3,368
4	8	35	7,452
4	8	36	1,019
4	8	37	1,432
4	8	41	8,951
4	8	44	9,274
4	8	45	6,461
4	12	1	16,511
4	12	6	5,354
4	12	7	2,474
4	12	8	0,855
4	12	17	17,56
4	12	19	17,145
4	12	24	10,841
4	12	25	7,395
4	12	35	5,046
4	12	36	1,811
4	12	37	4,482
4	12	41	6,566
4	12	44	26,033
4	12	45	1,876
4	17	1	6,591
4	17	6	0,764
4	17	7	2,801
4	17	8	3,901
4	17	12	1,315
4	17	19	4,83
4	17	24	9,84
4	17	25	1,729
4	17	35	5,429
4	17	36	4,816
4	17	37	3,592
4	17	41	3,3
4	17	44	3,685
4	17	45	0,545
4	19	1	2,523
4	19	6	3,972
4	19	7	1,631
4	19	8	4,279
4	19	12	1,428
4	19	17	5,487
4	19	24	8,957
4	19	25	2,189
4	19	35	4,744
4	19	36	14,332
4	19	37	2,912
4	19	41	4,618
4	19	44	8,611
4	19	45	3,335
4	24	1	1,822
4	24	6	4,006
4	24	7	13,536
4	24	8	2,383
4	24	12	7,998
4	24	17	9,506
4	24	19	8,667
4	24	25	2,722
4	24	35	5,149
4	24	36	1,449
4	24	37	0,983
4	24	41	1,474
4	24	44	0,841
4	24	45	0,504
4	25	1	18,964
4	25	6	2,091
4	25	7	10,686
4	25	8	1,029
4	25	12	4,875
4	25	17	0,776
4	25	19	9,923
4	25	24	6,112
4	25	35	3,806
4	25	36	4,367
4	25	37	10,804
4	25	41	2,076
4	25	44	1,258
4	25	45	1,806
4	35	1	1,56
4	35	6	2,628
4	35	7	1,07
4	35	8	7,947
4	35	12	2,234
4	35	17	8,436
4	35	19	9,817
4	35	24	0,627
4	35	25	5,009
4	35	36	4,765
4	35	37	3,375
4	35	41	8,46
4	35	44	2,003
4	35	45	2,625
4	36	1	3,228
4	36	6	8,814
4	36	7	25,856
4	36	8	6,137
4	36	12	13,201
4	36	17	5,114
4	36	19	12,782
4	36	24	7,982
4	36	25	5,316
4	36	35	6,782
4	36	37	17,363
4	36	41	5,514
4	36	44	4,699
4	36	45	8,967
4	37	1	4,577
4	37	6	14,033
4	37	7	10,588
4	37	8	7,107
4	37	12	1,238
4	37	17	5,44
4	37	19	13,982
4	37	24	4,158
4	37	25	17,6
4	37	35	5,926
4	37	36	3,616
4	37	41	1,415
4	37	44	12,446
4	37	45	0,814
4	41	1	4,506
4	41	6	1,849
4	41	7	1,361
4	41	8	8,589
4	41	12	0,625
4	41	17	11,224
4	41	19	12,409
4	41	24	3,589
4	41	25	2,86
4	41	35	3,388
4	41	36	3,335
4	41	37	7,383
4	41	44	1,101
4	41	45	5,378
4	44	1	3,588
4	44	6	7,454
4	44	7	6,973
4	44	8	6,452
4	44	12	9,054
4	44	17	8,023
4	44	19	39,821
4	44	24	5,888
4	44	25	0,742
4	44	35	44,644
4	44	36	8,654
4	44	37	19,902
4	44	41	5,807
4	44	45	1,046
4	45	1	3,538
4	45	6	1,324
4	45	7	0,677
4	45	8	12,145
4	45	12	2,357
4	45	17	3,796
4	45	19	15,329
4	45	24	10,372
4	45	25	0,828
4	45	35	1,617
4	45	36	2,704
4	45	37	5,712
4	45	41	15,498
4	45	44	5,304
5	2	4	6,193
5	2	9	1,591
5	2	13	0,98
5	2	14	5,278
5	2	15	1,653
5	2	19	1,989
5	2	22	2,747
5	2	23	6,372
5	2	27	0,692
5	2	39	22,072
5	2	41	8,733
5	2	43	0,569
5	2	45	7,076
5	2	47	1,9
5	2	48	22,798
5	4	2	2,657
5	4	9	11,477
5	4	13	9,903
5	4	14	12,04
5	4	15	5,511
5	4	19	11,978
5	4	22	10,671
5	4	23	14,169
5	4	27	12,735
5	4	39	1,155
5	4	41	5,391
5	4	43	8,421
5	4	45	1,055
5	4	47	5,906
5	4	48	1,183
5	9	2	12,178
5	9	4	1,924
5	9	13	1,438
5	9	14	8,071
5	9	15	3,116
5	9	19	1,367
5	9	22	7,921
5	9	23	4,022
5	9	27	1,141
5	9	39	5,372
5	9	41	0,606
5	9	43	4,904
5	9	45	18,336
5	9	47	5,277
5	9	48	14,567
5	13	2	0,723
5	13	4	4,623
5	13	9	22,325
5	13	14	3,112
5	13	15	3,37
5	13	19	13,39
5	13	22	9,055
5	13	23	3,782
5	13	27	12,662
5	13	39	9,233
5	13	41	5,439
5	13	43	1,216
5	13	45	1,543
5	13	47	2,962
5	13	48	8,008
5	14	2	2,783
5	14	4	3,686
5	14	9	19,103
5	14	13	12,499
5	14	15	1,539
5	14	19	8,847
5	14	22	0,682
5	14	23	1,634
5	14	27	2,468
5	14	39	15,76
5	14	41	12,632
5	14	43	10,39
5	14	45	4,459
5	14	47	0,611
5	14	48	1,814
5	15	2	5,297
5	15	4	3,497
5	15	9	6,099
5	15	13	0,985
5	15	14	1,578
5	15	19	2,662
5	15	22	3,569
5	15	23	1,631
5	15	27	1,314
5	15	39	12,146
5	15	41	4,052
5	15	43	20,087
5	15	45	5,051
5	15	47	2,642
5	15	48	9,057
5	19	2	28,451
5	19	4	1,142
5	19	9	20,442
5	19	13	4,799
5	19	14	26,229
5	19	15	3,323
5	19	22	1,948
5	19	23	3,446
5	19	27	4,804
5	19	39	8,613
5	19	41	7,876
5	19	43	5,926
5	19	45	7,505
5	19	47	5,085
5	19	48	3,514
5	22	2	3,411
5	22	4	7,72
5	22	9	3,928
5	22	13	3,504
5	22	14	2,358
5	22	15	0,977
5	22	19	4,807
5	22	23	2,284
5	22	27	7,547
5	22	39	5,153
5	22	41	11,15
5	22	43	8,275
5	22	45	2,889
5	22	47	8,962
5	22	48	2,323
5	23	2	7,125
5	23	4	6,043
5	23	9	0,702
5	23	13	1,061
5	23	14	0,519
5	23	15	15,167
5	23	19	2,245
5	23	22	9,924
5	23	27	22,041
5	23	39	2,043
5	23	41	16,456
5	23	43	12,885
5	23	45	3,494
5	23	47	11,832
5	23	48	8,405
5	27	2	1,52
5	27	4	1,358
5	27	9	2,066
5	27	13	3,92
5	27	14	3,002
5	27	15	5,045
5	27	19	4,107
5	27	22	2,591
5	27	23	4,119
5	27	39	0,971
5	27	41	4,52
5	27	43	2,689
5	27	45	3,284
5	27	47	1,895
5	27	48	2,422
5	39	2	21,853
5	39	4	3,168
5	39	9	2,436
5	39	13	20,626
5	39	14	5,079
5	39	15	1,492
5	39	19	11,555
5	39	22	4,204
5	39	23	5,569
5	39	27	13,034
5	39	41	1,512
5	39	43	8,418
5	39	45	3,965
5	39	47	4,415
5	39	48	5,182
5	41	2	8,648
5	41	4	4,548
5	41	9	4,409
5	41	13	1,611
5	41	14	9,6
5	41	15	9,147
5	41	19	2,977
5	41	22	4,976
5	41	23	7,58
5	41	27	8,473
5	41	39	0,58
5	41	43	5,023
5	41	45	1,764
5	41	47	4,575
5	41	48	4,947
5	43	2	5,053
5	43	4	8,233
5	43	9	0,823
5	43	13	6,01
5	43	14	2,215
5	43	15	1,431
5	43	19	34,214
5	43	22	15,951
5	43	23	5,025
5	43	27	3,991
5	43	39	15,249
5	43	41	1,435
5	43	45	6,033
5	43	47	4,045
5	43	48	9,188
5	45	2	8,988
5	45	4	15,426
5	45	9	7,25
5	45	13	3,62
5	45	14	1,766
5	45	15	8,436
5	45	19	2,267
5	45	22	14,065
5	45	23	3,854
5	45	27	7,17
5	45	39	4,117
5	45	41	14,165
5	45	43	9,115
5	45	47	13,618
5	45	48	2,372
5	47	2	6,64
5	47	4	0,954
5	47	9	3,58
5	47	13	1,853
5	47	14	16,828
5	47	15	5,12
5	47	19	2,171
5	47	22	2,814
5	47	23	6,891
5	47	27	6
5	47	39	11,83
5	47	41	1,838
5	47	43	30,861
5	47	45	17,184
5	47	48	2,705
5	48	2	11,542
5	48	4	1,388
5	48	9	8,58
5	48	13	9,034
5	48	14	1,175
5	48	15	6,562
5	48	19	0,548
5	48	22	6,38
5	48	23	9,223
5	48	27	1,111
5	48	39	16,913
5	48	41	5,604
5	48	43	14,661
5	48	45	4,239
5	48	47	10,508
6	1	2	3,343
6	1	4	4,915
6	1	7	2,79
6	1	11	20,864
6	1	12	2,434
6	1	16	2,315
6	1	20	4,23
6	1	24	0,986
6	1	33	4,687
6	1	35	15,926
6	1	38	19,337
6	1	39	2,807
6	1	40	1,453
6	1	42	5,824
6	1	43	5,041
6	1	45	4,823
6	1	47	6,563
6	1	48	1,364
6	1	49	0,639
6	2	1	1,414
6	2	4	3,423
6	2	7	4,781
6	2	11	3,587
6	2	12	9,364
6	2	16	3,884
6	2	20	5,513
6	2	24	5,635
6	2	33	8,708
6	2	35	3,49
6	2	38	6,818
6	2	39	8,231
6	2	40	2,042
6	2	42	9,076
6	2	43	4,838
6	2	45	16,106
6	2	47	2,047
6	2	48	5,083
6	2	49	1,7
6	4	1	4,971
6	4	2	1,601
6	4	7	9,537
6	4	11	1,338
6	4	12	0,707
6	4	16	6,463
6	4	20	6,508
6	4	24	3,972
6	4	33	4,337
6	4	35	5,008
6	4	38	7,786
6	4	39	0,624
6	4	40	1,589
6	4	42	5,79
6	4	43	3,053
6	4	45	1,78
6	4	47	0,507
6	4	48	8,813
6	4	49	8,374
6	7	1	30,851
6	7	2	1,733
6	7	4	6,125
6	7	11	3,106
6	7	12	3,513
6	7	16	7,992
6	7	20	12,077
6	7	24	0,863
6	7	33	2,105
6	7	35	4,659
6	7	38	2,062
6	7	39	4,013
6	7	40	5,047
6	7	42	4,998
6	7	43	3,826
6	7	45	0,896
6	7	47	2,832
6	7	48	3,248
6	7	49	12,167
6	11	1	1,941
6	11	2	0,594
6	11	4	2,267
6	11	7	4,724
6	11	12	3,094
6	11	16	15,536
6	11	20	4,585
6	11	24	2,767
6	11	33	28,742
6	11	35	1,585
6	11	38	8,685
6	11	39	3,772
6	11	40	6,121
6	11	42	0,568
6	11	43	10,114
6	11	45	9,373
6	11	47	2,268
6	11	48	3,775
6	11	49	9,021
6	12	1	10,075
6	12	2	2,831
6	12	4	3,514
6	12	7	8,785
6	12	11	2,856
6	12	16	2,094
6	12	20	2,289
6	12	24	7,696
6	12	33	6,361
6	12	35	5,187
6	12	38	3,943
6	12	39	4,48
6	12	40	3,41
6	12	42	2,058
6	12	43	5,396
6	12	45	6,045
6	12	47	1,61
6	12	48	1,045
6	12	49	24,732
6	16	1	3,332
6	16	2	19,083
6	16	4	1,674
6	16	7	13
6	16	11	2,485
6	16	12	3,785
6	16	20	1,748
6	16	24	18,383
6	16	33	7,133
6	16	35	3,6
6	16	38	16,777
6	16	39	2,189
6	16	40	0,536
6	16	42	2,991
6	16	43	1,726
6	16	45	3,25
6	16	47	5,088
6	16	48	0,508
6	16	49	2,966
6	20	1	4,723
6	20	2	4,663
6	20	4	4,116
6	20	7	2,385
6	20	11	3,883
6	20	12	14,038
6	20	16	1,305
6	20	24	10,081
6	20	33	4,231
6	20	35	6,587
6	20	38	0,685
6	20	39	6,424
6	20	40	1,758
6	20	42	14,079
6	20	43	1,58
6	20	45	0,727
6	20	47	1,027
6	20	48	4,819
6	20	49	3,456
6	24	1	1,385
6	24	2	7,802
6	24	4	1,861
6	24	7	4,713
6	24	11	2,534
6	24	12	6,839
6	24	16	8,16
6	24	20	27,702
6	24	33	3,195
6	24	35	11,621
6	24	38	9,598
6	24	39	0,889
6	24	40	6,539
6	24	42	4,83
6	24	43	6,149
6	24	45	4,119
6	24	47	5,755
6	24	48	5,891
6	24	49	1,759
6	33	1	2,335
6	33	2	15,938
6	33	4	4,808
6	33	7	2,42
6	33	11	1,997
6	33	12	2,576
6	33	16	12,962
6	33	20	1,008
6	33	24	1,285
6	33	35	1,941
6	33	38	4,446
6	33	39	1,988
6	33	40	11,501
6	33	42	14,014
6	33	43	16,806
6	33	45	5,831
6	33	47	1,869
6	33	48	8,068
6	33	49	1,441
6	35	1	0,987
6	35	2	0,623
6	35	4	1,955
6	35	7	2,216
6	35	11	0,515
6	35	12	9,217
6	35	16	3,555
6	35	20	1,166
6	35	24	2,893
6	35	33	5,996
6	35	38	13,927
6	35	39	6,054
6	35	40	7,817
6	35	42	1,676
6	35	43	3,619
6	35	45	9,537
6	35	47	1,544
6	35	48	3,647
6	35	49	3,059
6	38	1	4,395
6	38	2	6,744
6	38	4	3,619
6	38	7	0,651
6	38	11	8,325
6	38	12	4,442
6	38	16	1,473
6	38	20	2,883
6	38	24	1,476
6	38	33	16,561
6	38	35	2,327
6	38	39	4,727
6	38	40	4,798
6	38	42	1,52
6	38	43	1,012
6	38	45	6,514
6	38	47	3,632
6	38	48	0,708
6	38	49	2,489
6	39	1	6,751
6	39	2	3,947
6	39	4	2,658
6	39	7	1,564
6	39	11	1,585
6	39	12	8,649
6	39	16	15,583
6	39	20	8,747
6	39	24	1,792
6	39	33	26,031
6	39	35	2,665
6	39	38	8,643
6	39	40	5,133
6	39	42	12,568
6	39	43	26,501
6	39	45	1,36
6	39	47	13,184
6	39	48	2,556
6	39	49	0,842
6	40	1	11,237
6	40	2	3,298
6	40	4	3,977
6	40	7	15,291
6	40	11	3,626
6	40	12	6,856
6	40	16	6,264
6	40	20	1,279
6	40	24	7,186
6	40	33	18,608
6	40	35	4,314
6	40	38	10,255
6	40	39	0,727
6	40	42	3,791
6	40	43	1,147
6	40	45	1,279
6	40	47	9,427
6	40	48	4,373
6	40	49	7,055
6	42	1	2,528
6	42	2	3,812
6	42	4	21,429
6	42	7	3,305
6	42	11	6,8
6	42	12	1,096
6	42	16	3,827
6	42	20	2,297
6	42	24	7,872
6	42	33	0,758
6	42	35	4,064
6	42	38	1,193
6	42	39	29,957
6	42	40	0,866
6	42	43	10,075
6	42	45	1,65
6	42	47	4,772
6	42	48	5,249
6	42	49	6,426
6	43	1	24,906
6	43	2	7,405
6	43	4	1,7
6	43	7	3,357
6	43	11	2,521
6	43	12	2,049
6	43	16	2,175
6	43	20	0,896
6	43	24	2,698
6	43	33	0,83
6	43	35	4,095
6	43	38	5,575
6	43	39	5,4
6	43	40	2,104
6	43	42	1,169
6	43	45	12,093
6	43	47	2,495
6	43	48	17,062
6	43	49	5,552
6	45	1	3,249
6	45	2	31,569
6	45	4	2,89
6	45	7	13,909
6	45	11	3,119
6	45	12	18,934
6	45	16	4,895
6	45	20	7,352
6	45	24	4,989
6	45	33	4,94
6	45	35	0,875
6	45	38	8,304
6	45	39	2,759
6	45	40	11,813
6	45	42	4,515
6	45	43	6,827
6	45	47	9,679
6	45	48	2,583
6	45	49	0,886
6	47	1	17,75
6	47	2	3,032
6	47	4	6,248
6	47	7	1,334
6	47	11	0,645
6	47	12	10,755
6	47	16	1,275
6	47	20	2,836
6	47	24	8,644
6	47	33	3,097
6	47	35	1,597
6	47	38	4,443
6	47	39	3,915
6	47	40	16,132
6	47	42	2,9
6	47	43	4,781
6	47	45	4,583
6	47	48	8,42
6	47	49	0,872
6	48	1	4,798
6	48	2	1,517
6	48	4	7,59
6	48	7	14,782
6	48	11	3,697
6	48	12	10,656
6	48	16	8,584
6	48	20	5,048
6	48	24	8,965
6	48	33	7,916
6	48	35	1,314
6	48	38	8,41
6	48	39	5,789
6	48	40	3,885
6	48	42	1,657
6	48	43	4,318
6	48	45	0,984
6	48	47	6,922
6	48	49	4,28
6	49	1	15,14
6	49	2	2,122
6	49	4	2,942
6	49	7	19,977
6	49	11	2,301
6	49	12	1,711
6	49	16	11,091
6	49	20	5,46
6	49	24	2,601
6	49	33	2,665
6	49	35	8,799
6	49	38	3,204
6	49	39	5,704
6	49	40	16,79
6	49	42	4,939
6	49	43	3,523
6	49	45	14,908
6	49	47	3,375
6	49	48	19,561

