#num jobs
50
#num machines
6

#jobId machId procTime energyCons
1	3	6,37	53,39
2	4	0,3	2,22
2	5	13,47	111,08
3	2	8,23	101,04
3	3	12,1	101,41
4	6	4,98	33,49
4	5	12,9	106,41
4	1	-0,44	-4,7
5	2	2,44	29,94
5	6	0,6	4,04
6	1	1,16	12,47
7	1	5,24	56,6
7	4	15,89	117,29
7	5	17,59	145,07
7	6	106,1	712,76
8	5	5,98	49,36
8	3	13,35	111,93
9	2	13,8	169,4
9	4	12,49	92,17
9	6	21,49	144,4
10	5	22,26	183,66
11	6	3,64	24,47
12	4	257,62	1901,17
13	5	1,68	13,87
13	4	31,27	230,74
14	6	7,4	49,69
14	3	10,52	88,15
15	2	35,72	438,46
15	5	4,75	39,15
16	6	9,8	65,87
17	4	3,53	26,04
17	2	16,88	207,16
18	2	6,74	82,78
18	4	35,81	264,25
19	2	6,46	79,23
20	3	8,98	75,25
20	5	3,57	29,45
21	6	6,07	40,8
21	5	12,96	106,91
21	3	10,55	88,42
21	1	1,68	18,12
22	2	22,4	274,94
22	4	11,65	85,95
22	5	18,6	153,42
23	2	4,95	60,73
23	5	25,74	212,38
24	6	3,3	22,14
24	5	10,46	86,29
25	5	117,35	968,08
26	6	4,57	30,71
26	4	150,39	1109,83
26	3	7,82	65,55
27	3	18,32	153,58
27	2	6,2	76,14
28	1	51,44	555,16
29	1	9,52	102,71
29	5	17,35	143,09
29	6	4,44	29,82
30	1	8,92	96,25
30	4	1,99	14,69
31	6	23,07	154,96
31	3	7,45	62,43
31	1	69,34	748,24
32	3	19,66	164,78
33	1	2,23	24,07
33	4	7,84	57,87
33	6	7,93	53,3
34	3	7,89	66,1
35	6	41,93	281,66
35	5	3,23	26,61
35	3	30,97	259,58
36	3	14,13	118,48
36	6	38,01	255,35
37	5	613,68	5062,43
38	1	2,28	24,63
39	5	35,19	290,32
40	4	5,39	39,8
40	5	16,51	136,21
41	1	121,92	1315,73
42	5	6,14	50,67
42	2	0,84	10,34
43	1	11,81	127,44
43	3	116,45	976,16
43	6	5,62	37,75
44	4	25,61	188,99
44	1	33,98	366,65
45	1	2,31	24,96
46	4	10,47	77,3
46	2	5,35	65,64
47	6	54,71	367,53
47	4	68,48	505,39
47	1	5,11	55,11
48	1	24,98	269,54
48	2	7,01	86
48	3	26,03	218,17
48	4	44	324,67
48	5	316,52	2611,06
49	6	7,59	50,96
49	5	5,35	44,14
49	1	11,18	120,66
50	6	1,39	9,33
50	3	3,32	27,83

#jobId ddate weight rdate
1	251,966	42	281,469
2	175,047	8	245,943
3	262,7	40	10,411
4	214,747	15	259,281
5	177,541	39	49,234
6	200,907	25	244,853
7	191,585	31	61,808
8	264,363	29	255,254
9	226,47	26	154,898
10	220,209	18	524,021
11	190,163	40	481,322
12	205,987	26	346,578
13	178,976	46	186,499
14	192,289	45	139,034
15	266,717	40	54,504
16	201,733	25	171,248
17	228,066	16	98,634
18	244,846	35	236,566
19	230,685	3	496,369
20	197,39	8	301,241
21	239,816	4	212,455
22	218,328	30	122,92
23	222,417	23	416,126
24	196,504	6	109,659
25	232,946	43	554,835
26	246,682	18	546,583
27	253,891	48	123,682
28	169,433	38	519,067
29	170,838	22	284,939
30	180,091	36	434,862
31	219,933	39	466,284
32	251,95	43	320,72
33	259,882	43	241,947
34	189,873	28	454,937
35	170,388	49	157,81
36	192,004	22	59,501
37	261,207	45	478,371
38	244,27	16	275,85
39	188,985	23	351,918
40	203,049	35	237,452
41	185,818	48	211,63
42	249,667	18	441,211
43	202,126	21	463,334
44	278,416	27	492,351
45	221,34	20	320,09
46	213,212	32	553,579
47	254,789	20	452,525
48	168,44	46	152,777
49	259,262	17	436,669
50	220,717	47	314,824

#machId jobPred jobSucc setupTime
1	4	6	2,468
1	4	7	1,169
1	4	21	1,863
1	4	28	9,573
1	4	29	1,188
1	4	30	2,788
1	4	31	21,427
1	4	33	2,1
1	4	38	2,309
1	4	41	0,648
1	4	43	1,9
1	4	44	1,795
1	4	45	2,049
1	4	47	3,487
1	4	48	2,512
1	4	49	2,733
1	6	4	0,659
1	6	7	3,338
1	6	21	2,778
1	6	28	6,672
1	6	29	6,438
1	6	30	0,589
1	6	31	1,616
1	6	33	0,925
1	6	38	7,274
1	6	41	2,762
1	6	43	9,978
1	6	44	22,993
1	6	45	1,697
1	6	47	28,563
1	6	48	1,217
1	6	49	8,73
1	7	4	2,005
1	7	6	5,813
1	7	21	0,57
1	7	28	4,301
1	7	29	1,503
1	7	30	8,193
1	7	31	8,242
1	7	33	0,879
1	7	38	7,52
1	7	41	2,22
1	7	43	3,174
1	7	44	1,566
1	7	45	9,01
1	7	47	5,93
1	7	48	4,194
1	7	49	10,665
1	21	4	1,906
1	21	6	5,512
1	21	7	9,189
1	21	28	2,699
1	21	29	3,136
1	21	30	10,289
1	21	31	3,819
1	21	33	10,221
1	21	38	9,651
1	21	41	8,061
1	21	43	4,889
1	21	44	0,521
1	21	45	1,566
1	21	47	3,815
1	21	48	10,489
1	21	49	2,625
1	28	4	2,105
1	28	6	0,55
1	28	7	9,479
1	28	21	0,977
1	28	29	8,262
1	28	30	0,743
1	28	31	4,86
1	28	33	3,135
1	28	38	0,758
1	28	41	7,178
1	28	43	4,235
1	28	44	2,303
1	28	45	5,944
1	28	47	6,354
1	28	48	3,286
1	28	49	3,695
1	29	4	1,715
1	29	6	3,924
1	29	7	7,733
1	29	21	0,696
1	29	28	0,689
1	29	30	2,514
1	29	31	2,312
1	29	33	2,79
1	29	38	3,199
1	29	41	1,112
1	29	43	2,624
1	29	44	3,824
1	29	45	5,969
1	29	47	4,256
1	29	48	5,572
1	29	49	3,815
1	30	4	5,234
1	30	6	6,552
1	30	7	39,771
1	30	21	2,627
1	30	28	8,784
1	30	29	2,69
1	30	31	3,868
1	30	33	5,849
1	30	38	2,911
1	30	41	5,786
1	30	43	0,877
1	30	44	0,736
1	30	45	3,377
1	30	47	16,646
1	30	48	1,694
1	30	49	20,167
1	31	4	3,52
1	31	6	21,358
1	31	7	4,166
1	31	21	7,95
1	31	28	0,977
1	31	29	2,104
1	31	30	6
1	31	33	0,658
1	31	38	4,259
1	31	41	7,875
1	31	43	4,03
1	31	44	4,261
1	31	45	6,139
1	31	47	2,195
1	31	48	15,486
1	31	49	1,388
1	33	4	1,619
1	33	6	1,624
1	33	7	9,688
1	33	21	34,574
1	33	28	1,672
1	33	29	14,822
1	33	30	1,462
1	33	31	5,955
1	33	38	19,19
1	33	41	1,143
1	33	43	1,901
1	33	44	4,061
1	33	45	2,071
1	33	47	25,578
1	33	48	3,234
1	33	49	6,296
1	38	4	5,655
1	38	6	39,019
1	38	7	6,439
1	38	21	0,927
1	38	28	0,638
1	38	29	4,051
1	38	30	5,084
1	38	31	29,608
1	38	33	9,599
1	38	41	0,898
1	38	43	5,667
1	38	44	5,305
1	38	45	14,993
1	38	47	3,853
1	38	48	0,661
1	38	49	2,421
1	41	4	3,417
1	41	6	7,596
1	41	7	12,579
1	41	21	16,058
1	41	28	26,128
1	41	29	1,413
1	41	30	10,068
1	41	31	3,271
1	41	33	10,788
1	41	38	2,307
1	41	43	6,189
1	41	44	8,928
1	41	45	12,928
1	41	47	2,725
1	41	48	12,338
1	41	49	3,865
1	43	4	8,025
1	43	6	0,518
1	43	7	3,99
1	43	21	15,063
1	43	28	9,37
1	43	29	13,307
1	43	30	10,354
1	43	31	1,082
1	43	33	11,017
1	43	38	1,417
1	43	41	6,116
1	43	44	11,908
1	43	45	8,943
1	43	47	11,445
1	43	48	0,729
1	43	49	8,927
1	44	4	1,475
1	44	6	3,981
1	44	7	0,804
1	44	21	5,653
1	44	28	2,402
1	44	29	15,469
1	44	30	15,02
1	44	31	10,549
1	44	33	28,291
1	44	38	5,485
1	44	41	17,889
1	44	43	4,073
1	44	45	1,275
1	44	47	2,123
1	44	48	3,563
1	44	49	2,995
1	45	4	6,927
1	45	6	10,264
1	45	7	15,226
1	45	21	9,611
1	45	28	9,404
1	45	29	4,676
1	45	30	7,241
1	45	31	7,848
1	45	33	2,128
1	45	38	9,843
1	45	41	15,097
1	45	43	19,198
1	45	44	5,202
1	45	47	6,998
1	45	48	1,122
1	45	49	1,215
1	47	4	4,391
1	47	6	4,482
1	47	7	26,688
1	47	21	5,43
1	47	28	7,369
1	47	29	7,211
1	47	30	1,072
1	47	31	3,583
1	47	33	6,461
1	47	38	1,238
1	47	41	2,656
1	47	43	3,085
1	47	44	0,772
1	47	45	1,66
1	47	48	5,7
1	47	49	2,834
1	48	4	4,07
1	48	6	2,057
1	48	7	1,347
1	48	21	59,929
1	48	28	8,75
1	48	29	11,872
1	48	30	5,596
1	48	31	3,604
1	48	33	15,627
1	48	38	0,654
1	48	41	0,954
1	48	43	11,471
1	48	44	2,032
1	48	45	12,228
1	48	47	12,201
1	48	49	1,006
1	49	4	9,316
1	49	6	12,064
1	49	7	3,975
1	49	21	2,649
1	49	28	2,297
1	49	29	2,605
1	49	30	22,532
1	49	31	9,583
1	49	33	11,475
1	49	38	6,435
1	49	41	0,947
1	49	43	4,21
1	49	44	4,519
1	49	45	10,588
1	49	47	20,448
1	49	48	2,829
2	3	5	0,559
2	3	9	43,132
2	3	15	8,695
2	3	17	3,11
2	3	18	13,274
2	3	19	4,86
2	3	22	7,811
2	3	23	7,885
2	3	27	2,725
2	3	42	12,333
2	3	46	3,026
2	3	48	4,442
2	5	3	6,095
2	5	9	1,877
2	5	15	4,851
2	5	17	13,563
2	5	18	5,234
2	5	19	1,801
2	5	22	5,709
2	5	23	6,943
2	5	27	22,288
2	5	42	4,546
2	5	46	26,266
2	5	48	7,635
2	9	3	11,281
2	9	5	7,041
2	9	15	3,618
2	9	17	2,973
2	9	18	8,499
2	9	19	11,684
2	9	22	3,918
2	9	23	0,535
2	9	27	2,473
2	9	42	5,447
2	9	46	3,285
2	9	48	0,72
2	15	3	8,335
2	15	5	4,925
2	15	9	1,519
2	15	17	2,275
2	15	18	7,536
2	15	19	0,88
2	15	22	5,981
2	15	23	4,979
2	15	27	1,825
2	15	42	20,427
2	15	46	3,932
2	15	48	7,14
2	17	3	1,023
2	17	5	5,402
2	17	9	8,303
2	17	15	4,335
2	17	18	1,257
2	17	19	9,558
2	17	22	2,319
2	17	23	1,332
2	17	27	3,851
2	17	42	6,058
2	17	46	3,333
2	17	48	19,528
2	18	3	0,515
2	18	5	15,952
2	18	9	0,858
2	18	15	5,067
2	18	17	0,605
2	18	19	1,545
2	18	22	0,689
2	18	23	5,04
2	18	27	10,754
2	18	42	1,957
2	18	46	5,109
2	18	48	3,78
2	19	3	8,559
2	19	5	3,385
2	19	9	7,662
2	19	15	0,968
2	19	17	51,229
2	19	18	3,461
2	19	22	6,589
2	19	23	8,557
2	19	27	1,052
2	19	42	7,482
2	19	46	15,914
2	19	48	1,033
2	22	3	32,252
2	22	5	2,537
2	22	9	3,273
2	22	15	3,2
2	22	17	3,291
2	22	18	8,501
2	22	19	8,815
2	22	23	7,1
2	22	27	25,365
2	22	42	1,892
2	22	46	3,682
2	22	48	4,012
2	23	3	4,309
2	23	5	12,546
2	23	9	1,192
2	23	15	1,747
2	23	17	7,973
2	23	18	17,104
2	23	19	1,951
2	23	22	0,82
2	23	27	1,97
2	23	42	4,215
2	23	46	2,031
2	23	48	1,675
2	27	3	7,369
2	27	5	2,057
2	27	9	7,145
2	27	15	1,412
2	27	17	0,629
2	27	18	6,512
2	27	19	1,174
2	27	22	0,788
2	27	23	5,407
2	27	42	4,477
2	27	46	7,63
2	27	48	1,918
2	42	3	6,628
2	42	5	1,464
2	42	9	1,536
2	42	15	5,309
2	42	17	0,948
2	42	18	4,049
2	42	19	24,363
2	42	22	1,338
2	42	23	6,522
2	42	27	1,653
2	42	46	2,236
2	42	48	14,224
2	46	3	1,631
2	46	5	2,284
2	46	9	49,212
2	46	15	8,34
2	46	17	0,525
2	46	18	4,742
2	46	19	4,626
2	46	22	1,338
2	46	23	15,363
2	46	27	0,714
2	46	42	8,231
2	46	48	1,729
2	48	3	9,019
2	48	5	2,378
2	48	9	2,233
2	48	15	8,998
2	48	17	2,589
2	48	18	0,535
2	48	19	2,615
2	48	22	33,42
2	48	23	6,69
2	48	27	13,348
2	48	42	4,056
2	48	46	4,461
3	1	3	3,904
3	1	8	11,313
3	1	14	14,488
3	1	20	2,31
3	1	21	1,109
3	1	26	5,098
3	1	27	20,276
3	1	31	20,738
3	1	32	3,65
3	1	34	1,39
3	1	35	20,21
3	1	36	1,031
3	1	43	6,916
3	1	48	0,744
3	1	50	2,328
3	3	1	1,045
3	3	8	22,269
3	3	14	6,307
3	3	20	6,34
3	3	21	10,794
3	3	26	12,06
3	3	27	8,613
3	3	31	7,024
3	3	32	13,325
3	3	34	2,332
3	3	35	2,648
3	3	36	4,53
3	3	43	8,314
3	3	48	6,965
3	3	50	17,259
3	8	1	1,299
3	8	3	8,134
3	8	14	5,784
3	8	20	5,04
3	8	21	41,144
3	8	26	13,104
3	8	27	30,409
3	8	31	4,673
3	8	32	4,654
3	8	34	27,965
3	8	35	2,636
3	8	36	1,742
3	8	43	1,133
3	8	48	5,351
3	8	50	12,055
3	14	1	10,608
3	14	3	1,904
3	14	8	44,802
3	14	20	2,037
3	14	21	0,526
3	14	26	15,329
3	14	27	0,667
3	14	31	4,132
3	14	32	6,943
3	14	34	5,59
3	14	35	6,454
3	14	36	1,64
3	14	43	2,977
3	14	48	5,382
3	14	50	5,016
3	20	1	13,497
3	20	3	4,323
3	20	8	6,187
3	20	14	0,752
3	20	21	0,612
3	20	26	7,797
3	20	27	4,04
3	20	31	2,422
3	20	32	31,217
3	20	34	3,727
3	20	35	8,592
3	20	36	1,969
3	20	43	10,312
3	20	48	2,266
3	20	50	8,928
3	21	1	4,121
3	21	3	4,679
3	21	8	2,719
3	21	14	0,631
3	21	20	1,667
3	21	26	0,524
3	21	27	4,087
3	21	31	0,789
3	21	32	7,909
3	21	34	3,493
3	21	35	1,264
3	21	36	2,938
3	21	43	3,515
3	21	48	4,118
3	21	50	7,787
3	26	1	1,212
3	26	3	0,981
3	26	8	28,07
3	26	14	15,483
3	26	20	3,539
3	26	21	9,222
3	26	27	1,555
3	26	31	0,808
3	26	32	5,653
3	26	34	0,654
3	26	35	14,219
3	26	36	0,983
3	26	43	8,303
3	26	48	0,943
3	26	50	3,313
3	27	1	7,501
3	27	3	9,284
3	27	8	20,245
3	27	14	8,221
3	27	20	1,376
3	27	21	2,413
3	27	26	0,515
3	27	31	9,524
3	27	32	0,654
3	27	34	3,661
3	27	35	1,695
3	27	36	3,186
3	27	43	1,19
3	27	48	3,784
3	27	50	3,311
3	31	1	1,685
3	31	3	2,007
3	31	8	3,325
3	31	14	7,541
3	31	20	3,411
3	31	21	1,623
3	31	26	20,403
3	31	27	2,451
3	31	32	11,685
3	31	34	3,423
3	31	35	2,012
3	31	36	5,568
3	31	43	2,702
3	31	48	1,809
3	31	50	0,819
3	32	1	0,587
3	32	3	17,311
3	32	8	5,28
3	32	14	11,101
3	32	20	15,069
3	32	21	17,95
3	32	26	5,363
3	32	27	2,474
3	32	31	3,492
3	32	34	10,424
3	32	35	3,553
3	32	36	3,989
3	32	43	3,907
3	32	48	2,277
3	32	50	5,04
3	34	1	20,389
3	34	3	18,437
3	34	8	5,245
3	34	14	2,722
3	34	20	6,937
3	34	21	28,871
3	34	26	12,768
3	34	27	1,428
3	34	31	4,36
3	34	32	5,643
3	34	35	15,271
3	34	36	11,631
3	34	43	2,049
3	34	48	3,138
3	34	50	27,774
3	35	1	1,307
3	35	3	4,967
3	35	8	6,639
3	35	14	0,992
3	35	20	2,237
3	35	21	5,565
3	35	26	3,846
3	35	27	2,597
3	35	31	10,068
3	35	32	1,344
3	35	34	5,782
3	35	36	8,155
3	35	43	1,459
3	35	48	1,706
3	35	50	4,148
3	36	1	19,879
3	36	3	4,671
3	36	8	8,277
3	36	14	1,586
3	36	20	1,277
3	36	21	1,225
3	36	26	4,002
3	36	27	10,109
3	36	31	6,009
3	36	32	3,595
3	36	34	4,769
3	36	35	4,083
3	36	43	11,896
3	36	48	8,745
3	36	50	6,749
3	43	1	7,113
3	43	3	2,942
3	43	8	0,606
3	43	14	3,118
3	43	20	1,64
3	43	21	4,41
3	43	26	4,758
3	43	27	1,176
3	43	31	0,842
3	43	32	2,841
3	43	34	2,029
3	43	35	8,631
3	43	36	7,247
3	43	48	1,92
3	43	50	2,96
3	48	1	7,963
3	48	3	2,998
3	48	8	5,377
3	48	14	2,38
3	48	20	5,781
3	48	21	5,867
3	48	26	7,802
3	48	27	0,78
3	48	31	1,533
3	48	32	5,859
3	48	34	4,858
3	48	35	0,748
3	48	36	4,832
3	48	43	1,34
3	48	50	2,834
3	50	1	6,459
3	50	3	13,115
3	50	8	1,095
3	50	14	3,276
3	50	20	2,373
3	50	21	6,594
3	50	26	4,272
3	50	27	4,942
3	50	31	5,177
3	50	32	12,987
3	50	34	0,846
3	50	35	1,555
3	50	36	5,485
3	50	43	8,297
3	50	48	10,048
4	2	7	0,945
4	2	9	0,927
4	2	12	2,188
4	2	13	4,418
4	2	17	4,236
4	2	18	3,014
4	2	22	2,5
4	2	26	1,961
4	2	30	1,419
4	2	33	19,863
4	2	40	10,987
4	2	44	5,102
4	2	46	7,735
4	2	47	3,363
4	2	48	3,958
4	7	2	26,278
4	7	9	3,156
4	7	12	10,343
4	7	13	5,04
4	7	17	1,43
4	7	18	2,878
4	7	22	6,681
4	7	26	4,992
4	7	30	2,59
4	7	33	1,889
4	7	40	15,816
4	7	44	15,834
4	7	46	2,87
4	7	47	2,383
4	7	48	1,13
4	9	2	5,933
4	9	7	1,667
4	9	12	2,871
4	9	13	5,621
4	9	17	15,307
4	9	18	2,841
4	9	22	3,844
4	9	26	2,619
4	9	30	2,619
4	9	33	12,795
4	9	40	7,394
4	9	44	1,573
4	9	46	1,157
4	9	47	5,872
4	9	48	8,623
4	12	2	4,411
4	12	7	4,99
4	12	9	14,746
4	12	13	7,552
4	12	17	1,615
4	12	18	4,073
4	12	22	4,899
4	12	26	2,677
4	12	30	6,764
4	12	33	9,946
4	12	40	8,957
4	12	44	9,366
4	12	46	4,875
4	12	47	15,875
4	12	48	2,787
4	13	2	1,846
4	13	7	3,728
4	13	9	16,998
4	13	12	18,057
4	13	17	4,64
4	13	18	1,804
4	13	22	11,075
4	13	26	1,446
4	13	30	3,323
4	13	33	3,823
4	13	40	1,581
4	13	44	3,883
4	13	46	20,233
4	13	47	1,202
4	13	48	2,989
4	17	2	2,753
4	17	7	12,267
4	17	9	4,258
4	17	12	6,873
4	17	13	12,459
4	17	18	4,16
4	17	22	21,533
4	17	26	1,783
4	17	30	3,69
4	17	33	2,498
4	17	40	2,153
4	17	44	20,701
4	17	46	2,575
4	17	47	13,24
4	17	48	1,94
4	18	2	2,596
4	18	7	1,534
4	18	9	7,951
4	18	12	2,12
4	18	13	6,592
4	18	17	15,061
4	18	22	4,631
4	18	26	1,742
4	18	30	1,487
4	18	33	1,139
4	18	40	9,667
4	18	44	9,121
4	18	46	23,469
4	18	47	2,774
4	18	48	2,989
4	22	2	2,125
4	22	7	1,202
4	22	9	5,13
4	22	12	19,672
4	22	13	0,532
4	22	17	3,171
4	22	18	23,353
4	22	26	0,815
4	22	30	0,503
4	22	33	3,721
4	22	40	16,58
4	22	44	0,531
4	22	46	14,785
4	22	47	0,951
4	22	48	2,622
4	26	2	5,262
4	26	7	9,262
4	26	9	8,818
4	26	12	16,351
4	26	13	0,518
4	26	17	1,105
4	26	18	7,802
4	26	22	15,995
4	26	30	4,644
4	26	33	2,799
4	26	40	10,353
4	26	44	8,849
4	26	46	4,069
4	26	47	4,937
4	26	48	2,168
4	30	2	4,921
4	30	7	2,774
4	30	9	7,814
4	30	12	4,52
4	30	13	4,599
4	30	17	2,406
4	30	18	3,14
4	30	22	1,391
4	30	26	3,585
4	30	33	0,564
4	30	40	2,416
4	30	44	3,543
4	30	46	1,064
4	30	47	2,332
4	30	48	9,326
4	33	2	9,918
4	33	7	1,004
4	33	9	0,647
4	33	12	1,423
4	33	13	1,038
4	33	17	27,178
4	33	18	22,376
4	33	22	3,799
4	33	26	5,207
4	33	30	20,068
4	33	40	6,927
4	33	44	1,573
4	33	46	3,676
4	33	47	8,504
4	33	48	35,101
4	40	2	0,759
4	40	7	17,123
4	40	9	15,145
4	40	12	4,974
4	40	13	11,409
4	40	17	2,147
4	40	18	1,012
4	40	22	3,533
4	40	26	6,08
4	40	30	1,196
4	40	33	0,766
4	40	44	7,79
4	40	46	25,501
4	40	47	4,881
4	40	48	10,756
4	44	2	1,56
4	44	7	6,2
4	44	9	4,73
4	44	12	13,754
4	44	13	8,03
4	44	17	5,872
4	44	18	0,799
4	44	22	9,638
4	44	26	2,194
4	44	30	3,622
4	44	33	2,634
4	44	40	6,343
4	44	46	0,786
4	44	47	1,206
4	44	48	14,198
4	46	2	0,627
4	46	7	2,393
4	46	9	0,736
4	46	12	1,469
4	46	13	14,335
4	46	17	5,552
4	46	18	0,816
4	46	22	2,546
4	46	26	2,732
4	46	30	17,689
4	46	33	1,483
4	46	40	9,762
4	46	44	8,4
4	46	47	8,384
4	46	48	18,59
4	47	2	0,56
4	47	7	1,697
4	47	9	12,214
4	47	12	1,396
4	47	13	7,063
4	47	17	7,555
4	47	18	12,062
4	47	22	2,95
4	47	26	14,871
4	47	30	8,374
4	47	33	2,566
4	47	40	2,186
4	47	44	2,435
4	47	46	4,656
4	47	48	0,62
4	48	2	1,224
4	48	7	1,4
4	48	9	2,261
4	48	12	2,704
4	48	13	3,114
4	48	17	3,715
4	48	18	2,476
4	48	22	3,202
4	48	26	18,164
4	48	30	4,358
4	48	33	2,54
4	48	40	11,03
4	48	44	5,08
4	48	46	3,424
4	48	47	21,487
5	2	4	8,883
5	2	7	2,148
5	2	8	9,639
5	2	10	0,593
5	2	13	12,554
5	2	15	3,848
5	2	20	0,626
5	2	21	0,553
5	2	22	10,84
5	2	23	3,309
5	2	24	2,352
5	2	25	16,831
5	2	29	4,452
5	2	35	8,7
5	2	37	3,843
5	2	39	4,286
5	2	40	11,228
5	2	42	2,098
5	2	48	9,529
5	2	49	1,868
5	4	2	26,392
5	4	7	9,45
5	4	8	4,303
5	4	10	2,56
5	4	13	4,078
5	4	15	0,784
5	4	20	0,522
5	4	21	2,74
5	4	22	9,857
5	4	23	2,823
5	4	24	2,939
5	4	25	3,116
5	4	29	20,508
5	4	35	2,201
5	4	37	3,945
5	4	39	4,081
5	4	40	0,647
5	4	42	2,648
5	4	48	1,015
5	4	49	5,185
5	7	2	3,987
5	7	4	1,619
5	7	8	2,82
5	7	10	16,523
5	7	13	3,413
5	7	15	16,286
5	7	20	1,05
5	7	21	15,3
5	7	22	7,765
5	7	23	1,039
5	7	24	17,856
5	7	25	6,292
5	7	29	10,478
5	7	35	1,269
5	7	37	2,641
5	7	39	9,759
5	7	40	6,053
5	7	42	4,738
5	7	48	1,44
5	7	49	1,163
5	8	2	5,71
5	8	4	12,175
5	8	7	3,009
5	8	10	2,279
5	8	13	1,846
5	8	15	3,999
5	8	20	9,271
5	8	21	2,991
5	8	22	0,54
5	8	23	2,791
5	8	24	1,696
5	8	25	12,042
5	8	29	5,261
5	8	35	22,129
5	8	37	7,08
5	8	39	3,948
5	8	40	1,71
5	8	42	2,954
5	8	48	1,61
5	8	49	10,518
5	10	2	3,205
5	10	4	6,436
5	10	7	6,922
5	10	8	1,328
5	10	13	6,903
5	10	15	7,454
5	10	20	13,085
5	10	21	3,475
5	10	22	1,931
5	10	23	4,581
5	10	24	16,592
5	10	25	1,186
5	10	29	1,929
5	10	35	5,206
5	10	37	1,947
5	10	39	1,953
5	10	40	1,585
5	10	42	2,302
5	10	48	3,285
5	10	49	5,441
5	13	2	12
5	13	4	3,076
5	13	7	4,241
5	13	8	5,976
5	13	10	0,807
5	13	15	5,824
5	13	20	0,629
5	13	21	0,525
5	13	22	1,739
5	13	23	3,22
5	13	24	3,795
5	13	25	9,652
5	13	29	12,942
5	13	35	25,756
5	13	37	1,415
5	13	39	1,397
5	13	40	0,53
5	13	42	4,527
5	13	48	11,806
5	13	49	4,701
5	15	2	2,832
5	15	4	2,018
5	15	7	15,16
5	15	8	3,65
5	15	10	3,388
5	15	13	6,708
5	15	20	11,182
5	15	21	1,063
5	15	22	1,327
5	15	23	7,416
5	15	24	2,666
5	15	25	5,671
5	15	29	6,492
5	15	35	5,461
5	15	37	17,032
5	15	39	2,539
5	15	40	1,027
5	15	42	2,886
5	15	48	5,556
5	15	49	2,034
5	20	2	10,091
5	20	4	0,767
5	20	7	13,396
5	20	8	1,498
5	20	10	12,731
5	20	13	11,597
5	20	15	11,49
5	20	21	5,594
5	20	22	1,741
5	20	23	9,121
5	20	24	0,794
5	20	25	10,214
5	20	29	10,1
5	20	35	6,954
5	20	37	4,635
5	20	39	3,452
5	20	40	24,652
5	20	42	3,722
5	20	48	1,142
5	20	49	6,056
5	21	2	3,643
5	21	4	1,596
5	21	7	1,5
5	21	8	10,552
5	21	10	12,653
5	21	13	3,625
5	21	15	5,487
5	21	20	1,537
5	21	22	3,571
5	21	23	1,917
5	21	24	7,393
5	21	25	5,587
5	21	29	0,984
5	21	35	6,519
5	21	37	11,253
5	21	39	0,902
5	21	40	1,115
5	21	42	12,438
5	21	48	1,68
5	21	49	1,862
5	22	2	1,602
5	22	4	4,347
5	22	7	0,626
5	22	8	1,621
5	22	10	2,392
5	22	13	6,622
5	22	15	2,694
5	22	20	5,221
5	22	21	12,656
5	22	23	2,726
5	22	24	0,662
5	22	25	25,625
5	22	29	1,036
5	22	35	8,467
5	22	37	0,97
5	22	39	1,862
5	22	40	3,574
5	22	42	7,164
5	22	48	2,415
5	22	49	3,163
5	23	2	13,121
5	23	4	0,911
5	23	7	11,611
5	23	8	2,491
5	23	10	17,063
5	23	13	7,815
5	23	15	0,76
5	23	20	0,999
5	23	21	13,956
5	23	22	2,128
5	23	24	10,265
5	23	25	18,344
5	23	29	9,86
5	23	35	0,659
5	23	37	0,835
5	23	39	2,729
5	23	40	3,172
5	23	42	1,894
5	23	48	3,042
5	23	49	4,502
5	24	2	4,156
5	24	4	1,437
5	24	7	12,584
5	24	8	44,874
5	24	10	0,621
5	24	13	18,941
5	24	15	26,725
5	24	20	7,726
5	24	21	7,168
5	24	22	0,586
5	24	23	5,393
5	24	25	2,397
5	24	29	13,923
5	24	35	0,689
5	24	37	13,939
5	24	39	2,961
5	24	40	6,025
5	24	42	8,36
5	24	48	18,094
5	24	49	11,461
5	25	2	5,928
5	25	4	1,683
5	25	7	9,653
5	25	8	6,4
5	25	10	1,013
5	25	13	7,554
5	25	15	1,338
5	25	20	14,506
5	25	21	1,029
5	25	22	23,136
5	25	23	8,916
5	25	24	3,483
5	25	29	5,448
5	25	35	4,698
5	25	37	3,402
5	25	39	11,338
5	25	40	4,612
5	25	42	5,762
5	25	48	13,871
5	25	49	3,293
5	29	2	3,726
5	29	4	1,345
5	29	7	27,509
5	29	8	5,384
5	29	10	13,322
5	29	13	2,621
5	29	15	1,15
5	29	20	1,908
5	29	21	2,408
5	29	22	4,574
5	29	23	6,399
5	29	24	10,549
5	29	25	5,817
5	29	35	4,126
5	29	37	6,915
5	29	39	4,426
5	29	40	5,166
5	29	42	2,647
5	29	48	5,797
5	29	49	2,853
5	35	2	6,133
5	35	4	2,589
5	35	7	24,847
5	35	8	4,238
5	35	10	9,551
5	35	13	5,165
5	35	15	6,706
5	35	20	0,835
5	35	21	30,115
5	35	22	10,817
5	35	23	13,028
5	35	24	6,639
5	35	25	11,285
5	35	29	3,305
5	35	37	8,295
5	35	39	2,049
5	35	40	4,483
5	35	42	18,714
5	35	48	1,229
5	35	49	10,615
5	37	2	5,761
5	37	4	2,735
5	37	7	3,945
5	37	8	1,985
5	37	10	1,669
5	37	13	25,742
5	37	15	1,408
5	37	20	2,886
5	37	21	4,675
5	37	22	1,888
5	37	23	3,958
5	37	24	7,636
5	37	25	4,287
5	37	29	4,436
5	37	35	13,449
5	37	39	12,714
5	37	40	4,708
5	37	42	2,195
5	37	48	1,173
5	37	49	3,105
5	39	2	1,529
5	39	4	6,619
5	39	7	2,367
5	39	8	1,424
5	39	10	17,719
5	39	13	16,883
5	39	15	4,616
5	39	20	2,241
5	39	21	2,541
5	39	22	3,604
5	39	23	25,52
5	39	24	12,289
5	39	25	3,902
5	39	29	7,932
5	39	35	1,712
5	39	37	0,81
5	39	40	1,02
5	39	42	3,116
5	39	48	24,942
5	39	49	1,881
5	40	2	1,017
5	40	4	3,677
5	40	7	6,917
5	40	8	7,53
5	40	10	10,123
5	40	13	4,712
5	40	15	2,42
5	40	20	3,069
5	40	21	9,897
5	40	22	19,596
5	40	23	2,158
5	40	24	11,31
5	40	25	7,578
5	40	29	5,075
5	40	35	13,431
5	40	37	104,661
5	40	39	5,502
5	40	42	1,187
5	40	48	3,536
5	40	49	15,699
5	42	2	0,69
5	42	4	2,177
5	42	7	25,69
5	42	8	4,299
5	42	10	4,314
5	42	13	0,543
5	42	15	2,858
5	42	20	1,975
5	42	21	6,098
5	42	22	3,326
5	42	23	6,491
5	42	24	3,164
5	42	25	2,396
5	42	29	7,543
5	42	35	0,745
5	42	37	13,481
5	42	39	1,399
5	42	40	4,483
5	42	48	10,504
5	42	49	3,777
5	48	2	6,123
5	48	4	1,365
5	48	7	3,888
5	48	8	6,6
5	48	10	7,113
5	48	13	13,122
5	48	15	2,76
5	48	20	5,528
5	48	21	0,889
5	48	22	5,777
5	48	23	0,76
5	48	24	13,413
5	48	25	1,628
5	48	29	8,48
5	48	35	1,457
5	48	37	1,631
5	48	39	5,117
5	48	40	15,789
5	48	42	15,303
5	48	49	13,151
5	49	2	12,267
5	49	4	7,043
5	49	7	37,344
5	49	8	7,631
5	49	10	1,111
5	49	13	8,169
5	49	15	2,601
5	49	20	15,029
5	49	21	8,557
5	49	22	5,911
5	49	23	2,802
5	49	24	8,479
5	49	25	16,457
5	49	29	11,733
5	49	35	3,793
5	49	37	0,866
5	49	39	0,79
5	49	40	5,573
5	49	42	3,698
5	49	48	6,191
6	4	5	1,983
6	4	7	4,83
6	4	9	7,28
6	4	11	3,07
6	4	14	4,866
6	4	16	2,175
6	4	21	21,315
6	4	24	12,033
6	4	26	0,748
6	4	29	0,548
6	4	31	5,965
6	4	33	2,723
6	4	35	3,998
6	4	36	11,128
6	4	43	3,26
6	4	47	0,847
6	4	49	13,559
6	4	50	2,158
6	5	4	3,962
6	5	7	5,049
6	5	9	9,953
6	5	11	2,799
6	5	14	2,473
6	5	16	4,723
6	5	21	4,989
6	5	24	1,742
6	5	26	18,38
6	5	29	1,045
6	5	31	6,003
6	5	33	1,403
6	5	35	3,984
6	5	36	1,513
6	5	43	2,805
6	5	47	4,384
6	5	49	1,091
6	5	50	3,126
6	7	4	12,792
6	7	5	0,576
6	7	9	4,063
6	7	11	1,897
6	7	14	7,581
6	7	16	2,908
6	7	21	3,737
6	7	24	12,394
6	7	26	9,96
6	7	29	8,755
6	7	31	22,998
6	7	33	1,365
6	7	35	1,092
6	7	36	7,269
6	7	43	1,509
6	7	47	5,306
6	7	49	2,951
6	7	50	1,322
6	9	4	10,126
6	9	5	18,572
6	9	7	9,232
6	9	11	8,286
6	9	14	1,094
6	9	16	3,73
6	9	21	5,656
6	9	24	2,112
6	9	26	7,57
6	9	29	20,68
6	9	31	1,973
6	9	33	1,964
6	9	35	5,617
6	9	36	5,952
6	9	43	5,244
6	9	47	2,332
6	9	49	15,123
6	9	50	2,096
6	11	4	14,915
6	11	5	7,029
6	11	7	2,968
6	11	9	1,913
6	11	14	0,545
6	11	16	1,97
6	11	21	1,791
6	11	24	3,047
6	11	26	2,653
6	11	29	2,512
6	11	31	4,497
6	11	33	8,019
6	11	35	8,27
6	11	36	8,38
6	11	43	1,927
6	11	47	3,183
6	11	49	1,595
6	11	50	2,874
6	14	4	1,964
6	14	5	3,268
6	14	7	3,734
6	14	9	0,576
6	14	11	1,356
6	14	16	0,625
6	14	21	14,61
6	14	24	11,125
6	14	26	0,504
6	14	29	4,716
6	14	31	7,365
6	14	33	12,461
6	14	35	0,976
6	14	36	2,84
6	14	43	0,554
6	14	47	4,867
6	14	49	22,389
6	14	50	1,712
6	16	4	27,71
6	16	5	7,03
6	16	7	14,946
6	16	9	1,984
6	16	11	4,104
6	16	14	17,306
6	16	21	3,774
6	16	24	2,345
6	16	26	6,935
6	16	29	5,329
6	16	31	4,179
6	16	33	2,61
6	16	35	2,459
6	16	36	1,627
6	16	43	2,806
6	16	47	2,346
6	16	49	6,323
6	16	50	4,888
6	21	4	3,719
6	21	5	0,945
6	21	7	0,783
6	21	9	3,104
6	21	11	3,975
6	21	14	2,234
6	21	16	6,585
6	21	24	2,622
6	21	26	4,5
6	21	29	4,206
6	21	31	5,328
6	21	33	5,01
6	21	35	2,752
6	21	36	4,358
6	21	43	1,702
6	21	47	8,313
6	21	49	2,544
6	21	50	5,823
6	24	4	2,337
6	24	5	14,137
6	24	7	1,409
6	24	9	5,296
6	24	11	0,575
6	24	14	4,806
6	24	16	7,282
6	24	21	2,351
6	24	26	2,984
6	24	29	4,547
6	24	31	1,161
6	24	33	10,977
6	24	35	4,452
6	24	36	3,223
6	24	43	1,839
6	24	47	11,125
6	24	49	13,009
6	24	50	2,477
6	26	4	2,959
6	26	5	2,326
6	26	7	0,831
6	26	9	5,648
6	26	11	4,348
6	26	14	8,857
6	26	16	11,178
6	26	21	1,875
6	26	24	6,821
6	26	29	13,852
6	26	31	5,329
6	26	33	21,855
6	26	35	2,708
6	26	36	1,178
6	26	43	1,746
6	26	47	29,599
6	26	49	3,174
6	26	50	0,62
6	29	4	10,429
6	29	5	8,404
6	29	7	12,445
6	29	9	4,411
6	29	11	1,407
6	29	14	4,416
6	29	16	3,84
6	29	21	9,777
6	29	24	3,575
6	29	26	4,636
6	29	31	0,798
6	29	33	4,511
6	29	35	1,033
6	29	36	1,007
6	29	43	6,584
6	29	47	1,171
6	29	49	2,697
6	29	50	3,259
6	31	4	0,827
6	31	5	21,502
6	31	7	3,063
6	31	9	0,942
6	31	11	7,918
6	31	14	13,084
6	31	16	2,243
6	31	21	19,275
6	31	24	6,569
6	31	26	2,391
6	31	29	1,38
6	31	33	10,117
6	31	35	3,677
6	31	36	1,749
6	31	43	8,977
6	31	47	4,699
6	31	49	1,861
6	31	50	0,544
6	33	4	4,589
6	33	5	1,089
6	33	7	24,069
6	33	9	1,064
6	33	11	3,228
6	33	14	1,389
6	33	16	3,671
6	33	21	35,552
6	33	24	5,34
6	33	26	11,904
6	33	29	1,567
6	33	31	5,743
6	33	35	13,734
6	33	36	6,959
6	33	43	7,855
6	33	47	2,942
6	33	49	15,21
6	33	50	3,125
6	35	4	3,644
6	35	5	9,699
6	35	7	10,569
6	35	9	1,693
6	35	11	16,561
6	35	14	2,667
6	35	16	12,558
6	35	21	0,501
6	35	24	18,247
6	35	26	2,134
6	35	29	12,806
6	35	31	0,902
6	35	33	3,177
6	35	36	1,167
6	35	43	1,32
6	35	47	11,145
6	35	49	10,995
6	35	50	2,877
6	36	4	11,374
6	36	5	2,593
6	36	7	1,473
6	36	9	3,05
6	36	11	27,313
6	36	14	0,513
6	36	16	2,388
6	36	21	4,876
6	36	24	1,989
6	36	26	2,5
6	36	29	2,141
6	36	31	7,27
6	36	33	11,694
6	36	35	9,689
6	36	43	6,11
6	36	47	7,893
6	36	49	3,147
6	36	50	8,523
6	43	4	4,901
6	43	5	32,958
6	43	7	3,594
6	43	9	6,976
6	43	11	1,903
6	43	14	10,022
6	43	16	1,199
6	43	21	7,229
6	43	24	4,352
6	43	26	27,807
6	43	29	0,9
6	43	31	2,997
6	43	33	13,303
6	43	35	9,607
6	43	36	3,281
6	43	47	5,598
6	43	49	0,607
6	43	50	4,235
6	47	4	1,954
6	47	5	1,684
6	47	7	3,796
6	47	9	2,892
6	47	11	2,41
6	47	14	1,255
6	47	16	7,38
6	47	21	4,949
6	47	24	9,144
6	47	26	1,052
6	47	29	6,925
6	47	31	2,574
6	47	33	12,341
6	47	35	12,49
6	47	36	4,761
6	47	43	2,849
6	47	49	2,441
6	47	50	2,98
6	49	4	4,629
6	49	5	2,088
6	49	7	3,081
6	49	9	8,947
6	49	11	30,923
6	49	14	13,619
6	49	16	3,261
6	49	21	8,887
6	49	24	2,236
6	49	26	4,535
6	49	29	9,688
6	49	31	8,494
6	49	33	5,16
6	49	35	1,536
6	49	36	0,884
6	49	43	4,74
6	49	47	8,606
6	49	50	1,273
6	50	4	9,536
6	50	5	3,628
6	50	7	1,41
6	50	9	2,635
6	50	11	1,76
6	50	14	13,554
6	50	16	4,307
6	50	21	4,024
6	50	24	26,958
6	50	26	5,603
6	50	29	5,931
6	50	31	0,908
6	50	33	4,09
6	50	35	3,176
6	50	36	3,462
6	50	43	4,61
6	50	47	9,987
6	50	49	1,617

