#num jobs
50
#num machines
6

#jobId machId procTime energyCons
1	2	25,65	186,54
2	4	6,74	7,08
3	1	16,37	130,26
4	1	3,81	30,33
4	4	33,46	35,13
4	5	15,63	209,28
4	6	6,7	87,79
5	5	42,38	567,43
6	4	8,2	8,62
6	3	7,36	78,49
7	2	10,24	74,47
8	4	28,78	30,22
8	6	6,3	82,55
9	3	46,62	496,99
10	6	6,79	89,07
11	3	70,96	756,44
12	6	125,79	1649,35
12	5	11,63	155,74
13	6	21,29	279,12
13	4	5,21	5,47
14	5	9,64	129,03
15	3	372,95	3975,86
16	3	84,01	895,64
16	4	3,83	4,02
16	6	13,87	181,86
17	2	13,69	99,59
18	2	9,19	66,86
19	3	4,01	42,75
19	6	9,26	121,39
20	6	8,15	106,89
20	4	2,14	2,24
21	2	11,71	85,17
22	6	4,37	57,3
22	5	1201,96	16094,93
23	4	36,14	37,95
24	4	1,1	1,16
24	3	191,71	2043,72
25	1	19,27	153,4
25	5	1,51	20,28
25	6	621,29	8146,61
26	4	3,33	3,5
26	2	9,66	70,29
27	6	9,92	130,14
27	3	5,34	56,91
28	2	40,46	294,24
29	2	6,28	45,64
30	1	3,42	27,22
30	2	26,27	191,07
31	3	7,43	79,21
32	1	3,27	26,03
33	6	1843,78	24176,24
33	2	1,62	11,75
34	4	8,5	8,92
35	1	67,36	536,17
35	3	83,21	887,09
36	6	305,54	4006,32
36	4	237,55	249,45
36	2	3,99	29
36	1	33,51	266,68
37	6	1,66	21,75
37	4	1,05	1,1
38	4	9,56	10,04
39	3	7,41	79,02
39	2	4,73	34,39
40	6	2,95	38,73
41	2	4,94	35,93
41	3	2,95	31,46
41	6	60,02	787,05
42	4	29,35	30,82
43	6	1,22	15,98
44	1	6,85	54,5
44	5	27,72	371,16
45	1	12,12	96,5
45	2	5,62	40,88
45	5	7,93	106,18
46	6	50,83	666,51
47	2	28,01	203,73
48	6	2,93	38,48
48	5	10,02	134,22
48	4	70,45	73,98
48	2	18,02	131,08
49	6	2,37	31,05
49	4	241,13	253,21
49	3	47,28	504,02
50	2	70,33	511,5
50	4	34,16	35,87
50	5	104,43	1398,34

#jobId ddate weight rdate
1	331,946	37	1079,242
2	462,862	32	3,41
3	612,35	25	736,833
4	248,175	33	21,974
5	355,255	23	597,093
6	329,733	21	611,835
7	428,544	40	230,418
8	271,818	45	796,119
9	414,256	15	95,023
10	432,439	25	961,572
11	683,577	9	801,122
12	574,42	13	340,829
13	427,651	33	816,815
14	413,023	7	287,967
15	684,356	28	288,606
16	263,068	33	176,786
17	365,131	37	19,238
18	512,011	21	919,922
19	485,048	13	150,32
20	612,183	46	121,515
21	390,33	40	449,777
22	686,387	16	55,506
23	453,186	11	596,1
24	319,764	41	899,215
25	571,106	47	38,802
26	535,566	22	112,667
27	387,889	46	377,971
28	512,835	41	168,272
29	581,347	44	428,916
30	572,125	9	223,43
31	231,662	30	682,681
32	573,163	43	56,732
33	383,896	10	1138,932
34	342,045	32	668,715
35	432,826	12	113,416
36	647,413	38	996,275
37	441,376	2	1017,717
38	596,651	39	560,734
39	682,467	13	837,75
40	677,182	34	262,601
41	422,268	16	846,665
42	255,104	10	220,257
43	326,294	49	1138,868
44	270,507	6	379,173
45	338,568	37	114,612
46	363,823	3	200,023
47	500,122	25	978,845
48	286,438	15	326,871
49	289,945	6	231,538
50	609,505	16	870,751

#machId jobPred jobSucc setupTime
1	3	4	1,705
1	3	25	6,201
1	3	30	2,466
1	3	32	1,721
1	3	35	13,396
1	3	36	6,728
1	3	44	5,845
1	3	45	1,661
1	4	3	1,485
1	4	25	15,059
1	4	30	4,481
1	4	32	1,544
1	4	35	2,121
1	4	36	2,669
1	4	44	2,695
1	4	45	19,409
1	25	3	1,749
1	25	4	11,399
1	25	30	12,328
1	25	32	25,957
1	25	35	17,42
1	25	36	4,095
1	25	44	16,734
1	25	45	10,627
1	30	3	17,38
1	30	4	6,361
1	30	25	0,982
1	30	32	1,69
1	30	35	4,041
1	30	36	0,698
1	30	44	5,707
1	30	45	2,682
1	32	3	12,805
1	32	4	5,356
1	32	25	0,523
1	32	30	4,649
1	32	35	4,168
1	32	36	4,336
1	32	44	4,612
1	32	45	7,715
1	35	3	6,189
1	35	4	13,347
1	35	25	2,398
1	35	30	4,541
1	35	32	8,727
1	35	36	4,709
1	35	44	0,633
1	35	45	6,958
1	36	3	3,04
1	36	4	9,536
1	36	25	1,963
1	36	30	18,463
1	36	32	9,73
1	36	35	2,26
1	36	44	1,406
1	36	45	6,833
1	44	3	2,252
1	44	4	1,779
1	44	25	4,454
1	44	30	6,285
1	44	32	4,844
1	44	35	14,387
1	44	36	6,52
1	44	45	0,953
1	45	3	18,537
1	45	4	3,626
1	45	25	8,043
1	45	30	1,706
1	45	32	3,71
1	45	35	1,814
1	45	36	14,905
1	45	44	3,235
2	1	7	23,819
2	1	17	5,468
2	1	18	15,854
2	1	21	0,657
2	1	26	14,572
2	1	28	2,593
2	1	29	2,177
2	1	30	0,992
2	1	33	3,86
2	1	36	4,605
2	1	39	20,635
2	1	41	1,863
2	1	45	3,237
2	1	47	9,224
2	1	48	1,075
2	1	50	9,401
2	7	1	6,186
2	7	17	3,201
2	7	18	0,893
2	7	21	3,692
2	7	26	17,293
2	7	28	0,962
2	7	29	4,703
2	7	30	1,719
2	7	33	0,759
2	7	36	2,416
2	7	39	4,67
2	7	41	3,404
2	7	45	2,856
2	7	47	0,68
2	7	48	6,996
2	7	50	19,802
2	17	1	2,561
2	17	7	5,229
2	17	18	1,619
2	17	21	0,839
2	17	26	4,088
2	17	28	2,153
2	17	29	5,723
2	17	30	14,125
2	17	33	4,771
2	17	36	2,645
2	17	39	5,425
2	17	41	21,632
2	17	45	1,157
2	17	47	7,935
2	17	48	5,929
2	17	50	9,959
2	18	1	3,588
2	18	7	2,538
2	18	17	3,49
2	18	21	6,868
2	18	26	0,618
2	18	28	4,372
2	18	29	17,664
2	18	30	6,849
2	18	33	2,204
2	18	36	6,219
2	18	39	2,644
2	18	41	3,558
2	18	45	12,775
2	18	47	5,974
2	18	48	2,293
2	18	50	1,591
2	21	1	1,971
2	21	7	1,317
2	21	17	2,264
2	21	18	27,109
2	21	26	1,965
2	21	28	43,801
2	21	29	2,392
2	21	30	4,35
2	21	33	3,644
2	21	36	6,185
2	21	39	6,069
2	21	41	19,659
2	21	45	6,26
2	21	47	11,017
2	21	48	11,462
2	21	50	8,626
2	26	1	2,502
2	26	7	2,035
2	26	17	7,295
2	26	18	4,096
2	26	21	6,465
2	26	28	4,669
2	26	29	17,794
2	26	30	1,841
2	26	33	6,139
2	26	36	6,273
2	26	39	4,545
2	26	41	5,393
2	26	45	0,705
2	26	47	14,413
2	26	48	2,932
2	26	50	1,907
2	28	1	4,727
2	28	7	9,371
2	28	17	1,862
2	28	18	5,345
2	28	21	4,183
2	28	26	2,711
2	28	29	4,372
2	28	30	5,114
2	28	33	5,28
2	28	36	6,477
2	28	39	20,618
2	28	41	2,823
2	28	45	7,521
2	28	47	15,253
2	28	48	1,964
2	28	50	7,746
2	29	1	2,707
2	29	7	4,373
2	29	17	4,988
2	29	18	1,514
2	29	21	8,885
2	29	26	10,888
2	29	28	12,36
2	29	30	7,402
2	29	33	0,937
2	29	36	15,044
2	29	39	0,72
2	29	41	7,094
2	29	45	9,322
2	29	47	2,397
2	29	48	6,367
2	29	50	0,84
2	30	1	11,315
2	30	7	7,982
2	30	17	3,353
2	30	18	8,485
2	30	21	2,126
2	30	26	8,046
2	30	28	5,808
2	30	29	2,052
2	30	33	2,753
2	30	36	25,193
2	30	39	1,011
2	30	41	16,015
2	30	45	1,696
2	30	47	0,639
2	30	48	16,263
2	30	50	3,582
2	33	1	2,255
2	33	7	1,204
2	33	17	9,659
2	33	18	7,77
2	33	21	11,539
2	33	26	6,715
2	33	28	0,514
2	33	29	4,118
2	33	30	3,465
2	33	36	11,452
2	33	39	4,958
2	33	41	3,267
2	33	45	3,866
2	33	47	3,448
2	33	48	8,04
2	33	50	3,654
2	36	1	1,334
2	36	7	2,729
2	36	17	2,137
2	36	18	3,24
2	36	21	0,846
2	36	26	9,964
2	36	28	1,207
2	36	29	5,594
2	36	30	17,012
2	36	33	3,942
2	36	39	1,362
2	36	41	7,092
2	36	45	18,274
2	36	47	0,643
2	36	48	6,732
2	36	50	5,492
2	39	1	1,116
2	39	7	2,587
2	39	17	8,105
2	39	18	1,255
2	39	21	7,657
2	39	26	9,956
2	39	28	5,86
2	39	29	16,487
2	39	30	4,684
2	39	33	0,876
2	39	36	3,28
2	39	41	1,184
2	39	45	10,131
2	39	47	2,707
2	39	48	8,224
2	39	50	5,454
2	41	1	0,839
2	41	7	3,623
2	41	17	1,258
2	41	18	3,237
2	41	21	4,315
2	41	26	1,044
2	41	28	8,889
2	41	29	2,014
2	41	30	1,386
2	41	33	1,263
2	41	36	6,492
2	41	39	5,326
2	41	45	2,24
2	41	47	7,426
2	41	48	12,928
2	41	50	15,691
2	45	1	49,66
2	45	7	11,266
2	45	17	3,465
2	45	18	12,933
2	45	21	14,142
2	45	26	5,631
2	45	28	4,669
2	45	29	10,362
2	45	30	1,907
2	45	33	0,677
2	45	36	5,598
2	45	39	7,097
2	45	41	2
2	45	47	3,794
2	45	48	3,146
2	45	50	11,726
2	47	1	14,472
2	47	7	5,135
2	47	17	19,719
2	47	18	6,723
2	47	21	1,354
2	47	26	4,163
2	47	28	13,979
2	47	29	20,325
2	47	30	17,014
2	47	33	0,645
2	47	36	15,618
2	47	39	3,14
2	47	41	9,122
2	47	45	4,921
2	47	48	8,338
2	47	50	0,812
2	48	1	4,315
2	48	7	7,138
2	48	17	35,835
2	48	18	0,88
2	48	21	5,365
2	48	26	5,199
2	48	28	7,856
2	48	29	6,966
2	48	30	51,117
2	48	33	3,908
2	48	36	1,12
2	48	39	6,25
2	48	41	8,024
2	48	45	4,694
2	48	47	14,883
2	48	50	1,79
2	50	1	6,157
2	50	7	10,153
2	50	17	2,451
2	50	18	7,93
2	50	21	5,85
2	50	26	0,727
2	50	28	6,029
2	50	29	0,861
2	50	30	5,43
2	50	33	3,975
2	50	36	0,604
2	50	39	6,354
2	50	41	3,355
2	50	45	7,038
2	50	47	26,154
2	50	48	12,976
3	6	9	12,327
3	6	11	2,215
3	6	15	5,242
3	6	16	19,444
3	6	19	0,535
3	6	24	0,979
3	6	27	1,575
3	6	31	0,918
3	6	35	7,582
3	6	39	1,042
3	6	41	8,042
3	6	49	6,365
3	9	6	0,965
3	9	11	3,634
3	9	15	12,08
3	9	16	3,7
3	9	19	3,062
3	9	24	26,038
3	9	27	1,727
3	9	31	10,612
3	9	35	2,83
3	9	39	0,521
3	9	41	2,193
3	9	49	1,018
3	11	6	15,432
3	11	9	4,384
3	11	15	2,335
3	11	16	6,434
3	11	19	2,1
3	11	24	15,299
3	11	27	3,289
3	11	31	5,664
3	11	35	5,626
3	11	39	4,152
3	11	41	10,763
3	11	49	0,761
3	15	6	2,565
3	15	9	2,099
3	15	11	1,69
3	15	16	0,544
3	15	19	3,664
3	15	24	3,334
3	15	27	0,528
3	15	31	18,42
3	15	35	0,55
3	15	39	3,935
3	15	41	1,45
3	15	49	2,832
3	16	6	3,357
3	16	9	3,073
3	16	11	2,428
3	16	15	9,35
3	16	19	3,125
3	16	24	4,586
3	16	27	0,554
3	16	31	3,864
3	16	35	30,583
3	16	39	5,657
3	16	41	1,878
3	16	49	4,218
3	19	6	15,855
3	19	9	4,468
3	19	11	13,833
3	19	15	4,042
3	19	16	47,551
3	19	24	2,532
3	19	27	2,368
3	19	31	52,259
3	19	35	0,763
3	19	39	0,729
3	19	41	0,945
3	19	49	1,05
3	24	6	12,327
3	24	9	1,859
3	24	11	1,542
3	24	15	4,218
3	24	16	0,591
3	24	19	4,285
3	24	27	0,819
3	24	31	6,763
3	24	35	3,212
3	24	39	18,843
3	24	41	5,872
3	24	49	2,386
3	27	6	5,814
3	27	9	4,583
3	27	11	1,273
3	27	15	15,906
3	27	16	2,256
3	27	19	6,319
3	27	24	5,837
3	27	31	2,932
3	27	35	0,766
3	27	39	6,862
3	27	41	1,052
3	27	49	10,23
3	31	6	1,551
3	31	9	8,392
3	31	11	0,801
3	31	15	3,92
3	31	16	5,372
3	31	19	18,296
3	31	24	2,098
3	31	27	1,031
3	31	35	3,913
3	31	39	6,348
3	31	41	6,135
3	31	49	17,266
3	35	6	5,977
3	35	9	3,488
3	35	11	1,014
3	35	15	2,366
3	35	16	16,63
3	35	19	1,696
3	35	24	5,728
3	35	27	12,349
3	35	31	23,479
3	35	39	3,56
3	35	41	28,536
3	35	49	21,703
3	39	6	31,739
3	39	9	3,776
3	39	11	3,564
3	39	15	1,298
3	39	16	5,154
3	39	19	4,026
3	39	24	1,741
3	39	27	0,511
3	39	31	4,811
3	39	35	4,539
3	39	41	15,478
3	39	49	0,814
3	41	6	7,751
3	41	9	6,546
3	41	11	1,898
3	41	15	4,171
3	41	16	8,868
3	41	19	4,87
3	41	24	17,39
3	41	27	1,113
3	41	31	5,794
3	41	35	0,89
3	41	39	2,809
3	41	49	3,708
3	49	6	4,902
3	49	9	1,979
3	49	11	3,282
3	49	15	0,636
3	49	16	20,134
3	49	19	9,928
3	49	24	4,637
3	49	27	2,355
3	49	31	9,594
3	49	35	5,135
3	49	39	3,15
3	49	41	2,182
4	2	4	2,37
4	2	6	14,301
4	2	8	3,162
4	2	13	2,392
4	2	16	4,961
4	2	20	4,75
4	2	23	15,269
4	2	24	2,466
4	2	26	3,869
4	2	34	1,238
4	2	36	24,739
4	2	37	1,795
4	2	38	3,18
4	2	42	4,814
4	2	48	22,905
4	2	49	6,474
4	2	50	21,41
4	4	2	2,332
4	4	6	5,047
4	4	8	1,326
4	4	13	4,457
4	4	16	13,408
4	4	20	4,561
4	4	23	4,414
4	4	24	3,919
4	4	26	2,147
4	4	34	9,616
4	4	36	9,708
4	4	37	5,099
4	4	38	11,507
4	4	42	1,602
4	4	48	1,831
4	4	49	22,687
4	4	50	0,724
4	6	2	5,894
4	6	4	8,527
4	6	8	12,843
4	6	13	5,826
4	6	16	9,724
4	6	20	0,689
4	6	23	1,342
4	6	24	1,148
4	6	26	3,85
4	6	34	11,264
4	6	36	6,977
4	6	37	0,827
4	6	38	19,787
4	6	42	0,712
4	6	48	3,229
4	6	49	18,587
4	6	50	2,034
4	8	2	2,167
4	8	4	4,368
4	8	6	4,316
4	8	13	4,685
4	8	16	10,735
4	8	20	2,466
4	8	23	5,434
4	8	24	5,669
4	8	26	3,05
4	8	34	0,889
4	8	36	8,609
4	8	37	5,973
4	8	38	7,672
4	8	42	12,494
4	8	48	22,602
4	8	49	2,964
4	8	50	11,84
4	13	2	3,194
4	13	4	1,746
4	13	6	9,386
4	13	8	2,314
4	13	16	11,668
4	13	20	15,604
4	13	23	10,743
4	13	24	1,634
4	13	26	6,884
4	13	34	4,824
4	13	36	2,572
4	13	37	1,419
4	13	38	13,544
4	13	42	0,619
4	13	48	3,973
4	13	49	13,996
4	13	50	14,148
4	16	2	1,3
4	16	4	2,432
4	16	6	14,647
4	16	8	18,261
4	16	13	1,062
4	16	20	5,927
4	16	23	6,2
4	16	24	6,063
4	16	26	0,875
4	16	34	13,411
4	16	36	8,62
4	16	37	1,531
4	16	38	25,228
4	16	42	16,998
4	16	48	9,244
4	16	49	15,597
4	16	50	2,529
4	20	2	3,013
4	20	4	5,405
4	20	6	2,904
4	20	8	0,963
4	20	13	1,823
4	20	16	2,847
4	20	23	3,305
4	20	24	0,958
4	20	26	0,56
4	20	34	0,504
4	20	36	8,715
4	20	37	1,022
4	20	38	4,817
4	20	42	1,64
4	20	48	8,014
4	20	49	14,997
4	20	50	1,662
4	23	2	29,468
4	23	4	4,265
4	23	6	8,45
4	23	8	8,349
4	23	13	11,916
4	23	16	13,64
4	23	20	2,766
4	23	24	4,231
4	23	26	8,64
4	23	34	0,662
4	23	36	4,955
4	23	37	10,913
4	23	38	5,913
4	23	42	1,898
4	23	48	0,944
4	23	49	3,615
4	23	50	1,562
4	24	2	7,02
4	24	4	14,186
4	24	6	0,698
4	24	8	2,598
4	24	13	1,804
4	24	16	1,554
4	24	20	10,421
4	24	23	12,925
4	24	26	5,305
4	24	34	5,048
4	24	36	9,154
4	24	37	13,221
4	24	38	2,343
4	24	42	1,908
4	24	48	12,492
4	24	49	3,302
4	24	50	3,468
4	26	2	5,311
4	26	4	4,266
4	26	6	1,01
4	26	8	16,739
4	26	13	0,976
4	26	16	2,763
4	26	20	3,157
4	26	23	11,63
4	26	24	2,486
4	26	34	1,719
4	26	36	2,432
4	26	37	4,301
4	26	38	10,367
4	26	42	2,503
4	26	48	19,633
4	26	49	12,073
4	26	50	4,587
4	34	2	2,861
4	34	4	11,635
4	34	6	7,077
4	34	8	0,618
4	34	13	5,579
4	34	16	6,141
4	34	20	1,436
4	34	23	1,558
4	34	24	6,586
4	34	26	16,128
4	34	36	22,569
4	34	37	5,895
4	34	38	11,353
4	34	42	1,558
4	34	48	9,547
4	34	49	7,677
4	34	50	1,398
4	36	2	19,061
4	36	4	14,131
4	36	6	24,074
4	36	8	1,764
4	36	13	3,315
4	36	16	2,318
4	36	20	2,657
4	36	23	1,159
4	36	24	5,475
4	36	26	1,284
4	36	34	5,388
4	36	37	1,299
4	36	38	0,974
4	36	42	13,899
4	36	48	2,038
4	36	49	5,515
4	36	50	3,853
4	37	2	30,839
4	37	4	1,918
4	37	6	9,129
4	37	8	25,819
4	37	13	1,526
4	37	16	2,342
4	37	20	2,219
4	37	23	4,476
4	37	24	2,026
4	37	26	1,356
4	37	34	2,074
4	37	36	19,649
4	37	38	2,404
4	37	42	2,009
4	37	48	0,58
4	37	49	5,6
4	37	50	8,343
4	38	2	3,198
4	38	4	5,51
4	38	6	2,725
4	38	8	2,915
4	38	13	5,628
4	38	16	27,666
4	38	20	10,267
4	38	23	13,29
4	38	24	4,472
4	38	26	1,691
4	38	34	0,883
4	38	36	1,31
4	38	37	26,797
4	38	42	4,803
4	38	48	7,091
4	38	49	10,929
4	38	50	14,207
4	42	2	3,394
4	42	4	3,028
4	42	6	2,174
4	42	8	3,884
4	42	13	5,208
4	42	16	6,281
4	42	20	0,924
4	42	23	18,127
4	42	24	1,244
4	42	26	8,22
4	42	34	17,768
4	42	36	13,614
4	42	37	2,702
4	42	38	10,325
4	42	48	1,665
4	42	49	13,534
4	42	50	4,973
4	48	2	6,886
4	48	4	15,59
4	48	6	7,806
4	48	8	1,545
4	48	13	2,012
4	48	16	23,204
4	48	20	10,244
4	48	23	1,834
4	48	24	3,293
4	48	26	5,809
4	48	34	2,69
4	48	36	5,66
4	48	37	5,622
4	48	38	29,226
4	48	42	1,533
4	48	49	2,869
4	48	50	2,402
4	49	2	4,118
4	49	4	10,495
4	49	6	13,877
4	49	8	16,991
4	49	13	2,662
4	49	16	0,579
4	49	20	6,261
4	49	23	27,197
4	49	24	6,737
4	49	26	0,595
4	49	34	1,761
4	49	36	9,598
4	49	37	26,814
4	49	38	3,466
4	49	42	4,587
4	49	48	4,932
4	49	50	11,057
4	50	2	14,616
4	50	4	1,3
4	50	6	2,664
4	50	8	12,277
4	50	13	4,41
4	50	16	3,051
4	50	20	1,539
4	50	23	2,269
4	50	24	11,144
4	50	26	37,843
4	50	34	2,623
4	50	36	8,657
4	50	37	5,234
4	50	38	15,9
4	50	42	7,674
4	50	48	3,587
4	50	49	3,038
5	4	5	4,678
5	4	12	1,059
5	4	14	2,712
5	4	22	14,935
5	4	25	2,679
5	4	44	1,362
5	4	45	7,947
5	4	48	6,218
5	4	50	15,282
5	5	4	21,999
5	5	12	19,865
5	5	14	15,984
5	5	22	2,246
5	5	25	2,921
5	5	44	3,106
5	5	45	1,626
5	5	48	0,615
5	5	50	0,63
5	12	4	11,238
5	12	5	2,867
5	12	14	6,052
5	12	22	2,518
5	12	25	1,329
5	12	44	2,106
5	12	45	3,035
5	12	48	6,904
5	12	50	1,035
5	14	4	3,416
5	14	5	3,176
5	14	12	4,825
5	14	22	3,114
5	14	25	8,099
5	14	44	26,736
5	14	45	5,104
5	14	48	11,401
5	14	50	8,476
5	22	4	4,409
5	22	5	6,818
5	22	12	19,062
5	22	14	7,403
5	22	25	0,977
5	22	44	4,062
5	22	45	2,009
5	22	48	1,834
5	22	50	3,265
5	25	4	5,416
5	25	5	4,034
5	25	12	12,815
5	25	14	4,059
5	25	22	5,756
5	25	44	3,525
5	25	45	1,772
5	25	48	3,098
5	25	50	0,844
5	44	4	3,296
5	44	5	2,642
5	44	12	4,957
5	44	14	14,974
5	44	22	5,314
5	44	25	1,461
5	44	45	5,819
5	44	48	4,527
5	44	50	0,933
5	45	4	3,467
5	45	5	11,366
5	45	12	2,151
5	45	14	7,817
5	45	22	12,461
5	45	25	1,04
5	45	44	12,874
5	45	48	5,022
5	45	50	4,894
5	48	4	3,523
5	48	5	0,666
5	48	12	3,853
5	48	14	38,794
5	48	22	8,178
5	48	25	7,323
5	48	44	10,804
5	48	45	6,098
5	48	50	2,96
5	50	4	4,878
5	50	5	3,368
5	50	12	2,726
5	50	14	3,182
5	50	22	25,911
5	50	25	5,781
5	50	44	10,001
5	50	45	0,872
5	50	48	6,667
6	4	8	1,277
6	4	10	7,115
6	4	12	1,092
6	4	13	2,478
6	4	16	7,219
6	4	19	15,985
6	4	20	1,288
6	4	22	1,044
6	4	25	2,341
6	4	27	2,554
6	4	33	1,629
6	4	36	11,078
6	4	37	10,616
6	4	40	3,137
6	4	41	3,743
6	4	43	8,307
6	4	46	3,868
6	4	48	0,927
6	4	49	1,903
6	8	4	1,669
6	8	10	25,829
6	8	12	3,965
6	8	13	2,005
6	8	16	6,831
6	8	19	5,715
6	8	20	4,193
6	8	22	4,058
6	8	25	2,93
6	8	27	2,966
6	8	33	1,847
6	8	36	13,674
6	8	37	0,636
6	8	40	2,514
6	8	41	4,503
6	8	43	5,355
6	8	46	3,367
6	8	48	0,767
6	8	49	1,463
6	10	4	3,306
6	10	8	0,776
6	10	12	4,452
6	10	13	3,553
6	10	16	3,591
6	10	19	5,019
6	10	20	7,753
6	10	22	9,972
6	10	25	2,278
6	10	27	2,068
6	10	33	11,364
6	10	36	0,63
6	10	37	4,178
6	10	40	3,014
6	10	41	8,619
6	10	43	9,113
6	10	46	2,898
6	10	48	12,441
6	10	49	2,766
6	12	4	3,383
6	12	8	11,588
6	12	10	2,76
6	12	13	2,652
6	12	16	2,748
6	12	19	1,234
6	12	20	4,38
6	12	22	16,585
6	12	25	4,16
6	12	27	4,02
6	12	33	2,672
6	12	36	0,839
6	12	37	4,656
6	12	40	1,346
6	12	41	5,33
6	12	43	19,456
6	12	46	4,275
6	12	48	12,491
6	12	49	12,216
6	13	4	2,872
6	13	8	0,67
6	13	10	2,232
6	13	12	4,888
6	13	16	1,677
6	13	19	3,055
6	13	20	4,932
6	13	22	3,236
6	13	25	0,907
6	13	27	3,207
6	13	33	1,792
6	13	36	2,005
6	13	37	65,747
6	13	40	10,645
6	13	41	0,915
6	13	43	15,339
6	13	46	5,664
6	13	48	2,862
6	13	49	6,588
6	16	4	5,953
6	16	8	1,735
6	16	10	4,702
6	16	12	13,464
6	16	13	1,26
6	16	19	4,794
6	16	20	10,013
6	16	22	3,358
6	16	25	13,507
6	16	27	3,18
6	16	33	15,264
6	16	36	9,295
6	16	37	1,111
6	16	40	0,995
6	16	41	2,372
6	16	43	10,023
6	16	46	34,697
6	16	48	14,089
6	16	49	13,709
6	19	4	0,942
6	19	8	1,616
6	19	10	4,604
6	19	12	6,524
6	19	13	10,796
6	19	16	7,718
6	19	20	4,383
6	19	22	3,787
6	19	25	4,477
6	19	27	6,991
6	19	33	1,943
6	19	36	0,82
6	19	37	3,195
6	19	40	32,373
6	19	41	11,992
6	19	43	3,86
6	19	46	13,321
6	19	48	6,641
6	19	49	9,094
6	20	4	1,027
6	20	8	7,277
6	20	10	8,345
6	20	12	4,723
6	20	13	6,534
6	20	16	1,084
6	20	19	1,294
6	20	22	2,041
6	20	25	6,158
6	20	27	0,705
6	20	33	16,697
6	20	36	0,718
6	20	37	3,064
6	20	40	1,068
6	20	41	20,747
6	20	43	19,439
6	20	46	16,746
6	20	48	15,244
6	20	49	1,421
6	22	4	1,821
6	22	8	1,052
6	22	10	2,546
6	22	12	13,329
6	22	13	0,568
6	22	16	1,887
6	22	19	3,091
6	22	20	2,077
6	22	25	6,74
6	22	27	7,576
6	22	33	4,352
6	22	36	3,557
6	22	37	4,332
6	22	40	2,006
6	22	41	2,984
6	22	43	27,437
6	22	46	12,97
6	22	48	14,533
6	22	49	3,856
6	25	4	1,954
6	25	8	9,652
6	25	10	6,618
6	25	12	0,563
6	25	13	1,139
6	25	16	14,931
6	25	19	2,062
6	25	20	1,835
6	25	22	12,025
6	25	27	1,064
6	25	33	3,6
6	25	36	4,954
6	25	37	1,656
6	25	40	5,453
6	25	41	25,023
6	25	43	6,351
6	25	46	8,718
6	25	48	2,465
6	25	49	1,921
6	27	4	3,369
6	27	8	2,285
6	27	10	0,777
6	27	12	0,719
6	27	13	22,836
6	27	16	1,049
6	27	19	3,497
6	27	20	3,361
6	27	22	5,057
6	27	25	7,212
6	27	33	5,938
6	27	36	18,916
6	27	37	1,268
6	27	40	8,69
6	27	41	19,824
6	27	43	0,837
6	27	46	14,719
6	27	48	8,236
6	27	49	4,594
6	33	4	1,059
6	33	8	14,201
6	33	10	10,899
6	33	12	10,287
6	33	13	6,962
6	33	16	2,727
6	33	19	1,159
6	33	20	9,117
6	33	22	0,869
6	33	25	19,859
6	33	27	2,106
6	33	36	0,962
6	33	37	7,5
6	33	40	4,966
6	33	41	11,281
6	33	43	0,559
6	33	46	1,24
6	33	48	30,654
6	33	49	21,986
6	36	4	0,709
6	36	8	2,358
6	36	10	2,679
6	36	12	10,681
6	36	13	3,879
6	36	16	27,595
6	36	19	1,058
6	36	20	2,077
6	36	22	9,366
6	36	25	6,044
6	36	27	10,981
6	36	33	3,491
6	36	37	3,259
6	36	40	13,558
6	36	41	25,698
6	36	43	1,918
6	36	46	3,41
6	36	48	4,361
6	36	49	13,806
6	37	4	7,538
6	37	8	0,823
6	37	10	17,214
6	37	12	2,948
6	37	13	1,401
6	37	16	19,491
6	37	19	8,177
6	37	20	2,879
6	37	22	2,072
6	37	25	4,919
6	37	27	4,346
6	37	33	26,596
6	37	36	12,702
6	37	40	5,787
6	37	41	1,136
6	37	43	7,24
6	37	46	3,834
6	37	48	2,849
6	37	49	20,305
6	40	4	4,409
6	40	8	1,086
6	40	10	2,187
6	40	12	1,598
6	40	13	12,289
6	40	16	3,639
6	40	19	8,013
6	40	20	3,59
6	40	22	12,117
6	40	25	1,99
6	40	27	37,472
6	40	33	1,053
6	40	36	1,687
6	40	37	1,179
6	40	41	2,674
6	40	43	5,268
6	40	46	42,623
6	40	48	1,021
6	40	49	7,779
6	41	4	6,216
6	41	8	4,347
6	41	10	0,511
6	41	12	8,57
6	41	13	3,156
6	41	16	11,469
6	41	19	5,154
6	41	20	1,456
6	41	22	25,191
6	41	25	5,823
6	41	27	13,721
6	41	33	19,762
6	41	36	12,232
6	41	37	8,027
6	41	40	3,961
6	41	43	10,21
6	41	46	2,788
6	41	48	1,456
6	41	49	12,734
6	43	4	0,862
6	43	8	3,479
6	43	10	6,48
6	43	12	11,081
6	43	13	8,419
6	43	16	9,442
6	43	19	2,511
6	43	20	1,859
6	43	22	4,678
6	43	25	21,078
6	43	27	10,584
6	43	33	5,26
6	43	36	1,573
6	43	37	28,482
6	43	40	0,756
6	43	41	3,153
6	43	46	7,64
6	43	48	3,042
6	43	49	4,448
6	46	4	5,288
6	46	8	6,934
6	46	10	9,905
6	46	12	7,425
6	46	13	1,265
6	46	16	3,019
6	46	19	15,377
6	46	20	3,062
6	46	22	4,268
6	46	25	1,827
6	46	27	2,991
6	46	33	2,797
6	46	36	14,061
6	46	37	6,243
6	46	40	7,368
6	46	41	2,275
6	46	43	2,253
6	46	48	11,037
6	46	49	2,528
6	48	4	6,524
6	48	8	5,092
6	48	10	10,169
6	48	12	13,13
6	48	13	1,805
6	48	16	3,822
6	48	19	1,461
6	48	20	5,625
6	48	22	23,573
6	48	25	2,245
6	48	27	0,649
6	48	33	0,862
6	48	36	2,867
6	48	37	12,998
6	48	40	2,255
6	48	41	16,613
6	48	43	5,132
6	48	46	20,48
6	48	49	5,524
6	49	4	14,893
6	49	8	7,542
6	49	10	3,327
6	49	12	4,326
6	49	13	4,165
6	49	16	10,066
6	49	19	1,857
6	49	20	0,823
6	49	22	12,878
6	49	25	10,01
6	49	27	9,147
6	49	33	20,333
6	49	36	1,786
6	49	37	7,473
6	49	40	2,196
6	49	41	10,188
6	49	43	8,82
6	49	46	21,574
6	49	48	3,14

