#num jobs
50
#num machines
6

#jobId machId procTime energyCons
1	3	112,9	952,02
1	1	11,73	59,97
2	3	15,51	130,8
3	6	10,11	25,68
4	1	1,12	5,74
4	3	11,83	99,74
5	3	13,18	111,17
5	5	8,68	113,06
6	6	41,04	104,24
6	4	27,93	240,26
7	4	1,28	10,97
8	1	17,24	88,16
9	3	6,47	54,54
9	6	5,55	14,11
10	4	23,93	205,81
11	4	13,54	116,45
12	6	5,34	13,57
12	3	56,32	474,92
12	1	76,36	390,46
13	1	8,48	43,37
14	4	22,56	194,06
15	5	26,35	343,2
15	4	0,84	7,22
16	1	5,23	26,74
16	6	5790,96	14707,43
17	6	4,23	10,75
17	4	57,76	496,84
17	3	89,49	754,61
17	2	19,65	172,76
18	4	11,32	97,37
19	6	69,29	175,99
19	4	2029,31	17456,77
19	3	13,09	110,36
19	1	2,55	13,05
20	6	4,46	11,34
20	5	32,94	429,03
20	4	38,8	333,76
21	6	3,23	8,21
21	5	1,56	20,33
22	2	101,54	892,86
22	5	75,88	988,23
22	6	19,92	50,6
23	4	1,69	14,56
24	5	4,14	53,9
24	3	2,42	20,4
25	5	20,47	266,55
25	2	21,76	191,3
26	6	6,98	17,73
26	4	3,05	26,27
26	3	9,24	77,95
27	4	1,08	9,33
27	6	240,61	611,09
28	1	1,19	6,07
28	5	7,15	93,14
29	2	17,26	151,8
30	4	24,94	214,57
30	1	6,32	32,31
31	4	16,14	138,87
32	3	11,74	98,97
33	1	10,82	55,31
33	3	12,94	109,12
34	1	9,35	47,8
34	2	34,02	299,13
34	6	4,11	10,45
35	4	17,2	147,93
36	4	5,6	48,18
36	5	43,49	566,47
37	4	10,69	92
37	6	1,19	3,03
38	1	9,05	46,27
38	6	2,56	6,5
39	6	7,74	19,67
39	3	4,1	34,56
39	2	24,61	216,36
39	1	0,86	4,38
40	6	4,31	10,95
40	4	3,57	30,68
40	2	26,38	231,95
41	2	14,95	131,5
41	6	4,12	10,47
42	2	3,49	30,65
42	3	14,21	119,82
42	4	5,38	46,27
42	5	32,86	427,95
43	4	1,24	10,71
44	6	41,71	105,92
45	2	50,78	446,56
45	4	10,51	90,4
46	5	7,51	97,81
46	4	88,83	764,14
47	5	2,71	35,28
48	1	9,82	50,2
48	2	16,39	144,1
48	4	36,17	311,17
49	1	125,85	643,55
49	3	12,94	109,16
49	6	372,05	944,89
50	4	40,47	348,1
50	3	6,21	52,4
50	2	11,75	103,29

#jobId ddate weight rdate
1	904,007	32	1374,299
2	648,418	15	1983,367
3	1192,059	6	1562,228
4	1311,606	8	1907,442
5	1387,75	4	1489,056
6	925,346	46	1787,669
7	759,176	42	2239,613
8	1386,295	20	1086,639
9	1164,62	14	1493,573
10	978,41	43	2411,754
11	1510,257	40	2073,983
12	1087,712	47	821,411
13	566,421	47	1911,623
14	1289,482	13	874,164
15	1212,088	45	1053,16
16	738,921	23	2396,016
17	740,934	5	2107,727
18	635,925	45	2374,435
19	1259,031	6	1360,205
20	791,791	10	1281,073
21	565,913	33	498,514
22	785,534	46	2022,026
23	892,383	14	700,091
24	661,991	47	837,492
25	1581,093	27	1248,164
26	1145,435	1	406,484
27	1059,036	32	993,297
28	1391,085	6	554,111
29	1361,473	44	2040,107
30	1497,811	39	2085,799
31	1413,57	13	1959,679
32	1329,47	8	1688,327
33	1179,099	30	995,292
34	1571,796	34	2127,466
35	744,161	26	184,202
36	680,072	23	280,151
37	912,216	19	265,057
38	641,551	6	1861,973
39	1129,289	48	560,144
40	1103,47	49	1141,687
41	590,007	22	1072,88
42	1049,662	27	731,859
43	1274,49	41	587,121
44	956,816	38	2406,996
45	962,193	27	1289,104
46	1549,497	8	1509,49
47	1183,761	35	1589,936
48	986,397	36	1366,389
49	958,201	2	1801,376
50	679,52	23	467,088

#machId jobPred jobSucc setupTime
1	1	4	7,458
1	1	8	6,205
1	1	12	0,546
1	1	13	5,64
1	1	16	4,924
1	1	19	16,103
1	1	28	0,57
1	1	30	5,34
1	1	33	1,114
1	1	34	2,25
1	1	38	1,844
1	1	39	11,664
1	1	48	3,083
1	1	49	11,403
1	4	1	12,133
1	4	8	3,288
1	4	12	5,288
1	4	13	9,251
1	4	16	2,404
1	4	19	2,945
1	4	28	11,914
1	4	30	1,118
1	4	33	1,123
1	4	34	3,213
1	4	38	2,402
1	4	39	6,39
1	4	48	5,996
1	4	49	2,776
1	8	1	1,091
1	8	4	2,084
1	8	12	4,986
1	8	13	1,629
1	8	16	1,465
1	8	19	8,999
1	8	28	5,203
1	8	30	1,84
1	8	33	8,856
1	8	34	1,768
1	8	38	8,868
1	8	39	2,041
1	8	48	0,616
1	8	49	0,779
1	12	1	5,358
1	12	4	1,135
1	12	8	9,742
1	12	13	1,918
1	12	16	1,617
1	12	19	20,591
1	12	28	4,2
1	12	30	1,487
1	12	33	14,897
1	12	34	3,872
1	12	38	3,883
1	12	39	9,251
1	12	48	1,742
1	12	49	0,863
1	13	1	0,649
1	13	4	5,238
1	13	8	1,703
1	13	12	8,207
1	13	16	0,884
1	13	19	0,949
1	13	28	0,556
1	13	30	4,061
1	13	33	10,337
1	13	34	0,789
1	13	38	2,784
1	13	39	9,937
1	13	48	2,854
1	13	49	7,688
1	16	1	0,943
1	16	4	19,973
1	16	8	13,411
1	16	12	36,178
1	16	13	1,661
1	16	19	3,27
1	16	28	0,781
1	16	30	12,196
1	16	33	3,63
1	16	34	0,737
1	16	38	4,393
1	16	39	0,736
1	16	48	8,436
1	16	49	2,037
1	19	1	8,49
1	19	4	3,198
1	19	8	2,418
1	19	12	1,882
1	19	13	6,578
1	19	16	8,276
1	19	28	1,752
1	19	30	9,948
1	19	33	1,781
1	19	34	16,442
1	19	38	3,911
1	19	39	0,882
1	19	48	20,216
1	19	49	1,016
1	28	1	1,782
1	28	4	2,018
1	28	8	3,2
1	28	12	13,822
1	28	13	10,669
1	28	16	1,53
1	28	19	6,165
1	28	30	6,167
1	28	33	1,032
1	28	34	0,776
1	28	38	27,704
1	28	39	3,13
1	28	48	1,489
1	28	49	2,001
1	30	1	51,105
1	30	4	2,054
1	30	8	0,754
1	30	12	5,637
1	30	13	11,424
1	30	16	27,15
1	30	19	19,759
1	30	28	9,251
1	30	33	3,313
1	30	34	11,702
1	30	38	12,899
1	30	39	3,479
1	30	48	3,336
1	30	49	2,559
1	33	1	24,475
1	33	4	5,94
1	33	8	0,727
1	33	12	1,237
1	33	13	18,733
1	33	16	12,531
1	33	19	3,716
1	33	28	4,406
1	33	30	7,221
1	33	34	7,723
1	33	38	6,696
1	33	39	8,916
1	33	48	16,102
1	33	49	3,015
1	34	1	3,827
1	34	4	3,648
1	34	8	5,814
1	34	12	2,673
1	34	13	2,675
1	34	16	13,358
1	34	19	4,862
1	34	28	0,914
1	34	30	1,337
1	34	33	24,893
1	34	38	1,791
1	34	39	5,439
1	34	48	7,53
1	34	49	1,082
1	38	1	2,511
1	38	4	7,473
1	38	8	2,232
1	38	12	4,229
1	38	13	14,266
1	38	16	1,018
1	38	19	0,506
1	38	28	10,35
1	38	30	2,029
1	38	33	8,833
1	38	34	2,346
1	38	39	0,57
1	38	48	11,905
1	38	49	0,844
1	39	1	3,134
1	39	4	15,637
1	39	8	7,964
1	39	12	3,812
1	39	13	6,426
1	39	16	0,66
1	39	19	2,748
1	39	28	1,53
1	39	30	0,767
1	39	33	4,799
1	39	34	3,919
1	39	38	0,66
1	39	48	2,018
1	39	49	2,567
1	48	1	3,765
1	48	4	2,958
1	48	8	9,587
1	48	12	5,46
1	48	13	2,667
1	48	16	13,596
1	48	19	2,345
1	48	28	7,109
1	48	30	3,122
1	48	33	4,257
1	48	34	4,563
1	48	38	7,959
1	48	39	2,35
1	48	49	7,674
1	49	1	1,243
1	49	4	2,898
1	49	8	3,336
1	49	12	3,476
1	49	13	2,429
1	49	16	14,784
1	49	19	4,488
1	49	28	5,226
1	49	30	4,061
1	49	33	1,568
1	49	34	5,094
1	49	38	15,634
1	49	39	9,176
1	49	48	1,028
2	17	22	1,7
2	17	25	1,396
2	17	29	5,605
2	17	34	5,698
2	17	39	1,257
2	17	40	12,911
2	17	41	4,607
2	17	42	2,291
2	17	45	1,485
2	17	48	6,832
2	17	50	4,798
2	22	17	0,575
2	22	25	3,386
2	22	29	5,225
2	22	34	7,447
2	22	39	7,015
2	22	40	8,337
2	22	41	4,567
2	22	42	3,576
2	22	45	3,55
2	22	48	11,187
2	22	50	3,544
2	25	17	3,183
2	25	22	41,193
2	25	29	1,455
2	25	34	0,536
2	25	39	3,858
2	25	40	9,854
2	25	41	12,236
2	25	42	9,51
2	25	45	13,484
2	25	48	0,543
2	25	50	8,345
2	29	17	7,522
2	29	22	3,726
2	29	25	2,987
2	29	34	0,718
2	29	39	2,009
2	29	40	8,279
2	29	41	6,25
2	29	42	1,694
2	29	45	4,557
2	29	48	1,53
2	29	50	10,494
2	34	17	2,304
2	34	22	5,172
2	34	25	16,015
2	34	29	1,54
2	34	39	11,884
2	34	40	2,475
2	34	41	0,618
2	34	42	1,375
2	34	45	8,463
2	34	48	2,172
2	34	50	9,005
2	39	17	2,358
2	39	22	4,164
2	39	25	1,716
2	39	29	3,296
2	39	34	9,164
2	39	40	9,324
2	39	41	1,411
2	39	42	2,328
2	39	45	4,875
2	39	48	3,638
2	39	50	10,903
2	40	17	6,555
2	40	22	6,579
2	40	25	10,752
2	40	29	11,352
2	40	34	1,107
2	40	39	21,42
2	40	41	1,672
2	40	42	10,541
2	40	45	10,644
2	40	48	4,474
2	40	50	7,388
2	41	17	0,557
2	41	22	3,256
2	41	25	0,611
2	41	29	49,274
2	41	34	3,361
2	41	39	2,349
2	41	40	1,958
2	41	42	3,747
2	41	45	0,961
2	41	48	5,346
2	41	50	2,127
2	42	17	0,599
2	42	22	8,761
2	42	25	2,007
2	42	29	1,66
2	42	34	10,524
2	42	39	5,112
2	42	40	11,288
2	42	41	2,039
2	42	45	1,633
2	42	48	6,159
2	42	50	5,124
2	45	17	13,092
2	45	22	3,621
2	45	25	2,965
2	45	29	1,603
2	45	34	11,857
2	45	39	6,896
2	45	40	0,633
2	45	41	3,613
2	45	42	3,687
2	45	48	0,806
2	45	50	5,944
2	48	17	3,913
2	48	22	9,911
2	48	25	2,49
2	48	29	55,382
2	48	34	4,425
2	48	39	2
2	48	40	1,15
2	48	41	1,562
2	48	42	2,999
2	48	45	27,375
2	48	50	4,873
2	50	17	0,738
2	50	22	5,487
2	50	25	1,666
2	50	29	7,619
2	50	34	9,938
2	50	39	14,621
2	50	40	7,509
2	50	41	3,108
2	50	42	20,656
2	50	45	2,623
2	50	48	0,769
3	1	2	21,221
3	1	4	2,355
3	1	5	1,87
3	1	9	14,293
3	1	12	2,126
3	1	17	2,824
3	1	19	4,028
3	1	24	1,983
3	1	26	2,102
3	1	32	7,673
3	1	33	5,678
3	1	39	5,583
3	1	42	13,506
3	1	49	7,025
3	1	50	25,355
3	2	1	1,495
3	2	4	20,658
3	2	5	6,899
3	2	9	4,959
3	2	12	5,062
3	2	17	4,036
3	2	19	0,841
3	2	24	6,145
3	2	26	3,709
3	2	32	2,361
3	2	33	4,047
3	2	39	7,551
3	2	42	6,754
3	2	49	17,206
3	2	50	21,578
3	4	1	7,245
3	4	2	1,366
3	4	5	20,762
3	4	9	4,346
3	4	12	4,187
3	4	17	15,601
3	4	19	6,488
3	4	24	6,678
3	4	26	12,181
3	4	32	4,319
3	4	33	10,598
3	4	39	4,855
3	4	42	9,079
3	4	49	3,401
3	4	50	1,079
3	5	1	1,258
3	5	2	3,205
3	5	4	6,266
3	5	9	4,625
3	5	12	10,518
3	5	17	8,428
3	5	19	7,971
3	5	24	5,303
3	5	26	3,854
3	5	32	2,018
3	5	33	1,563
3	5	39	6,567
3	5	42	1,318
3	5	49	4,51
3	5	50	1,983
3	9	1	10,419
3	9	2	5,605
3	9	4	0,746
3	9	5	4,486
3	9	12	8,226
3	9	17	3,308
3	9	19	0,529
3	9	24	13,705
3	9	26	8,215
3	9	32	15,12
3	9	33	5,648
3	9	39	9,883
3	9	42	3,858
3	9	49	8,149
3	9	50	3,832
3	12	1	14,495
3	12	2	10,175
3	12	4	5,498
3	12	5	1,322
3	12	9	0,874
3	12	17	0,805
3	12	19	5,483
3	12	24	2,735
3	12	26	1,071
3	12	32	3,68
3	12	33	4,196
3	12	39	8,707
3	12	42	2,394
3	12	49	6,561
3	12	50	3,213
3	17	1	9,399
3	17	2	5,638
3	17	4	2,849
3	17	5	0,506
3	17	9	4,349
3	17	12	17,766
3	17	19	2,943
3	17	24	1,343
3	17	26	4,24
3	17	32	0,631
3	17	33	16,534
3	17	39	5,994
3	17	42	16,608
3	17	49	1,07
3	17	50	5,996
3	19	1	6,132
3	19	2	4,162
3	19	4	2,233
3	19	5	9,929
3	19	9	6,334
3	19	12	3,013
3	19	17	0,841
3	19	24	1,232
3	19	26	7,862
3	19	32	14,114
3	19	33	1,968
3	19	39	1,773
3	19	42	1,038
3	19	49	10,801
3	19	50	3,298
3	24	1	3,681
3	24	2	3,893
3	24	4	22,134
3	24	5	3,052
3	24	9	5,249
3	24	12	3,283
3	24	17	1,418
3	24	19	7,703
3	24	26	1,112
3	24	32	2,141
3	24	33	0,998
3	24	39	13,094
3	24	42	5,934
3	24	49	7,272
3	24	50	19,969
3	26	1	9,338
3	26	2	12,42
3	26	4	2,88
3	26	5	5,005
3	26	9	13,403
3	26	12	2,074
3	26	17	2,718
3	26	19	7,28
3	26	24	7,301
3	26	32	5,475
3	26	33	4,361
3	26	39	19,205
3	26	42	3,767
3	26	49	2,892
3	26	50	0,622
3	32	1	2,691
3	32	2	2,945
3	32	4	8,712
3	32	5	2,97
3	32	9	12,978
3	32	12	2,849
3	32	17	14,464
3	32	19	0,728
3	32	24	12,091
3	32	26	11,067
3	32	33	0,945
3	32	39	5,485
3	32	42	1,429
3	32	49	6,327
3	32	50	6,548
3	33	1	9,342
3	33	2	3,254
3	33	4	8,949
3	33	5	0,753
3	33	9	5,548
3	33	12	6,344
3	33	17	1,113
3	33	19	11,288
3	33	24	1,353
3	33	26	0,846
3	33	32	3,213
3	33	39	1,063
3	33	42	1,091
3	33	49	5,689
3	33	50	8,515
3	39	1	1,459
3	39	2	3,235
3	39	4	9,823
3	39	5	2,367
3	39	9	3,241
3	39	12	6,151
3	39	17	16,961
3	39	19	22,299
3	39	24	5,686
3	39	26	16,619
3	39	32	5,441
3	39	33	7,249
3	39	42	7,661
3	39	49	4,586
3	39	50	5,483
3	42	1	3,828
3	42	2	6,865
3	42	4	7,845
3	42	5	2,049
3	42	9	1,792
3	42	12	4,576
3	42	17	3,179
3	42	19	1,272
3	42	24	15,026
3	42	26	3,769
3	42	32	0,584
3	42	33	6,885
3	42	39	3,634
3	42	49	15,618
3	42	50	0,788
3	49	1	1,739
3	49	2	5,811
3	49	4	4,657
3	49	5	8,648
3	49	9	1,849
3	49	12	1,592
3	49	17	2,966
3	49	19	10,76
3	49	24	4,007
3	49	26	8,582
3	49	32	0,725
3	49	33	4,732
3	49	39	1,253
3	49	42	9,04
3	49	50	1,275
3	50	1	1,206
3	50	2	2,337
3	50	4	14,775
3	50	5	2,693
3	50	9	4,959
3	50	12	1,732
3	50	17	17,477
3	50	19	4,155
3	50	24	6,604
3	50	26	5,349
3	50	32	11,069
3	50	33	8,565
3	50	39	10,181
3	50	42	9,16
3	50	49	1,155
4	6	7	3,444
4	6	10	1,841
4	6	11	9,989
4	6	14	24,829
4	6	15	15,594
4	6	17	2,495
4	6	18	0,841
4	6	19	4,895
4	6	20	3,615
4	6	23	3,624
4	6	26	9,004
4	6	27	7,135
4	6	30	5,425
4	6	31	34,854
4	6	35	5,019
4	6	36	3,647
4	6	37	0,633
4	6	40	4,691
4	6	42	2,651
4	6	43	7,799
4	6	45	9,297
4	6	46	19,275
4	6	48	4,156
4	6	50	1,949
4	7	6	8,578
4	7	10	3,337
4	7	11	2,098
4	7	14	2,66
4	7	15	9,847
4	7	17	1,817
4	7	18	3,769
4	7	19	3,713
4	7	20	1,525
4	7	23	2,473
4	7	26	2,233
4	7	27	1,458
4	7	30	2,354
4	7	31	5,606
4	7	35	22,166
4	7	36	12,08
4	7	37	5,46
4	7	40	1,938
4	7	42	6,551
4	7	43	3,137
4	7	45	1,208
4	7	46	16,304
4	7	48	15,428
4	7	50	5,557
4	10	6	1,806
4	10	7	9,73
4	10	11	1,663
4	10	14	6,812
4	10	15	1,375
4	10	17	4,018
4	10	18	1,297
4	10	19	4,84
4	10	20	0,629
4	10	23	3,177
4	10	26	8,497
4	10	27	1,646
4	10	30	2,299
4	10	31	4,145
4	10	35	15,096
4	10	36	3,231
4	10	37	9,761
4	10	40	14,135
4	10	42	16,736
4	10	43	13,888
4	10	45	3,035
4	10	46	0,998
4	10	48	1,701
4	10	50	1,357
4	11	6	4,119
4	11	7	3,513
4	11	10	2,88
4	11	14	0,741
4	11	15	14,89
4	11	17	4,727
4	11	18	1,325
4	11	19	0,599
4	11	20	7,487
4	11	23	0,893
4	11	26	2,638
4	11	27	1,381
4	11	30	2
4	11	31	0,672
4	11	35	1,14
4	11	36	2,425
4	11	37	12,786
4	11	40	8,975
4	11	42	2,366
4	11	43	1,642
4	11	45	8,74
4	11	46	21,962
4	11	48	4,376
4	11	50	10,505
4	14	6	2,356
4	14	7	11,853
4	14	10	3,735
4	14	11	5,317
4	14	15	7,18
4	14	17	4,733
4	14	18	1,421
4	14	19	14,6
4	14	20	37,222
4	14	23	2,478
4	14	26	6,476
4	14	27	1,319
4	14	30	8,086
4	14	31	5,272
4	14	35	7,648
4	14	36	4,11
4	14	37	5,781
4	14	40	1,361
4	14	42	9,447
4	14	43	2,589
4	14	45	0,504
4	14	46	3,033
4	14	48	0,954
4	14	50	3,735
4	15	6	27,102
4	15	7	6,242
4	15	10	3,34
4	15	11	2,412
4	15	14	4,464
4	15	17	4,835
4	15	18	1,962
4	15	19	1,013
4	15	20	20,876
4	15	23	2,562
4	15	26	3,828
4	15	27	4,134
4	15	30	3,746
4	15	31	5,109
4	15	35	5,373
4	15	36	0,541
4	15	37	0,612
4	15	40	3,953
4	15	42	13,352
4	15	43	1,212
4	15	45	9,372
4	15	46	19,214
4	15	48	4,12
4	15	50	10,537
4	17	6	12,795
4	17	7	14,418
4	17	10	19,366
4	17	11	7,374
4	17	14	1,769
4	17	15	2,348
4	17	18	7,158
4	17	19	8,587
4	17	20	8,579
4	17	23	21,085
4	17	26	6,692
4	17	27	2,354
4	17	30	13,204
4	17	31	2,391
4	17	35	4,261
4	17	36	4,172
4	17	37	3,593
4	17	40	10,61
4	17	42	3,198
4	17	43	4,566
4	17	45	7,768
4	17	46	10,195
4	17	48	3,816
4	17	50	6,729
4	18	6	0,824
4	18	7	2,197
4	18	10	3,129
4	18	11	1,719
4	18	14	15,374
4	18	15	1,702
4	18	17	0,898
4	18	19	0,738
4	18	20	1,585
4	18	23	7,875
4	18	26	9,527
4	18	27	11,107
4	18	30	4,978
4	18	31	1,056
4	18	35	2,152
4	18	36	8,731
4	18	37	2,368
4	18	40	5,373
4	18	42	1,622
4	18	43	7,843
4	18	45	4,218
4	18	46	3,998
4	18	48	7,961
4	18	50	5,347
4	19	6	13,577
4	19	7	0,64
4	19	10	2,013
4	19	11	3,164
4	19	14	13,891
4	19	15	12,02
4	19	17	14,619
4	19	18	4,719
4	19	20	16,677
4	19	23	7,26
4	19	26	4,055
4	19	27	5,093
4	19	30	3,902
4	19	31	4,376
4	19	35	14,702
4	19	36	1,041
4	19	37	7,886
4	19	40	11,933
4	19	42	0,798
4	19	43	6,653
4	19	45	8,106
4	19	46	13,473
4	19	48	1,86
4	19	50	4,704
4	20	6	4,203
4	20	7	9,338
4	20	10	11,289
4	20	11	1,589
4	20	14	4,265
4	20	15	10,163
4	20	17	1,476
4	20	18	9,465
4	20	19	2,828
4	20	23	2,867
4	20	26	5,836
4	20	27	9,153
4	20	30	6,083
4	20	31	1,813
4	20	35	3,187
4	20	36	13,39
4	20	37	8,747
4	20	40	2,234
4	20	42	2,8
4	20	43	1,579
4	20	45	2,08
4	20	46	7,62
4	20	48	7,012
4	20	50	3,816
4	23	6	1,12
4	23	7	3,231
4	23	10	2,353
4	23	11	3,382
4	23	14	12,609
4	23	15	10,098
4	23	17	3,4
4	23	18	1,851
4	23	19	0,716
4	23	20	1,652
4	23	26	2,81
4	23	27	3,443
4	23	30	6,446
4	23	31	1,74
4	23	35	5,83
4	23	36	8,567
4	23	37	5,935
4	23	40	3,993
4	23	42	3,519
4	23	43	4,639
4	23	45	0,886
4	23	46	3,222
4	23	48	12,089
4	23	50	7,02
4	26	6	0,595
4	26	7	1,022
4	26	10	4,506
4	26	11	8,882
4	26	14	7,434
4	26	15	8,215
4	26	17	12,464
4	26	18	4,935
4	26	19	5,524
4	26	20	1,325
4	26	23	1,261
4	26	27	2,059
4	26	30	3,917
4	26	31	5,876
4	26	35	1,255
4	26	36	11,029
4	26	37	5,279
4	26	40	2,884
4	26	42	4,9
4	26	43	3,327
4	26	45	2,755
4	26	46	5,144
4	26	48	8,557
4	26	50	10,803
4	27	6	5,085
4	27	7	3,349
4	27	10	2,236
4	27	11	4,533
4	27	14	9,432
4	27	15	1,895
4	27	17	1,371
4	27	18	3,802
4	27	19	13,075
4	27	20	3,844
4	27	23	6,992
4	27	26	6,933
4	27	30	4,107
4	27	31	22,831
4	27	35	3,168
4	27	36	9,799
4	27	37	6,948
4	27	40	6,849
4	27	42	0,552
4	27	43	20,841
4	27	45	0,704
4	27	46	9,696
4	27	48	11,039
4	27	50	7,413
4	30	6	3,609
4	30	7	11,467
4	30	10	0,704
4	30	11	2,853
4	30	14	4,202
4	30	15	4,206
4	30	17	3,376
4	30	18	6,912
4	30	19	8,456
4	30	20	2,685
4	30	23	12,079
4	30	26	2,247
4	30	27	4,927
4	30	31	2,197
4	30	35	1,558
4	30	36	7,38
4	30	37	5,448
4	30	40	10,38
4	30	42	7,201
4	30	43	17,291
4	30	45	1,911
4	30	46	4,045
4	30	48	3,018
4	30	50	9,605
4	31	6	5,835
4	31	7	2,076
4	31	10	0,835
4	31	11	20,511
4	31	14	0,511
4	31	15	7,294
4	31	17	2,023
4	31	18	3,371
4	31	19	1,518
4	31	20	3,261
4	31	23	3,848
4	31	26	5,04
4	31	27	2,658
4	31	30	2,72
4	31	35	0,566
4	31	36	6,322
4	31	37	3,952
4	31	40	9,202
4	31	42	3,491
4	31	43	0,641
4	31	45	1,698
4	31	46	1,097
4	31	48	11,964
4	31	50	15,75
4	35	6	6,887
4	35	7	21,86
4	35	10	5,255
4	35	11	2,508
4	35	14	29,537
4	35	15	1,994
4	35	17	9,875
4	35	18	17,53
4	35	19	1,581
4	35	20	2,541
4	35	23	1,595
4	35	26	3,212
4	35	27	3,064
4	35	30	0,791
4	35	31	3,909
4	35	36	2,793
4	35	37	2,086
4	35	40	1,031
4	35	42	1,557
4	35	43	0,52
4	35	45	1,645
4	35	46	6,459
4	35	48	13,709
4	35	50	6,494
4	36	6	17,687
4	36	7	6,999
4	36	10	11,192
4	36	11	0,968
4	36	14	2,189
4	36	15	5,518
4	36	17	4,124
4	36	18	5,372
4	36	19	7,585
4	36	20	6,179
4	36	23	0,994
4	36	26	6,988
4	36	27	1,149
4	36	30	4,945
4	36	31	1,182
4	36	35	1,416
4	36	37	2,352
4	36	40	6,494
4	36	42	0,562
4	36	43	2,78
4	36	45	28,26
4	36	46	0,951
4	36	48	0,959
4	36	50	3,759
4	37	6	1,36
4	37	7	6,513
4	37	10	4,322
4	37	11	16,933
4	37	14	5,125
4	37	15	5,927
4	37	17	5,936
4	37	18	9,397
4	37	19	8,753
4	37	20	2,741
4	37	23	0,871
4	37	26	2,268
4	37	27	7,799
4	37	30	8,486
4	37	31	4,332
4	37	35	3,523
4	37	36	17,797
4	37	40	2,464
4	37	42	3,021
4	37	43	8,261
4	37	45	1,115
4	37	46	6,465
4	37	48	33,981
4	37	50	3,921
4	40	6	3,365
4	40	7	4,341
4	40	10	0,692
4	40	11	3,317
4	40	14	0,948
4	40	15	1,071
4	40	17	1,51
4	40	18	11,875
4	40	19	8,475
4	40	20	4,509
4	40	23	2,632
4	40	26	12,88
4	40	27	5,8
4	40	30	2,719
4	40	31	7,636
4	40	35	1,118
4	40	36	0,986
4	40	37	4,195
4	40	42	16,006
4	40	43	7,459
4	40	45	6,896
4	40	46	6,941
4	40	48	1,926
4	40	50	1,669
4	42	6	3,78
4	42	7	0,991
4	42	10	3,065
4	42	11	0,639
4	42	14	22,882
4	42	15	1,175
4	42	17	6,716
4	42	18	0,886
4	42	19	3,726
4	42	20	12,327
4	42	23	4,827
4	42	26	1,882
4	42	27	1,525
4	42	30	12,484
4	42	31	2,793
4	42	35	1,637
4	42	36	9,133
4	42	37	2,55
4	42	40	2,87
4	42	43	3,804
4	42	45	3,028
4	42	46	7,276
4	42	48	5,266
4	42	50	2,167
4	43	6	3,789
4	43	7	3,022
4	43	10	17,261
4	43	11	4,768
4	43	14	2,272
4	43	15	17,902
4	43	17	0,822
4	43	18	0,716
4	43	19	13,636
4	43	20	2,358
4	43	23	2,603
4	43	26	2,307
4	43	27	10,628
4	43	30	3,308
4	43	31	4,246
4	43	35	4,101
4	43	36	2,558
4	43	37	2,863
4	43	40	7,05
4	43	42	13,853
4	43	45	7,794
4	43	46	16,717
4	43	48	0,839
4	43	50	1,092
4	45	6	0,85
4	45	7	20,684
4	45	10	2,818
4	45	11	7,711
4	45	14	8,625
4	45	15	1,299
4	45	17	0,603
4	45	18	8,963
4	45	19	4,969
4	45	20	4,058
4	45	23	12,707
4	45	26	1,878
4	45	27	3,387
4	45	30	7,136
4	45	31	18,199
4	45	35	3,14
4	45	36	5,499
4	45	37	3,046
4	45	40	3,575
4	45	42	1,609
4	45	43	1,114
4	45	46	4,931
4	45	48	1,013
4	45	50	2,692
4	46	6	2,32
4	46	7	8,968
4	46	10	1,581
4	46	11	2,282
4	46	14	5,042
4	46	15	12,497
4	46	17	1,485
4	46	18	6,382
4	46	19	4,812
4	46	20	6,301
4	46	23	7,905
4	46	26	3,925
4	46	27	1,789
4	46	30	1,206
4	46	31	1,595
4	46	35	5,087
4	46	36	5,719
4	46	37	27,729
4	46	40	1,667
4	46	42	26,431
4	46	43	23,969
4	46	45	1,367
4	46	48	2,756
4	46	50	2,355
4	48	6	1,174
4	48	7	1,824
4	48	10	0,563
4	48	11	14,31
4	48	14	5,162
4	48	15	3,745
4	48	17	8,441
4	48	18	1,327
4	48	19	8,259
4	48	20	9,999
4	48	23	3,963
4	48	26	5,557
4	48	27	103,488
4	48	30	9,799
4	48	31	15,293
4	48	35	0,538
4	48	36	7,922
4	48	37	28,687
4	48	40	2,034
4	48	42	8,351
4	48	43	1,507
4	48	45	2,755
4	48	46	2,244
4	48	50	24,14
4	50	6	14,685
4	50	7	3,168
4	50	10	25,653
4	50	11	1,644
4	50	14	1,452
4	50	15	1,144
4	50	17	9,008
4	50	18	2,567
4	50	19	3,41
4	50	20	3,674
4	50	23	1,669
4	50	26	11,499
4	50	27	2,959
4	50	30	17,054
4	50	31	3,279
4	50	35	4,811
4	50	36	20,066
4	50	37	9,277
4	50	40	19,502
4	50	42	3,873
4	50	43	2,205
4	50	45	2,144
4	50	46	2,697
4	50	48	2,2
5	5	15	3,639
5	5	20	2,943
5	5	21	3,03
5	5	22	5,553
5	5	24	1,805
5	5	25	12,672
5	5	28	2,13
5	5	36	27,036
5	5	42	12,341
5	5	46	1,279
5	5	47	3,638
5	15	5	2,289
5	15	20	4,966
5	15	21	0,566
5	15	22	3,818
5	15	24	21,307
5	15	25	4,224
5	15	28	2,247
5	15	36	3,855
5	15	42	10,444
5	15	46	3,379
5	15	47	6,159
5	20	5	15,117
5	20	15	2,227
5	20	21	6
5	20	22	29,767
5	20	24	4,558
5	20	25	4,557
5	20	28	10,857
5	20	36	7,621
5	20	42	6,873
5	20	46	8,012
5	20	47	1,275
5	21	5	7,842
5	21	15	1,709
5	21	20	13,679
5	21	22	1,124
5	21	24	2,875
5	21	25	11,1
5	21	28	8,039
5	21	36	6,088
5	21	42	23,183
5	21	46	0,56
5	21	47	1,615
5	22	5	3,804
5	22	15	3,916
5	22	20	5,106
5	22	21	5,477
5	22	24	12,526
5	22	25	7,756
5	22	28	4,592
5	22	36	5,481
5	22	42	0,682
5	22	46	2,398
5	22	47	1,378
5	24	5	1,279
5	24	15	36,804
5	24	20	11,298
5	24	21	0,689
5	24	22	1,752
5	24	25	24,214
5	24	28	11,225
5	24	36	1,876
5	24	42	0,621
5	24	46	2,281
5	24	47	25,709
5	25	5	7,566
5	25	15	9,433
5	25	20	6,091
5	25	21	4,328
5	25	22	2,086
5	25	24	11,109
5	25	28	1,507
5	25	36	8,26
5	25	42	4,434
5	25	46	3,029
5	25	47	1,736
5	28	5	9,181
5	28	15	1,362
5	28	20	7,539
5	28	21	3,069
5	28	22	2,988
5	28	24	7,409
5	28	25	7,132
5	28	36	5,943
5	28	42	10,78
5	28	46	7,265
5	28	47	2,651
5	36	5	14,89
5	36	15	7,845
5	36	20	3,398
5	36	21	2,071
5	36	22	5,272
5	36	24	1,78
5	36	25	1,75
5	36	28	4,268
5	36	42	2,621
5	36	46	1,941
5	36	47	1,508
5	42	5	0,895
5	42	15	3,067
5	42	20	4,769
5	42	21	2,505
5	42	22	24,98
5	42	24	10,157
5	42	25	13,405
5	42	28	24,66
5	42	36	3,981
5	42	46	2,271
5	42	47	6,075
5	46	5	4,379
5	46	15	9,948
5	46	20	7,328
5	46	21	6,925
5	46	22	2,93
5	46	24	2,121
5	46	25	33,867
5	46	28	9,457
5	46	36	2,648
5	46	42	11,234
5	46	47	2,691
5	47	5	8,946
5	47	15	1,166
5	47	20	21,717
5	47	21	1,366
5	47	22	3,693
5	47	24	90,894
5	47	25	19,632
5	47	28	17,218
5	47	36	5,893
5	47	42	7,201
5	47	46	2,038
6	3	6	0,962
6	3	9	1,04
6	3	12	8,801
6	3	16	1,588
6	3	17	3,14
6	3	19	0,843
6	3	20	2,808
6	3	21	4,37
6	3	22	17,076
6	3	26	16,781
6	3	27	1,458
6	3	34	2,233
6	3	37	2,575
6	3	38	8,497
6	3	39	2,584
6	3	40	4,478
6	3	41	2,869
6	3	44	9,339
6	3	49	2,517
6	6	3	0,582
6	6	9	4,8
6	6	12	5,156
6	6	16	5,831
6	6	17	15,798
6	6	19	3,391
6	6	20	4,215
6	6	21	24,282
6	6	22	0,699
6	6	26	2,677
6	6	27	3,156
6	6	34	0,708
6	6	37	0,622
6	6	38	15,378
6	6	39	4,912
6	6	40	1,399
6	6	41	26,656
6	6	44	13,639
6	6	49	1,045
6	9	3	8,302
6	9	6	7,372
6	9	12	5,738
6	9	16	0,506
6	9	17	16,785
6	9	19	3,913
6	9	20	4,669
6	9	21	1,562
6	9	22	12,794
6	9	26	2,607
6	9	27	0,921
6	9	34	6,702
6	9	37	4,311
6	9	38	11,334
6	9	39	2,824
6	9	40	15,048
6	9	41	4,489
6	9	44	0,673
6	9	49	0,953
6	12	3	6,113
6	12	6	9,038
6	12	9	0,724
6	12	16	1,462
6	12	17	2,058
6	12	19	10,335
6	12	20	9,991
6	12	21	1,991
6	12	22	32,433
6	12	26	0,679
6	12	27	9,085
6	12	34	15,939
6	12	37	6,319
6	12	38	10,447
6	12	39	1,887
6	12	40	25,162
6	12	41	3,748
6	12	44	1,335
6	12	49	46,333
6	16	3	5,035
6	16	6	10,634
6	16	9	13,51
6	16	12	5,715
6	16	17	0,583
6	16	19	1,458
6	16	20	28,562
6	16	21	5,61
6	16	22	2,772
6	16	26	2,97
6	16	27	3,159
6	16	34	3,036
6	16	37	5,318
6	16	38	1,519
6	16	39	0,513
6	16	40	22,276
6	16	41	2,689
6	16	44	5,412
6	16	49	14,182
6	17	3	5,473
6	17	6	25,876
6	17	9	1,016
6	17	12	14,046
6	17	16	5,26
6	17	19	19,589
6	17	20	3,408
6	17	21	6,865
6	17	22	6,59
6	17	26	1,086
6	17	27	1,144
6	17	34	4,521
6	17	37	14,351
6	17	38	11,108
6	17	39	11,897
6	17	40	2,456
6	17	41	4,023
6	17	44	5,188
6	17	49	1,771
6	19	3	11,4
6	19	6	1,81
6	19	9	1,18
6	19	12	2,546
6	19	16	6,151
6	19	17	4,653
6	19	20	2,296
6	19	21	3,794
6	19	22	22,643
6	19	26	7,562
6	19	27	11,744
6	19	34	1,594
6	19	37	1,636
6	19	38	9,351
6	19	39	5,728
6	19	40	3,447
6	19	41	5,595
6	19	44	9,427
6	19	49	4,269
6	20	3	0,878
6	20	6	0,642
6	20	9	2,71
6	20	12	3,616
6	20	16	8,664
6	20	17	5,498
6	20	19	2,404
6	20	21	3,566
6	20	22	9,693
6	20	26	1,49
6	20	27	2,785
6	20	34	2,477
6	20	37	2,55
6	20	38	5,074
6	20	39	16,709
6	20	40	1,537
6	20	41	7,089
6	20	44	2,683
6	20	49	5,754
6	21	3	9,56
6	21	6	4,272
6	21	9	9,237
6	21	12	2,545
6	21	16	11,942
6	21	17	1,099
6	21	19	1,867
6	21	20	5,347
6	21	22	1,937
6	21	26	1,193
6	21	27	6,568
6	21	34	2,385
6	21	37	3,314
6	21	38	1,475
6	21	39	5,703
6	21	40	11,238
6	21	41	23,144
6	21	44	16,979
6	21	49	9,646
6	22	3	10,178
6	22	6	1,023
6	22	9	6,1
6	22	12	13,646
6	22	16	0,718
6	22	17	1,187
6	22	19	1,378
6	22	20	1,423
6	22	21	1,806
6	22	26	0,687
6	22	27	3,878
6	22	34	2,204
6	22	37	7,573
6	22	38	3,398
6	22	39	0,795
6	22	40	1,299
6	22	41	3,445
6	22	44	6,878
6	22	49	4,605
6	26	3	1,838
6	26	6	5,023
6	26	9	3,788
6	26	12	8,981
6	26	16	8,716
6	26	17	32,92
6	26	19	7,405
6	26	20	10,083
6	26	21	0,615
6	26	22	5,582
6	26	27	2,349
6	26	34	14,611
6	26	37	11,793
6	26	38	23,674
6	26	39	0,835
6	26	40	1,516
6	26	41	3,956
6	26	44	7,703
6	26	49	4,282
6	27	3	11,189
6	27	6	6,543
6	27	9	1,585
6	27	12	23,466
6	27	16	5,693
6	27	17	17,807
6	27	19	8,061
6	27	20	6,541
6	27	21	2,991
6	27	22	0,957
6	27	26	6,42
6	27	34	0,991
6	27	37	0,861
6	27	38	10,411
6	27	39	4,435
6	27	40	2,231
6	27	41	1,985
6	27	44	7,085
6	27	49	0,561
6	34	3	4,375
6	34	6	21,11
6	34	9	1,236
6	34	12	3,72
6	34	16	6,708
6	34	17	2,033
6	34	19	1,631
6	34	20	23,626
6	34	21	2,509
6	34	22	1,21
6	34	26	4,524
6	34	27	5,766
6	34	37	5,168
6	34	38	12,954
6	34	39	3,645
6	34	40	3,963
6	34	41	11,546
6	34	44	0,651
6	34	49	6,807
6	37	3	5,455
6	37	6	18,823
6	37	9	7,246
6	37	12	11,22
6	37	16	20,236
6	37	17	9,411
6	37	19	8,514
6	37	20	2,112
6	37	21	1,627
6	37	22	12,613
6	37	26	1,725
6	37	27	19,427
6	37	34	19,037
6	37	38	4,957
6	37	39	8,955
6	37	40	1,401
6	37	41	1,662
6	37	44	4,677
6	37	49	2,624
6	38	3	1,235
6	38	6	0,762
6	38	9	4,408
6	38	12	3,275
6	38	16	16,197
6	38	17	0,574
6	38	19	3,994
6	38	20	8,236
6	38	21	6,836
6	38	22	2,576
6	38	26	8,199
6	38	27	1,998
6	38	34	1,245
6	38	37	17,84
6	38	39	1,558
6	38	40	0,708
6	38	41	3,459
6	38	44	4,963
6	38	49	0,636
6	39	3	1,437
6	39	6	12,414
6	39	9	0,915
6	39	12	21,713
6	39	16	0,824
6	39	17	5,988
6	39	19	8,748
6	39	20	4,793
6	39	21	1,035
6	39	22	5,21
6	39	26	4,793
6	39	27	11,629
6	39	34	13,475
6	39	37	12,318
6	39	38	7,017
6	39	40	9,747
6	39	41	5,231
6	39	44	8,717
6	39	49	10,572
6	40	3	5,99
6	40	6	14,564
6	40	9	2,957
6	40	12	9,817
6	40	16	5,038
6	40	17	12,373
6	40	19	2,123
6	40	20	4,119
6	40	21	42,295
6	40	22	2,588
6	40	26	0,504
6	40	27	9,649
6	40	34	29,12
6	40	37	0,573
6	40	38	0,635
6	40	39	11,864
6	40	41	10,729
6	40	44	10,119
6	40	49	2,332
6	41	3	7,788
6	41	6	1,571
6	41	9	0,739
6	41	12	8,516
6	41	16	11,982
6	41	17	1,727
6	41	19	1,318
6	41	20	11,065
6	41	21	11,992
6	41	22	9,897
6	41	26	4,097
6	41	27	1,143
6	41	34	5,023
6	41	37	5,301
6	41	38	20,055
6	41	39	2,554
6	41	40	4,932
6	41	44	2,897
6	41	49	7,42
6	44	3	3,563
6	44	6	5,59
6	44	9	1,008
6	44	12	8,057
6	44	16	4,092
6	44	17	4,989
6	44	19	3,165
6	44	20	1,563
6	44	21	5,555
6	44	22	5,692
6	44	26	8,336
6	44	27	12,033
6	44	34	20,487
6	44	37	2,89
6	44	38	1,59
6	44	39	2,623
6	44	40	1,916
6	44	41	7,826
6	44	49	20,279
6	49	3	2,647
6	49	6	1,23
6	49	9	3,846
6	49	12	16,316
6	49	16	6,128
6	49	17	2,6
6	49	19	2,631
6	49	20	48,175
6	49	21	20,801
6	49	22	4,373
6	49	26	1,193
6	49	27	29,792
6	49	34	1,098
6	49	37	11,59
6	49	38	6,542
6	49	39	17,575
6	49	40	9,401
6	49	41	24,838
6	49	44	1,649

