#num jobs
50
#num machines
6

#jobId machId procTime energyCons
1	1	13,09	106,89
1	2	5,43	27,5
2	3	123,7	1193,26
2	2	4,36	22,08
3	3	5,61	54,12
3	4	21,1	289,21
3	6	1,79	23,06
4	5	8,32	110,01
4	3	284,28	2742,36
4	1	4,03	32,93
5	1	18,7	152,63
5	3	35,84	345,77
5	5	11,94	157,98
6	6	11,21	144,88
6	4	3,09	42,37
7	5	15,98	211,33
8	6	7,9	102,04
8	5	0,78	10,34
8	4	0,82	11,23
8	2	35,15	177,9
8	1	0,99	8,06
9	2	16,15	81,75
10	4	9,04	123,9
11	2	6,07	30,72
11	4	25,08	343,68
11	5	2,58	34,09
11	6	495,45	6400,75
12	2	11,9	60,21
13	1	17,76	144,98
13	5	10,77	142,44
13	6	3,81	49,27
14	5	2,22	29,33
15	2	1,94	9,82
15	1	48,43	395,38
16	3	11,76	113,44
17	5	6,97	92,13
18	1	4,6	37,57
19	2	3,91	19,81
19	3	3,98	38,41
20	2	3,39	17,18
20	5	5,38	71,16
21	6	85,17	1100,32
22	4	8,98	123,11
23	5	84,33	1115,33
23	4	5,05	69,21
24	5	37,43	495,09
25	1	2,87	23,45
25	6	3,9	50,37
26	5	3,64	48,09
27	2	18,36	92,95
28	6	4,28	55,3
28	1	12,51	102,12
29	4	14,02	192,19
30	6	13,39	172,93
31	2	7,44	37,66
31	3	3,06	29,55
32	5	0,28	3,71
32	1	19,45	158,76
33	1	20,11	164,13
33	2	131,63	666,22
33	5	1,78	23,58
34	6	40,55	523,92
35	4	7,4	101,47
35	3	6,36	61,32
36	3	2,09	20,12
36	4	63,98	876,73
37	1	9,98	81,46
38	1	10,95	89,38
39	6	5,62	72,56
39	5	74,45	984,71
40	6	5,85	75,53
40	3	29,23	281,94
40	1	6,52	53,24
41	3	5,32	51,35
42	3	2,49	23,99
42	2	18,37	92,95
42	1	19,21	156,8
43	5	4,21	55,63
44	3	31,39	302,83
44	6	15,62	201,77
45	2	0,7	3,53
45	5	19,2	253,97
46	1	1,11	9,06
46	2	20,64	104,49
46	4	2,12	29,12
46	6	1,35	17,49
47	6	4,7	60,69
47	2	17,48	88,48
48	5	33,79	446,85
48	3	2,66	25,66
49	3	53,16	512,8
50	5	2,39	31,64
50	2	3,78	19,14

#jobId ddate weight rdate
1	215,631	39	64,533
2	65,101	15	6,056
3	281,741	16	79,846
4	352,401	22	10,953
5	323,19	17	4,514
6	191,042	23	8,028
7	233,322	28	4,681
8	359,24	30	17,621
9	21,915	27	19,021
10	181,262	36	29,969
11	256,348	37	82,942
12	183,171	42	14,077
13	358,484	9	28,506
14	196,543	41	53,562
15	350,595	46	0,725
16	136,322	31	11,898
17	110,944	41	72,613
18	306,186	46	15,093
19	243,925	28	51,161
20	69,191	42	9,597
21	278,617	30	22,329
22	216,003	7	21,345
23	263,39	44	31,115
24	181,812	37	45,864
25	106,291	21	8,173
26	278,571	10	1,921
27	256,541	5	57,65
28	348,302	24	15,626
29	338,592	41	71,998
30	305,855	28	69,573
31	108,938	12	64,287
32	124,61	19	64,835
33	82,216	37	29,909
34	294,329	38	54,836
35	273,836	16	67,325
36	26,74	5	44,421
37	191,237	30	75,375
38	135,069	21	41,44
39	283,433	4	67,588
40	42,512	20	55,832
41	118,398	27	73,637
42	123,843	39	16,194
43	196,585	16	79,003
44	13,316	33	43,634
45	168,825	2	74,676
46	118,535	19	16,548
47	61,564	17	69,3
48	274,175	46	25,47
49	359,208	14	77,267
50	301,332	48	47,78

#machId jobPred jobSucc setupTime
1	1	4	0,907
1	1	5	6,832
1	1	8	6,075
1	1	13	5,974
1	1	15	3,962
1	1	18	16,812
1	1	25	2,586
1	1	28	3,69
1	1	32	4,848
1	1	33	4,689
1	1	37	0,542
1	1	38	5,423
1	1	40	3,027
1	1	42	9,758
1	1	46	1,985
1	4	1	0,518
1	4	5	3,573
1	4	8	11,963
1	4	13	2,956
1	4	15	5,096
1	4	18	0,95
1	4	25	3,15
1	4	28	1,038
1	4	32	11,282
1	4	33	2,682
1	4	37	9,678
1	4	38	2,16
1	4	40	1,699
1	4	42	1,402
1	4	46	4,998
1	5	1	17,728
1	5	4	25,695
1	5	8	3,875
1	5	13	2,484
1	5	15	4,953
1	5	18	5,358
1	5	25	3,171
1	5	28	1,493
1	5	32	4,888
1	5	33	0,863
1	5	37	0,957
1	5	38	2,178
1	5	40	0,7
1	5	42	8,852
1	5	46	0,9
1	8	1	25,464
1	8	4	13,492
1	8	5	7,288
1	8	13	34,955
1	8	15	1,96
1	8	18	6,285
1	8	25	1,693
1	8	28	2,955
1	8	32	12,917
1	8	33	3,099
1	8	37	5,56
1	8	38	3,719
1	8	40	6,03
1	8	42	8,627
1	8	46	5,638
1	13	1	1,263
1	13	4	24,963
1	13	5	2,709
1	13	8	1,852
1	13	15	1,714
1	13	18	0,765
1	13	25	6,43
1	13	28	9,325
1	13	32	11,548
1	13	33	17,465
1	13	37	12,796
1	13	38	4,329
1	13	40	1,155
1	13	42	3,369
1	13	46	1,883
1	15	1	2,448
1	15	4	1,346
1	15	5	0,859
1	15	8	10,491
1	15	13	7,088
1	15	18	3,924
1	15	25	1,451
1	15	28	1,128
1	15	32	5,879
1	15	33	2,85
1	15	37	0,757
1	15	38	8,42
1	15	40	11,637
1	15	42	16,801
1	15	46	7,881
1	18	1	2,578
1	18	4	2,481
1	18	5	10,202
1	18	8	6,462
1	18	13	9,967
1	18	15	4,039
1	18	25	5,069
1	18	28	13,697
1	18	32	1,933
1	18	33	9,944
1	18	37	1,011
1	18	38	3,274
1	18	40	8,693
1	18	42	5,127
1	18	46	6,883
1	25	1	2,335
1	25	4	6,177
1	25	5	2,557
1	25	8	0,669
1	25	13	3,878
1	25	15	1,331
1	25	18	9,18
1	25	28	12,277
1	25	32	19,449
1	25	33	2,96
1	25	37	4,34
1	25	38	2,126
1	25	40	4,739
1	25	42	0,905
1	25	46	6,255
1	28	1	1,512
1	28	4	3,809
1	28	5	2,25
1	28	8	11,769
1	28	13	27,43
1	28	15	4,329
1	28	18	9,095
1	28	25	1,528
1	28	32	0,805
1	28	33	0,674
1	28	37	11,635
1	28	38	4,705
1	28	40	10,907
1	28	42	4,258
1	28	46	4,62
1	32	1	16,036
1	32	4	1,213
1	32	5	1,706
1	32	8	0,688
1	32	13	4,419
1	32	15	7,651
1	32	18	3,982
1	32	25	10,374
1	32	28	16,321
1	32	33	1,901
1	32	37	3,588
1	32	38	3,119
1	32	40	1,484
1	32	42	1,86
1	32	46	6,317
1	33	1	1,868
1	33	4	25,414
1	33	5	25,738
1	33	8	2,781
1	33	13	1,866
1	33	15	5,184
1	33	18	1,088
1	33	25	4,109
1	33	28	6,343
1	33	32	4,905
1	33	37	6,835
1	33	38	0,503
1	33	40	3,264
1	33	42	1,937
1	33	46	2,248
1	37	1	1,458
1	37	4	6,599
1	37	5	15,802
1	37	8	4,015
1	37	13	4,247
1	37	15	7,142
1	37	18	5,767
1	37	25	2,942
1	37	28	2,885
1	37	32	22,302
1	37	33	3,404
1	37	38	4,855
1	37	40	0,553
1	37	42	5,901
1	37	46	8,584
1	38	1	6,402
1	38	4	0,773
1	38	5	5,967
1	38	8	1,014
1	38	13	25,729
1	38	15	16,738
1	38	18	5,185
1	38	25	1,098
1	38	28	0,775
1	38	32	1,915
1	38	33	1,073
1	38	37	7,703
1	38	40	8,04
1	38	42	3,278
1	38	46	10,435
1	40	1	4,065
1	40	4	5,124
1	40	5	2,279
1	40	8	4,853
1	40	13	10,635
1	40	15	5,436
1	40	18	4,486
1	40	25	11,562
1	40	28	5,52
1	40	32	8,288
1	40	33	4,491
1	40	37	1,364
1	40	38	3,439
1	40	42	19,266
1	40	46	2,835
1	42	1	1,877
1	42	4	3,925
1	42	5	15,262
1	42	8	8,826
1	42	13	2,723
1	42	15	4,745
1	42	18	8,163
1	42	25	1,253
1	42	28	1,907
1	42	32	6,646
1	42	33	3,378
1	42	37	0,886
1	42	38	11,222
1	42	40	18,515
1	42	46	5,047
1	46	1	0,936
1	46	4	1,551
1	46	5	4,44
1	46	8	5,808
1	46	13	6,764
1	46	15	2,606
1	46	18	5,472
1	46	25	3,245
1	46	28	2,621
1	46	32	14,817
1	46	33	6,844
1	46	37	13,363
1	46	38	1,761
1	46	40	1,763
1	46	42	9,59
2	1	2	14,132
2	1	8	0,69
2	1	9	0,51
2	1	11	2,783
2	1	12	29,847
2	1	15	3,417
2	1	19	3,977
2	1	20	2,613
2	1	27	13,544
2	1	31	4,192
2	1	33	1,012
2	1	42	6,034
2	1	45	7,435
2	1	46	1,179
2	1	47	34,907
2	1	50	1,039
2	2	1	1,051
2	2	8	1,159
2	2	9	22,16
2	2	11	6,585
2	2	12	6,394
2	2	15	6,761
2	2	19	25,744
2	2	20	2,751
2	2	27	3,107
2	2	31	12,752
2	2	33	1,008
2	2	42	3,291
2	2	45	5,726
2	2	46	2,09
2	2	47	3,425
2	2	50	4,853
2	8	1	7,982
2	8	2	2,002
2	8	9	4,761
2	8	11	3,752
2	8	12	8,493
2	8	15	1,666
2	8	19	5,904
2	8	20	1,641
2	8	27	17,16
2	8	31	1,023
2	8	33	13,764
2	8	42	18,462
2	8	45	9,184
2	8	46	4,126
2	8	47	3,046
2	8	50	3,74
2	9	1	2,013
2	9	2	2,829
2	9	8	0,983
2	9	11	7,183
2	9	12	2,846
2	9	15	0,777
2	9	19	8,487
2	9	20	31,412
2	9	27	6,87
2	9	31	9,982
2	9	33	9,173
2	9	42	2,76
2	9	45	3,679
2	9	46	4,517
2	9	47	8,53
2	9	50	13,318
2	11	1	1,567
2	11	2	0,813
2	11	8	1,691
2	11	9	2,313
2	11	12	1,702
2	11	15	11,442
2	11	19	2,007
2	11	20	3,316
2	11	27	4,596
2	11	31	3,491
2	11	33	1,212
2	11	42	0,519
2	11	45	1,058
2	11	46	1,394
2	11	47	4,692
2	11	50	3,24
2	12	1	8,149
2	12	2	2,292
2	12	8	0,719
2	12	9	12,206
2	12	11	5,594
2	12	15	2,597
2	12	19	4,434
2	12	20	1,616
2	12	27	7,113
2	12	31	4,353
2	12	33	17,137
2	12	42	7,308
2	12	45	3,409
2	12	46	0,931
2	12	47	3,705
2	12	50	2,848
2	15	1	4,958
2	15	2	4,752
2	15	8	1,656
2	15	9	6,211
2	15	11	5,144
2	15	12	14,107
2	15	19	5,662
2	15	20	3,144
2	15	27	7,961
2	15	31	2,493
2	15	33	1,448
2	15	42	0,886
2	15	45	4,691
2	15	46	16,188
2	15	47	8,057
2	15	50	6,166
2	19	1	5,177
2	19	2	2,243
2	19	8	4,725
2	19	9	8,989
2	19	11	1,703
2	19	12	8,777
2	19	15	4,283
2	19	20	6,504
2	19	27	9,254
2	19	31	5,006
2	19	33	27,552
2	19	42	3,038
2	19	45	9,056
2	19	46	4,158
2	19	47	1,369
2	19	50	27,747
2	20	1	7,553
2	20	2	6,208
2	20	8	14,523
2	20	9	4,284
2	20	11	3,498
2	20	12	4,221
2	20	15	2,484
2	20	19	11,812
2	20	27	3,021
2	20	31	1,055
2	20	33	0,605
2	20	42	2,648
2	20	45	3,405
2	20	46	14,37
2	20	47	7,092
2	20	50	3,956
2	27	1	10,188
2	27	2	13,132
2	27	8	12,021
2	27	9	2,742
2	27	11	4,948
2	27	12	10,959
2	27	15	1,481
2	27	19	1,536
2	27	20	2,744
2	27	31	9,833
2	27	33	6,611
2	27	42	24,04
2	27	45	2,096
2	27	46	3,323
2	27	47	10,603
2	27	50	12,738
2	31	1	1,862
2	31	2	5,131
2	31	8	5,745
2	31	9	1,59
2	31	11	2,779
2	31	12	1,26
2	31	15	4,976
2	31	19	8,283
2	31	20	5,878
2	31	27	0,528
2	31	33	10,01
2	31	42	9,321
2	31	45	9,894
2	31	46	6,518
2	31	47	3,613
2	31	50	1,984
2	33	1	1,245
2	33	2	0,858
2	33	8	3,622
2	33	9	6,944
2	33	11	2,135
2	33	12	1,21
2	33	15	1,457
2	33	19	9,106
2	33	20	30,594
2	33	27	4,203
2	33	31	1,347
2	33	42	0,602
2	33	45	2,188
2	33	46	8,194
2	33	47	2,288
2	33	50	1,056
2	42	1	9,795
2	42	2	13,888
2	42	8	24,55
2	42	9	26,382
2	42	11	17,285
2	42	12	26,391
2	42	15	12,987
2	42	19	2,811
2	42	20	9,22
2	42	27	1,306
2	42	31	8,328
2	42	33	2,06
2	42	45	32,12
2	42	46	11,758
2	42	47	14,695
2	42	50	1,173
2	45	1	1,462
2	45	2	10,854
2	45	8	0,838
2	45	9	2,017
2	45	11	0,57
2	45	12	2,263
2	45	15	6,442
2	45	19	2,85
2	45	20	7,503
2	45	27	2,275
2	45	31	15,946
2	45	33	2,987
2	45	42	4,12
2	45	46	5,029
2	45	47	9,148
2	45	50	0,92
2	46	1	4,153
2	46	2	3,045
2	46	8	2,675
2	46	9	9,496
2	46	11	1,632
2	46	12	3,569
2	46	15	8,552
2	46	19	11,826
2	46	20	4,189
2	46	27	6,856
2	46	31	2,755
2	46	33	2,325
2	46	42	6,373
2	46	45	19,394
2	46	47	6,78
2	46	50	5,457
2	47	1	3,632
2	47	2	0,816
2	47	8	1,099
2	47	9	9,327
2	47	11	1,078
2	47	12	6,51
2	47	15	1,883
2	47	19	0,567
2	47	20	4,775
2	47	27	6,332
2	47	31	16,469
2	47	33	23,66
2	47	42	4,169
2	47	45	1,781
2	47	46	23,528
2	47	50	13,313
2	50	1	1,62
2	50	2	9,772
2	50	8	6,44
2	50	9	3,298
2	50	11	20,774
2	50	12	15,255
2	50	15	5,903
2	50	19	2,277
2	50	20	0,768
2	50	27	1,28
2	50	31	3,972
2	50	33	4,244
2	50	42	66,439
2	50	45	3,201
2	50	46	2,265
2	50	47	10,627
3	2	3	11,86
3	2	4	19,837
3	2	5	2,755
3	2	16	1,194
3	2	19	6,384
3	2	31	0,948
3	2	35	1,401
3	2	36	5,532
3	2	40	5,404
3	2	41	1,829
3	2	42	25,799
3	2	44	5,762
3	2	48	4,562
3	2	49	9,416
3	3	2	5,365
3	3	4	7,719
3	3	5	0,848
3	3	16	8,709
3	3	19	1,671
3	3	31	1,499
3	3	35	0,786
3	3	36	24,68
3	3	40	3,99
3	3	41	1,805
3	3	42	2,065
3	3	44	6,532
3	3	48	2,365
3	3	49	0,573
3	4	2	23,324
3	4	3	7,231
3	4	5	3,73
3	4	16	28,458
3	4	19	17,322
3	4	31	25,276
3	4	35	5,651
3	4	36	1,319
3	4	40	4,692
3	4	41	8,291
3	4	42	2,314
3	4	44	1,48
3	4	48	1,748
3	4	49	4,962
3	5	2	4,372
3	5	3	1,381
3	5	4	14,944
3	5	16	0,899
3	5	19	3,042
3	5	31	3,052
3	5	35	5,464
3	5	36	13,848
3	5	40	4,092
3	5	41	0,703
3	5	42	15,311
3	5	44	0,754
3	5	48	2,305
3	5	49	2,476
3	16	2	1,336
3	16	3	7,542
3	16	4	8,891
3	16	5	28,544
3	16	19	4,143
3	16	31	2,685
3	16	35	4,1
3	16	36	1,329
3	16	40	0,633
3	16	41	10,459
3	16	42	14,618
3	16	44	5,427
3	16	48	1,1
3	16	49	5,937
3	19	2	1,014
3	19	3	8,563
3	19	4	12,266
3	19	5	8,209
3	19	16	4,874
3	19	31	23,736
3	19	35	4,358
3	19	36	2,833
3	19	40	6,375
3	19	41	1,829
3	19	42	39,468
3	19	44	12,676
3	19	48	9,69
3	19	49	2,263
3	31	2	0,724
3	31	3	1,656
3	31	4	11,071
3	31	5	7,363
3	31	16	1,593
3	31	19	5,277
3	31	35	4,563
3	31	36	8,047
3	31	40	0,698
3	31	41	2,4
3	31	42	29,35
3	31	44	5,358
3	31	48	6,135
3	31	49	3,02
3	35	2	3,203
3	35	3	4,357
3	35	4	5,839
3	35	5	7,45
3	35	16	13,288
3	35	19	2,454
3	35	31	3,25
3	35	36	2,896
3	35	40	0,643
3	35	41	1,244
3	35	42	0,708
3	35	44	1,982
3	35	48	1,761
3	35	49	10,858
3	36	2	14,503
3	36	3	2,271
3	36	4	2,018
3	36	5	11,118
3	36	16	4,72
3	36	19	24,65
3	36	31	7,238
3	36	35	0,896
3	36	40	3,066
3	36	41	3,357
3	36	42	7,112
3	36	44	4,074
3	36	48	11,349
3	36	49	2,298
3	40	2	1,928
3	40	3	1,325
3	40	4	1,061
3	40	5	1,473
3	40	16	9,213
3	40	19	6,248
3	40	31	2,356
3	40	35	0,929
3	40	36	6,588
3	40	41	14,769
3	40	42	11,588
3	40	44	8,169
3	40	48	0,871
3	40	49	2,5
3	41	2	1,776
3	41	3	0,626
3	41	4	1,026
3	41	5	4,058
3	41	16	0,936
3	41	19	4,243
3	41	31	4,318
3	41	35	1,714
3	41	36	9,057
3	41	40	5,179
3	41	42	14,108
3	41	44	2,759
3	41	48	12,901
3	41	49	6,082
3	42	2	6,482
3	42	3	0,893
3	42	4	3,264
3	42	5	26,203
3	42	16	3,451
3	42	19	16,563
3	42	31	1,497
3	42	35	7,907
3	42	36	0,738
3	42	40	12,925
3	42	41	0,819
3	42	44	0,648
3	42	48	3,273
3	42	49	0,69
3	44	2	18,168
3	44	3	5,613
3	44	4	8,004
3	44	5	4,206
3	44	16	8,822
3	44	19	5,463
3	44	31	14,945
3	44	35	4,533
3	44	36	3,938
3	44	40	12,805
3	44	41	19,438
3	44	42	2,107
3	44	48	0,708
3	44	49	15,662
3	48	2	2,562
3	48	3	8,11
3	48	4	1,716
3	48	5	5,042
3	48	16	5,186
3	48	19	1,711
3	48	31	3,724
3	48	35	0,843
3	48	36	2,642
3	48	40	0,815
3	48	41	2,297
3	48	42	1,782
3	48	44	3,267
3	48	49	5,482
3	49	2	3,913
3	49	3	1,333
3	49	4	5,484
3	49	5	3,448
3	49	16	6,025
3	49	19	0,816
3	49	31	1,351
3	49	35	0,684
3	49	36	3,614
3	49	40	4,478
3	49	41	3,809
3	49	42	6,084
3	49	44	5,763
3	49	48	5,18
4	3	6	1,563
4	3	8	8,037
4	3	10	11,769
4	3	11	1,925
4	3	22	5,57
4	3	23	0,918
4	3	29	5,253
4	3	35	0,816
4	3	36	4,983
4	3	46	1,729
4	6	3	3,194
4	6	8	2,654
4	6	10	5,117
4	6	11	23,776
4	6	22	0,569
4	6	23	3,814
4	6	29	0,88
4	6	35	1,621
4	6	36	7,98
4	6	46	5,876
4	8	3	5,458
4	8	6	1,231
4	8	10	1,233
4	8	11	3,129
4	8	22	4,516
4	8	23	12,934
4	8	29	2,89
4	8	35	4,351
4	8	36	6,313
4	8	46	5,092
4	10	3	1,464
4	10	6	15,627
4	10	8	7,084
4	10	11	8,199
4	10	22	4,369
4	10	23	1,296
4	10	29	25,528
4	10	35	12,95
4	10	36	2,922
4	10	46	0,857
4	11	3	2,045
4	11	6	3,029
4	11	8	11,589
4	11	10	6,83
4	11	22	0,617
4	11	23	0,556
4	11	29	3,01
4	11	35	11,682
4	11	36	1,656
4	11	46	5,749
4	22	3	23,284
4	22	6	2,089
4	22	8	5,987
4	22	10	0,723
4	22	11	1,927
4	22	23	2,685
4	22	29	4,012
4	22	35	22,791
4	22	36	24,503
4	22	46	0,679
4	23	3	3,047
4	23	6	0,648
4	23	8	3,221
4	23	10	2,06
4	23	11	2,799
4	23	22	0,99
4	23	29	3,531
4	23	35	13,906
4	23	36	20,391
4	23	46	6,043
4	29	3	3,242
4	29	6	7,986
4	29	8	1,462
4	29	10	7,766
4	29	11	3,617
4	29	22	2,204
4	29	23	1,81
4	29	35	7,519
4	29	36	2,474
4	29	46	7,775
4	35	3	62,167
4	35	6	10,526
4	35	8	1,253
4	35	10	1,586
4	35	11	10,409
4	35	22	0,504
4	35	23	0,693
4	35	29	11,991
4	35	36	0,753
4	35	46	11,464
4	36	3	1,891
4	36	6	1,31
4	36	8	2,906
4	36	10	14,128
4	36	11	2,238
4	36	22	5,777
4	36	23	4,804
4	36	29	5,547
4	36	35	7,186
4	36	46	6,781
4	46	3	1,812
4	46	6	11,859
4	46	8	14,005
4	46	10	4,273
4	46	11	4,378
4	46	22	1,34
4	46	23	3,349
4	46	29	3,752
4	46	35	2,626
4	46	36	2,018
5	4	5	2,661
5	4	7	1,783
5	4	8	3,674
5	4	11	1,516
5	4	13	11,584
5	4	14	1,518
5	4	17	5,006
5	4	20	9,166
5	4	23	8,13
5	4	24	5,097
5	4	26	0,834
5	4	32	5,093
5	4	33	4,949
5	4	39	2,413
5	4	43	4,362
5	4	45	5,694
5	4	48	13,241
5	4	50	5,831
5	5	4	0,593
5	5	7	18,891
5	5	8	3,145
5	5	11	17,436
5	5	13	6,764
5	5	14	4,618
5	5	17	20,026
5	5	20	6,929
5	5	23	9,979
5	5	24	4,486
5	5	26	4,997
5	5	32	5,15
5	5	33	45,919
5	5	39	5,357
5	5	43	2,585
5	5	45	0,736
5	5	48	2,314
5	5	50	27,447
5	7	4	10,328
5	7	5	3,427
5	7	8	1,582
5	7	11	8,856
5	7	13	0,525
5	7	14	12,307
5	7	17	4,363
5	7	20	4,62
5	7	23	5,352
5	7	24	4,871
5	7	26	1,476
5	7	32	5,605
5	7	33	10,96
5	7	39	2,122
5	7	43	1,561
5	7	45	1,845
5	7	48	3,977
5	7	50	8,646
5	8	4	0,668
5	8	5	0,661
5	8	7	0,584
5	8	11	15,01
5	8	13	4,321
5	8	14	1,429
5	8	17	2,598
5	8	20	13,297
5	8	23	1,241
5	8	24	11,151
5	8	26	2,994
5	8	32	10,623
5	8	33	7,818
5	8	39	1,349
5	8	43	5,185
5	8	45	5,407
5	8	48	2,272
5	8	50	3,293
5	11	4	3,012
5	11	5	1,845
5	11	7	1,231
5	11	8	4,613
5	11	13	1,115
5	11	14	4,335
5	11	17	1,593
5	11	20	1,347
5	11	23	11,468
5	11	24	3,957
5	11	26	0,734
5	11	32	11,886
5	11	33	1,01
5	11	39	6,208
5	11	43	18,663
5	11	45	0,518
5	11	48	1,766
5	11	50	4,502
5	13	4	4,572
5	13	5	6,422
5	13	7	12,578
5	13	8	10,078
5	13	11	3,677
5	13	14	8,631
5	13	17	3,642
5	13	20	29,619
5	13	23	1,851
5	13	24	6,853
5	13	26	1,182
5	13	32	11,236
5	13	33	8,626
5	13	39	2,917
5	13	43	24,757
5	13	45	2,907
5	13	48	10,642
5	13	50	1,728
5	14	4	2,649
5	14	5	9,148
5	14	7	2,512
5	14	8	6,159
5	14	11	1,762
5	14	13	4,089
5	14	17	2,82
5	14	20	3,369
5	14	23	4,19
5	14	24	0,702
5	14	26	0,883
5	14	32	1,835
5	14	33	1,425
5	14	39	9,056
5	14	43	1,834
5	14	45	3,393
5	14	48	6,492
5	14	50	25,219
5	17	4	30,122
5	17	5	18,752
5	17	7	4,475
5	17	8	20,194
5	17	11	1,236
5	17	13	3,557
5	17	14	3,886
5	17	20	4,734
5	17	23	19,945
5	17	24	12,581
5	17	26	2,201
5	17	32	2,97
5	17	33	2,716
5	17	39	2,369
5	17	43	37,226
5	17	45	3,573
5	17	48	7,92
5	17	50	3,93
5	20	4	2,567
5	20	5	12,311
5	20	7	4,728
5	20	8	1,233
5	20	11	5,631
5	20	13	1,123
5	20	14	1,684
5	20	17	4,28
5	20	23	1,579
5	20	24	3,886
5	20	26	9,418
5	20	32	6,92
5	20	33	0,664
5	20	39	2,899
5	20	43	11,618
5	20	45	4,891
5	20	48	3,709
5	20	50	1,99
5	23	4	23,854
5	23	5	2,481
5	23	7	3,175
5	23	8	7,004
5	23	11	20,148
5	23	13	2,26
5	23	14	4,745
5	23	17	1,158
5	23	20	1,813
5	23	24	5
5	23	26	2,808
5	23	32	7,693
5	23	33	4,471
5	23	39	0,705
5	23	43	20,016
5	23	45	12,724
5	23	48	5,762
5	23	50	11,925
5	24	4	10,855
5	24	5	0,946
5	24	7	26,771
5	24	8	4,288
5	24	11	1,676
5	24	13	5,097
5	24	14	0,568
5	24	17	5,139
5	24	20	6,257
5	24	23	5,347
5	24	26	3,324
5	24	32	13,814
5	24	33	3,712
5	24	39	13,629
5	24	43	1,129
5	24	45	4,714
5	24	48	8,608
5	24	50	8,89
5	26	4	15,767
5	26	5	6,923
5	26	7	15,673
5	26	8	12,309
5	26	11	3,972
5	26	13	3,865
5	26	14	8,81
5	26	17	2,949
5	26	20	31,982
5	26	23	6,575
5	26	24	1,504
5	26	32	12,204
5	26	33	20,585
5	26	39	18,143
5	26	43	7,018
5	26	45	4,143
5	26	48	1,623
5	26	50	4,711
5	32	4	15,182
5	32	5	6,343
5	32	7	3,177
5	32	8	13,855
5	32	11	8,554
5	32	13	12,411
5	32	14	15,543
5	32	17	26,349
5	32	20	3,236
5	32	23	30,592
5	32	24	3,232
5	32	26	4,944
5	32	33	7,945
5	32	39	5,847
5	32	43	2,548
5	32	45	10,176
5	32	48	13,862
5	32	50	1,153
5	33	4	6,388
5	33	5	1,622
5	33	7	11,155
5	33	8	0,584
5	33	11	0,549
5	33	13	0,549
5	33	14	5,903
5	33	17	5,124
5	33	20	3,489
5	33	23	36,685
5	33	24	4,603
5	33	26	0,561
5	33	32	25,714
5	33	39	2,658
5	33	43	0,942
5	33	45	9,955
5	33	48	3,225
5	33	50	10,363
5	39	4	51,951
5	39	5	2,899
5	39	7	14,165
5	39	8	0,677
5	39	11	17,13
5	39	13	2,076
5	39	14	17,696
5	39	17	17,498
5	39	20	28,549
5	39	23	3,193
5	39	24	15,245
5	39	26	5,689
5	39	32	13,651
5	39	33	31,404
5	39	43	3,748
5	39	45	9,3
5	39	48	1,76
5	39	50	0,519
5	43	4	28,8
5	43	5	1,088
5	43	7	5,205
5	43	8	4,557
5	43	11	8,815
5	43	13	2,572
5	43	14	5,273
5	43	17	20,317
5	43	20	6,853
5	43	23	5,144
5	43	24	9,969
5	43	26	2,382
5	43	32	4,274
5	43	33	0,669
5	43	39	6,62
5	43	45	0,959
5	43	48	9,991
5	43	50	5,13
5	45	4	0,566
5	45	5	4,035
5	45	7	1,831
5	45	8	0,803
5	45	11	3,718
5	45	13	16,71
5	45	14	1,173
5	45	17	13,332
5	45	20	4,605
5	45	23	1,789
5	45	24	4,538
5	45	26	4,864
5	45	32	4,34
5	45	33	12,988
5	45	39	20,285
5	45	43	4,007
5	45	48	7,121
5	45	50	2,15
5	48	4	2,381
5	48	5	0,708
5	48	7	4,138
5	48	8	7,096
5	48	11	5,724
5	48	13	8,203
5	48	14	10,599
5	48	17	2,595
5	48	20	7,436
5	48	23	6,454
5	48	24	10,084
5	48	26	13,012
5	48	32	1,662
5	48	33	14,287
5	48	39	1,987
5	48	43	4,396
5	48	45	1,969
5	48	50	1,345
5	50	4	7,497
5	50	5	21,529
5	50	7	2,324
5	50	8	3,592
5	50	11	16,643
5	50	13	1,992
5	50	14	1,38
5	50	17	20,384
5	50	20	1,253
5	50	23	4,547
5	50	24	2,551
5	50	26	4,772
5	50	32	4,933
5	50	33	4,81
5	50	39	2,674
5	50	43	16,049
5	50	45	4,268
5	50	48	2,842
6	3	6	1,433
6	3	8	8,532
6	3	11	0,522
6	3	13	6,126
6	3	21	8,511
6	3	25	10,554
6	3	28	2,532
6	3	30	1,716
6	3	34	0,698
6	3	39	0,596
6	3	40	18,836
6	3	44	4,593
6	3	46	1,846
6	3	47	2,698
6	6	3	9,845
6	6	8	10,475
6	6	11	0,85
6	6	13	3,349
6	6	21	4,031
6	6	25	12,002
6	6	28	11,784
6	6	30	8,244
6	6	34	14,398
6	6	39	0,637
6	6	40	1,693
6	6	44	1,883
6	6	46	23,583
6	6	47	2,257
6	8	3	0,806
6	8	6	10,626
6	8	11	13,116
6	8	13	6,989
6	8	21	8,945
6	8	25	8,838
6	8	28	4,708
6	8	30	4,804
6	8	34	3,614
6	8	39	3,06
6	8	40	8,013
6	8	44	6,856
6	8	46	0,869
6	8	47	2,602
6	11	3	8,523
6	11	6	1,664
6	11	8	3,814
6	11	13	4,286
6	11	21	6,524
6	11	25	1,898
6	11	28	3,075
6	11	30	1,688
6	11	34	19,689
6	11	39	12,248
6	11	40	2,962
6	11	44	9,106
6	11	46	8,498
6	11	47	21,545
6	13	3	4,393
6	13	6	11,551
6	13	8	9,553
6	13	11	0,613
6	13	21	3,865
6	13	25	1,229
6	13	28	1,388
6	13	30	14,93
6	13	34	7,022
6	13	39	4,42
6	13	40	2,902
6	13	44	5,051
6	13	46	0,957
6	13	47	4,665
6	21	3	11,231
6	21	6	1,614
6	21	8	8,643
6	21	11	9,531
6	21	13	1,052
6	21	25	19,801
6	21	28	19,195
6	21	30	9,445
6	21	34	2,552
6	21	39	3,249
6	21	40	8,814
6	21	44	3,047
6	21	46	13,583
6	21	47	1,315
6	25	3	8,566
6	25	6	11,888
6	25	8	2,113
6	25	11	2,597
6	25	13	6,203
6	25	21	0,828
6	25	28	3,866
6	25	30	3,214
6	25	34	7,08
6	25	39	10,454
6	25	40	6,357
6	25	44	2,484
6	25	46	3,067
6	25	47	2,601
6	28	3	8,87
6	28	6	1,537
6	28	8	12,059
6	28	11	5,496
6	28	13	3,709
6	28	21	2,669
6	28	25	7,783
6	28	30	4,185
6	28	34	28,861
6	28	39	6,595
6	28	40	13,898
6	28	44	3,552
6	28	46	3,12
6	28	47	3,564
6	30	3	15,612
6	30	6	6,248
6	30	8	5,852
6	30	11	5,004
6	30	13	13,982
6	30	21	2,43
6	30	25	23,635
6	30	28	18,879
6	30	34	5,464
6	30	39	5,576
6	30	40	19,149
6	30	44	0,802
6	30	46	8,509
6	30	47	6,688
6	34	3	6,367
6	34	6	1,532
6	34	8	2,297
6	34	11	22,457
6	34	13	2,386
6	34	21	3,235
6	34	25	15,305
6	34	28	2,904
6	34	30	18,264
6	34	39	1,918
6	34	40	0,727
6	34	44	3,068
6	34	46	1,895
6	34	47	3,033
6	39	3	8,68
6	39	6	1,048
6	39	8	1,071
6	39	11	15,827
6	39	13	2,64
6	39	21	3,908
6	39	25	4,929
6	39	28	3,841
6	39	30	3,393
6	39	34	2,207
6	39	40	7,38
6	39	44	1,671
6	39	46	13,799
6	39	47	8,154
6	40	3	11,166
6	40	6	9,951
6	40	8	14,591
6	40	11	12,958
6	40	13	3,132
6	40	21	11,856
6	40	25	0,551
6	40	28	1,395
6	40	30	3,791
6	40	34	10,804
6	40	39	1,834
6	40	44	1,46
6	40	46	25,642
6	40	47	1,389
6	44	3	2,479
6	44	6	5,729
6	44	8	0,723
6	44	11	11,586
6	44	13	3,983
6	44	21	9,827
6	44	25	3,677
6	44	28	7,872
6	44	30	9,683
6	44	34	0,56
6	44	39	3,473
6	44	40	3,149
6	44	46	3,928
6	44	47	8,491
6	46	3	3,624
6	46	6	0,826
6	46	8	20,822
6	46	11	4,15
6	46	13	2,37
6	46	21	1,006
6	46	25	11,106
6	46	28	1,69
6	46	30	8,198
6	46	34	2,333
6	46	39	4,872
6	46	40	9,683
6	46	44	2,754
6	46	47	8,838
6	47	3	13,095
6	47	6	2,816
6	47	8	1,666
6	47	11	2,363
6	47	13	2,985
6	47	21	4,127
6	47	25	1,559
6	47	28	1,822
6	47	30	0,764
6	47	34	1,623
6	47	39	2,653
6	47	40	5,851
6	47	44	7,773
6	47	46	0,609

