#num jobs
50
#num machines
6

#jobId machId procTime energyCons
1	1	30,09	414,38
1	3	40,25	62,78
2	5	4,22	4,56
2	2	2,67	9,52
3	5	2,71	2,94
3	6	7,86	18,97
4	4	10,98	17,12
4	6	18,42	44,44
5	4	8,03	12,52
6	5	58,45	63,28
6	6	222,88	537,65
7	6	7,81	18,83
8	6	4,63	11,17
8	5	9,14	9,89
9	6	53,48	129
9	4	15,8	24,65
9	3	17,48	27,26
10	6	8,9	21,47
11	3	7,26	11,32
12	6	18,59	44,85
12	5	363,76	393,79
12	3	3,95	6,15
13	1	55,23	760,53
13	4	27,37	42,69
14	1	6,97	95,98
15	5	9,9	10,72
16	1	4,75	65,47
17	5	15,34	16,6
17	4	16,12	25,15
18	5	30,86	33,41
19	3	0,12	0,19
19	2	6,16	21,95
19	1	5,26	72,4
20	2	2,7	9,6
21	4	8,65	13,49
22	4	9,14	14,27
23	3	2,87	4,47
23	5	17,23	18,65
24	2	5,41	19,28
24	4	10,3	16,07
25	4	26,27	40,98
26	5	284,58	308,08
27	3	21,49	33,51
28	1	141,63	1950,2
29	3	16,25	25,34
29	6	8,7	20,99
30	6	5,44	13,13
31	3	3,07	4,79
31	4	1,97	3,08
32	2	5,13	18,27
33	4	6,63	10,35
33	1	0,4	5,5
34	2	1,97	7,03
35	1	23,23	319,83
35	3	2,35	3,66
35	4	14,6	22,77
35	5	1,59	1,72
35	6	37,48	90,42
36	4	64,44	100,52
37	4	53,63	83,65
37	3	1,72	2,68
38	1	8,61	118,52
38	3	5,24	8,17
38	4	14,74	23
39	3	33,95	52,94
39	4	9,87	15,39
39	5	36,32	39,32
40	1	76,62	1055,01
40	5	6,11	6,61
41	5	46,62	50,47
41	2	32,54	115,93
41	1	16,74	230,46
42	5	4,53	4,91
43	5	3,22	3,48
43	1	44,05	606,56
44	1	19,51	268,62
44	2	14,42	51,39
45	3	14,67	22,88
45	4	15,52	24,21
46	1	8,48	116,74
46	4	7,01	10,93
46	6	73,18	176,54
47	3	20,66	32,22
47	5	3,86	4,18
48	2	2,42	8,64
49	1	14,27	196,45
49	3	4,86	7,58
50	3	0,91	1,42
50	6	26,06	62,87

#jobId ddate weight rdate
1	305,54	46	172,881
2	409,722	41	222,722
3	252,384	34	226,395
4	340,996	20	207,207
5	195,341	24	241,49
6	429,498	12	142,098
7	216,534	43	177,725
8	497,517	38	214,573
9	406,6	12	233,666
10	417,079	22	94,03
11	367,816	26	172,416
12	467,911	48	53,264
13	195,687	10	1,279
14	182,819	14	211,947
15	300,027	43	172,15
16	478,689	34	21,194
17	204,644	49	125,409
18	230,597	24	182,855
19	443,043	42	117,096
20	235,202	47	2,341
21	382,744	25	137,558
22	261,539	7	240,964
23	478,674	36	56,651
24	353,856	27	175,358
25	190,081	43	25,287
26	375,828	8	148,118
27	487,014	40	207,012
28	366,212	44	159,326
29	327,354	48	102,914
30	193,539	38	18,651
31	216,876	49	231,443
32	255,441	14	111,136
33	443,558	37	28,866
34	426,696	43	0,011
35	505,74	40	149,17
36	332,263	30	30,387
37	383,924	44	50,411
38	410,005	11	72,22
39	224,27	45	12,399
40	392,379	26	211,718
41	234,357	8	213,852
42	510,13	39	102,735
43	363,229	33	212,059
44	377,342	23	210,282
45	322,368	39	45,238
46	504,625	2	156,433
47	198,814	14	257,398
48	298,15	44	118,29
49	478,411	30	116,232
50	445,531	19	23,378

#machId jobPred jobSucc setupTime
1	1	13	5,149
1	1	14	7,751
1	1	16	5,64
1	1	19	5,262
1	1	28	2,424
1	1	33	0,738
1	1	35	7,407
1	1	38	20,899
1	1	40	10,409
1	1	41	1,417
1	1	43	8,856
1	1	44	3,525
1	1	46	8,087
1	1	49	1,666
1	13	1	7,585
1	13	14	6,54
1	13	16	7,814
1	13	19	2,752
1	13	28	3,041
1	13	33	3,088
1	13	35	10,099
1	13	38	3,647
1	13	40	34,448
1	13	41	1,821
1	13	43	7,994
1	13	44	1,445
1	13	46	2,261
1	13	49	4,518
1	14	1	0,914
1	14	13	19,994
1	14	16	1,384
1	14	19	12,329
1	14	28	1,945
1	14	33	6,404
1	14	35	29,018
1	14	38	2,67
1	14	40	6,531
1	14	41	1,627
1	14	43	11,219
1	14	44	3,345
1	14	46	14,157
1	14	49	23,787
1	16	1	1,992
1	16	13	5,763
1	16	14	11,082
1	16	19	2,528
1	16	28	0,909
1	16	33	16,685
1	16	35	2,553
1	16	38	4,098
1	16	40	2,891
1	16	41	1,453
1	16	43	10,125
1	16	44	15,307
1	16	46	7,025
1	16	49	3,848
1	19	1	15,725
1	19	13	5,56
1	19	14	14,978
1	19	16	6,467
1	19	28	4,893
1	19	33	4,561
1	19	35	2,09
1	19	38	7,66
1	19	40	1,397
1	19	41	2,2
1	19	43	1,894
1	19	44	3,025
1	19	46	13,618
1	19	49	8,958
1	28	1	1,57
1	28	13	1,464
1	28	14	5,486
1	28	16	1,289
1	28	19	2,379
1	28	33	0,634
1	28	35	13,914
1	28	38	2,332
1	28	40	2,795
1	28	41	14,898
1	28	43	6,591
1	28	44	0,737
1	28	46	6,582
1	28	49	1,287
1	33	1	11,912
1	33	13	1,827
1	33	14	4,55
1	33	16	22,19
1	33	19	6,179
1	33	28	2,803
1	33	35	1,305
1	33	38	4,016
1	33	40	1,935
1	33	41	3,323
1	33	43	2,296
1	33	44	7,023
1	33	46	15,015
1	33	49	1,757
1	35	1	2,981
1	35	13	2,001
1	35	14	10,23
1	35	16	51,294
1	35	19	5,652
1	35	28	4,435
1	35	33	3,024
1	35	38	16,22
1	35	40	13,378
1	35	41	3,174
1	35	43	6,786
1	35	44	1,619
1	35	46	8,721
1	35	49	0,826
1	38	1	13,589
1	38	13	1,625
1	38	14	5,262
1	38	16	9,015
1	38	19	3,043
1	38	28	4,321
1	38	33	12,55
1	38	35	8,061
1	38	40	8,062
1	38	41	4,586
1	38	43	14,293
1	38	44	9,219
1	38	46	11,865
1	38	49	2,995
1	40	1	4,972
1	40	13	6,755
1	40	14	8,123
1	40	16	11,472
1	40	19	8,25
1	40	28	4,698
1	40	33	3,117
1	40	35	2,871
1	40	38	1,03
1	40	41	17,2
1	40	43	26,32
1	40	44	7,066
1	40	46	7,813
1	40	49	1,309
1	41	1	9,428
1	41	13	3,562
1	41	14	5,021
1	41	16	2,757
1	41	19	2,046
1	41	28	5,791
1	41	33	14,861
1	41	35	5,129
1	41	38	8,929
1	41	40	8,494
1	41	43	5,642
1	41	44	1,803
1	41	46	4,131
1	41	49	6,943
1	43	1	1,311
1	43	13	11,58
1	43	14	10,634
1	43	16	2,092
1	43	19	9,943
1	43	28	13,918
1	43	33	7,08
1	43	35	7,62
1	43	38	3,588
1	43	40	0,611
1	43	41	2,578
1	43	44	7,242
1	43	46	1,547
1	43	49	2,652
1	44	1	6,651
1	44	13	6,933
1	44	14	3,618
1	44	16	3,341
1	44	19	0,996
1	44	28	0,959
1	44	33	3,629
1	44	35	7,396
1	44	38	1,6
1	44	40	1,581
1	44	41	1,074
1	44	43	3,077
1	44	46	3,504
1	44	49	2,837
1	46	1	4,483
1	46	13	6,072
1	46	14	5,405
1	46	16	1,683
1	46	19	7,198
1	46	28	11,145
1	46	33	3,293
1	46	35	0,896
1	46	38	18,772
1	46	40	11,844
1	46	41	4,108
1	46	43	3,876
1	46	44	0,994
1	46	49	12,627
1	49	1	1,991
1	49	13	7,162
1	49	14	2,598
1	49	16	4,659
1	49	19	1,529
1	49	28	3,34
1	49	33	4,383
1	49	35	7,455
1	49	38	6,374
1	49	40	3,222
1	49	41	28,421
1	49	43	4,476
1	49	44	4,828
1	49	46	4,071
2	2	19	8,244
2	2	20	3,883
2	2	24	3,472
2	2	32	18,128
2	2	34	0,981
2	2	41	7,215
2	2	44	1,316
2	2	48	3,797
2	19	2	5,998
2	19	20	1,121
2	19	24	5,525
2	19	32	0,768
2	19	34	1,307
2	19	41	6,02
2	19	44	7,539
2	19	48	4,323
2	20	2	23,694
2	20	19	1,366
2	20	24	0,907
2	20	32	7,991
2	20	34	5,37
2	20	41	2,605
2	20	44	4,053
2	20	48	2,347
2	24	2	2,412
2	24	19	8,979
2	24	20	5,998
2	24	32	5,977
2	24	34	13,499
2	24	41	15,372
2	24	44	22,392
2	24	48	8,797
2	32	2	2,365
2	32	19	29,042
2	32	20	0,673
2	32	24	2,715
2	32	34	24,625
2	32	41	3,081
2	32	44	7,965
2	32	48	3,717
2	34	2	1,335
2	34	19	1,654
2	34	20	4,667
2	34	24	22,008
2	34	32	7,145
2	34	41	2,922
2	34	44	3,722
2	34	48	19,81
2	41	2	4,016
2	41	19	5,097
2	41	20	3,839
2	41	24	8,97
2	41	32	8,962
2	41	34	12,611
2	41	44	1,301
2	41	48	21,759
2	44	2	1,036
2	44	19	11,364
2	44	20	2,063
2	44	24	2,123
2	44	32	1,323
2	44	34	1,307
2	44	41	11,77
2	44	48	10,77
2	48	2	2,006
2	48	19	13,699
2	48	20	6,126
2	48	24	2,008
2	48	32	0,811
2	48	34	11,26
2	48	41	9,711
2	48	44	2,526
3	1	9	4,311
3	1	11	3,653
3	1	12	14,948
3	1	19	13,552
3	1	23	2,214
3	1	27	1,882
3	1	29	2,583
3	1	31	1,974
3	1	35	6,866
3	1	37	1,591
3	1	38	3,081
3	1	39	0,806
3	1	45	22,45
3	1	47	0,955
3	1	49	2,582
3	1	50	11,315
3	9	1	1,824
3	9	11	0,901
3	9	12	2,959
3	9	19	2,616
3	9	23	2,904
3	9	27	16,395
3	9	29	11,672
3	9	31	2,967
3	9	35	12,502
3	9	37	2,879
3	9	38	2,828
3	9	39	0,756
3	9	45	5,861
3	9	47	2,197
3	9	49	7,995
3	9	50	43,102
3	11	1	1,012
3	11	9	7,476
3	11	12	1,202
3	11	19	5,652
3	11	23	2,542
3	11	27	4,804
3	11	29	11,569
3	11	31	1,528
3	11	35	9,595
3	11	37	2,292
3	11	38	13,088
3	11	39	2,123
3	11	45	6,746
3	11	47	5,09
3	11	49	2,577
3	11	50	7,441
3	12	1	5,258
3	12	9	5,773
3	12	11	5,85
3	12	19	8,178
3	12	23	2,19
3	12	27	11,404
3	12	29	13,042
3	12	31	13,79
3	12	35	1,98
3	12	37	21,477
3	12	38	3,813
3	12	39	1,47
3	12	45	2,899
3	12	47	17,839
3	12	49	4,331
3	12	50	8,918
3	19	1	0,758
3	19	9	1,924
3	19	11	8,358
3	19	12	0,658
3	19	23	4,147
3	19	27	1,554
3	19	29	11,488
3	19	31	17,074
3	19	35	3,805
3	19	37	7,515
3	19	38	5,831
3	19	39	1,483
3	19	45	7,659
3	19	47	12,886
3	19	49	10,782
3	19	50	2,435
3	23	1	4,363
3	23	9	4,932
3	23	11	0,536
3	23	12	4,519
3	23	19	5,577
3	23	27	0,624
3	23	29	3
3	23	31	5,148
3	23	35	24,488
3	23	37	2,671
3	23	38	19,139
3	23	39	1,225
3	23	45	8,5
3	23	47	2,047
3	23	49	0,906
3	23	50	1,722
3	27	1	1,558
3	27	9	1,074
3	27	11	1,137
3	27	12	3,489
3	27	19	9,419
3	27	23	1,037
3	27	29	1,514
3	27	31	6,558
3	27	35	6,168
3	27	37	8,266
3	27	38	5,987
3	27	39	6,774
3	27	45	24,462
3	27	47	1,737
3	27	49	6,843
3	27	50	1,841
3	29	1	7,949
3	29	9	9,689
3	29	11	3,857
3	29	12	5,358
3	29	19	0,98
3	29	23	3,439
3	29	27	26,049
3	29	31	6,939
3	29	35	4,918
3	29	37	15,25
3	29	38	5,274
3	29	39	15,108
3	29	45	14,152
3	29	47	9,034
3	29	49	8,917
3	29	50	12,07
3	31	1	1,635
3	31	9	20,547
3	31	11	3,311
3	31	12	7,285
3	31	19	5,57
3	31	23	1,907
3	31	27	7,062
3	31	29	3,808
3	31	35	0,606
3	31	37	2,057
3	31	38	0,853
3	31	39	7,466
3	31	45	5,42
3	31	47	15,523
3	31	49	0,788
3	31	50	1,929
3	35	1	19,051
3	35	9	2,773
3	35	11	4,206
3	35	12	1,378
3	35	19	3,283
3	35	23	2,424
3	35	27	6,533
3	35	29	3,224
3	35	31	1,827
3	35	37	3,234
3	35	38	3,006
3	35	39	8,403
3	35	45	1,124
3	35	47	1,026
3	35	49	18,308
3	35	50	8,714
3	37	1	4,404
3	37	9	13,146
3	37	11	9,706
3	37	12	0,703
3	37	19	4,321
3	37	23	1,544
3	37	27	0,635
3	37	29	1,587
3	37	31	2,592
3	37	35	5,147
3	37	38	9,088
3	37	39	1,036
3	37	45	12,23
3	37	47	0,776
3	37	49	14,892
3	37	50	8,667
3	38	1	2,741
3	38	9	2,648
3	38	11	1,747
3	38	12	22,312
3	38	19	1,731
3	38	23	5,847
3	38	27	1,064
3	38	29	11,411
3	38	31	17,264
3	38	35	2,99
3	38	37	2,791
3	38	39	6,541
3	38	45	6,766
3	38	47	1,835
3	38	49	1,979
3	38	50	1,164
3	39	1	9,855
3	39	9	6,063
3	39	11	4,841
3	39	12	2,373
3	39	19	1,631
3	39	23	5,693
3	39	27	4,376
3	39	29	5,151
3	39	31	6,184
3	39	35	3,716
3	39	37	1,034
3	39	38	1,331
3	39	45	1,79
3	39	47	1,845
3	39	49	1,021
3	39	50	7,1
3	45	1	2,088
3	45	9	0,588
3	45	11	1,373
3	45	12	7,309
3	45	19	2,423
3	45	23	5,546
3	45	27	2,787
3	45	29	13,512
3	45	31	6,307
3	45	35	6,987
3	45	37	1,822
3	45	38	18,43
3	45	39	4,859
3	45	47	18,404
3	45	49	0,891
3	45	50	15,611
3	47	1	19,94
3	47	9	1,326
3	47	11	2,156
3	47	12	17,051
3	47	19	1,138
3	47	23	0,559
3	47	27	3,073
3	47	29	0,748
3	47	31	0,809
3	47	35	2,879
3	47	37	22,794
3	47	38	2,618
3	47	39	6,208
3	47	45	12,671
3	47	49	8,382
3	47	50	5,156
3	49	1	3,753
3	49	9	8,614
3	49	11	1,142
3	49	12	1,198
3	49	19	1,775
3	49	23	2,562
3	49	27	9,768
3	49	29	3,772
3	49	31	1,644
3	49	35	4,886
3	49	37	18,349
3	49	38	5,298
3	49	39	8,199
3	49	45	2,341
3	49	47	2,318
3	49	50	1,722
3	50	1	1,969
3	50	9	2,325
3	50	11	7,03
3	50	12	11,491
3	50	19	7,593
3	50	23	8,274
3	50	27	18,275
3	50	29	6,491
3	50	31	8,257
3	50	35	7,79
3	50	37	4,909
3	50	38	0,852
3	50	39	4,032
3	50	45	4,86
3	50	47	6,733
3	50	49	1,713
4	4	5	4,649
4	4	9	1,516
4	4	13	16,107
4	4	17	3,503
4	4	21	1,313
4	4	22	4,632
4	4	24	1,827
4	4	25	8,624
4	4	31	0,719
4	4	33	2,706
4	4	35	2,395
4	4	36	3,994
4	4	37	18,614
4	4	38	11,885
4	4	39	1,827
4	4	45	3,599
4	4	46	6,658
4	5	4	7,512
4	5	9	8,207
4	5	13	4,464
4	5	17	2,742
4	5	21	5,928
4	5	22	10,032
4	5	24	2,179
4	5	25	2,464
4	5	31	3,09
4	5	33	7,638
4	5	35	14,563
4	5	36	10,894
4	5	37	11,653
4	5	38	2,21
4	5	39	1,761
4	5	45	0,574
4	5	46	3,388
4	9	4	6,175
4	9	5	0,99
4	9	13	2,802
4	9	17	1,597
4	9	21	10,708
4	9	22	1,096
4	9	24	4,704
4	9	25	2,573
4	9	31	0,74
4	9	33	19,711
4	9	35	6,355
4	9	36	10,366
4	9	37	0,6
4	9	38	2,789
4	9	39	0,951
4	9	45	0,988
4	9	46	5,326
4	13	4	4,282
4	13	5	6,083
4	13	9	3,917
4	13	17	4,239
4	13	21	2,133
4	13	22	1,413
4	13	24	5,441
4	13	25	4,108
4	13	31	6,85
4	13	33	15,576
4	13	35	0,649
4	13	36	2,429
4	13	37	1,409
4	13	38	3,043
4	13	39	16,515
4	13	45	2,278
4	13	46	3,037
4	17	4	1,857
4	17	5	12,875
4	17	9	1,428
4	17	13	4,235
4	17	21	2,929
4	17	22	2,565
4	17	24	10,101
4	17	25	0,819
4	17	31	1,887
4	17	33	0,649
4	17	35	5,148
4	17	36	13,96
4	17	37	0,754
4	17	38	5,955
4	17	39	24,086
4	17	45	1,547
4	17	46	4,573
4	21	4	2,655
4	21	5	11,231
4	21	9	1,911
4	21	13	17,551
4	21	17	6,456
4	21	22	2,393
4	21	24	1,35
4	21	25	5,446
4	21	31	7,23
4	21	33	1,289
4	21	35	3,025
4	21	36	1,952
4	21	37	9,731
4	21	38	2,695
4	21	39	9,312
4	21	45	1,537
4	21	46	5,674
4	22	4	3,923
4	22	5	4,765
4	22	9	3,943
4	22	13	1,831
4	22	17	11,052
4	22	21	7,792
4	22	24	2,947
4	22	25	2,113
4	22	31	6,371
4	22	33	12,002
4	22	35	2,254
4	22	36	1,159
4	22	37	0,709
4	22	38	6,004
4	22	39	4,279
4	22	45	9,013
4	22	46	3,564
4	24	4	1,163
4	24	5	0,571
4	24	9	1,17
4	24	13	80,09
4	24	17	15,182
4	24	21	1,275
4	24	22	2,32
4	24	25	3,161
4	24	31	3,04
4	24	33	4,003
4	24	35	13,23
4	24	36	5,457
4	24	37	2,89
4	24	38	3,728
4	24	39	9,714
4	24	45	1,525
4	24	46	5,416
4	25	4	16,485
4	25	5	3,355
4	25	9	4,049
4	25	13	2,44
4	25	17	6,98
4	25	21	11,605
4	25	22	2,388
4	25	24	14,682
4	25	31	2,107
4	25	33	4,312
4	25	35	1,137
4	25	36	2,38
4	25	37	18,629
4	25	38	5,971
4	25	39	2,332
4	25	45	1,168
4	25	46	1,655
4	31	4	3,009
4	31	5	20,001
4	31	9	1,101
4	31	13	83,132
4	31	17	1,658
4	31	21	7,585
4	31	22	5,463
4	31	24	0,666
4	31	25	18,575
4	31	33	2,052
4	31	35	2,109
4	31	36	0,954
4	31	37	3,34
4	31	38	1,455
4	31	39	15,19
4	31	45	7,482
4	31	46	0,856
4	33	4	21,828
4	33	5	1,593
4	33	9	0,945
4	33	13	1,226
4	33	17	0,756
4	33	21	8,409
4	33	22	6,346
4	33	24	0,699
4	33	25	8,901
4	33	31	1,271
4	33	35	6,535
4	33	36	16,985
4	33	37	5,916
4	33	38	4,571
4	33	39	9,137
4	33	45	0,821
4	33	46	0,673
4	35	4	1,377
4	35	5	4,009
4	35	9	15,108
4	35	13	2,672
4	35	17	6,154
4	35	21	1,718
4	35	22	5,565
4	35	24	1,675
4	35	25	1,745
4	35	31	2,627
4	35	33	7,871
4	35	36	22,004
4	35	37	5,841
4	35	38	2,371
4	35	39	6,538
4	35	45	3,999
4	35	46	10,352
4	36	4	2,9
4	36	5	1,426
4	36	9	1,858
4	36	13	3,336
4	36	17	0,798
4	36	21	9,857
4	36	22	2,191
4	36	24	5,18
4	36	25	0,575
4	36	31	16,755
4	36	33	4,151
4	36	35	1,542
4	36	37	1,027
4	36	38	1,326
4	36	39	1,503
4	36	45	0,95
4	36	46	8,436
4	37	4	2,405
4	37	5	1,164
4	37	9	2,848
4	37	13	16,515
4	37	17	1,822
4	37	21	3,146
4	37	22	19,023
4	37	24	9,7
4	37	25	10,308
4	37	31	5,196
4	37	33	20,028
4	37	35	7,78
4	37	36	21,966
4	37	38	4,993
4	37	39	6,552
4	37	45	2,382
4	37	46	2,511
4	38	4	5,184
4	38	5	3,101
4	38	9	1,255
4	38	13	9,301
4	38	17	6,595
4	38	21	14,858
4	38	22	8,411
4	38	24	1,531
4	38	25	43,854
4	38	31	1,292
4	38	33	1,742
4	38	35	5,345
4	38	36	1,614
4	38	37	0,898
4	38	39	1,958
4	38	45	2,366
4	38	46	2,011
4	39	4	12,179
4	39	5	9,276
4	39	9	12,047
4	39	13	2,666
4	39	17	10,573
4	39	21	23,016
4	39	22	9,451
4	39	24	2,128
4	39	25	2,046
4	39	31	20,047
4	39	33	14,854
4	39	35	7,118
4	39	36	6,881
4	39	37	1,878
4	39	38	2,851
4	39	45	2,409
4	39	46	2,374
4	45	4	12,211
4	45	5	1,924
4	45	9	1,965
4	45	13	2,491
4	45	17	61,117
4	45	21	2,266
4	45	22	0,687
4	45	24	1,871
4	45	25	7,832
4	45	31	2,773
4	45	33	17,3
4	45	35	11,254
4	45	36	2,215
4	45	37	0,739
4	45	38	0,557
4	45	39	11,029
4	45	46	1,245
4	46	4	26,838
4	46	5	3,401
4	46	9	21,771
4	46	13	2,961
4	46	17	8,526
4	46	21	11,991
4	46	22	2,253
4	46	24	0,871
4	46	25	22,663
4	46	31	2,166
4	46	33	27,501
4	46	35	10,379
4	46	36	9,172
4	46	37	10,722
4	46	38	11,129
4	46	39	5,929
4	46	45	6,148
5	2	3	2,085
5	2	6	1,562
5	2	8	1,244
5	2	12	1,749
5	2	15	2,89
5	2	17	9,649
5	2	18	2,157
5	2	23	23,504
5	2	26	1,468
5	2	35	1,013
5	2	39	14,082
5	2	40	9,809
5	2	41	3,539
5	2	42	2,131
5	2	43	1,868
5	2	47	5,879
5	3	2	2,253
5	3	6	8,172
5	3	8	5,323
5	3	12	0,917
5	3	15	4,474
5	3	17	3,237
5	3	18	9,787
5	3	23	3,585
5	3	26	2,447
5	3	35	7,398
5	3	39	10,946
5	3	40	2,188
5	3	41	10,549
5	3	42	1,023
5	3	43	43,573
5	3	47	6,374
5	6	2	28,926
5	6	3	0,963
5	6	8	2,547
5	6	12	6,827
5	6	15	4,93
5	6	17	14,357
5	6	18	11,1
5	6	23	0,655
5	6	26	11,152
5	6	35	9,602
5	6	39	1,573
5	6	40	1,081
5	6	41	11,675
5	6	42	6,153
5	6	43	2,85
5	6	47	0,564
5	8	2	3,896
5	8	3	1,901
5	8	6	2,671
5	8	12	3,84
5	8	15	15,327
5	8	17	3,724
5	8	18	2,647
5	8	23	1,655
5	8	26	2,64
5	8	35	0,664
5	8	39	2,629
5	8	40	2,353
5	8	41	8,626
5	8	42	2,44
5	8	43	13,488
5	8	47	3
5	12	2	0,894
5	12	3	2,606
5	12	6	2,865
5	12	8	7,004
5	12	15	0,684
5	12	17	8,083
5	12	18	1,543
5	12	23	7,926
5	12	26	4,503
5	12	35	14,379
5	12	39	1,562
5	12	40	0,898
5	12	41	6,115
5	12	42	1,574
5	12	43	27,335
5	12	47	14,834
5	15	2	5,814
5	15	3	6,849
5	15	6	1,449
5	15	8	13,439
5	15	12	3,279
5	15	17	4,009
5	15	18	2,204
5	15	23	1,588
5	15	26	2,454
5	15	35	1,003
5	15	39	4,963
5	15	40	1,423
5	15	41	3,539
5	15	42	2,265
5	15	43	15,319
5	15	47	5,225
5	17	2	1,064
5	17	3	5,451
5	17	6	7,049
5	17	8	1,685
5	17	12	4,517
5	17	15	12,822
5	17	18	0,683
5	17	23	1,599
5	17	26	7,047
5	17	35	45,812
5	17	39	8,753
5	17	40	15,22
5	17	41	19,243
5	17	42	3,305
5	17	43	0,521
5	17	47	2,629
5	18	2	15,07
5	18	3	1,837
5	18	6	4,348
5	18	8	7,63
5	18	12	8,287
5	18	15	23,156
5	18	17	1,886
5	18	23	4,703
5	18	26	6,956
5	18	35	9,943
5	18	39	3,139
5	18	40	3,512
5	18	41	2,957
5	18	42	1,209
5	18	43	4,268
5	18	47	1,888
5	23	2	2,722
5	23	3	9,772
5	23	6	4,684
5	23	8	0,711
5	23	12	0,896
5	23	15	2,413
5	23	17	3,791
5	23	18	2,318
5	23	26	5,284
5	23	35	5,901
5	23	39	5,568
5	23	40	6,151
5	23	41	12,49
5	23	42	6,17
5	23	43	31,653
5	23	47	15,412
5	26	2	6,094
5	26	3	4,984
5	26	6	6,624
5	26	8	1,336
5	26	12	7,339
5	26	15	0,787
5	26	17	1,926
5	26	18	1,904
5	26	23	9,536
5	26	35	0,501
5	26	39	2,293
5	26	40	4,601
5	26	41	1,825
5	26	42	13,413
5	26	43	4,959
5	26	47	5,391
5	35	2	6,968
5	35	3	2,206
5	35	6	3,925
5	35	8	10,919
5	35	12	5,36
5	35	15	5,159
5	35	17	1,352
5	35	18	1,312
5	35	23	2,495
5	35	26	6,259
5	35	39	1,281
5	35	40	5,031
5	35	41	2,622
5	35	42	1,405
5	35	43	14,921
5	35	47	18,387
5	39	2	6,345
5	39	3	1,139
5	39	6	2,049
5	39	8	13,434
5	39	12	10,122
5	39	15	1,607
5	39	17	3,238
5	39	18	31,896
5	39	23	2,267
5	39	26	7,012
5	39	35	23,961
5	39	40	9,887
5	39	41	14,632
5	39	42	2,262
5	39	43	8,629
5	39	47	13,668
5	40	2	1,594
5	40	3	7,82
5	40	6	7,947
5	40	8	1,012
5	40	12	3,352
5	40	15	4,893
5	40	17	20,586
5	40	18	2,218
5	40	23	3,571
5	40	26	21,661
5	40	35	4,005
5	40	39	1,164
5	40	41	2,571
5	40	42	13,044
5	40	43	2,819
5	40	47	1,188
5	41	2	2,619
5	41	3	24,473
5	41	6	3,626
5	41	8	6,448
5	41	12	3,746
5	41	15	12,081
5	41	17	7,038
5	41	18	5,372
5	41	23	2,669
5	41	26	5,876
5	41	35	6,039
5	41	39	20,712
5	41	40	2,938
5	41	42	7,621
5	41	43	4,219
5	41	47	2,701
5	42	2	6,295
5	42	3	5,662
5	42	6	3,55
5	42	8	8,074
5	42	12	1,217
5	42	15	16,046
5	42	17	10,658
5	42	18	8,037
5	42	23	36,889
5	42	26	2,56
5	42	35	1,826
5	42	39	5,503
5	42	40	10,023
5	42	41	4,988
5	42	43	2,012
5	42	47	3,503
5	43	2	6,715
5	43	3	5,126
5	43	6	2,195
5	43	8	0,902
5	43	12	3,087
5	43	15	11,894
5	43	17	5,656
5	43	18	7,082
5	43	23	5,276
5	43	26	1,422
5	43	35	1,23
5	43	39	2,856
5	43	40	8,174
5	43	41	3,217
5	43	42	10,015
5	43	47	1,879
5	47	2	6,001
5	47	3	10,065
5	47	6	2,8
5	47	8	1,53
5	47	12	2,437
5	47	15	12,193
5	47	17	2,359
5	47	18	1,706
5	47	23	9,273
5	47	26	4,971
5	47	35	2,76
5	47	39	12,991
5	47	40	17,402
5	47	41	5,906
5	47	42	37,867
5	47	43	1,495
6	3	4	15,994
6	3	6	20,523
6	3	7	6,975
6	3	8	1,094
6	3	9	1,009
6	3	10	10,42
6	3	12	1,965
6	3	29	1,746
6	3	30	5,582
6	3	35	1,585
6	3	46	0,779
6	3	50	2,311
6	4	3	0,728
6	4	6	5,699
6	4	7	8,682
6	4	8	5,821
6	4	9	1,52
6	4	10	1,41
6	4	12	0,811
6	4	29	6,217
6	4	30	45,108
6	4	35	13,748
6	4	46	4,226
6	4	50	2,672
6	6	3	12,18
6	6	4	13,014
6	6	7	16,832
6	6	8	7,856
6	6	9	18,355
6	6	10	6,313
6	6	12	4,856
6	6	29	3,699
6	6	30	18,219
6	6	35	5,782
6	6	46	1,185
6	6	50	6,737
6	7	3	3,641
6	7	4	7,434
6	7	6	2,933
6	7	8	10,845
6	7	9	14,94
6	7	10	3,496
6	7	12	10,959
6	7	29	2,152
6	7	30	2,93
6	7	35	1,215
6	7	46	12,904
6	7	50	0,977
6	8	3	15,395
6	8	4	11,796
6	8	6	4,09
6	8	7	4,725
6	8	9	1,874
6	8	10	4,124
6	8	12	8,912
6	8	29	2,492
6	8	30	10,262
6	8	35	4,812
6	8	46	3,318
6	8	50	5,037
6	9	3	2,917
6	9	4	9,729
6	9	6	0,585
6	9	7	1,754
6	9	8	3,964
6	9	10	9,528
6	9	12	6,367
6	9	29	4,022
6	9	30	3,445
6	9	35	6,218
6	9	46	1,772
6	9	50	18,102
6	10	3	1,554
6	10	4	5,773
6	10	6	6,458
6	10	7	8,955
6	10	8	18,544
6	10	9	4,419
6	10	12	3,114
6	10	29	7,372
6	10	30	5,402
6	10	35	14,983
6	10	46	1,955
6	10	50	9,825
6	12	3	1,817
6	12	4	1,539
6	12	6	18,43
6	12	7	0,684
6	12	8	23,211
6	12	9	3,823
6	12	10	6,217
6	12	29	5,511
6	12	30	8,878
6	12	35	16,171
6	12	46	3,782
6	12	50	2,817
6	29	3	0,527
6	29	4	3,794
6	29	6	30,418
6	29	7	1,051
6	29	8	13,597
6	29	9	22,182
6	29	10	2,55
6	29	12	3,201
6	29	30	5,202
6	29	35	5,706
6	29	46	3,733
6	29	50	2,757
6	30	3	6,357
6	30	4	3,976
6	30	6	4,645
6	30	7	3,294
6	30	8	3,92
6	30	9	7,215
6	30	10	0,885
6	30	12	4,117
6	30	29	2,921
6	30	35	3,772
6	30	46	0,85
6	30	50	6,592
6	35	3	0,854
6	35	4	4,013
6	35	6	2,383
6	35	7	0,89
6	35	8	2,576
6	35	9	2,642
6	35	10	1,943
6	35	12	1,729
6	35	29	2,899
6	35	30	3,073
6	35	46	3,073
6	35	50	2,837
6	46	3	5,045
6	46	4	5,111
6	46	6	15,91
6	46	7	4,246
6	46	8	2,197
6	46	9	7,723
6	46	10	2,289
6	46	12	0,625
6	46	29	5,469
6	46	30	21,997
6	46	35	8,109
6	46	50	0,648
6	50	3	4,524
6	50	4	4,586
6	50	6	3,051
6	50	7	2,57
6	50	8	1,363
6	50	9	11,884
6	50	10	12,325
6	50	12	7,831
6	50	29	3,296
6	50	30	9,476
6	50	35	5,621
6	50	46	11,697

