#num jobs
50
#num machines
6

#jobId machId procTime energyCons
1	4	3,28	20,09
2	1	81,13	123,46
2	2	33,85	295,47
2	4	154,23	945,39
2	6	3,3	9,12
3	1	11,26	17,14
3	3	2,7	6,89
3	4	158,75	973,13
3	5	5,64	13,48
4	5	20,16	48,21
4	3	22,85	58,32
4	1	73,95	112,54
5	6	2,38	6,6
6	3	41,21	105,18
7	6	-0,01	-0,02
7	5	257,9	616,66
7	2	5,45	47,54
8	4	7,79	47,74
8	1	2,95	4,49
9	6	534,56	1478,26
10	5	8,7	20,81
11	2	6,62	57,8
12	6	85,34	236
12	2	28,5	248,75
13	2	8,47	73,93
14	4	14,48	88,78
14	6	5,57	15,41
15	4	5,15	31,57
15	1	92,41	140,63
16	5	15,34	36,67
16	1	0,68	1,04
17	6	0,84	2,33
18	1	8,41	12,8
18	2	9,2	80,26
19	5	8,83	21,12
19	2	30,68	267,82
20	2	4,77	41,68
20	4	26,3	161,21
21	5	56,04	134
21	4	7,62	46,69
21	1	2,6	3,96
22	1	1,26	1,92
22	4	8,96	54,93
22	6	17,75	49,08
23	4	13,01	79,76
24	1	234,25	356,48
24	6	129,85	359,07
25	3	1,84	4,69
25	5	104,2	249,14
26	1	6,15	9,36
26	4	19,14	117,34
27	2	27,59	240,83
27	4	25,32	155,24
28	2	8,68	75,75
28	4	21,64	132,67
29	4	3,99	24,48
29	3	35,35	90,23
30	3	195,08	497,9
30	2	4,51	39,35
30	1	42,78	65,1
31	6	4	11,06
32	1	5,03	7,66
32	4	25,46	156,09
32	6	37,49	103,66
33	2	223,62	1951,87
33	3	16,88	43,07
34	2	3,52	30,7
35	5	8,92	21,33
35	3	46,92	119,74
36	4	2,6	15,92
37	5	34,67	82,9
38	3	13,94	35,57
38	6	15,94	44,07
39	3	1085,14	2769,57
39	6	10,24	28,32
40	4	1,81	11,09
41	5	6,55	15,65
41	4	0,35	2,13
42	3	2,4	6,12
43	5	4,18	9,99
44	1	3,07	4,68
44	6	46,52	128,64
45	3	1,37	3,5
46	5	5,58	13,34
46	3	16,58	42,32
46	2	58,47	510,33
47	1	6,72	10,23
47	2	11,86	103,52
47	3	45,01	114,89
47	4	331,93	2034,65
47	5	1,88	4,5
48	1	22,34	34
48	3	6,17	15,74
48	4	11,05	67,72
48	6	8,42	23,28
49	6	1,76	4,85
49	4	3,92	24,01
50	5	4,49	10,73
50	3	4,79	12,23

#jobId ddate weight rdate
1	924,542	18	26,573
2	541,03	25	120,515
3	788,243	29	61,533
4	624,404	39	9,048
5	970,142	8	86,619
6	549,897	10	77,845
7	656,799	35	87,167
8	424,905	14	102,082
9	812,273	22	9,692
10	992,289	5	133,507
11	403,654	34	89,188
12	913,403	13	133,781
13	401,649	23	39,365
14	658,478	39	120,711
15	564,017	9	93,827
16	405,243	22	89,521
17	753,273	29	75,435
18	882,854	29	135,336
19	673,732	28	124,909
20	402,577	32	102,024
21	374,502	29	118,823
22	662,887	26	55,187
23	398,472	36	14,185
24	948,513	12	37,062
25	845,751	40	169,415
26	953,267	3	135,057
27	399,23	26	101,758
28	345,164	17	59,754
29	690,149	36	50,035
30	420,937	3	59,918
31	809,772	31	169,603
32	882,452	1	70,994
33	486,766	12	145,117
34	782,908	22	1,693
35	824,133	12	121,025
36	581,071	40	9,276
37	863,582	47	99,951
38	683,953	1	0,837
39	422,943	18	7,335
40	498,824	2	163,019
41	883,043	36	164,218
42	794,873	11	34,685
43	744,226	29	160,659
44	877,282	47	116,625
45	897,472	29	73,915
46	398,342	32	50,092
47	418,465	12	27,269
48	970,728	38	59,174
49	415,747	49	31,455
50	767,307	19	114,877

#machId jobPred jobSucc setupTime
1	2	3	0,687
1	2	4	11,02
1	2	8	1,506
1	2	15	16,711
1	2	16	10,295
1	2	18	7,69
1	2	21	6,417
1	2	22	5,812
1	2	24	4,784
1	2	26	4,891
1	2	30	3,408
1	2	32	25,869
1	2	44	4,412
1	2	47	9,129
1	2	48	5,01
1	3	2	48,567
1	3	4	8,78
1	3	8	4,824
1	3	15	8,44
1	3	16	9,873
1	3	18	1,134
1	3	21	27,496
1	3	22	8,332
1	3	24	4,455
1	3	26	2,022
1	3	30	39,783
1	3	32	1,655
1	3	44	1,347
1	3	47	2,755
1	3	48	0,884
1	4	2	3,759
1	4	3	10,955
1	4	8	20,622
1	4	15	1,326
1	4	16	1,767
1	4	18	6,552
1	4	21	1,452
1	4	22	11,605
1	4	24	1,344
1	4	26	4,694
1	4	30	5,52
1	4	32	7,511
1	4	44	8,188
1	4	47	8,144
1	4	48	9,66
1	8	2	2,629
1	8	3	3,88
1	8	4	2,126
1	8	15	5,01
1	8	16	1,349
1	8	18	2,989
1	8	21	0,847
1	8	22	7,27
1	8	24	10,952
1	8	26	3,521
1	8	30	8,78
1	8	32	0,636
1	8	44	4,04
1	8	47	2,151
1	8	48	2,765
1	15	2	0,772
1	15	3	16,1
1	15	4	5,951
1	15	8	4,918
1	15	16	5,29
1	15	18	4,008
1	15	21	7,935
1	15	22	6,074
1	15	24	3,638
1	15	26	4,409
1	15	30	1,531
1	15	32	0,865
1	15	44	12,928
1	15	47	1,468
1	15	48	2,093
1	16	2	13,134
1	16	3	5,065
1	16	4	15,166
1	16	8	13,417
1	16	15	6,944
1	16	18	3,647
1	16	21	9,307
1	16	22	6,377
1	16	24	8,248
1	16	26	3,718
1	16	30	4,463
1	16	32	1,174
1	16	44	9,163
1	16	47	5,422
1	16	48	7,44
1	18	2	2,428
1	18	3	1,534
1	18	4	10,896
1	18	8	7,058
1	18	15	6,699
1	18	16	15,406
1	18	21	7,972
1	18	22	2,538
1	18	24	5,609
1	18	26	0,636
1	18	30	1,172
1	18	32	18,608
1	18	44	9,931
1	18	47	10,262
1	18	48	3,49
1	21	2	1,236
1	21	3	9,389
1	21	4	17,079
1	21	8	1,839
1	21	15	14,077
1	21	16	11,038
1	21	18	9,497
1	21	22	9,068
1	21	24	1,235
1	21	26	2,24
1	21	30	0,898
1	21	32	1,837
1	21	44	6,321
1	21	47	1,832
1	21	48	3,92
1	22	2	8,061
1	22	3	1,111
1	22	4	9,444
1	22	8	1,473
1	22	15	2,827
1	22	16	5,031
1	22	18	3,819
1	22	21	4,619
1	22	24	16,877
1	22	26	9,988
1	22	30	13,953
1	22	32	7,236
1	22	44	1,458
1	22	47	3,424
1	22	48	2,211
1	24	2	0,8
1	24	3	0,785
1	24	4	3,035
1	24	8	1,068
1	24	15	8,385
1	24	16	3,245
1	24	18	4,232
1	24	21	3,666
1	24	22	9,47
1	24	26	10,687
1	24	30	6,589
1	24	32	9,911
1	24	44	16,029
1	24	47	0,613
1	24	48	2,155
1	26	2	12,311
1	26	3	4,803
1	26	4	29,151
1	26	8	0,664
1	26	15	4,907
1	26	16	10,156
1	26	18	6,71
1	26	21	11,476
1	26	22	4,068
1	26	24	30,175
1	26	30	1,082
1	26	32	5,826
1	26	44	7,024
1	26	47	10,571
1	26	48	1,467
1	30	2	1,034
1	30	3	1,017
1	30	4	6,18
1	30	8	9,221
1	30	15	2,068
1	30	16	21,242
1	30	18	8,548
1	30	21	16,963
1	30	22	1,316
1	30	24	3,13
1	30	26	2,311
1	30	32	7,318
1	30	44	9,649
1	30	47	1,167
1	30	48	2,613
1	32	2	1,176
1	32	3	1,726
1	32	4	2,527
1	32	8	4,063
1	32	15	6,786
1	32	16	9,797
1	32	18	1,72
1	32	21	1,803
1	32	22	2,944
1	32	24	5,76
1	32	26	1,089
1	32	30	3,71
1	32	44	2,624
1	32	47	7,785
1	32	48	0,821
1	44	2	4,893
1	44	3	1,445
1	44	4	3,113
1	44	8	1,768
1	44	15	1,067
1	44	16	5,821
1	44	18	10,732
1	44	21	4,913
1	44	22	2,928
1	44	24	12,991
1	44	26	3,135
1	44	30	3,228
1	44	32	6,127
1	44	47	8,759
1	44	48	5,826
1	47	2	6,771
1	47	3	8,676
1	47	4	6,102
1	47	8	10,957
1	47	15	1,081
1	47	16	4,071
1	47	18	1,048
1	47	21	27,311
1	47	22	4,342
1	47	24	2,212
1	47	26	1,5
1	47	30	1,234
1	47	32	4,386
1	47	44	3,104
1	47	48	13,535
1	48	2	39,996
1	48	3	1,701
1	48	4	12,723
1	48	8	5,185
1	48	15	5,267
1	48	16	3,926
1	48	18	1,115
1	48	21	6,019
1	48	22	10,619
1	48	24	8,492
1	48	26	2,365
1	48	30	1,128
1	48	32	5,788
1	48	44	2,796
1	48	47	2,237
2	2	7	6,282
2	2	11	10,058
2	2	12	3,944
2	2	13	2,812
2	2	18	1,704
2	2	19	1,762
2	2	20	6,65
2	2	27	5,155
2	2	28	3,264
2	2	30	2,668
2	2	33	10,178
2	2	34	7,007
2	2	46	2,386
2	2	47	7,692
2	7	2	7,549
2	7	11	9,712
2	7	12	8,934
2	7	13	13,61
2	7	18	12,691
2	7	19	19,319
2	7	20	4,192
2	7	27	1,192
2	7	28	6,314
2	7	30	12,256
2	7	33	0,583
2	7	34	8,876
2	7	46	4,005
2	7	47	1,657
2	11	2	7,684
2	11	7	1,841
2	11	12	17,709
2	11	13	0,88
2	11	18	0,76
2	11	19	7,208
2	11	20	12,329
2	11	27	6,085
2	11	28	8,97
2	11	30	1,569
2	11	33	17,714
2	11	34	3,16
2	11	46	5,818
2	11	47	5,672
2	12	2	18,543
2	12	7	2,392
2	12	11	3,083
2	12	13	2,849
2	12	18	3,026
2	12	19	0,717
2	12	20	24,635
2	12	27	12,299
2	12	28	1,308
2	12	30	4,372
2	12	33	4,131
2	12	34	12,35
2	12	46	3,521
2	12	47	6,42
2	13	2	3,17
2	13	7	3,108
2	13	11	1,213
2	13	12	4,976
2	13	18	1,345
2	13	19	7,62
2	13	20	1,357
2	13	27	3,605
2	13	28	2,544
2	13	30	9,685
2	13	33	15,603
2	13	34	2,596
2	13	46	11,633
2	13	47	1,139
2	18	2	2,443
2	18	7	8,162
2	18	11	6,428
2	18	12	7,494
2	18	13	5,242
2	18	19	6,164
2	18	20	0,905
2	18	27	0,797
2	18	28	0,81
2	18	30	2,985
2	18	33	4,639
2	18	34	9,974
2	18	46	6,189
2	18	47	0,653
2	19	2	3,655
2	19	7	8,215
2	19	11	2,921
2	19	12	5,363
2	19	13	9,757
2	19	18	15,407
2	19	20	10,944
2	19	27	1,982
2	19	28	9,504
2	19	30	1,934
2	19	33	1,247
2	19	34	9,499
2	19	46	7,795
2	19	47	3,832
2	20	2	3,077
2	20	7	2,53
2	20	11	3,113
2	20	12	1,523
2	20	13	7,717
2	20	18	1,305
2	20	19	3,235
2	20	27	10,397
2	20	28	0,675
2	20	30	1,17
2	20	33	10,117
2	20	34	1,808
2	20	46	1,104
2	20	47	0,892
2	27	2	8,512
2	27	7	2,566
2	27	11	1,156
2	27	12	5,48
2	27	13	3,776
2	27	18	2,899
2	27	19	6,361
2	27	20	1,319
2	27	28	1,382
2	27	30	4,831
2	27	33	14,438
2	27	34	12,794
2	27	46	0,757
2	27	47	3,766
2	28	2	4,517
2	28	7	1,702
2	28	11	3,602
2	28	12	2,309
2	28	13	2,262
2	28	18	3,156
2	28	19	4,288
2	28	20	11,54
2	28	27	2,203
2	28	30	0,826
2	28	33	9,914
2	28	34	1,633
2	28	46	4,929
2	28	47	10,917
2	30	2	22,645
2	30	7	1,346
2	30	11	13,206
2	30	12	4,873
2	30	13	3,295
2	30	18	14,07
2	30	19	16,228
2	30	20	15,444
2	30	27	2,802
2	30	28	4,893
2	30	33	6,406
2	30	34	10,626
2	30	46	7,154
2	30	47	6,173
2	33	2	9,27
2	33	7	8,247
2	33	11	5,928
2	33	12	15,792
2	33	13	9,898
2	33	18	1,627
2	33	19	1,743
2	33	20	0,656
2	33	27	14,68
2	33	28	6,972
2	33	30	1,15
2	33	34	0,657
2	33	46	4,103
2	33	47	5,759
2	34	2	3,332
2	34	7	6,912
2	34	11	4,556
2	34	12	7,39
2	34	13	2,648
2	34	18	5,314
2	34	19	2,803
2	34	20	3,35
2	34	27	2,302
2	34	28	18,103
2	34	30	3,388
2	34	33	2,861
2	34	46	1,481
2	34	47	3,057
2	46	2	9,814
2	46	7	16,655
2	46	11	3,459
2	46	12	6,394
2	46	13	2,77
2	46	18	10,683
2	46	19	6,638
2	46	20	13,101
2	46	27	2,294
2	46	28	1,643
2	46	30	5,305
2	46	33	9,641
2	46	34	8,366
2	46	47	1,147
2	47	2	4,803
2	47	7	12,36
2	47	11	6,963
2	47	12	9,255
2	47	13	5,09
2	47	18	4,042
2	47	19	1,76
2	47	20	29,425
2	47	27	3,124
2	47	28	5,981
2	47	30	8,274
2	47	33	4,869
2	47	34	14,913
2	47	46	1,808
3	3	4	12,95
3	3	6	1,639
3	3	25	2,235
3	3	29	2,983
3	3	30	2,414
3	3	33	4,013
3	3	35	6,886
3	3	38	11,922
3	3	39	2,522
3	3	42	0,758
3	3	45	7,742
3	3	46	14,128
3	3	47	7,366
3	3	48	0,754
3	3	50	2,457
3	4	3	4,544
3	4	6	7,171
3	4	25	9,598
3	4	29	3,774
3	4	30	6,98
3	4	33	1,262
3	4	35	10,799
3	4	38	2,536
3	4	39	2,279
3	4	42	0,977
3	4	45	0,877
3	4	46	0,888
3	4	47	3,068
3	4	48	8,651
3	4	50	3,234
3	6	3	10,369
3	6	4	1,622
3	6	25	13,341
3	6	29	0,853
3	6	30	3,505
3	6	33	1,639
3	6	35	5,005
3	6	38	18,87
3	6	39	11,465
3	6	42	6,334
3	6	45	13,126
3	6	46	4,503
3	6	47	3,402
3	6	48	4,223
3	6	50	2,486
3	25	3	1,408
3	25	4	30,052
3	25	6	4,752
3	25	29	2,441
3	25	30	1,079
3	25	33	10,037
3	25	35	1,091
3	25	38	7,603
3	25	39	1,135
3	25	42	1,66
3	25	45	2,956
3	25	46	5,457
3	25	47	1,983
3	25	48	2,047
3	25	50	3,334
3	29	3	3,468
3	29	4	7,045
3	29	6	9,4
3	29	25	19,193
3	29	30	1,446
3	29	33	16,638
3	29	35	10,122
3	29	38	0,652
3	29	39	3,413
3	29	42	7,14
3	29	45	8,201
3	29	46	2,893
3	29	47	1,833
3	29	48	6,061
3	29	50	2,598
3	30	3	1,165
3	30	4	5,663
3	30	6	29,297
3	30	25	5,705
3	30	29	2,948
3	30	33	1,627
3	30	35	1,761
3	30	38	1,867
3	30	39	0,718
3	30	42	4,731
3	30	45	13,398
3	30	46	1,058
3	30	47	2,359
3	30	48	1,407
3	30	50	5,912
3	33	3	2,811
3	33	4	6,8
3	33	6	3,87
3	33	25	1,915
3	33	29	2,098
3	33	30	27,962
3	33	35	0,533
3	33	38	0,977
3	33	39	15,289
3	33	42	17,498
3	33	45	2,191
3	33	46	13,867
3	33	47	2,921
3	33	48	3,413
3	33	50	9,366
3	35	3	1,268
3	35	4	6,378
3	35	6	3,184
3	35	25	3,765
3	35	29	1,427
3	35	30	2,407
3	35	33	1,001
3	35	38	6,828
3	35	39	13,031
3	35	42	0,735
3	35	45	3,199
3	35	46	5,525
3	35	47	1,72
3	35	48	6,162
3	35	50	5,086
3	38	3	50,348
3	38	4	19,773
3	38	6	5,676
3	38	25	4,322
3	38	29	5,112
3	38	30	1,489
3	38	33	5,32
3	38	35	3,219
3	38	39	1,634
3	38	42	39,377
3	38	45	2,939
3	38	46	3,571
3	38	47	2,373
3	38	48	4,164
3	38	50	7,076
3	39	3	0,673
3	39	4	7,939
3	39	6	10,438
3	39	25	2,9
3	39	29	1,647
3	39	30	1,93
3	39	33	5,386
3	39	35	4,373
3	39	38	11,357
3	39	42	4,745
3	39	45	13,039
3	39	46	0,55
3	39	47	12,301
3	39	48	2,659
3	39	50	2,266
3	42	3	3,442
3	42	4	3,585
3	42	6	3,166
3	42	25	14,197
3	42	29	2,458
3	42	30	5,691
3	42	33	14,567
3	42	35	3,21
3	42	38	7,024
3	42	39	5,689
3	42	45	13,138
3	42	46	1,587
3	42	47	3,759
3	42	48	3,629
3	42	50	0,922
3	45	3	1,764
3	45	4	1,957
3	45	6	2,866
3	45	25	2,642
3	45	29	1,952
3	45	30	13,089
3	45	33	1,491
3	45	35	6,215
3	45	38	6,292
3	45	39	4,851
3	45	42	0,763
3	45	46	1,956
3	45	47	0,556
3	45	48	5,577
3	45	50	9,666
3	46	3	2,337
3	46	4	5,132
3	46	6	6,316
3	46	25	3,637
3	46	29	12,83
3	46	30	2,247
3	46	33	5,18
3	46	35	6,384
3	46	38	11,507
3	46	39	10,113
3	46	42	11,721
3	46	45	2,028
3	46	47	0,69
3	46	48	2,254
3	46	50	2,388
3	47	3	12,107
3	47	4	4,946
3	47	6	4,226
3	47	25	6,135
3	47	29	0,703
3	47	30	8,873
3	47	33	15,665
3	47	35	27,035
3	47	38	20,499
3	47	39	1,11
3	47	42	5,079
3	47	45	1,57
3	47	46	0,766
3	47	48	12,06
3	47	50	1,593
3	48	3	10,279
3	48	4	2,413
3	48	6	0,956
3	48	25	9,57
3	48	29	2,689
3	48	30	0,749
3	48	33	3,935
3	48	35	4,128
3	48	38	8,169
3	48	39	11,388
3	48	42	8,055
3	48	45	3,039
3	48	46	3,176
3	48	47	1,417
3	48	50	2,355
3	50	3	15,952
3	50	4	8,862
3	50	6	8,199
3	50	25	8,499
3	50	29	4,586
3	50	30	16,162
3	50	33	0,948
3	50	35	2,314
3	50	38	6,071
3	50	39	0,838
3	50	42	14,692
3	50	45	14,959
3	50	46	1,868
3	50	47	5,359
3	50	48	4,722
4	1	2	9,294
4	1	3	18,021
4	1	8	20,997
4	1	14	1,24
4	1	15	4,548
4	1	20	0,767
4	1	21	1,183
4	1	22	3,351
4	1	23	9,403
4	1	26	6,926
4	1	27	1,264
4	1	28	18,898
4	1	29	20,045
4	1	32	28,416
4	1	36	12,062
4	1	40	1,891
4	1	41	3,87
4	1	47	2,137
4	1	48	9,562
4	1	49	2,238
4	2	1	4,773
4	2	3	3,333
4	2	8	1,696
4	2	14	1,014
4	2	15	3,789
4	2	20	1,45
4	2	21	6,544
4	2	22	1,601
4	2	23	11,307
4	2	26	4,643
4	2	27	1,533
4	2	28	4,667
4	2	29	3,722
4	2	32	2,312
4	2	36	4,752
4	2	40	1,81
4	2	41	12,467
4	2	47	1,585
4	2	48	10,919
4	2	49	11,433
4	3	1	5,812
4	3	2	3,826
4	3	8	6,064
4	3	14	8,712
4	3	15	0,587
4	3	20	2,415
4	3	21	0,913
4	3	22	19,948
4	3	23	7,688
4	3	26	18,88
4	3	27	12,852
4	3	28	5,213
4	3	29	0,514
4	3	32	5,307
4	3	36	6,067
4	3	40	7,733
4	3	41	0,798
4	3	47	6,266
4	3	48	8,995
4	3	49	1,055
4	8	1	13,066
4	8	2	14,715
4	8	3	24,164
4	8	14	1,098
4	8	15	5,612
4	8	20	1,519
4	8	21	5,795
4	8	22	16,551
4	8	23	2,463
4	8	26	6,144
4	8	27	1,754
4	8	28	0,597
4	8	29	56,652
4	8	32	11,293
4	8	36	3,119
4	8	40	4,863
4	8	41	5,312
4	8	47	7,18
4	8	48	2,214
4	8	49	1,76
4	14	1	13,054
4	14	2	4,407
4	14	3	1,199
4	14	8	6,808
4	14	15	10,176
4	14	20	40,509
4	14	21	2,116
4	14	22	3,77
4	14	23	5,941
4	14	26	10,623
4	14	27	4,167
4	14	28	3,872
4	14	29	2,63
4	14	32	5,238
4	14	36	5,392
4	14	40	1,466
4	14	41	0,851
4	14	47	9,066
4	14	48	1,334
4	14	49	5,571
4	15	1	2,789
4	15	2	4,748
4	15	3	6,536
4	15	8	5,105
4	15	14	11,253
4	15	20	5,806
4	15	21	17,283
4	15	22	1,641
4	15	23	2,251
4	15	26	3,605
4	15	27	37,949
4	15	28	1,667
4	15	29	0,7
4	15	32	3,588
4	15	36	6,982
4	15	40	0,932
4	15	41	5,421
4	15	47	5,792
4	15	48	1,886
4	15	49	2,354
4	20	1	9,546
4	20	2	4,187
4	20	3	0,938
4	20	8	5,964
4	20	14	8,83
4	20	15	1,658
4	20	21	10,838
4	20	22	3,66
4	20	23	12,38
4	20	26	1,318
4	20	27	5,896
4	20	28	3,724
4	20	29	3,187
4	20	32	4,375
4	20	36	6,307
4	20	40	13,575
4	20	41	2,186
4	20	47	29,039
4	20	48	12,203
4	20	49	0,702
4	21	1	10,594
4	21	2	4,826
4	21	3	9,379
4	21	8	4,74
4	21	14	19,66
4	21	15	5,146
4	21	20	1,288
4	21	22	6,571
4	21	23	0,512
4	21	26	7,932
4	21	27	5,207
4	21	28	1,473
4	21	29	9,173
4	21	32	2,555
4	21	36	11,4
4	21	40	1,299
4	21	41	3,112
4	21	47	3,236
4	21	48	7,717
4	21	49	0,926
4	22	1	7,699
4	22	2	5,524
4	22	3	1,679
4	22	8	12,287
4	22	14	4,305
4	22	15	4,862
4	22	20	2,865
4	22	21	3,205
4	22	23	3,828
4	22	26	2,015
4	22	27	1,541
4	22	28	16,292
4	22	29	4,03
4	22	32	3,551
4	22	36	6,997
4	22	40	10,349
4	22	41	4,948
4	22	47	1,134
4	22	48	4,167
4	22	49	9,963
4	23	1	2,723
4	23	2	1,502
4	23	3	2,815
4	23	8	3,563
4	23	14	9,562
4	23	15	4,822
4	23	20	1,548
4	23	21	7,772
4	23	22	10,67
4	23	26	5,013
4	23	27	6,382
4	23	28	4,45
4	23	29	6,274
4	23	32	6,949
4	23	36	1,039
4	23	40	2,076
4	23	41	8,272
4	23	47	2,04
4	23	48	7,245
4	23	49	7,574
4	26	1	2,879
4	26	2	1,486
4	26	3	1,186
4	26	8	3,288
4	26	14	1,124
4	26	15	0,531
4	26	20	5,346
4	26	21	0,786
4	26	22	5,819
4	26	23	8,376
4	26	27	1,902
4	26	28	0,919
4	26	29	3,287
4	26	32	3,608
4	26	36	1,99
4	26	40	1,407
4	26	41	10,792
4	26	47	0,822
4	26	48	8,114
4	26	49	7,683
4	27	1	5,14
4	27	2	3,403
4	27	3	5,039
4	27	8	8,192
4	27	14	4,241
4	27	15	3,679
4	27	20	9,583
4	27	21	2,707
4	27	22	1,557
4	27	23	6,04
4	27	26	1,729
4	27	28	10,506
4	27	29	1,092
4	27	32	1,216
4	27	36	2,655
4	27	40	7,346
4	27	41	5,924
4	27	47	10,453
4	27	48	4,244
4	27	49	6,72
4	28	1	4,157
4	28	2	1,302
4	28	3	1,871
4	28	8	4,297
4	28	14	6,538
4	28	15	1,782
4	28	20	12,12
4	28	21	9,835
4	28	22	9,985
4	28	23	7,996
4	28	26	1,543
4	28	27	0,634
4	28	29	1,157
4	28	32	8,245
4	28	36	4,473
4	28	40	20,733
4	28	41	2,247
4	28	47	3,403
4	28	48	6,06
4	28	49	1,826
4	29	1	1,837
4	29	2	17,458
4	29	3	3,752
4	29	8	2,212
4	29	14	18,995
4	29	15	10,196
4	29	20	4,462
4	29	21	16,172
4	29	22	0,799
4	29	23	2,51
4	29	26	0,811
4	29	27	28,925
4	29	28	6,485
4	29	32	4,482
4	29	36	3,33
4	29	40	1,493
4	29	41	8,461
4	29	47	5,912
4	29	48	1,803
4	29	49	3,144
4	32	1	0,71
4	32	2	1,07
4	32	3	15,822
4	32	8	3,537
4	32	14	5,777
4	32	15	0,887
4	32	20	0,942
4	32	21	2,056
4	32	22	6,351
4	32	23	0,857
4	32	26	3,237
4	32	27	3,26
4	32	28	11,735
4	32	29	9,207
4	32	36	1,752
4	32	40	1,187
4	32	41	16,42
4	32	47	13,06
4	32	48	2,831
4	32	49	0,588
4	36	1	11,733
4	36	2	7,719
4	36	3	5,652
4	36	8	2,682
4	36	14	1,492
4	36	15	14,759
4	36	20	1,982
4	36	21	10,342
4	36	22	4,81
4	36	23	6,364
4	36	26	6,497
4	36	27	1,983
4	36	28	20,439
4	36	29	3,27
4	36	32	3,57
4	36	40	3,479
4	36	41	28,993
4	36	47	2,625
4	36	48	1,891
4	36	49	6,8
4	40	1	0,857
4	40	2	16,338
4	40	3	3,983
4	40	8	4,409
4	40	14	2,349
4	40	15	5,324
4	40	20	11,475
4	40	21	5,178
4	40	22	10,699
4	40	23	3,053
4	40	26	3,781
4	40	27	0,576
4	40	28	3,562
4	40	29	1,915
4	40	32	13,739
4	40	36	12,528
4	40	41	1,415
4	40	47	3,816
4	40	48	3,414
4	40	49	8,988
4	41	1	10,401
4	41	2	7,096
4	41	3	4,972
4	41	8	2,542
4	41	14	2,225
4	41	15	4,419
4	41	20	7,228
4	41	21	4,921
4	41	22	2,574
4	41	23	17,234
4	41	26	6,851
4	41	27	10,74
4	41	28	15,884
4	41	29	2,949
4	41	32	0,737
4	41	36	1,056
4	41	40	7,565
4	41	47	3,94
4	41	48	6,743
4	41	49	4,148
4	47	1	3,581
4	47	2	1,208
4	47	3	24,757
4	47	8	9,27
4	47	14	1,048
4	47	15	0,515
4	47	20	19,918
4	47	21	3,055
4	47	22	12,468
4	47	23	8,046
4	47	26	4,765
4	47	27	3,698
4	47	28	7,619
4	47	29	0,716
4	47	32	16,727
4	47	36	0,729
4	47	40	3,279
4	47	41	2,375
4	47	48	29,353
4	47	49	11,181
4	48	1	2,651
4	48	2	1,044
4	48	3	2,003
4	48	8	32,859
4	48	14	19,838
4	48	15	14,513
4	48	20	6,169
4	48	21	35,815
4	48	22	2,452
4	48	23	2,948
4	48	26	0,915
4	48	27	11,413
4	48	28	7,384
4	48	29	1,243
4	48	32	8,52
4	48	36	7,812
4	48	40	0,733
4	48	41	1,17
4	48	47	0,618
4	48	49	9,389
4	49	1	5,313
4	49	2	3,444
4	49	3	13,775
4	49	8	2,564
4	49	14	3,373
4	49	15	6,008
4	49	20	3,152
4	49	21	7,922
4	49	22	8,638
4	49	23	5,615
4	49	26	3,67
4	49	27	15,684
4	49	28	0,71
4	49	29	8,414
4	49	32	16,205
4	49	36	2,341
4	49	40	2,541
4	49	41	10,881
4	49	47	39,237
4	49	48	3,516
5	3	4	8,09
5	3	7	1,306
5	3	10	10,67
5	3	16	8,007
5	3	19	1,723
5	3	21	1,591
5	3	25	4,838
5	3	35	7,423
5	3	37	3,889
5	3	41	1,221
5	3	43	4,388
5	3	46	3,684
5	3	47	7,222
5	3	50	5,232
5	4	3	5,654
5	4	7	16,401
5	4	10	2,935
5	4	16	3,882
5	4	19	2,419
5	4	21	7,009
5	4	25	0,792
5	4	35	4,328
5	4	37	12,634
5	4	41	5,914
5	4	43	4,526
5	4	46	1,971
5	4	47	4,914
5	4	50	18,704
5	7	3	2,653
5	7	4	0,917
5	7	10	2,133
5	7	16	0,562
5	7	19	2,265
5	7	21	13,049
5	7	25	1,238
5	7	35	11,354
5	7	37	1,905
5	7	41	0,774
5	7	43	1,133
5	7	46	4,212
5	7	47	11,567
5	7	50	6,388
5	10	3	9,485
5	10	4	4,704
5	10	7	1,747
5	10	16	2,769
5	10	19	0,883
5	10	21	18,692
5	10	25	1,189
5	10	35	3,667
5	10	37	1,545
5	10	41	5,561
5	10	43	11,784
5	10	46	11,873
5	10	47	2,191
5	10	50	0,545
5	16	3	2,367
5	16	4	4,487
5	16	7	15,885
5	16	10	3,213
5	16	19	5,231
5	16	21	1,589
5	16	25	7,171
5	16	35	2,015
5	16	37	26,81
5	16	41	2,054
5	16	43	2,294
5	16	46	3,911
5	16	47	2,059
5	16	50	0,849
5	19	3	32,557
5	19	4	9,074
5	19	7	2,676
5	19	10	1,859
5	19	16	10,238
5	19	21	5,236
5	19	25	17,136
5	19	35	1,632
5	19	37	0,731
5	19	41	9,73
5	19	43	6,938
5	19	46	6,379
5	19	47	2,581
5	19	50	2,609
5	21	3	24,476
5	21	4	1,448
5	21	7	0,689
5	21	10	3,776
5	21	16	0,837
5	21	19	3,872
5	21	25	1,055
5	21	35	1,042
5	21	37	32,253
5	21	41	12,302
5	21	43	4,761
5	21	46	5,264
5	21	47	3,003
5	21	50	1,584
5	25	3	2,105
5	25	4	2,568
5	25	7	3,411
5	25	10	6,633
5	25	16	2,973
5	25	19	31,509
5	25	21	4,94
5	25	35	2,288
5	25	37	2,807
5	25	41	3,547
5	25	43	11,709
5	25	46	7,777
5	25	47	2,902
5	25	50	0,655
5	35	3	2,601
5	35	4	3,138
5	35	7	2,809
5	35	10	3,369
5	35	16	1,897
5	35	19	4,819
5	35	21	19,6
5	35	25	0,971
5	35	37	1,978
5	35	41	8,064
5	35	43	11,235
5	35	46	1,057
5	35	47	1,119
5	35	50	1,671
5	37	3	2,787
5	37	4	8,622
5	37	7	6,085
5	37	10	5,496
5	37	16	3,626
5	37	19	0,785
5	37	21	1,15
5	37	25	2,168
5	37	35	2,414
5	37	41	1,167
5	37	43	1,13
5	37	46	11,827
5	37	47	2,488
5	37	50	0,592
5	41	3	5,883
5	41	4	3,172
5	41	7	1,756
5	41	10	6,489
5	41	16	5,499
5	41	19	10,279
5	41	21	5,521
5	41	25	8,106
5	41	35	3,368
5	41	37	14,434
5	41	43	10,336
5	41	46	1,908
5	41	47	52,337
5	41	50	19,624
5	43	3	3,068
5	43	4	0,858
5	43	7	9,636
5	43	10	0,673
5	43	16	1,072
5	43	19	17,816
5	43	21	6,099
5	43	25	3,368
5	43	35	1,533
5	43	37	0,89
5	43	41	10,467
5	43	46	4,182
5	43	47	1,171
5	43	50	3,578
5	46	3	5,994
5	46	4	1,918
5	46	7	3,267
5	46	10	6,028
5	46	16	1,075
5	46	19	2,835
5	46	21	3,317
5	46	25	6,402
5	46	35	6,449
5	46	37	16,337
5	46	41	7,171
5	46	43	19,326
5	46	47	3,9
5	46	50	26,224
5	47	3	3,02
5	47	4	4,265
5	47	7	15,996
5	47	10	20,772
5	47	16	5,473
5	47	19	3,003
5	47	21	6,218
5	47	25	0,65
5	47	35	6,042
5	47	37	2,213
5	47	41	3,785
5	47	43	0,879
5	47	46	4,85
5	47	50	10,859
5	50	3	2,562
5	50	4	1,794
5	50	7	13,456
5	50	10	2,937
5	50	16	7,411
5	50	19	2,642
5	50	21	1,675
5	50	25	47,279
5	50	35	8,781
5	50	37	15,41
5	50	41	0,897
5	50	43	3,232
5	50	46	0,505
5	50	47	10,823
6	2	5	2,237
6	2	7	9,378
6	2	9	7,118
6	2	12	4,561
6	2	14	0,744
6	2	17	13,835
6	2	22	2,541
6	2	24	2,24
6	2	31	4,317
6	2	32	3,939
6	2	38	14,832
6	2	39	1,882
6	2	44	24,051
6	2	48	3,796
6	2	49	10,477
6	5	2	1,204
6	5	7	4,599
6	5	9	4,121
6	5	12	1,983
6	5	14	1,7
6	5	17	2,356
6	5	22	2,811
6	5	24	2,137
6	5	31	7,357
6	5	32	7,22
6	5	38	1,278
6	5	39	11,789
6	5	44	5,16
6	5	48	2,267
6	5	49	0,856
6	7	2	27,478
6	7	5	5,093
6	7	9	1,183
6	7	12	8,887
6	7	14	9,542
6	7	17	2,939
6	7	22	1,58
6	7	24	2,822
6	7	31	2,668
6	7	32	1,243
6	7	38	1,136
6	7	39	6,512
6	7	44	3,707
6	7	48	7,736
6	7	49	2,62
6	9	2	15,857
6	9	5	1,874
6	9	7	9,422
6	9	12	0,809
6	9	14	3,25
6	9	17	12,143
6	9	22	0,573
6	9	24	3,567
6	9	31	3,615
6	9	32	11,304
6	9	38	2,184
6	9	39	2,116
6	9	44	8,818
6	9	48	4,522
6	9	49	0,621
6	12	2	5,678
6	12	5	1,054
6	12	7	1,457
6	12	9	28,432
6	12	14	15,904
6	12	17	1,888
6	12	22	2,537
6	12	24	4,225
6	12	31	6,191
6	12	32	5,568
6	12	38	0,901
6	12	39	4,307
6	12	44	5,851
6	12	48	5,506
6	12	49	5,106
6	14	2	5,656
6	14	5	12,2
6	14	7	2,731
6	14	9	1,544
6	14	12	3,763
6	14	17	18,935
6	14	22	1,917
6	14	24	0,797
6	14	31	2,084
6	14	32	1,866
6	14	38	7,25
6	14	39	18,413
6	14	44	4,815
6	14	48	17,125
6	14	49	2,345
6	17	2	16,074
6	17	5	2,38
6	17	7	6,046
6	17	9	5,486
6	17	12	11,883
6	17	14	6,575
6	17	22	5,533
6	17	24	5,214
6	17	31	2,725
6	17	32	31,033
6	17	38	1,011
6	17	39	2,307
6	17	44	8,721
6	17	48	5,324
6	17	49	1,988
6	22	2	4,316
6	22	5	10,586
6	22	7	0,501
6	22	9	2,29
6	22	12	27,906
6	22	14	1,897
6	22	17	1,823
6	22	24	2,177
6	22	31	13,382
6	22	32	17,815
6	22	38	7,314
6	22	39	0,887
6	22	44	7,909
6	22	48	1,615
6	22	49	7,455
6	24	2	1,236
6	24	5	2,341
6	24	7	5,104
6	24	9	7,514
6	24	12	6,913
6	24	14	1,786
6	24	17	15,204
6	24	22	5,143
6	24	31	2,447
6	24	32	3,003
6	24	38	2,02
6	24	39	3,434
6	24	44	5,705
6	24	48	0,77
6	24	49	15,043
6	31	2	2,296
6	31	5	0,851
6	31	7	1,813
6	31	9	3,623
6	31	12	5,619
6	31	14	3,884
6	31	17	5,427
6	31	22	11,031
6	31	24	1,251
6	31	32	17,036
6	31	38	1,027
6	31	39	2,335
6	31	44	2,071
6	31	48	10,719
6	31	49	18,743
6	32	2	4,196
6	32	5	0,805
6	32	7	10,458
6	32	9	4,369
6	32	12	3,508
6	32	14	17,474
6	32	17	4,592
6	32	22	1,248
6	32	24	7,996
6	32	31	2,974
6	32	38	2,652
6	32	39	3,25
6	32	44	4,421
6	32	48	2,723
6	32	49	1,89
6	38	2	1,477
6	38	5	7,941
6	38	7	1,975
6	38	9	12,411
6	38	12	0,609
6	38	14	6,017
6	38	17	0,534
6	38	22	3,524
6	38	24	4,844
6	38	31	28,195
6	38	32	0,967
6	38	39	7,924
6	38	44	9,164
6	38	48	30,322
6	38	49	5,141
6	39	2	2,059
6	39	5	1,682
6	39	7	3,362
6	39	9	15,017
6	39	12	3,284
6	39	14	3,932
6	39	17	5,051
6	39	22	11,828
6	39	24	5,829
6	39	31	1,2
6	39	32	6,861
6	39	38	23,418
6	39	44	2,582
6	39	48	5,88
6	39	49	7,812
6	44	2	1,012
6	44	5	19,169
6	44	7	34,79
6	44	9	4,402
6	44	12	18,991
6	44	14	5,013
6	44	17	2,035
6	44	22	3,893
6	44	24	7,061
6	44	31	5,884
6	44	32	2,086
6	44	38	3,14
6	44	39	16,571
6	44	48	5,401
6	44	49	7,362
6	48	2	24,692
6	48	5	2,468
6	48	7	21,706
6	48	9	2,201
6	48	12	1,251
6	48	14	1,157
6	48	17	1,048
6	48	22	4,216
6	48	24	3,673
6	48	31	11,434
6	48	32	1,962
6	48	38	6,294
6	48	39	1,154
6	48	44	23,954
6	48	49	4,298
6	49	2	4,183
6	49	5	2,323
6	49	7	12,366
6	49	9	1,771
6	49	12	23,175
6	49	14	5,569
6	49	17	4,008
6	49	22	0,693
6	49	24	11,588
6	49	31	0,652
6	49	32	1,202
6	49	38	0,797
6	49	39	2,02
6	49	44	0,521
6	49	48	15,593

