#num jobs
50
#num machines
6

#jobId machId procTime energyCons
1	2	29,59	105,07
1	5	2,98	3,69
1	6	1,86	14,18
2	4	1,48	6,61
2	3	4,06	33,99
3	3	5,65	47,24
3	2	2,05	7,28
4	1	94,52	467,71
4	6	11,55	88,16
5	1	1,09	5,39
5	4	8,2	36,52
6	5	85,39	105,62
6	1	14,25	70,5
7	4	9,31	41,45
7	6	5,74	43,8
8	4	5,47	24,34
8	1	13,4	66,33
9	6	71,63	546,73
9	4	25,77	114,74
9	2	8,09	28,71
10	1	8,13	40,21
10	3	0,04	0,3
11	4	5,02	22,37
11	1	24,64	121,9
12	4	25,11	111,84
12	1	23,62	116,86
13	5	2,01	2,48
13	4	1,3	5,78
13	1	8,09	40,03
14	5	1237,03	1530,02
14	3	14,71	123,08
14	1	1,55	7,67
15	1	753,78	3729,82
16	4	5,63	25,05
17	3	12,33	103,17
17	1	3,94	19,5
18	3	2,7	22,57
19	1	1,51	7,47
19	4	30,33	135,08
19	5	105,76	130,81
20	5	31,5	38,96
20	2	70,77	251,27
21	4	6,35	28,25
21	6	2,27	17,3
22	1	13,43	66,45
22	4	2,73	12,17
22	6	2,77	21,13
23	1	63,51	314,25
23	4	7,4	32,95
24	5	0,95	1,17
24	4	4,02	17,9
24	2	2,16	7,65
25	6	2,12	16,19
25	4	6,59	29,35
26	4	20,47	91,16
26	1	9,22	45,61
27	1	2,04	10,08
27	2	7,25	25,75
27	5	1,22	1,51
27	6	8,46	64,59
28	1	10,98	54,34
28	3	2,02	16,94
28	4	10,65	47,42
28	6	110,81	845,8
29	5	13,88	17,16
29	1	33,02	163,37
30	1	20,37	100,8
30	2	2,37	8,41
30	3	10,45	87,45
30	6	64,3	490,75
31	5	63,97	79,12
32	5	3,88	4,8
32	2	19,35	68,71
32	1	43,3	214,23
33	2	55,62	197,49
34	5	17,56	21,72
34	6	6,12	46,75
35	6	4,22	32,24
35	5	5,24	6,48
35	4	7,4	32,93
36	6	6,82	52,04
37	3	21,77	182,12
37	2	14,48	51,4
37	1	7,88	39
38	4	24,59	109,5
39	2	3,1	10,99
39	3	17,59	147,19
39	4	3,94	17,56
39	5	114,89	142,11
40	4	5,64	25,1
40	3	248,62	2080,33
41	1	11,91	58,92
42	6	14	106,86
43	3	0,33	2,75
43	4	5,73	25,51
44	5	907,54	1122,49
44	4	22,39	99,7
44	3	218,54	1828,69
45	6	11,34	86,55
46	1	7,05	34,9
46	2	51,99	184,6
46	3	59,93	501,45
47	3	29,24	244,65
47	2	102,33	363,32
48	6	5,97	45,53
49	5	2,67	3,3
49	3	11,93	99,82
49	2	5,25	18,64
50	6	66,27	505,77
50	5	2,64	3,26
50	2	397,27	1410,53
50	1	6,63	32,8

#jobId ddate weight rdate
1	189,288	49	1187,616
2	347,29	6	792,178
3	134,114	18	1144,416
4	322,953	21	644,471
5	663,205	34	121,663
6	236,206	14	223,52
7	21,813	1	1422,931
8	152,687	27	260,493
9	92,941	27	556,289
10	572,573	5	242,547
11	175,54	2	505,58
12	192,007	48	1037,685
13	673,535	4	1394,783
14	190,226	45	785,502
15	518,311	6	623,27
16	697,464	2	1065,889
17	153,241	33	1399,658
18	448,636	11	814,923
19	266,015	32	73,202
20	323,7	9	508,698
21	408,691	31	551,287
22	184,018	5	294,826
23	272,528	18	942,397
24	512,168	9	553,549
25	157,245	22	1091,379
26	76,136	37	696,959
27	303,522	32	219,161
28	362,279	10	838,665
29	301,453	39	882,014
30	589,099	34	1280,191
31	227,778	31	699,669
32	640,789	9	991,277
33	191,148	12	668,586
34	15,84	5	849,872
35	486,66	30	710,352
36	349,198	40	582,783
37	547,65	28	379,758
38	644,95	10	40,356
39	372,744	40	92,824
40	315,386	29	1193,336
41	224,117	38	795,064
42	487,954	44	568,78
43	399,532	4	461,118
44	201,608	1	1198,181
45	368,493	28	575,366
46	397,557	5	1179,444
47	426,597	11	1332,716
48	697,66	31	82,898
49	80,017	23	593,863
50	298,274	31	536,09

#machId jobPred jobSucc setupTime
1	4	5	1,664
1	4	6	12,151
1	4	8	6,31
1	4	10	8,212
1	4	11	2,503
1	4	12	6,371
1	4	13	2,727
1	4	14	4,142
1	4	15	7,355
1	4	17	2,868
1	4	19	1,621
1	4	22	6,363
1	4	23	1,276
1	4	26	3,493
1	4	27	3,36
1	4	28	10,014
1	4	29	5,756
1	4	30	20,914
1	4	32	23,948
1	4	37	11,182
1	4	41	8,199
1	4	46	3,346
1	4	50	8,109
1	5	4	9,802
1	5	6	3,192
1	5	8	5,069
1	5	10	6,856
1	5	11	3,888
1	5	12	2,693
1	5	13	3,138
1	5	14	2,296
1	5	15	8,665
1	5	17	1,544
1	5	19	1,128
1	5	22	0,69
1	5	23	1,992
1	5	26	13,669
1	5	27	0,878
1	5	28	8,292
1	5	29	6,171
1	5	30	9,444
1	5	32	4,191
1	5	37	9,279
1	5	41	5,754
1	5	46	3,178
1	5	50	2,065
1	6	4	23,355
1	6	5	0,56
1	6	8	16,71
1	6	10	3,807
1	6	11	1,212
1	6	12	11,391
1	6	13	10,478
1	6	14	1,983
1	6	15	21,233
1	6	17	2,468
1	6	19	11,961
1	6	22	2,25
1	6	23	3,025
1	6	26	1,635
1	6	27	8,638
1	6	28	1,056
1	6	29	6,354
1	6	30	3,088
1	6	32	0,758
1	6	37	5,359
1	6	41	5,107
1	6	46	9,125
1	6	50	7,483
1	8	4	4,709
1	8	5	3,62
1	8	6	5,963
1	8	10	5,693
1	8	11	6,074
1	8	12	4,274
1	8	13	4,395
1	8	14	2,009
1	8	15	5,84
1	8	17	1,757
1	8	19	11,617
1	8	22	11,161
1	8	23	5,167
1	8	26	3,029
1	8	27	8,591
1	8	28	7,602
1	8	29	0,668
1	8	30	13,07
1	8	32	0,867
1	8	37	15,224
1	8	41	4,568
1	8	46	1,249
1	8	50	5,883
1	10	4	7,056
1	10	5	0,832
1	10	6	6,439
1	10	8	2,172
1	10	11	1,375
1	10	12	8,041
1	10	13	3,532
1	10	14	0,844
1	10	15	1,572
1	10	17	9,067
1	10	19	1,994
1	10	22	6,292
1	10	23	13,587
1	10	26	7,086
1	10	27	1,655
1	10	28	16,677
1	10	29	4,458
1	10	30	0,961
1	10	32	18,199
1	10	37	17,996
1	10	41	4,731
1	10	46	1,856
1	10	50	14,197
1	11	4	2,722
1	11	5	5,648
1	11	6	4,664
1	11	8	1,203
1	11	10	4,687
1	11	12	3,491
1	11	13	7,952
1	11	14	4,241
1	11	15	9,812
1	11	17	4,944
1	11	19	9,739
1	11	22	9,044
1	11	23	6,701
1	11	26	1,08
1	11	27	1,434
1	11	28	15,201
1	11	29	7,908
1	11	30	4,503
1	11	32	18,747
1	11	37	5,724
1	11	41	10,438
1	11	46	2,147
1	11	50	13,721
1	12	4	3,424
1	12	5	0,714
1	12	6	2
1	12	8	11,747
1	12	10	22,856
1	12	11	2,297
1	12	13	2,049
1	12	14	31,073
1	12	15	8,797
1	12	17	6,338
1	12	19	7,693
1	12	22	2,297
1	12	23	9,272
1	12	26	3,374
1	12	27	25,838
1	12	28	2,992
1	12	29	12,672
1	12	30	6,01
1	12	32	1,692
1	12	37	21,205
1	12	41	3,23
1	12	46	1,412
1	12	50	2,822
1	13	4	0,649
1	13	5	11,701
1	13	6	10,884
1	13	8	13,631
1	13	10	9,366
1	13	11	12,029
1	13	12	0,677
1	13	14	9,847
1	13	15	1,214
1	13	17	2,727
1	13	19	26,74
1	13	22	12,465
1	13	23	7,06
1	13	26	3,006
1	13	27	9,44
1	13	28	3,743
1	13	29	4,47
1	13	30	4,219
1	13	32	12,708
1	13	37	3,078
1	13	41	2,884
1	13	46	3,152
1	13	50	1,121
1	14	4	2,551
1	14	5	14,813
1	14	6	4,297
1	14	8	4,024
1	14	10	1,165
1	14	11	2,073
1	14	12	2,017
1	14	13	5,146
1	14	15	16,492
1	14	17	2,959
1	14	19	6,705
1	14	22	1,931
1	14	23	2,147
1	14	26	3,135
1	14	27	7,106
1	14	28	7,295
1	14	29	15,497
1	14	30	1,044
1	14	32	0,722
1	14	37	5,547
1	14	41	81,111
1	14	46	5,132
1	14	50	0,706
1	15	4	9,908
1	15	5	12,583
1	15	6	1,952
1	15	8	3,777
1	15	10	2,881
1	15	11	71,945
1	15	12	50,708
1	15	13	0,564
1	15	14	5,904
1	15	17	2,035
1	15	19	15,638
1	15	22	2,563
1	15	23	14,589
1	15	26	1,031
1	15	27	3,117
1	15	28	9,463
1	15	29	3,965
1	15	30	2,27
1	15	32	0,708
1	15	37	5,364
1	15	41	5,622
1	15	46	2,494
1	15	50	1,279
1	17	4	4,616
1	17	5	0,71
1	17	6	5,461
1	17	8	2,403
1	17	10	1,239
1	17	11	6,35
1	17	12	4,494
1	17	13	5,64
1	17	14	2,807
1	17	15	1,56
1	17	19	17,079
1	17	22	1,291
1	17	23	4,681
1	17	26	7,715
1	17	27	5,689
1	17	28	2,221
1	17	29	2,381
1	17	30	13,08
1	17	32	2,228
1	17	37	12,787
1	17	41	3,204
1	17	46	1,006
1	17	50	9,163
1	19	4	8,702
1	19	5	3,282
1	19	6	11,245
1	19	8	20,037
1	19	10	7,678
1	19	11	0,709
1	19	12	14,684
1	19	13	4,929
1	19	14	1,901
1	19	15	18,84
1	19	17	1,313
1	19	22	21,633
1	19	23	12,384
1	19	26	0,64
1	19	27	16,182
1	19	28	7,093
1	19	29	10,46
1	19	30	5,443
1	19	32	11,722
1	19	37	14,156
1	19	41	1,925
1	19	46	4,814
1	19	50	13,316
1	22	4	0,768
1	22	5	23,575
1	22	6	3,322
1	22	8	1,171
1	22	10	3,895
1	22	11	9,434
1	22	12	5,638
1	22	13	3,157
1	22	14	14,962
1	22	15	0,831
1	22	17	6,117
1	22	19	6,523
1	22	23	1,703
1	22	26	4,39
1	22	27	1,883
1	22	28	7,747
1	22	29	10,003
1	22	30	2,807
1	22	32	7,193
1	22	37	14,013
1	22	41	20,877
1	22	46	3,946
1	22	50	1,606
1	23	4	4,81
1	23	5	4,042
1	23	6	5,125
1	23	8	0,872
1	23	10	1,66
1	23	11	24,139
1	23	12	1,308
1	23	13	1,599
1	23	14	0,986
1	23	15	9,334
1	23	17	15,727
1	23	19	1,025
1	23	22	5,619
1	23	26	4,661
1	23	27	0,533
1	23	28	4,413
1	23	29	3,205
1	23	30	4,911
1	23	32	5,742
1	23	37	1,104
1	23	41	8,877
1	23	46	11,404
1	23	50	3,552
1	26	4	3,647
1	26	5	10,223
1	26	6	3,417
1	26	8	2,482
1	26	10	1,804
1	26	11	2,91
1	26	12	2,772
1	26	13	5,517
1	26	14	15,381
1	26	15	5,168
1	26	17	69,189
1	26	19	8,942
1	26	22	3,554
1	26	23	7,001
1	26	27	1,608
1	26	28	7,891
1	26	29	5,056
1	26	30	13,92
1	26	32	2,093
1	26	37	7,707
1	26	41	2,122
1	26	46	12,018
1	26	50	7,25
1	27	4	18,672
1	27	5	0,524
1	27	6	25,484
1	27	8	7,43
1	27	10	2,434
1	27	11	10,208
1	27	12	4,246
1	27	13	40,183
1	27	14	0,759
1	27	15	2,049
1	27	17	17,015
1	27	19	2,815
1	27	22	8,388
1	27	23	2,822
1	27	26	1,326
1	27	28	1,8
1	27	29	3,656
1	27	30	12,249
1	27	32	1,555
1	27	37	0,789
1	27	41	1,179
1	27	46	48,692
1	27	50	1,327
1	28	4	5,503
1	28	5	11,219
1	28	6	1,111
1	28	8	2,608
1	28	10	1,636
1	28	11	4,59
1	28	12	0,59
1	28	13	3,55
1	28	14	13,35
1	28	15	1,378
1	28	17	1,962
1	28	19	8,551
1	28	22	18,857
1	28	23	1,268
1	28	26	3,433
1	28	27	0,749
1	28	29	4,281
1	28	30	1,93
1	28	32	14,637
1	28	37	8,117
1	28	41	12,845
1	28	46	1,16
1	28	50	2,34
1	29	4	3,357
1	29	5	4,572
1	29	6	6,511
1	29	8	3,017
1	29	10	2,763
1	29	11	2,856
1	29	12	1,646
1	29	13	4,715
1	29	14	8,332
1	29	15	11,952
1	29	17	12,681
1	29	19	15,859
1	29	22	0,863
1	29	23	7,865
1	29	26	8,334
1	29	27	0,876
1	29	28	14,199
1	29	30	1,801
1	29	32	9,32
1	29	37	8,201
1	29	41	3,821
1	29	46	10,77
1	29	50	14,017
1	30	4	10,377
1	30	5	0,582
1	30	6	4,75
1	30	8	1,103
1	30	10	19,192
1	30	11	30,839
1	30	12	0,983
1	30	13	10,464
1	30	14	9,459
1	30	15	2,733
1	30	17	8,716
1	30	19	2,194
1	30	22	1,977
1	30	23	0,829
1	30	26	1,999
1	30	27	0,642
1	30	28	2,366
1	30	29	0,829
1	30	32	5,453
1	30	37	3,513
1	30	41	7,055
1	30	46	1,58
1	30	50	2,007
1	32	4	1,531
1	32	5	7,162
1	32	6	1,576
1	32	8	4,205
1	32	10	4,198
1	32	11	26,808
1	32	12	5,774
1	32	13	2,105
1	32	14	2,819
1	32	15	4,684
1	32	17	0,743
1	32	19	7,809
1	32	22	1,554
1	32	23	21,105
1	32	26	13,092
1	32	27	13,354
1	32	28	0,809
1	32	29	2,469
1	32	30	6,542
1	32	37	7,749
1	32	41	5,612
1	32	46	2,663
1	32	50	4,27
1	37	4	2,296
1	37	5	4,233
1	37	6	20,481
1	37	8	1,232
1	37	10	3,27
1	37	11	1,944
1	37	12	4,416
1	37	13	4,145
1	37	14	3,83
1	37	15	12,768
1	37	17	6,552
1	37	19	8,47
1	37	22	1,081
1	37	23	2,648
1	37	26	2,417
1	37	27	18,22
1	37	28	11,646
1	37	29	5,755
1	37	30	1,033
1	37	32	4,336
1	37	41	4,127
1	37	46	3,272
1	37	50	12,652
1	41	4	0,763
1	41	5	1,057
1	41	6	4,398
1	41	8	3,675
1	41	10	1,809
1	41	11	5,932
1	41	12	10,628
1	41	13	10,225
1	41	14	0,758
1	41	15	23,158
1	41	17	4,347
1	41	19	6,998
1	41	22	10,13
1	41	23	4,704
1	41	26	13,635
1	41	27	3,419
1	41	28	2,324
1	41	29	8,324
1	41	30	11,675
1	41	32	5,291
1	41	37	24,077
1	41	46	0,991
1	41	50	23,483
1	46	4	1,247
1	46	5	17,627
1	46	6	6,642
1	46	8	3,584
1	46	10	10,122
1	46	11	8,402
1	46	12	13,965
1	46	13	8,868
1	46	14	1,989
1	46	15	0,808
1	46	17	0,774
1	46	19	3,476
1	46	22	2,71
1	46	23	8,215
1	46	26	11,973
1	46	27	1,148
1	46	28	16,798
1	46	29	3,034
1	46	30	1,641
1	46	32	2,307
1	46	37	16,141
1	46	41	32,498
1	46	50	1,388
1	50	4	7,599
1	50	5	13,241
1	50	6	4,061
1	50	8	0,951
1	50	10	7,517
1	50	11	16,013
1	50	12	22,671
1	50	13	2,791
1	50	14	1,622
1	50	15	8,03
1	50	17	2,254
1	50	19	6,096
1	50	22	1,19
1	50	23	29,512
1	50	26	2,839
1	50	27	0,697
1	50	28	8,655
1	50	29	8,115
1	50	30	3,738
1	50	32	2,478
1	50	37	3,904
1	50	41	2,76
1	50	46	2,239
2	1	3	5,913
2	1	9	30,347
2	1	20	0,799
2	1	24	1,475
2	1	27	2,965
2	1	30	18,737
2	1	32	4,752
2	1	33	11,144
2	1	37	2,827
2	1	39	0,878
2	1	46	2,181
2	1	47	4,123
2	1	49	6,598
2	1	50	7,707
2	3	1	8,26
2	3	9	4,334
2	3	20	2,383
2	3	24	0,709
2	3	27	8,242
2	3	30	8,529
2	3	32	2,882
2	3	33	2,647
2	3	37	1,844
2	3	39	6,606
2	3	46	3,898
2	3	47	13,224
2	3	49	1,685
2	3	50	14,555
2	9	1	5,418
2	9	3	1,387
2	9	20	2,043
2	9	24	1,764
2	9	27	2,996
2	9	30	0,571
2	9	32	9,309
2	9	33	5,867
2	9	37	1,365
2	9	39	0,718
2	9	46	19,097
2	9	47	21,048
2	9	49	2,69
2	9	50	24,776
2	20	1	1,512
2	20	3	1,459
2	20	9	0,797
2	20	24	2,675
2	20	27	3,136
2	20	30	10,64
2	20	32	5,559
2	20	33	4,286
2	20	37	1,21
2	20	39	7,515
2	20	46	4,215
2	20	47	2,347
2	20	49	11,374
2	20	50	3,281
2	24	1	11,739
2	24	3	7,994
2	24	9	8,714
2	24	20	1,313
2	24	27	3,433
2	24	30	4,647
2	24	32	5,432
2	24	33	3,554
2	24	37	1,541
2	24	39	12,631
2	24	46	1,183
2	24	47	3,254
2	24	49	4,575
2	24	50	1,325
2	27	1	9,054
2	27	3	5,261
2	27	9	2,375
2	27	20	0,972
2	27	24	21,519
2	27	30	12,504
2	27	32	12,874
2	27	33	1,874
2	27	37	4,951
2	27	39	20,917
2	27	46	6,228
2	27	47	0,625
2	27	49	5,194
2	27	50	11,717
2	30	1	1,937
2	30	3	4,316
2	30	9	3,601
2	30	20	4,753
2	30	24	0,631
2	30	27	9,702
2	30	32	5,588
2	30	33	4,321
2	30	37	4,965
2	30	39	0,832
2	30	46	1,002
2	30	47	7,417
2	30	49	4,013
2	30	50	3,964
2	32	1	18,418
2	32	3	0,761
2	32	9	4,493
2	32	20	4,528
2	32	24	2,431
2	32	27	5,43
2	32	30	6,49
2	32	33	4,338
2	32	37	10,873
2	32	39	1,767
2	32	46	2,667
2	32	47	12,795
2	32	49	3,346
2	32	50	3,693
2	33	1	9,089
2	33	3	12,118
2	33	9	5,167
2	33	20	4,448
2	33	24	12,337
2	33	27	7,561
2	33	30	1,418
2	33	32	0,92
2	33	37	2,13
2	33	39	2,247
2	33	46	3,006
2	33	47	0,905
2	33	49	1,21
2	33	50	5,8
2	37	1	2,28
2	37	3	3,475
2	37	9	1,126
2	37	20	7,628
2	37	24	6,945
2	37	27	2,185
2	37	30	2,147
2	37	32	9,32
2	37	33	0,625
2	37	39	10,071
2	37	46	5,205
2	37	47	3,884
2	37	49	6,256
2	37	50	39,248
2	39	1	4,62
2	39	3	24,454
2	39	9	28,51
2	39	20	5,501
2	39	24	4,893
2	39	27	17,546
2	39	30	2,441
2	39	32	2,734
2	39	33	20,593
2	39	37	0,783
2	39	46	2,272
2	39	47	7,697
2	39	49	7,365
2	39	50	7,875
2	46	1	12,584
2	46	3	20,947
2	46	9	1,424
2	46	20	1,541
2	46	24	4,521
2	46	27	0,923
2	46	30	0,7
2	46	32	2,534
2	46	33	1,921
2	46	37	0,57
2	46	39	4,505
2	46	47	1,88
2	46	49	0,908
2	46	50	3,587
2	47	1	3,299
2	47	3	2,945
2	47	9	4,237
2	47	20	6,752
2	47	24	1,397
2	47	27	11,611
2	47	30	1,673
2	47	32	2,084
2	47	33	1,31
2	47	37	7,442
2	47	39	14,555
2	47	46	7,925
2	47	49	2,295
2	47	50	15,527
2	49	1	0,557
2	49	3	15,425
2	49	9	5,197
2	49	20	1,43
2	49	24	11,53
2	49	27	4,996
2	49	30	5,3
2	49	32	8,661
2	49	33	20,469
2	49	37	69,497
2	49	39	3,604
2	49	46	2,282
2	49	47	4,927
2	49	50	3,405
2	50	1	2,327
2	50	3	3,314
2	50	9	2,056
2	50	20	2,414
2	50	24	0,702
2	50	27	8,036
2	50	30	5,875
2	50	32	15,014
2	50	33	3,776
2	50	37	3,852
2	50	39	0,761
2	50	46	19,026
2	50	47	4,655
2	50	49	8,372
3	2	3	2,07
3	2	10	2,888
3	2	14	3,8
3	2	17	1,803
3	2	18	31,059
3	2	28	5,962
3	2	30	7,481
3	2	37	2,022
3	2	39	27,758
3	2	40	1,197
3	2	43	5,226
3	2	44	5,92
3	2	46	18,27
3	2	47	4,918
3	2	49	4,524
3	3	2	3,645
3	3	10	8,378
3	3	14	2,981
3	3	17	5,392
3	3	18	13,308
3	3	28	4,755
3	3	30	8,85
3	3	37	1,753
3	3	39	1,622
3	3	40	1,663
3	3	43	5,475
3	3	44	0,774
3	3	46	21,682
3	3	47	1,849
3	3	49	1,926
3	10	2	0,576
3	10	3	12,468
3	10	14	1,384
3	10	17	2,764
3	10	18	9,022
3	10	28	3,583
3	10	30	9,539
3	10	37	1,336
3	10	39	8,938
3	10	40	4,445
3	10	43	2,655
3	10	44	6,424
3	10	46	1,992
3	10	47	0,65
3	10	49	10,058
3	14	2	24,732
3	14	3	2,623
3	14	10	0,711
3	14	17	6,61
3	14	18	7,513
3	14	28	0,655
3	14	30	1,312
3	14	37	4,319
3	14	39	0,898
3	14	40	16,095
3	14	43	20,632
3	14	44	1,22
3	14	46	5,716
3	14	47	7,798
3	14	49	15,538
3	17	2	4,508
3	17	3	1,278
3	17	10	0,929
3	17	14	1,052
3	17	18	0,662
3	17	28	3,161
3	17	30	0,782
3	17	37	4,809
3	17	39	4,277
3	17	40	0,982
3	17	43	4,373
3	17	44	8,816
3	17	46	7,128
3	17	47	10,614
3	17	49	2,744
3	18	2	3,725
3	18	3	7,289
3	18	10	1,36
3	18	14	1,137
3	18	17	0,866
3	18	28	0,872
3	18	30	19,857
3	18	37	4,646
3	18	39	3,393
3	18	40	1,204
3	18	43	13,368
3	18	44	1,63
3	18	46	0,894
3	18	47	14,438
3	18	49	3,651
3	28	2	6,664
3	28	3	4,365
3	28	10	4,739
3	28	14	3,899
3	28	17	7,294
3	28	18	22,924
3	28	30	3,664
3	28	37	0,544
3	28	39	1,035
3	28	40	2,951
3	28	43	1,052
3	28	44	4,762
3	28	46	9,352
3	28	47	1,645
3	28	49	0,826
3	30	2	4
3	30	3	5,305
3	30	10	2,853
3	30	14	7,918
3	30	17	3,327
3	30	18	2,716
3	30	28	5,396
3	30	37	5,06
3	30	39	9,187
3	30	40	10,899
3	30	43	3,039
3	30	44	13,454
3	30	46	3,977
3	30	47	14,71
3	30	49	5,424
3	37	2	10,27
3	37	3	12,321
3	37	10	7,371
3	37	14	14,822
3	37	17	7,769
3	37	18	4,92
3	37	28	3,463
3	37	30	5
3	37	39	20,581
3	37	40	2,068
3	37	43	3,82
3	37	44	0,673
3	37	46	2,478
3	37	47	29,847
3	37	49	0,662
3	39	2	7,968
3	39	3	45,861
3	39	10	7,638
3	39	14	6,088
3	39	17	2,059
3	39	18	4,286
3	39	28	3,285
3	39	30	2,031
3	39	37	6,523
3	39	40	35,208
3	39	43	1,488
3	39	44	3,654
3	39	46	11,836
3	39	47	5,19
3	39	49	7,571
3	40	2	1,144
3	40	3	15,324
3	40	10	6,434
3	40	14	4,505
3	40	17	1,219
3	40	18	26,331
3	40	28	2,688
3	40	30	13,612
3	40	37	6,841
3	40	39	0,579
3	40	43	8,268
3	40	44	0,711
3	40	46	0,822
3	40	47	5,58
3	40	49	2,04
3	43	2	1,463
3	43	3	12,145
3	43	10	2,804
3	43	14	16,799
3	43	17	9,873
3	43	18	2,793
3	43	28	15,878
3	43	30	13,517
3	43	37	29,626
3	43	39	2,582
3	43	40	0,849
3	43	44	5,385
3	43	46	5,105
3	43	47	11,099
3	43	49	3,599
3	44	2	15,947
3	44	3	0,884
3	44	10	6,524
3	44	14	4,689
3	44	17	3,74
3	44	18	7,193
3	44	28	9,429
3	44	30	1,066
3	44	37	0,64
3	44	39	2,314
3	44	40	3,534
3	44	43	4,02
3	44	46	15,523
3	44	47	3,759
3	44	49	3,145
3	46	2	9,646
3	46	3	4,056
3	46	10	10,478
3	46	14	2,172
3	46	17	4,5
3	46	18	2,048
3	46	28	1,687
3	46	30	4,817
3	46	37	1,709
3	46	39	1,448
3	46	40	1,338
3	46	43	3,83
3	46	44	10,386
3	46	47	2,046
3	46	49	1,96
3	47	2	4,299
3	47	3	70,127
3	47	10	3,976
3	47	14	2,335
3	47	17	3,929
3	47	18	1,285
3	47	28	2,863
3	47	30	0,649
3	47	37	8,563
3	47	39	4,05
3	47	40	25,826
3	47	43	3,579
3	47	44	0,657
3	47	46	8,025
3	47	49	8,365
3	49	2	3,028
3	49	3	4,656
3	49	10	3,665
3	49	14	5,637
3	49	17	5,487
3	49	18	0,557
3	49	28	11,29
3	49	30	0,617
3	49	37	5,803
3	49	39	1,221
3	49	40	1,783
3	49	43	5,302
3	49	44	4,329
3	49	46	4,402
3	49	47	1,992
4	2	5	9,175
4	2	7	4,104
4	2	8	1,103
4	2	9	8,057
4	2	11	15,318
4	2	12	1,865
4	2	13	10,717
4	2	16	5,661
4	2	19	2,49
4	2	21	1,722
4	2	22	1,796
4	2	23	1,661
4	2	24	6,222
4	2	25	6,195
4	2	26	4,774
4	2	28	10,114
4	2	35	7,055
4	2	38	2,115
4	2	39	4,276
4	2	40	5,288
4	2	43	1,39
4	2	44	1,672
4	5	2	8,848
4	5	7	0,57
4	5	8	0,621
4	5	9	0,738
4	5	11	5,194
4	5	12	3,548
4	5	13	9,064
4	5	16	25,449
4	5	19	2,322
4	5	21	9,234
4	5	22	15,26
4	5	23	1,309
4	5	24	1,571
4	5	25	4,369
4	5	26	1,498
4	5	28	33,417
4	5	35	3,549
4	5	38	36,556
4	5	39	4,586
4	5	40	13,349
4	5	43	0,733
4	5	44	2,101
4	7	2	4,57
4	7	5	2,212
4	7	8	2,037
4	7	9	10,313
4	7	11	4,547
4	7	12	4,355
4	7	13	2,02
4	7	16	20,52
4	7	19	44,39
4	7	21	5,474
4	7	22	1,113
4	7	23	7,874
4	7	24	8,047
4	7	25	0,768
4	7	26	19,478
4	7	28	9,29
4	7	35	1,304
4	7	38	2,87
4	7	39	2,316
4	7	40	11,176
4	7	43	2,374
4	7	44	3,276
4	8	2	2,275
4	8	5	0,523
4	8	7	4,867
4	8	9	0,717
4	8	11	3,844
4	8	12	4,062
4	8	13	3,138
4	8	16	0,717
4	8	19	20,589
4	8	21	3,067
4	8	22	5,546
4	8	23	1,873
4	8	24	9,435
4	8	25	1,549
4	8	26	1,211
4	8	28	1,5
4	8	35	1,119
4	8	38	7,516
4	8	39	7,795
4	8	40	1,989
4	8	43	7,37
4	8	44	3,345
4	9	2	0,933
4	9	5	7,15
4	9	7	7,201
4	9	8	1,765
4	9	11	2,339
4	9	12	3,868
4	9	13	3,292
4	9	16	5,617
4	9	19	1,959
4	9	21	21,06
4	9	22	5,97
4	9	23	14,727
4	9	24	5,294
4	9	25	10,036
4	9	26	9,386
4	9	28	0,93
4	9	35	1,927
4	9	38	5,818
4	9	39	1,64
4	9	40	5,231
4	9	43	1,788
4	9	44	1,397
4	11	2	1,775
4	11	5	7,441
4	11	7	0,862
4	11	8	2,381
4	11	9	8,212
4	11	12	7,885
4	11	13	3,678
4	11	16	3,523
4	11	19	4,408
4	11	21	4,161
4	11	22	4,842
4	11	23	3,354
4	11	24	7,369
4	11	25	4,005
4	11	26	1,719
4	11	28	10,558
4	11	35	13,227
4	11	38	4,342
4	11	39	1,914
4	11	40	1,859
4	11	43	4,929
4	11	44	1,428
4	12	2	1,396
4	12	5	0,511
4	12	7	8,535
4	12	8	2,479
4	12	9	3,441
4	12	11	19,164
4	12	13	6,587
4	12	16	7,502
4	12	19	1,102
4	12	21	7,806
4	12	22	5,001
4	12	23	1,476
4	12	24	4,034
4	12	25	4,618
4	12	26	7,29
4	12	28	14,272
4	12	35	3,294
4	12	38	2,985
4	12	39	1,398
4	12	40	2,504
4	12	43	11,263
4	12	44	2,456
4	13	2	3,948
4	13	5	11,845
4	13	7	7,153
4	13	8	1,043
4	13	9	3,599
4	13	11	2,459
4	13	12	3,288
4	13	16	8,292
4	13	19	2,353
4	13	21	5,578
4	13	22	10,409
4	13	23	2,047
4	13	24	10,421
4	13	25	8,595
4	13	26	16,469
4	13	28	8,683
4	13	35	7,365
4	13	38	5,083
4	13	39	0,85
4	13	40	3,487
4	13	43	1,589
4	13	44	20,87
4	16	2	1,999
4	16	5	8,074
4	16	7	4,483
4	16	8	1,042
4	16	9	17,037
4	16	11	2,869
4	16	12	5,631
4	16	13	1,935
4	16	19	5,076
4	16	21	3,228
4	16	22	10,167
4	16	23	3,781
4	16	24	3,407
4	16	25	9,105
4	16	26	9,151
4	16	28	19,785
4	16	35	5,625
4	16	38	12,671
4	16	39	11,428
4	16	40	2,733
4	16	43	1,945
4	16	44	1,066
4	19	2	6,337
4	19	5	0,625
4	19	7	1,98
4	19	8	10,631
4	19	9	1,59
4	19	11	0,652
4	19	12	8,916
4	19	13	8,957
4	19	16	7,358
4	19	21	12,604
4	19	22	1,822
4	19	23	2,501
4	19	24	12,848
4	19	25	2,229
4	19	26	15,168
4	19	28	12,449
4	19	35	1,519
4	19	38	8,665
4	19	39	1,029
4	19	40	5,261
4	19	43	3,231
4	19	44	0,781
4	21	2	3,153
4	21	5	11,065
4	21	7	10,102
4	21	8	8,499
4	21	9	2,042
4	21	11	2,526
4	21	12	2,772
4	21	13	3,811
4	21	16	0,665
4	21	19	0,667
4	21	22	38,22
4	21	23	9,767
4	21	24	5,259
4	21	25	2,432
4	21	26	7,51
4	21	28	2,58
4	21	35	0,861
4	21	38	9,928
4	21	39	10,044
4	21	40	1,573
4	21	43	1,651
4	21	44	3,695
4	22	2	5,723
4	22	5	3,461
4	22	7	40,571
4	22	8	3,66
4	22	9	27,484
4	22	11	8,459
4	22	12	1,081
4	22	13	17,814
4	22	16	6,279
4	22	19	2,025
4	22	21	0,874
4	22	23	3,898
4	22	24	0,698
4	22	25	9,943
4	22	26	6,447
4	22	28	0,755
4	22	35	14,245
4	22	38	1,977
4	22	39	5,455
4	22	40	2,092
4	22	43	21,207
4	22	44	1,875
4	23	2	10,545
4	23	5	12,711
4	23	7	10,927
4	23	8	2,618
4	23	9	6,638
4	23	11	7,747
4	23	12	8,958
4	23	13	1,837
4	23	16	1,488
4	23	19	15,318
4	23	21	8,861
4	23	22	1,392
4	23	24	8,365
4	23	25	1,767
4	23	26	1,991
4	23	28	14,147
4	23	35	13,314
4	23	38	20,89
4	23	39	5,81
4	23	40	3,649
4	23	43	8,287
4	23	44	3,499
4	24	2	2,354
4	24	5	5,3
4	24	7	10,693
4	24	8	5,18
4	24	9	11,749
4	24	11	4,215
4	24	12	5,588
4	24	13	0,907
4	24	16	1,51
4	24	19	3,802
4	24	21	7,291
4	24	22	5,944
4	24	23	7,08
4	24	25	14,742
4	24	26	8,127
4	24	28	1,518
4	24	35	1,986
4	24	38	10,037
4	24	39	0,572
4	24	40	9,181
4	24	43	18,457
4	24	44	3,894
4	25	2	7,705
4	25	5	7,119
4	25	7	15,215
4	25	8	1,036
4	25	9	14,574
4	25	11	5,751
4	25	12	1,174
4	25	13	2,115
4	25	16	11,381
4	25	19	0,78
4	25	21	1,288
4	25	22	15,569
4	25	23	23,895
4	25	24	1,863
4	25	26	19,713
4	25	28	1,773
4	25	35	19,293
4	25	38	11,572
4	25	39	2,028
4	25	40	2,258
4	25	43	4,872
4	25	44	4,467
4	26	2	1,979
4	26	5	13,686
4	26	7	0,531
4	26	8	6,605
4	26	9	0,803
4	26	11	3,586
4	26	12	13,922
4	26	13	12,653
4	26	16	25,307
4	26	19	0,861
4	26	21	0,818
4	26	22	17,751
4	26	23	1,507
4	26	24	6,247
4	26	25	1,08
4	26	28	6,637
4	26	35	5,147
4	26	38	4,41
4	26	39	1,579
4	26	40	14,682
4	26	43	2,36
4	26	44	4,73
4	28	2	5,946
4	28	5	37,442
4	28	7	1,67
4	28	8	5,068
4	28	9	1,011
4	28	11	15,644
4	28	12	30,298
4	28	13	10,789
4	28	16	2,039
4	28	19	3,837
4	28	21	5,503
4	28	22	0,894
4	28	23	3,594
4	28	24	6,54
4	28	25	2,33
4	28	26	6,527
4	28	35	4,15
4	28	38	3,734
4	28	39	3,125
4	28	40	5,333
4	28	43	20,667
4	28	44	13,819
4	35	2	0,646
4	35	5	0,847
4	35	7	3,307
4	35	8	10,329
4	35	9	1,67
4	35	11	1,071
4	35	12	1,274
4	35	13	13,097
4	35	16	9,368
4	35	19	0,876
4	35	21	15,248
4	35	22	8,181
4	35	23	3,041
4	35	24	2,024
4	35	25	2,462
4	35	26	5,389
4	35	28	5,104
4	35	38	16,362
4	35	39	8,622
4	35	40	2,795
4	35	43	1,641
4	35	44	1,759
4	38	2	1,304
4	38	5	10,971
4	38	7	3,836
4	38	8	13,461
4	38	9	1,955
4	38	11	1,016
4	38	12	4,912
4	38	13	33,497
4	38	16	0,631
4	38	19	1,076
4	38	21	3,388
4	38	22	5,728
4	38	23	1,196
4	38	24	5,978
4	38	25	3,962
4	38	26	14,271
4	38	28	2,411
4	38	35	5,687
4	38	39	0,662
4	38	40	3,901
4	38	43	15,264
4	38	44	0,762
4	39	2	26,158
4	39	5	5,597
4	39	7	2,45
4	39	8	35,505
4	39	9	1,34
4	39	11	0,938
4	39	12	6,766
4	39	13	1,803
4	39	16	5,319
4	39	19	6,882
4	39	21	15,011
4	39	22	1,841
4	39	23	7,679
4	39	24	4,466
4	39	25	3,604
4	39	26	4,279
4	39	28	8,961
4	39	35	0,987
4	39	38	1,25
4	39	40	1,599
4	39	43	0,829
4	39	44	4,49
4	40	2	1,48
4	40	5	3,555
4	40	7	7,215
4	40	8	4,61
4	40	9	8,883
4	40	11	12,101
4	40	12	1,567
4	40	13	7,804
4	40	16	2,35
4	40	19	12,48
4	40	21	2,489
4	40	22	5,012
4	40	23	6,911
4	40	24	5,549
4	40	25	1,745
4	40	26	1,211
4	40	28	16,036
4	40	35	1,265
4	40	38	3,93
4	40	39	3,505
4	40	43	4,048
4	40	44	1,731
4	43	2	32,058
4	43	5	4,795
4	43	7	3,95
4	43	8	3,051
4	43	9	8,101
4	43	11	1,599
4	43	12	7,881
4	43	13	5,456
4	43	16	1,309
4	43	19	2,491
4	43	21	8,198
4	43	22	6,037
4	43	23	1,449
4	43	24	19,095
4	43	25	3,81
4	43	26	6,788
4	43	28	14,847
4	43	35	11,219
4	43	38	20,781
4	43	39	16,671
4	43	40	6,191
4	43	44	5,253
4	44	2	4,825
4	44	5	7,583
4	44	7	6,573
4	44	8	5,02
4	44	9	6,823
4	44	11	1,475
4	44	12	15,844
4	44	13	6,814
4	44	16	10,962
4	44	19	8,032
4	44	21	7,317
4	44	22	1,4
4	44	23	8,953
4	44	24	1,979
4	44	25	1,747
4	44	26	1,169
4	44	28	25,218
4	44	35	15,511
4	44	38	5,272
4	44	39	3,145
4	44	40	5,778
4	44	43	6,513
5	1	6	4,144
5	1	13	1,82
5	1	14	0,99
5	1	19	5,661
5	1	20	1,764
5	1	24	11,904
5	1	27	16,174
5	1	29	1,021
5	1	31	29,808
5	1	32	1,272
5	1	34	2,693
5	1	35	3,934
5	1	39	1,518
5	1	44	5,703
5	1	49	19,126
5	1	50	20,863
5	6	1	1,716
5	6	13	5,462
5	6	14	1,943
5	6	19	2,368
5	6	20	2,223
5	6	24	5,432
5	6	27	1,865
5	6	29	1,482
5	6	31	34,872
5	6	32	1,989
5	6	34	1,645
5	6	35	1,176
5	6	39	17,328
5	6	44	7,308
5	6	49	1,3
5	6	50	2,915
5	13	1	0,771
5	13	6	4,098
5	13	14	0,765
5	13	19	23,472
5	13	20	13,515
5	13	24	4,586
5	13	27	9,404
5	13	29	5,847
5	13	31	3,437
5	13	32	8,579
5	13	34	2,13
5	13	35	1,543
5	13	39	5,39
5	13	44	3,671
5	13	49	6,823
5	13	50	2,616
5	14	1	3,816
5	14	6	16,018
5	14	13	8,462
5	14	19	13,857
5	14	20	1,773
5	14	24	4,947
5	14	27	2,724
5	14	29	2,674
5	14	31	8,869
5	14	32	0,989
5	14	34	1,085
5	14	35	3,728
5	14	39	2,462
5	14	44	6,141
5	14	49	2,29
5	14	50	18,71
5	19	1	2,82
5	19	6	0,864
5	19	13	5,323
5	19	14	1,667
5	19	20	9,265
5	19	24	4,988
5	19	27	24,228
5	19	29	0,539
5	19	31	1,328
5	19	32	1,014
5	19	34	7,374
5	19	35	2,52
5	19	39	3,621
5	19	44	3,655
5	19	49	2,57
5	19	50	30,644
5	20	1	7,039
5	20	6	1,514
5	20	13	4,714
5	20	14	12,065
5	20	19	5,021
5	20	24	7,224
5	20	27	0,712
5	20	29	5,007
5	20	31	1,232
5	20	32	3,577
5	20	34	0,607
5	20	35	3,228
5	20	39	9,731
5	20	44	3,975
5	20	49	3,613
5	20	50	1,346
5	24	1	4,297
5	24	6	19,833
5	24	13	4,137
5	24	14	3,796
5	24	19	1,364
5	24	20	2,949
5	24	27	1,422
5	24	29	10,643
5	24	31	11,179
5	24	32	4,146
5	24	34	13,579
5	24	35	0,938
5	24	39	0,842
5	24	44	3,639
5	24	49	21,166
5	24	50	3,867
5	27	1	4,057
5	27	6	1,194
5	27	13	12,27
5	27	14	1,459
5	27	19	1,672
5	27	20	1,228
5	27	24	6,606
5	27	29	2,73
5	27	31	3,145
5	27	32	2,863
5	27	34	1,052
5	27	35	5,334
5	27	39	3,063
5	27	44	3,806
5	27	49	2,754
5	27	50	8,701
5	29	1	8,274
5	29	6	5,642
5	29	13	5,194
5	29	14	8,859
5	29	19	6,016
5	29	20	4,019
5	29	24	5,354
5	29	27	0,5
5	29	31	2,744
5	29	32	18,542
5	29	34	2,54
5	29	35	13,034
5	29	39	6,415
5	29	44	1,751
5	29	49	5,446
5	29	50	0,56
5	31	1	20,633
5	31	6	0,938
5	31	13	7,685
5	31	14	4,715
5	31	19	0,946
5	31	20	0,599
5	31	24	0,523
5	31	27	1,746
5	31	29	2,35
5	31	32	3,964
5	31	34	1,583
5	31	35	1,481
5	31	39	4,494
5	31	44	2,27
5	31	49	0,653
5	31	50	1,742
5	32	1	1,189
5	32	6	1,797
5	32	13	1,558
5	32	14	0,664
5	32	19	9,96
5	32	20	0,678
5	32	24	9,792
5	32	27	39,862
5	32	29	1,216
5	32	31	2,263
5	32	34	13,919
5	32	35	13,81
5	32	39	4,074
5	32	44	8,656
5	32	49	1,23
5	32	50	1,176
5	34	1	2,848
5	34	6	11,575
5	34	13	1,655
5	34	14	18,006
5	34	19	6,896
5	34	20	1,727
5	34	24	5,795
5	34	27	1,243
5	34	29	5,733
5	34	31	1,121
5	34	32	15,794
5	34	35	3,082
5	34	39	4,477
5	34	44	3,856
5	34	49	24,531
5	34	50	10,015
5	35	1	6,86
5	35	6	3,327
5	35	13	0,851
5	35	14	0,751
5	35	19	1,391
5	35	20	1,725
5	35	24	9,928
5	35	27	7,363
5	35	29	0,62
5	35	31	4,395
5	35	32	1,604
5	35	34	23,966
5	35	39	3,035
5	35	44	1
5	35	49	10,408
5	35	50	5,462
5	39	1	8,097
5	39	6	7,685
5	39	13	0,539
5	39	14	4,827
5	39	19	37,312
5	39	20	9,404
5	39	24	1,191
5	39	27	2,552
5	39	29	1,718
5	39	31	0,522
5	39	32	3,388
5	39	34	2,57
5	39	35	1,536
5	39	44	6,827
5	39	49	2,44
5	39	50	0,711
5	44	1	1,235
5	44	6	5,924
5	44	13	9,394
5	44	14	0,82
5	44	19	5,758
5	44	20	1,031
5	44	24	3,272
5	44	27	14,832
5	44	29	3,404
5	44	31	0,983
5	44	32	15,071
5	44	34	2,821
5	44	35	3,12
5	44	39	2,332
5	44	49	3,402
5	44	50	15,637
5	49	1	1,813
5	49	6	0,878
5	49	13	3,334
5	49	14	1,915
5	49	19	2,694
5	49	20	1,786
5	49	24	5,919
5	49	27	1,021
5	49	29	4,055
5	49	31	16,482
5	49	32	6,758
5	49	34	2,724
5	49	35	1,042
5	49	39	7,743
5	49	44	19,362
5	49	50	4,621
5	50	1	3,075
5	50	6	7,628
5	50	13	7,449
5	50	14	18,67
5	50	19	11,52
5	50	20	1
5	50	24	4,976
5	50	27	3,283
5	50	29	1,239
5	50	31	1,378
5	50	32	2,292
5	50	34	5,181
5	50	35	1,718
5	50	39	5,33
5	50	44	4,296
5	50	49	0,607
6	1	4	4,824
6	1	7	8,316
6	1	9	6,877
6	1	21	7,34
6	1	22	3,117
6	1	25	3,131
6	1	27	4,636
6	1	28	10,218
6	1	30	1,698
6	1	34	3,578
6	1	35	2,261
6	1	36	1,179
6	1	42	2,34
6	1	45	6,51
6	1	48	6,378
6	1	50	7,345
6	4	1	1,055
6	4	7	2,412
6	4	9	4,156
6	4	21	2,576
6	4	22	1,6
6	4	25	7,484
6	4	27	2,452
6	4	28	0,912
6	4	30	14,41
6	4	34	5,69
6	4	35	1,984
6	4	36	5,989
6	4	42	7,173
6	4	45	4,015
6	4	48	5,338
6	4	50	5,658
6	7	1	0,645
6	7	4	3,783
6	7	9	1,685
6	7	21	3,133
6	7	22	3,332
6	7	25	13,153
6	7	27	8,047
6	7	28	3,164
6	7	30	0,698
6	7	34	1,063
6	7	35	4,724
6	7	36	17,19
6	7	42	5,113
6	7	45	0,783
6	7	48	1,468
6	7	50	2,541
6	9	1	2,426
6	9	4	4,676
6	9	7	5,178
6	9	21	4,415
6	9	22	2,642
6	9	25	2,999
6	9	27	0,944
6	9	28	3,034
6	9	30	6,695
6	9	34	4,642
6	9	35	5,634
6	9	36	7,579
6	9	42	2,283
6	9	45	9,173
6	9	48	0,576
6	9	50	3,25
6	21	1	1,841
6	21	4	0,922
6	21	7	0,68
6	21	9	7,396
6	21	22	3,68
6	21	25	5,774
6	21	27	5,021
6	21	28	0,837
6	21	30	10,662
6	21	34	8,954
6	21	35	1,89
6	21	36	13,577
6	21	42	8,531
6	21	45	10,248
6	21	48	21,497
6	21	50	10,482
6	22	1	6,352
6	22	4	4,145
6	22	7	1,499
6	22	9	1,024
6	22	21	4,33
6	22	25	1,634
6	22	27	0,802
6	22	28	4,868
6	22	30	2,024
6	22	34	1,579
6	22	35	1,581
6	22	36	3,493
6	22	42	4,414
6	22	45	4,535
6	22	48	4,158
6	22	50	2,759
6	25	1	3,808
6	25	4	11,617
6	25	7	8,253
6	25	9	1,34
6	25	21	11,005
6	25	22	3,912
6	25	27	4,23
6	25	28	5,329
6	25	30	13,509
6	25	34	0,568
6	25	35	2,592
6	25	36	1,649
6	25	42	2,402
6	25	45	1,563
6	25	48	5,408
6	25	50	13,592
6	27	1	13,615
6	27	4	13,208
6	27	7	3,041
6	27	9	2,56
6	27	21	2,53
6	27	22	2,112
6	27	25	23,747
6	27	28	0,751
6	27	30	12,382
6	27	34	7,839
6	27	35	3,565
6	27	36	5,872
6	27	42	0,718
6	27	45	4,817
6	27	48	1,648
6	27	50	1,264
6	28	1	4,475
6	28	4	1,165
6	28	7	6,881
6	28	9	1,425
6	28	21	3,634
6	28	22	1,615
6	28	25	3,968
6	28	27	1,996
6	28	30	14,575
6	28	34	12,615
6	28	35	8,913
6	28	36	6,085
6	28	42	6,217
6	28	45	9,345
6	28	48	1,469
6	28	50	6,974
6	30	1	2,672
6	30	4	2,212
6	30	7	2,439
6	30	9	2,262
6	30	21	10,841
6	30	22	2,398
6	30	25	6,447
6	30	27	2,103
6	30	28	3,186
6	30	34	14,218
6	30	35	4,932
6	30	36	5,285
6	30	42	9,142
6	30	45	5,627
6	30	48	25,681
6	30	50	0,554
6	34	1	3,869
6	34	4	4,633
6	34	7	1,274
6	34	9	5,281
6	34	21	19,244
6	34	22	9,103
6	34	25	12,055
6	34	27	3,229
6	34	28	14,199
6	34	30	2,848
6	34	35	6,063
6	34	36	2,805
6	34	42	2,755
6	34	45	9,649
6	34	48	1,752
6	34	50	1,232
6	35	1	4,756
6	35	4	11,019
6	35	7	1,927
6	35	9	4,292
6	35	21	0,985
6	35	22	0,609
6	35	25	8,785
6	35	27	4,389
6	35	28	6,932
6	35	30	6,08
6	35	34	0,867
6	35	36	2,307
6	35	42	19,051
6	35	45	1,77
6	35	48	13,665
6	35	50	13,491
6	36	1	6,15
6	36	4	7,038
6	36	7	4,425
6	36	9	6,334
6	36	21	6,448
6	36	22	3,431
6	36	25	7,214
6	36	27	0,688
6	36	28	3,337
6	36	30	4,952
6	36	34	1,217
6	36	35	2,761
6	36	42	1,051
6	36	45	3,417
6	36	48	4,269
6	36	50	10,841
6	42	1	16,233
6	42	4	1,392
6	42	7	6,828
6	42	9	16,736
6	42	21	0,926
6	42	22	1,534
6	42	25	1,012
6	42	27	0,788
6	42	28	7,258
6	42	30	10,544
6	42	34	9,753
6	42	35	0,858
6	42	36	0,627
6	42	45	3,042
6	42	48	5,941
6	42	50	7,209
6	45	1	10,343
6	45	4	14,935
6	45	7	3,329
6	45	9	2,516
6	45	21	3,587
6	45	22	3,373
6	45	25	1,211
6	45	27	17,939
6	45	28	0,674
6	45	30	10,203
6	45	34	3,828
6	45	35	19,137
6	45	36	8,847
6	45	42	3,034
6	45	48	6,603
6	45	50	0,623
6	48	1	8,471
6	48	4	5,854
6	48	7	5,001
6	48	9	28,188
6	48	21	15,8
6	48	22	1,044
6	48	25	31,016
6	48	27	1,745
6	48	28	7,745
6	48	30	3,201
6	48	34	2,688
6	48	35	16,489
6	48	36	7,973
6	48	42	1,061
6	48	45	2,163
6	48	50	7,604
6	50	1	13,612
6	50	4	17,774
6	50	7	2,412
6	50	9	0,963
6	50	21	0,743
6	50	22	2,861
6	50	25	1,697
6	50	27	4,768
6	50	28	5,835
6	50	30	2,422
6	50	34	1,128
6	50	35	5,678
6	50	36	13,029
6	50	42	7,145
6	50	45	0,995
6	50	48	9,616

