#num jobs
50
#num machines
6

#jobId machId procTime energyCons
1	1	21,28	283,67
2	4	20,74	102,77
3	1	8,9	118,59
4	2	8,42	49,05
5	3	40,48	199,63
6	3	18,87	93,09
6	1	15,49	206,47
7	1	280,39	3737,02
7	2	9,18	53,47
7	3	6,58	32,46
7	6	48,91	246,93
8	1	1,93	25,68
8	5	9,87	32,34
9	2	3,2	18,66
9	3	22,71	112,03
10	3	12,33	60,8
11	3	31,57	155,68
12	4	4,16	20,6
13	4	20,85	103,3
14	6	4,8	24,23
14	3	4,97	24,5
15	1	13,04	173,8
15	2	11,18	65,08
15	5	70,59	231,24
16	1	104,27	1389,74
16	3	66,47	327,81
17	2	31,05	180,83
17	3	7,8	38,45
17	4	8,74	43,33
18	3	43,68	215,41
18	4	120,88	598,96
19	5	24,68	80,86
20	2	11	64,04
20	4	38,64	191,45
20	6	7,59	38,29
21	3	5,43	26,79
21	4	7,06	34,96
21	6	10,12	51,1
22	6	6,08	30,7
22	5	1,78	5,83
22	4	1,69	8,4
23	6	7,81	39,42
24	6	11,84	59,79
25	6	8,47	42,75
25	5	11,82	38,72
25	3	4,32	21,31
25	1	20,55	273,88
26	4	3,02	14,99
26	1	121,59	1620,6
27	6	3,51	17,73
27	5	4,09	13,4
27	3	18,02	88,86
27	1	17,14	228,47
28	2	20,3	118,23
29	3	5,14	25,34
30	1	5,58	74,37
30	2	2,85	16,63
31	3	1,92	9,45
31	5	4,94	16,18
31	6	14,83	74,88
32	4	20,68	102,45
32	5	33,77	110,64
33	5	1,29	4,23
34	4	23,12	114,55
35	5	20,71	67,83
35	4	6,29	31,17
36	2	11,39	66,33
36	5	42,43	138,99
37	6	30,19	152,42
37	5	385,1	1261,48
37	4	2,34	11,6
37	2	3,52	20,5
38	2	3,05	17,76
38	4	4,07	20,17
38	6	27,13	136,98
39	2	4,06	23,66
39	6	1,05	5,28
40	2	16,23	94,54
41	4	2,75	13,63
41	2	4,31	25,1
42	2	4,13	24,08
42	6	42,79	216,03
43	1	10,61	141,39
43	6	74,33	375,24
44	2	20,8	121,14
44	1	811,97	10821,89
45	3	42,61	210,15
45	4	3,74	18,54
45	5	11,65	38,18
46	6	22,04	111,26
46	3	4,71	23,22
47	5	13,14	43,03
47	6	9,37	47,29
48	5	28,14	92,19
48	1	9,33	124,33
49	6	68,56	346,11
50	3	12,25	60,43

#jobId ddate weight rdate
1	116,354	44	82,807
2	145,401	42	253,817
3	151,69	17	105,636
4	132,083	35	207,524
5	125,533	13	258,063
6	148,479	27	313,705
7	66,283	25	339,868
8	70,602	39	279,653
9	144,283	41	265,72
10	173,364	1	142,389
11	136,205	12	234,436
12	167,545	1	248,571
13	89,033	25	170,894
14	158,501	22	247,446
15	75,154	9	196,613
16	80,884	16	79,245
17	153,771	13	164,108
18	97,462	15	45,928
19	102,395	22	137,254
20	69,432	48	3,354
21	61,372	44	285,874
22	96,745	46	338,531
23	114,059	2	224,86
24	86,628	20	178,337
25	63,2	13	74,241
26	66,752	12	337,243
27	131,381	27	190,196
28	118,789	46	58,779
29	144,845	27	116,23
30	167,816	16	195,451
31	126,452	24	58,804
32	121,031	44	291,387
33	121,838	30	286,121
34	86,988	29	251,373
35	91,55	48	201,427
36	158,843	46	102,786
37	61,579	22	106,928
38	82,153	23	165,047
39	109,322	32	178,647
40	170,437	32	206,597
41	103,641	5	189,623
42	141,506	17	231,423
43	167,205	19	177,404
44	102,099	8	185,641
45	133,469	41	133,179
46	169,18	30	81,714
47	172,951	2	308,904
48	130,756	13	318,712
49	162,251	35	132,898
50	59,644	16	35,126

#machId jobPred jobSucc setupTime
1	1	3	8,312
1	1	6	2,088
1	1	7	35,742
1	1	8	4,787
1	1	15	1,723
1	1	16	3,142
1	1	25	4,106
1	1	26	3,758
1	1	27	2,007
1	1	30	0,816
1	1	43	7,911
1	1	44	5,638
1	1	48	11,387
1	3	1	2,715
1	3	6	0,931
1	3	7	1,684
1	3	8	5,312
1	3	15	14,138
1	3	16	1,485
1	3	25	5,014
1	3	26	3,247
1	3	27	10,196
1	3	30	1,429
1	3	43	1,34
1	3	44	7,615
1	3	48	6,575
1	6	1	23,057
1	6	3	2,493
1	6	7	3,006
1	6	8	10,028
1	6	15	5,628
1	6	16	4,265
1	6	25	5,884
1	6	26	3,53
1	6	27	4,438
1	6	30	0,766
1	6	43	2,919
1	6	44	7,379
1	6	48	6,059
1	7	1	11,499
1	7	3	7,756
1	7	6	6,077
1	7	8	4,947
1	7	15	1,379
1	7	16	16,396
1	7	25	3,121
1	7	26	3,473
1	7	27	8,96
1	7	30	0,838
1	7	43	9,445
1	7	44	13,183
1	7	48	40,692
1	8	1	0,907
1	8	3	1,65
1	8	6	5,895
1	8	7	6,929
1	8	15	3,381
1	8	16	3,371
1	8	25	5,172
1	8	26	3,71
1	8	27	1,141
1	8	30	2,65
1	8	43	2,539
1	8	44	5,652
1	8	48	16,403
1	15	1	1,102
1	15	3	3,42
1	15	6	6,594
1	15	7	11,191
1	15	8	13,397
1	15	16	3,798
1	15	25	6,283
1	15	26	15,275
1	15	27	4,382
1	15	30	0,603
1	15	43	6,103
1	15	44	3,015
1	15	48	9,33
1	16	1	5,171
1	16	3	7,389
1	16	6	0,691
1	16	7	2,879
1	16	8	0,675
1	16	15	8,651
1	16	25	5,723
1	16	26	17,625
1	16	27	6,575
1	16	30	4,553
1	16	43	4,61
1	16	44	0,573
1	16	48	6,066
1	25	1	15,489
1	25	3	12,845
1	25	6	3,712
1	25	7	1,479
1	25	8	2,082
1	25	15	15,528
1	25	16	13,233
1	25	26	4,555
1	25	27	8,489
1	25	30	3,836
1	25	43	4,894
1	25	44	0,851
1	25	48	12,427
1	26	1	2,376
1	26	3	1,608
1	26	6	0,821
1	26	7	2,518
1	26	8	2,841
1	26	15	2,005
1	26	16	3,478
1	26	25	2,38
1	26	27	2,679
1	26	30	0,728
1	26	43	6,446
1	26	44	7,767
1	26	48	9,774
1	27	1	6,368
1	27	3	14,693
1	27	6	12,273
1	27	7	7,835
1	27	8	2,483
1	27	15	8,779
1	27	16	7,447
1	27	25	6,079
1	27	26	11,346
1	27	30	2,283
1	27	43	6,009
1	27	44	8,473
1	27	48	1,07
1	30	1	6,159
1	30	3	1,623
1	30	6	10,71
1	30	7	1,881
1	30	8	20,051
1	30	15	7,078
1	30	16	5,212
1	30	25	7,902
1	30	26	11,719
1	30	27	14,4
1	30	43	3,956
1	30	44	0,991
1	30	48	4,215
1	43	1	7,709
1	43	3	2,781
1	43	6	11,212
1	43	7	3,072
1	43	8	5,072
1	43	15	3,412
1	43	16	9,997
1	43	25	0,529
1	43	26	2,933
1	43	27	5,707
1	43	30	4,532
1	43	44	5,3
1	43	48	3,803
1	44	1	35,138
1	44	3	3,533
1	44	6	0,812
1	44	7	4,024
1	44	8	4,016
1	44	15	8,415
1	44	16	13,971
1	44	25	4,265
1	44	26	4,197
1	44	27	3,322
1	44	30	12,587
1	44	43	1,021
1	44	48	2,99
1	48	1	8,613
1	48	3	1,134
1	48	6	15,822
1	48	7	14,169
1	48	8	0,612
1	48	15	4,821
1	48	16	4,553
1	48	25	12,777
1	48	26	1,056
1	48	27	12,622
1	48	30	0,564
1	48	43	4,014
1	48	44	8,325
2	4	7	3,318
2	4	9	1,791
2	4	15	15,302
2	4	17	4,777
2	4	20	0,912
2	4	28	0,943
2	4	30	10,534
2	4	36	7,617
2	4	37	6,463
2	4	38	0,842
2	4	39	6,072
2	4	40	6,165
2	4	41	1,872
2	4	42	30,445
2	4	44	1,517
2	7	4	0,776
2	7	9	8,276
2	7	15	1,256
2	7	17	4,823
2	7	20	3,93
2	7	28	1,164
2	7	30	4,432
2	7	36	4,676
2	7	37	3,812
2	7	38	0,733
2	7	39	2,269
2	7	40	11,877
2	7	41	9,914
2	7	42	2,531
2	7	44	3,682
2	9	4	5,43
2	9	7	7,324
2	9	15	14,544
2	9	17	2,025
2	9	20	0,935
2	9	28	5,533
2	9	30	6,535
2	9	36	7,71
2	9	37	2,509
2	9	38	7,939
2	9	39	2,997
2	9	40	5,192
2	9	41	4,839
2	9	42	2,81
2	9	44	7,101
2	15	4	6,13
2	15	7	15,645
2	15	9	3,119
2	15	17	19,676
2	15	20	0,61
2	15	28	12,473
2	15	30	5,301
2	15	36	2,295
2	15	37	7,261
2	15	38	1,646
2	15	39	2,217
2	15	40	1,908
2	15	41	7,766
2	15	42	2,887
2	15	44	7,56
2	17	4	4,74
2	17	7	6,324
2	17	9	1,266
2	17	15	3,138
2	17	20	7,61
2	17	28	0,667
2	17	30	7,24
2	17	36	2,05
2	17	37	8,563
2	17	38	0,57
2	17	39	0,523
2	17	40	6,236
2	17	41	2,236
2	17	42	2,861
2	17	44	6,562
2	20	4	11,218
2	20	7	4,903
2	20	9	1,138
2	20	15	4,076
2	20	17	1,32
2	20	28	5,594
2	20	30	0,747
2	20	36	9,537
2	20	37	14,927
2	20	38	0,918
2	20	39	4,365
2	20	40	3,179
2	20	41	1,664
2	20	42	9,199
2	20	44	2,079
2	28	4	6,545
2	28	7	5,954
2	28	9	7,13
2	28	15	4,389
2	28	17	22,677
2	28	20	8,97
2	28	30	1,368
2	28	36	22,017
2	28	37	4,853
2	28	38	0,943
2	28	39	1,238
2	28	40	4,46
2	28	41	5,963
2	28	42	1,426
2	28	44	6,015
2	30	4	6,823
2	30	7	9,69
2	30	9	5,874
2	30	15	9,732
2	30	17	27,143
2	30	20	7,656
2	30	28	1,603
2	30	36	7,458
2	30	37	15,584
2	30	38	1,602
2	30	39	3,3
2	30	40	7,281
2	30	41	23,933
2	30	42	2,308
2	30	44	22,327
2	36	4	2,616
2	36	7	2,031
2	36	9	1,238
2	36	15	15,55
2	36	17	1,2
2	36	20	9,739
2	36	28	34,108
2	36	30	2,766
2	36	37	0,577
2	36	38	4,102
2	36	39	12,276
2	36	40	1,78
2	36	41	8,914
2	36	42	0,531
2	36	44	0,897
2	37	4	4,512
2	37	7	4,268
2	37	9	27,664
2	37	15	9,405
2	37	17	1,332
2	37	20	13,666
2	37	28	4,626
2	37	30	10,333
2	37	36	10,426
2	37	38	12,124
2	37	39	3,69
2	37	40	20,699
2	37	41	0,802
2	37	42	14,216
2	37	44	0,671
2	38	4	0,831
2	38	7	0,691
2	38	9	6,347
2	38	15	5,466
2	38	17	9,733
2	38	20	2,542
2	38	28	1,019
2	38	30	18,076
2	38	36	29,674
2	38	37	1,735
2	38	39	0,78
2	38	40	8,185
2	38	41	7,76
2	38	42	3,302
2	38	44	0,548
2	39	4	7,626
2	39	7	2,892
2	39	9	5,308
2	39	15	9,023
2	39	17	3,092
2	39	20	7,973
2	39	28	1,22
2	39	30	5,038
2	39	36	20,355
2	39	37	1,711
2	39	38	10,911
2	39	40	0,625
2	39	41	1,772
2	39	42	5,351
2	39	44	2,004
2	40	4	0,687
2	40	7	15,951
2	40	9	0,618
2	40	15	2,192
2	40	17	2,15
2	40	20	2,304
2	40	28	10,213
2	40	30	7,798
2	40	36	21,172
2	40	37	6,28
2	40	38	4,497
2	40	39	1,382
2	40	41	2,748
2	40	42	4,687
2	40	44	6,788
2	41	4	30,626
2	41	7	2,572
2	41	9	2,76
2	41	15	24,218
2	41	17	1,06
2	41	20	4,878
2	41	28	11,802
2	41	30	7,707
2	41	36	14,421
2	41	37	12,4
2	41	38	0,59
2	41	39	1,656
2	41	40	6,628
2	41	42	0,952
2	41	44	2,322
2	42	4	1,902
2	42	7	4,817
2	42	9	3,138
2	42	15	1,084
2	42	17	4,199
2	42	20	1,634
2	42	28	4,501
2	42	30	2,903
2	42	36	3,654
2	42	37	2,36
2	42	38	1,112
2	42	39	15,415
2	42	40	5,416
2	42	41	8,247
2	42	44	4,815
2	44	4	3,402
2	44	7	1,786
2	44	9	5,165
2	44	15	1,706
2	44	17	3,753
2	44	20	2,439
2	44	28	7,446
2	44	30	12,163
2	44	36	3,782
2	44	37	28,649
2	44	38	2,496
2	44	39	5,891
2	44	40	15,119
2	44	41	5,413
2	44	42	0,921
3	5	6	5,781
3	5	7	0,86
3	5	9	10,387
3	5	10	2,011
3	5	11	2,245
3	5	14	5,208
3	5	16	12,939
3	5	17	6,121
3	5	18	6,141
3	5	21	8,861
3	5	25	5,202
3	5	27	39,079
3	5	29	2,309
3	5	31	3,725
3	5	45	1,541
3	5	46	3,926
3	5	50	1,13
3	6	5	8,643
3	6	7	1,868
3	6	9	10,682
3	6	10	2,531
3	6	11	0,905
3	6	14	2,576
3	6	16	13,803
3	6	17	7,812
3	6	18	2,116
3	6	21	1,398
3	6	25	9,703
3	6	27	1,255
3	6	29	5,777
3	6	31	7,035
3	6	45	2,076
3	6	46	11,551
3	6	50	1,292
3	7	5	1,493
3	7	6	5,518
3	7	9	3,803
3	7	10	7,652
3	7	11	2,556
3	7	14	2,689
3	7	16	8,842
3	7	17	1,298
3	7	18	3,429
3	7	21	1,226
3	7	25	2,354
3	7	27	0,732
3	7	29	1,687
3	7	31	0,746
3	7	45	8,895
3	7	46	11,008
3	7	50	16,272
3	9	5	4,584
3	9	6	4,283
3	9	7	12,187
3	9	10	2,712
3	9	11	14,896
3	9	14	0,953
3	9	16	3,277
3	9	17	2,015
3	9	18	1,606
3	9	21	1,433
3	9	25	4,299
3	9	27	3,417
3	9	29	6,013
3	9	31	33,028
3	9	45	9,461
3	9	46	4,195
3	9	50	2,467
3	10	5	1,91
3	10	6	5,498
3	10	7	2,389
3	10	9	7,952
3	10	11	6,11
3	10	14	7,991
3	10	16	2,123
3	10	17	7,015
3	10	18	2,306
3	10	21	12,794
3	10	25	5,643
3	10	27	11,828
3	10	29	10,254
3	10	31	1,244
3	10	45	3,852
3	10	46	2,618
3	10	50	0,935
3	11	5	7,349
3	11	6	5,268
3	11	7	3,24
3	11	9	2,82
3	11	10	0,517
3	11	14	0,787
3	11	16	4,711
3	11	17	1,077
3	11	18	5,068
3	11	21	3,589
3	11	25	0,846
3	11	27	0,631
3	11	29	1,493
3	11	31	13,167
3	11	45	5,496
3	11	46	15,051
3	11	50	8,16
3	14	5	3,433
3	14	6	0,63
3	14	7	8,368
3	14	9	4,291
3	14	10	13,593
3	14	11	6,633
3	14	16	4,715
3	14	17	3,745
3	14	18	4,311
3	14	21	2,823
3	14	25	6,811
3	14	27	2,807
3	14	29	0,702
3	14	31	2,237
3	14	45	12,199
3	14	46	2,251
3	14	50	0,907
3	16	5	3,87
3	16	6	1,442
3	16	7	5,68
3	16	9	21,981
3	16	10	3,868
3	16	11	1,795
3	16	14	7,304
3	16	17	8,027
3	16	18	0,902
3	16	21	5,636
3	16	25	11,982
3	16	27	22,514
3	16	29	0,717
3	16	31	3,693
3	16	45	2,372
3	16	46	3,184
3	16	50	16,757
3	17	5	9,821
3	17	6	1,115
3	17	7	3,027
3	17	9	6,532
3	17	10	14,412
3	17	11	4,139
3	17	14	3,967
3	17	16	3,674
3	17	18	2,907
3	17	21	4,357
3	17	25	1,386
3	17	27	10,838
3	17	29	3,699
3	17	31	2,211
3	17	45	5,906
3	17	46	23,39
3	17	50	2,001
3	18	5	10,758
3	18	6	1,769
3	18	7	5,051
3	18	9	3,894
3	18	10	1,444
3	18	11	11,462
3	18	14	1,13
3	18	16	13,729
3	18	17	1,031
3	18	21	0,801
3	18	25	3,036
3	18	27	10,946
3	18	29	5,252
3	18	31	2,941
3	18	45	1,315
3	18	46	0,608
3	18	50	5,992
3	21	5	10,984
3	21	6	2,647
3	21	7	9,536
3	21	9	4,269
3	21	10	1,953
3	21	11	38,566
3	21	14	15,526
3	21	16	8,471
3	21	17	15,363
3	21	18	5,642
3	21	25	9,865
3	21	27	2,016
3	21	29	4,129
3	21	31	5,688
3	21	45	19,991
3	21	46	20,667
3	21	50	4,916
3	25	5	20,925
3	25	6	3,547
3	25	7	2,079
3	25	9	4,033
3	25	10	1,434
3	25	11	2,263
3	25	14	3,631
3	25	16	2,204
3	25	17	27,953
3	25	18	1,877
3	25	21	4,304
3	25	27	1,174
3	25	29	10,551
3	25	31	17,433
3	25	45	1,106
3	25	46	14,216
3	25	50	7,816
3	27	5	4,651
3	27	6	3,638
3	27	7	6,811
3	27	9	9,922
3	27	10	2,164
3	27	11	6,576
3	27	14	9,171
3	27	16	1,492
3	27	17	2,336
3	27	18	9,546
3	27	21	2,557
3	27	25	3,313
3	27	29	25,329
3	27	31	5,426
3	27	45	1,733
3	27	46	0,969
3	27	50	5,374
3	29	5	2,834
3	29	6	11,455
3	29	7	3,499
3	29	9	4,925
3	29	10	1,289
3	29	11	8,036
3	29	14	9,962
3	29	16	13,613
3	29	17	6,933
3	29	18	1,636
3	29	21	9,329
3	29	25	10,754
3	29	27	1,312
3	29	31	4,279
3	29	45	2,265
3	29	46	1,576
3	29	50	5,572
3	31	5	3,075
3	31	6	11,048
3	31	7	3,668
3	31	9	6,419
3	31	10	3,437
3	31	11	2,477
3	31	14	13,119
3	31	16	4,74
3	31	17	4,504
3	31	18	1,108
3	31	21	5,031
3	31	25	1,832
3	31	27	7,873
3	31	29	6,385
3	31	45	8,104
3	31	46	6,772
3	31	50	0,735
3	45	5	10,911
3	45	6	5,659
3	45	7	5,527
3	45	9	12,91
3	45	10	5,038
3	45	11	1,015
3	45	14	1,166
3	45	16	11,619
3	45	17	5,023
3	45	18	2,055
3	45	21	13,303
3	45	25	15,001
3	45	27	7,351
3	45	29	43,782
3	45	31	5,189
3	45	46	13,408
3	45	50	2,363
3	46	5	4,965
3	46	6	1,491
3	46	7	3,867
3	46	9	1,613
3	46	10	10,521
3	46	11	2,841
3	46	14	2,511
3	46	16	2,612
3	46	17	4,422
3	46	18	1,184
3	46	21	4,15
3	46	25	11,984
3	46	27	5,004
3	46	29	4,943
3	46	31	15,231
3	46	45	3,207
3	46	50	4,484
3	50	5	5,106
3	50	6	2,739
3	50	7	6,814
3	50	9	2,82
3	50	10	1,585
3	50	11	0,706
3	50	14	7,366
3	50	16	1,415
3	50	17	11,468
3	50	18	10,389
3	50	21	0,645
3	50	25	16,344
3	50	27	7,468
3	50	29	0,554
3	50	31	1,503
3	50	45	5
3	50	46	3,324
4	2	12	23,558
4	2	13	13,78
4	2	17	12,634
4	2	18	1,426
4	2	20	6,305
4	2	21	1,529
4	2	22	13,443
4	2	26	1,931
4	2	32	2,968
4	2	34	2,782
4	2	35	5,318
4	2	37	1,357
4	2	38	5,496
4	2	41	6,969
4	2	45	6,069
4	12	2	3,318
4	12	13	3,075
4	12	17	4,264
4	12	18	3,834
4	12	20	4,043
4	12	21	6,014
4	12	22	0,957
4	12	26	9,323
4	12	32	39,001
4	12	34	5,095
4	12	35	2,011
4	12	37	11,778
4	12	38	1,219
4	12	41	1,086
4	12	45	5,948
4	13	2	8,499
4	13	12	0,806
4	13	17	4,226
4	13	18	3,254
4	13	20	5,505
4	13	21	1,119
4	13	22	5,26
4	13	26	1,083
4	13	32	8,617
4	13	34	5,655
4	13	35	9,955
4	13	37	33,013
4	13	38	2,652
4	13	41	42,651
4	13	45	12,716
4	17	2	9,92
4	17	12	0,547
4	17	13	6,146
4	17	18	2,316
4	17	20	4,742
4	17	21	4,736
4	17	22	2,682
4	17	26	4,274
4	17	32	17,309
4	17	34	5,217
4	17	35	3,073
4	17	37	14,819
4	17	38	2,198
4	17	41	5,9
4	17	45	8,288
4	18	2	2,7
4	18	12	0,596
4	18	13	4,671
4	18	17	7,933
4	18	20	2,639
4	18	21	19,766
4	18	22	5,438
4	18	26	1,213
4	18	32	3,524
4	18	34	4,646
4	18	35	22,898
4	18	37	1,247
4	18	38	30,468
4	18	41	0,757
4	18	45	1,259
4	20	2	3,281
4	20	12	2,203
4	20	13	1,161
4	20	17	0,998
4	20	18	7,436
4	20	21	9,404
4	20	22	5,102
4	20	26	18,277
4	20	32	3,241
4	20	34	11,208
4	20	35	5,18
4	20	37	4,392
4	20	38	6,042
4	20	41	5,114
4	20	45	1,991
4	21	2	1,132
4	21	12	0,706
4	21	13	7,091
4	21	17	3,997
4	21	18	0,685
4	21	20	5,686
4	21	22	0,788
4	21	26	0,687
4	21	32	4,855
4	21	34	0,711
4	21	35	3,499
4	21	37	1,775
4	21	38	0,892
4	21	41	8,414
4	21	45	2,54
4	22	2	2,242
4	22	12	12,31
4	22	13	1,861
4	22	17	7,832
4	22	18	9,873
4	22	20	1,457
4	22	21	7,733
4	22	26	24,6
4	22	32	10,195
4	22	34	13,854
4	22	35	7,029
4	22	37	0,5
4	22	38	2,341
4	22	41	3,958
4	22	45	5,857
4	26	2	19,829
4	26	12	2,679
4	26	13	0,548
4	26	17	3,893
4	26	18	22,924
4	26	20	4,145
4	26	21	11,681
4	26	22	1,608
4	26	32	5,309
4	26	34	5,381
4	26	35	8,009
4	26	37	3,87
4	26	38	1,738
4	26	41	0,774
4	26	45	7,421
4	32	2	6,21
4	32	12	2,126
4	32	13	2,357
4	32	17	3,458
4	32	18	4,822
4	32	20	9,472
4	32	21	2,822
4	32	22	17,875
4	32	26	0,89
4	32	34	7,441
4	32	35	1,964
4	32	37	14,542
4	32	38	3,46
4	32	41	6,675
4	32	45	18,111
4	34	2	4,359
4	34	12	2,905
4	34	13	2,369
4	34	17	3,349
4	34	18	4,389
4	34	20	2,079
4	34	21	1,18
4	34	22	0,709
4	34	26	0,962
4	34	32	20,946
4	34	35	2,328
4	34	37	2,162
4	34	38	1,488
4	34	41	2,756
4	34	45	1,917
4	35	2	3,07
4	35	12	6,164
4	35	13	15,851
4	35	17	3,188
4	35	18	6,701
4	35	20	5,757
4	35	21	7,305
4	35	22	2,94
4	35	26	7,077
4	35	32	8,542
4	35	34	3,631
4	35	37	4,101
4	35	38	2,952
4	35	41	1,872
4	35	45	3,193
4	37	2	14,884
4	37	12	22,436
4	37	13	9,013
4	37	17	3,016
4	37	18	2,029
4	37	20	5,519
4	37	21	11,159
4	37	22	5,368
4	37	26	1,367
4	37	32	7,888
4	37	34	1,34
4	37	35	7,749
4	37	38	2,722
4	37	41	4,324
4	37	45	4,645
4	38	2	0,877
4	38	12	3,276
4	38	13	9,536
4	38	17	15,308
4	38	18	9,536
4	38	20	12,417
4	38	21	4,183
4	38	22	11,521
4	38	26	2,663
4	38	32	1,465
4	38	34	4,388
4	38	35	4,895
4	38	37	2,55
4	38	41	1,82
4	38	45	3,257
4	41	2	9,13
4	41	12	7,411
4	41	13	6,889
4	41	17	14,258
4	41	18	4,072
4	41	20	4,366
4	41	21	16,23
4	41	22	0,899
4	41	26	1,164
4	41	32	20,11
4	41	34	13,515
4	41	35	7,826
4	41	37	8,613
4	41	38	5,213
4	41	45	13,847
4	45	2	3,816
4	45	12	5,154
4	45	13	2,537
4	45	17	8,59
4	45	18	2,68
4	45	20	2,021
4	45	21	8,177
4	45	22	3,738
4	45	26	5,582
4	45	32	3,12
4	45	34	1,57
4	45	35	1,805
4	45	37	6,851
4	45	38	8,797
4	45	41	1,921
5	8	15	14,863
5	8	19	8,287
5	8	22	3,842
5	8	25	5,927
5	8	27	2,608
5	8	31	17,806
5	8	32	3,095
5	8	33	19,474
5	8	35	4,912
5	8	36	1,247
5	8	37	20,377
5	8	45	5,095
5	8	47	2,486
5	8	48	4,614
5	15	8	5,023
5	15	19	5,894
5	15	22	2,177
5	15	25	3,935
5	15	27	20,968
5	15	31	9,884
5	15	32	7,349
5	15	33	5,446
5	15	35	7,167
5	15	36	1,229
5	15	37	2,072
5	15	45	18,351
5	15	47	38,95
5	15	48	1,499
5	19	8	3,176
5	19	15	6,987
5	19	22	1,962
5	19	25	1,259
5	19	27	0,916
5	19	31	2,83
5	19	32	1,173
5	19	33	1,879
5	19	35	6,733
5	19	36	8,154
5	19	37	0,902
5	19	45	5,23
5	19	47	10,541
5	19	48	1,126
5	22	8	13,629
5	22	15	6,159
5	22	19	0,695
5	22	25	15,157
5	22	27	0,869
5	22	31	3,724
5	22	32	9,147
5	22	33	5,83
5	22	35	1,798
5	22	36	4,48
5	22	37	2,142
5	22	45	6,054
5	22	47	0,834
5	22	48	1,495
5	25	8	15,093
5	25	15	7,192
5	25	19	1,329
5	25	22	5,809
5	25	27	6,834
5	25	31	1,281
5	25	32	8,369
5	25	33	8,076
5	25	35	0,515
5	25	36	2,211
5	25	37	2,118
5	25	45	4,656
5	25	47	3,089
5	25	48	10,05
5	27	8	7,253
5	27	15	3,373
5	27	19	0,782
5	27	22	5,223
5	27	25	5,589
5	27	31	2,427
5	27	32	4,077
5	27	33	7,574
5	27	35	10,567
5	27	36	12,085
5	27	37	3,356
5	27	45	4,852
5	27	47	11,879
5	27	48	2,084
5	31	8	3,378
5	31	15	23,079
5	31	19	2,132
5	31	22	0,819
5	31	25	3,981
5	31	27	11,588
5	31	32	1,537
5	31	33	9,33
5	31	35	34,956
5	31	36	4,373
5	31	37	4,085
5	31	45	0,737
5	31	47	6,493
5	31	48	2,729
5	32	8	4,856
5	32	15	0,833
5	32	19	1,287
5	32	22	7,774
5	32	25	1,25
5	32	27	3,748
5	32	31	9,986
5	32	33	12,629
5	32	35	9,067
5	32	36	2,738
5	32	37	3,972
5	32	45	9,244
5	32	47	7,025
5	32	48	1,965
5	33	8	9,447
5	33	15	27,159
5	33	19	4,679
5	33	22	0,723
5	33	25	1,45
5	33	27	1,798
5	33	31	13,559
5	33	32	9,101
5	33	35	1,157
5	33	36	5,583
5	33	37	2,622
5	33	45	33,882
5	33	47	19,834
5	33	48	25,904
5	35	8	12,377
5	35	15	1,57
5	35	19	5,858
5	35	22	29,075
5	35	25	7,089
5	35	27	0,948
5	35	31	0,963
5	35	32	3,596
5	35	33	2,336
5	35	36	16,207
5	35	37	12,599
5	35	45	1,508
5	35	47	2,112
5	35	48	14,183
5	36	8	1,796
5	36	15	0,615
5	36	19	6,193
5	36	22	23,036
5	36	25	9,889
5	36	27	7,507
5	36	31	0,652
5	36	32	6,234
5	36	33	10,335
5	36	35	2,198
5	36	37	0,588
5	36	45	12,366
5	36	47	5,824
5	36	48	0,705
5	37	8	5,637
5	37	15	0,62
5	37	19	5,733
5	37	22	7,599
5	37	25	3,811
5	37	27	4,969
5	37	31	0,889
5	37	32	35,604
5	37	33	2,497
5	37	35	3,555
5	37	36	10,385
5	37	45	26,019
5	37	47	5,842
5	37	48	2,583
5	45	8	23,146
5	45	15	3,133
5	45	19	1,053
5	45	22	9,584
5	45	25	15,451
5	45	27	9,179
5	45	31	1,275
5	45	32	1,614
5	45	33	12,052
5	45	35	1,804
5	45	36	1,744
5	45	37	6,022
5	45	47	1,015
5	45	48	5,559
5	47	8	3,424
5	47	15	1,158
5	47	19	2,652
5	47	22	13,88
5	47	25	7,377
5	47	27	11,718
5	47	31	2,064
5	47	32	3,71
5	47	33	8,793
5	47	35	13,581
5	47	36	2,773
5	47	37	41,57
5	47	45	3,205
5	47	48	10,188
5	48	8	3,892
5	48	15	0,626
5	48	19	21,933
5	48	22	36,461
5	48	25	12,277
5	48	27	0,785
5	48	31	14,108
5	48	32	0,647
5	48	33	4,051
5	48	35	7,834
5	48	36	0,848
5	48	37	2,539
5	48	45	1,265
5	48	47	7,956
6	7	14	1,534
6	7	20	5,752
6	7	21	13,783
6	7	22	14,996
6	7	23	3,411
6	7	24	4,94
6	7	25	5,508
6	7	27	4,016
6	7	31	40,374
6	7	37	1,298
6	7	38	1,842
6	7	39	10,417
6	7	42	5,976
6	7	43	3,256
6	7	46	37,546
6	7	47	19,229
6	7	49	35,27
6	14	7	5,116
6	14	20	1,478
6	14	21	4,958
6	14	22	15,852
6	14	23	0,528
6	14	24	1,383
6	14	25	0,665
6	14	27	10,625
6	14	31	0,77
6	14	37	3,518
6	14	38	18,886
6	14	39	0,558
6	14	42	2,924
6	14	43	0,67
6	14	46	3,281
6	14	47	10,621
6	14	49	4,824
6	20	7	1,303
6	20	14	10,544
6	20	21	14,115
6	20	22	5,698
6	20	23	5,225
6	20	24	4,752
6	20	25	1,398
6	20	27	2,812
6	20	31	17,053
6	20	37	25,116
6	20	38	13,477
6	20	39	0,625
6	20	42	7,553
6	20	43	3,598
6	20	46	1,936
6	20	47	13,8
6	20	49	6,38
6	21	7	1,832
6	21	14	4,44
6	21	20	9,794
6	21	22	5,651
6	21	23	0,644
6	21	24	3,139
6	21	25	4,896
6	21	27	3,196
6	21	31	4,389
6	21	37	1,542
6	21	38	13,47
6	21	39	3,426
6	21	42	1,807
6	21	43	1,993
6	21	46	2,856
6	21	47	1,821
6	21	49	9,496
6	22	7	10,499
6	22	14	1,398
6	22	20	3,898
6	22	21	1,583
6	22	23	18,081
6	22	24	12,421
6	22	25	2,447
6	22	27	9,542
6	22	31	0,855
6	22	37	10,742
6	22	38	3,129
6	22	39	23,111
6	22	42	15,166
6	22	43	4,399
6	22	46	0,526
6	22	47	7,083
6	22	49	1,302
6	23	7	1,544
6	23	14	5,333
6	23	20	1,067
6	23	21	5,238
6	23	22	1,951
6	23	24	7,529
6	23	25	8,254
6	23	27	6,226
6	23	31	17,891
6	23	37	7,591
6	23	38	4,394
6	23	39	46,98
6	23	42	14,392
6	23	43	7,756
6	23	46	4,562
6	23	47	3,601
6	23	49	6,31
6	24	7	2,122
6	24	14	16,24
6	24	20	1,859
6	24	21	2,572
6	24	22	10,19
6	24	23	1,908
6	24	25	0,568
6	24	27	4,768
6	24	31	0,996
6	24	37	1,294
6	24	38	1,376
6	24	39	3,557
6	24	42	10,047
6	24	43	1,926
6	24	46	11,248
6	24	47	12,438
6	24	49	9,606
6	25	7	4,862
6	25	14	17,341
6	25	20	6,769
6	25	21	5,295
6	25	22	22,243
6	25	23	29,761
6	25	24	7,27
6	25	27	4
6	25	31	10,721
6	25	37	13,049
6	25	38	4,247
6	25	39	17,619
6	25	42	5,062
6	25	43	6,231
6	25	46	1,622
6	25	47	10,183
6	25	49	7,045
6	27	7	1,413
6	27	14	1,841
6	27	20	1,2
6	27	21	6,732
6	27	22	3,69
6	27	23	3,088
6	27	24	7,307
6	27	25	1,022
6	27	31	4,336
6	27	37	10,584
6	27	38	5,653
6	27	39	2,767
6	27	42	0,568
6	27	43	1,698
6	27	46	2,355
6	27	47	4,533
6	27	49	8,215
6	31	7	12,255
6	31	14	1,342
6	31	20	4,518
6	31	21	8,048
6	31	22	3,413
6	31	23	1,548
6	31	24	1,264
6	31	25	6,6
6	31	27	28,473
6	31	37	7,716
6	31	38	2,552
6	31	39	16,13
6	31	42	4,365
6	31	43	1,053
6	31	46	3,104
6	31	47	5,401
6	31	49	6,297
6	37	7	2,895
6	37	14	2,612
6	37	20	7,5
6	37	21	6,592
6	37	22	2,239
6	37	23	1,672
6	37	24	7,458
6	37	25	1,451
6	37	27	4,29
6	37	31	8,058
6	37	38	3,903
6	37	39	2,353
6	37	42	10,014
6	37	43	4,063
6	37	46	3,691
6	37	47	2,026
6	37	49	4,755
6	38	7	0,858
6	38	14	3,252
6	38	20	13,211
6	38	21	6,144
6	38	22	1,64
6	38	23	6,419
6	38	24	5,34
6	38	25	6,983
6	38	27	3,929
6	38	31	1,68
6	38	37	3,854
6	38	39	5,521
6	38	42	3,204
6	38	43	8,937
6	38	46	2,735
6	38	47	2,141
6	38	49	2,411
6	39	7	7,635
6	39	14	1,525
6	39	20	0,801
6	39	21	10,331
6	39	22	1,693
6	39	23	6,422
6	39	24	6,451
6	39	25	1,739
6	39	27	31,251
6	39	31	0,773
6	39	37	8,671
6	39	38	1,585
6	39	42	3,256
6	39	43	7,487
6	39	46	1,68
6	39	47	1,343
6	39	49	3,022
6	42	7	5,737
6	42	14	6,165
6	42	20	5,568
6	42	21	3,141
6	42	22	8,89
6	42	23	3,044
6	42	24	10,725
6	42	25	5,14
6	42	27	11,246
6	42	31	14,473
6	42	37	8,094
6	42	38	1,715
6	42	39	2,52
6	42	43	4,972
6	42	46	7,969
6	42	47	8,134
6	42	49	8,811
6	43	7	4,921
6	43	14	49,431
6	43	20	81,383
6	43	21	20,456
6	43	22	2,71
6	43	23	62,602
6	43	24	5,333
6	43	25	2,39
6	43	27	4,693
6	43	31	10,015
6	43	37	2,89
6	43	38	1,007
6	43	39	3,713
6	43	42	3,155
6	43	46	10,022
6	43	47	25,679
6	43	49	4,272
6	46	7	0,836
6	46	14	7,523
6	46	20	6,727
6	46	21	0,524
6	46	22	2,253
6	46	23	9,994
6	46	24	0,899
6	46	25	6,524
6	46	27	2,434
6	46	31	1,339
6	46	37	1,732
6	46	38	10,651
6	46	39	9,538
6	46	42	7,908
6	46	43	3,499
6	46	47	4,278
6	46	49	6,312
6	47	7	0,683
6	47	14	9,435
6	47	20	10,324
6	47	21	3,357
6	47	22	7,717
6	47	23	0,664
6	47	24	12,85
6	47	25	9,231
6	47	27	6,123
6	47	31	2,265
6	47	37	0,806
6	47	38	11,05
6	47	39	10,501
6	47	42	0,836
6	47	43	0,974
6	47	46	1,935
6	47	49	4,672
6	49	7	3,508
6	49	14	3,79
6	49	20	3,712
6	49	21	18,627
6	49	22	11,28
6	49	23	1,268
6	49	24	1,59
6	49	25	8,342
6	49	27	9,017
6	49	31	2,385
6	49	37	2,135
6	49	38	10,264
6	49	39	1,112
6	49	42	20,488
6	49	43	8,828
6	49	46	1,214
6	49	47	8,286

