#num jobs
100
#num machines
10

#jobId machId procTime energyCons
1	8	5,01	13,9
1	3	3,56	16,57
2	3	11,67	54,35
2	7	26,66	104,5
3	4	1,65	18,42
4	3	3,56	16,57
4	4	3,54	39,59
4	10	3,89	17,35
5	10	0,97	4,32
5	8	6,19	17,16
5	3	107,88	502,4
5	1	8,28	55,36
6	1	39,41	263,53
6	3	1,88	8,77
6	4	35,76	399,66
6	5	94,21	547,73
6	10	5	22,29
7	5	1,63	9,49
7	9	14,29	16,55
8	6	350,65	1827,7
8	9	197,14	228,36
9	1	17,48	116,89
9	5	6,6	38,36
9	6	13,73	71,57
10	3	247,19	1151,14
10	2	10,41	106,78
11	8	4,85	13,44
12	9	0,58	0,68
13	5	20,82	121,02
13	8	2,55	7,07
14	4	7,72	86,26
14	1	3,65	24,39
15	8	18,89	52,34
15	5	32,67	189,95
16	8	78,94	218,72
16	7	1,91	7,49
17	6	2,07	10,79
18	8	22,47	62,27
19	2	2,27	23,3
19	7	1,37	5,37
20	10	175,75	783,04
20	7	2,91	11,4
21	3	10,34	48,13
21	9	305,08	353,4
22	9	8,68	10,05
23	8	22,51	62,37
23	7	23,43	91,83
23	1	13,77	92,09
24	10	1,01	4,51
24	9	7,08	8,2
24	5	54,73	318,17
25	10	9,48	42,24
26	7	25,93	101,62
26	9	18,11	20,98
26	10	237,34	1057,45
27	3	33,11	154,2
27	5	50,17	291,66
27	9	25,12	29,1
28	1	25	167,15
28	2	6,74	69,12
28	8	1,14	3,16
29	2	46,25	474,17
29	9	89,52	103,7
30	6	65,28	340,25
31	5	27,74	161,27
31	6	16,99	88,54
32	5	9,55	55,53
33	4	12,62	141,05
33	3	5,34	24,88
34	1	6,48	43,3
34	7	0,39	1,54
34	10	7,52	33,51
35	1	11,42	76,37
35	6	4,52	23,57
35	8	5,55	15,38
36	1	5,6	37,45
37	8	10,4	28,81
37	2	0,81	8,3
38	6	1,27	6,63
38	7	27,94	109,51
38	10	3,78	16,83
39	4	6,55	73,26
40	10	14,63	65,19
40	8	4,83	13,38
40	5	5,36	31,16
40	3	3,14	14,63
41	5	12,06	70,12
42	9	75,56	87,53
42	3	249,55	1162,12
42	2	1,53	15,69
43	10	43,52	193,88
44	6	42	218,89
45	9	6,63	7,69
46	9	14,98	17,36
46	6	3,87	20,16
46	2	10,05	103,08
47	1	4,93	32,97
47	7	3,93	15,38
47	9	452,86	524,58
48	7	5	19,6
48	8	20,28	56,19
49	4	7,03	78,6
49	2	3,57	36,6
49	1	15,81	105,74
50	7	30,81	120,74
50	5	14,78	85,91
50	4	29,14	325,68
51	2	10,51	107,8
52	4	0,79	8,83
52	8	20,98	58,12
53	4	40,59	453,68
53	10	15,03	66,98
54	9	382,21	442,74
54	2	38,39	393,67
54	1	26,6	177,84
55	4	4282,54	47864,72
55	5	16,18	94,06
55	7	10,41	40,81
55	8	5,94	16,46
56	1	2,48	16,56
57	2	4,54	46,54
57	4	1,89	21,12
57	10	10,83	48,27
58	6	4,68	24,38
58	1	13,24	88,52
59	7	3,94	15,44
60	5	18,29	106,34
60	4	14,66	163,83
60	3	2,06	9,62
60	2	42,11	431,71
60	1	64,06	428,36
61	2	4,73	48,46
62	3	143,28	667,23
62	9	5,23	6,05
63	3	12,93	60,23
63	7	5,55	21,73
63	9	8,38	9,71
64	3	52,81	245,93
64	10	12,42	55,34
65	1	2,76	18,43
65	4	45,95	513,58
65	5	0,84	4,9
65	9	42,18	48,86
66	1	22567,92	150909,43
66	2	11,43	117,23
66	8	1,43	3,97
67	9	7,57	8,77
68	9	2	2,32
69	7	2,24	8,78
69	5	48,74	283,38
69	4	2,57	28,78
70	5	106,96	621,86
71	4	29,38	328,33
72	6	179,53	935,79
72	4	305,65	3416,13
73	9	5,14	5,96
73	4	2173,16	24288,85
74	10	2,84	12,63
74	2	31,77	325,79
75	9	20,44	23,67
75	7	9,56	37,48
76	1	7,04	47,1
76	10	6,74	30,01
77	9	156,97	181,83
77	5	31,47	182,96
77	4	15,4	172,07
78	6	6,83	35,61
78	7	3,19	12,52
78	8	26,09	72,28
79	5	6,5	37,77
80	8	34,61	95,9
80	7	10,25	40,17
80	2	3,2	32,81
81	5	0,28	1,64
81	6	112,77	587,78
81	9	209,83	243,06
82	2	4,3	44,07
82	3	18,56	86,45
82	7	7,54	29,56
82	8	4,46	12,36
82	9	1,49	1,72
83	8	82,78	229,36
83	7	34,33	134,53
84	3	3,28	15,28
84	8	11,81	32,72
85	6	4,81	25,06
86	3	3,36	15,66
86	6	2,05	10,68
87	1	39,88	266,67
87	5	11,86	68,97
88	6	6,03	31,41
89	9	12,06	13,97
89	5	6,54	38
90	2	3,98	40,76
90	4	11,02	123,2
91	8	18,91	52,4
91	9	2820,68	3267,4
92	1	18,72	125,18
92	6	17,34	90,36
92	7	5,11	20,01
93	6	2,79	14,53
93	8	7,61	21,07
94	2	6,57	67,35
94	10	10,04	44,72
95	8	51,11	141,61
96	7	30,37	119,03
97	3	7,37	34,32
97	5	88,02	511,7
97	7	11,52	45,16
97	8	12,88	35,7
98	2	16,32	167,3
98	6	52,48	273,54
98	10	288,29	1284,42
99	9	4,55	5,27
100	2	2,06	21,16
100	6	14,32	74,62
100	7	16,26	63,7
100	8	189,66	525,52

#jobId ddate weight rdate
1	387,617	14	2333,282
2	332,294	16	640,286
3	154,536	34	1637,45
4	819,473	38	154,693
5	327,463	16	2312,046
6	52,479	21	3627,781
7	307,283	15	901,776
8	521,285	36	698,465
9	294,179	29	827,091
10	99,766	14	758,939
11	231,651	14	3349,903
12	1005,315	7	1371,784
13	1069,826	10	3734,76
14	567,703	20	2932,065
15	1113,049	14	2783,797
16	884,83	19	2620,278
17	646,735	8	3583,086
18	42,61	19	2037,133
19	276,69	21	3524,604
20	645,12	47	127,05
21	864,893	11	182,567
22	472,299	10	1959,408
23	562,717	12	1710,656
24	202,004	48	579,007
25	260,709	24	3102,097
26	1060,908	24	1997,616
27	533,333	27	2001,326
28	241,14	15	2146,934
29	139,074	17	630,137
30	1088,233	23	2428,748
31	867,838	45	1415,686
32	288,528	34	2979,53
33	213,06	11	2135,834
34	102,34	12	1073,71
35	179,435	38	1482,435
36	224,079	36	3243,164
37	1048,59	19	1356,106
38	1116,045	26	372,625
39	481,915	25	2079,174
40	1110,798	17	1110,748
41	1029,704	41	2218,443
42	927,925	39	1750,718
43	76,642	2	3877,433
44	948,161	48	2826,158
45	318,132	12	1436,644
46	380,206	9	205,684
47	633,63	17	3686,812
48	713,32	14	132,143
49	87,106	13	3142,806
50	453,547	12	3325,541
51	223,111	13	977,705
52	1039,585	35	878,949
53	488,314	46	1475,197
54	1152,228	42	491,457
55	834,79	31	334,763
56	499,562	36	2659,708
57	350,481	24	339,028
58	402,389	18	1590,559
59	1182,689	26	1054,613
60	653,828	32	2802,729
61	627,127	7	2713,816
62	957,712	23	2416,836
63	842,057	7	1565,322
64	621,705	34	3609,803
65	279,835	40	2241,504
66	597,421	47	3565,264
67	762,809	6	2595,31
68	632,124	37	343,55
69	899,109	42	3372,57
70	1080,345	47	3493,147
71	221,739	33	3418,448
72	337,141	22	1750,337
73	835,201	24	3560,422
74	195,497	14	2828,512
75	704,535	9	3066,085
76	942,901	41	408,513
77	650,672	19	1950,893
78	686,676	3	3606,895
79	628,493	30	3953,505
80	460,662	38	195,344
81	738,393	26	3175,87
82	220,008	3	1333,219
83	17,405	7	3779,141
84	434,265	1	3177,565
85	563,836	47	1891,039
86	1007,663	16	3728,794
87	686,138	37	3824,187
88	11,427	20	1432,245
89	700,496	47	2420,374
90	730,564	22	2998,991
91	1004,31	42	1248,462
92	853,147	45	2160,511
93	906,663	22	1615,091
94	152,41	8	3084,986
95	848,416	34	721,355
96	436,401	22	409,466
97	132,186	3	2706,263
98	336,791	5	3218,578
99	15,112	22	2423,219
100	150,026	36	2368,534

#machId jobPred jobSucc setupTime
1	5	6	3,351
1	5	9	14,78
1	5	14	2,767
1	5	23	0,873
1	5	28	6,577
1	5	34	14,379
1	5	35	1,7
1	5	36	2,318
1	5	47	0,594
1	5	49	4,332
1	5	54	1,28
1	5	56	2,047
1	5	58	4,444
1	5	60	17,303
1	5	65	6,766
1	5	66	3,157
1	5	76	11,654
1	5	87	14,199
1	5	92	5,775
1	6	5	3,408
1	6	9	11,989
1	6	14	1,583
1	6	23	4,602
1	6	28	0,787
1	6	34	1,298
1	6	35	3,046
1	6	36	4,973
1	6	47	1,385
1	6	49	14,048
1	6	54	3,687
1	6	56	1,408
1	6	58	2,065
1	6	60	12,141
1	6	65	5,711
1	6	66	5,211
1	6	76	29,089
1	6	87	1,851
1	6	92	7,876
1	9	5	15,115
1	9	6	1,306
1	9	14	3,791
1	9	23	4,015
1	9	28	3,552
1	9	34	3,267
1	9	35	12,03
1	9	36	2,716
1	9	47	3,755
1	9	49	19,18
1	9	54	3,181
1	9	56	10,292
1	9	58	1,051
1	9	60	16,172
1	9	65	2,41
1	9	66	52,102
1	9	76	11,992
1	9	87	3,375
1	9	92	1,049
1	14	5	3,159
1	14	6	28,975
1	14	9	3,567
1	14	23	4,901
1	14	28	2,736
1	14	34	7,848
1	14	35	6,978
1	14	36	3,791
1	14	47	1,095
1	14	49	9,031
1	14	54	7,517
1	14	56	4,569
1	14	58	0,996
1	14	60	1,474
1	14	65	3,421
1	14	66	1,482
1	14	76	2,218
1	14	87	1,619
1	14	92	3,418
1	23	5	14,392
1	23	6	0,664
1	23	9	4,578
1	23	14	2,904
1	23	28	5,13
1	23	34	7,44
1	23	35	4,963
1	23	36	4,803
1	23	47	16,924
1	23	49	1,661
1	23	54	9,194
1	23	56	4,622
1	23	58	16,461
1	23	60	10,8
1	23	65	2,746
1	23	66	3,868
1	23	76	15,53
1	23	87	7,037
1	23	92	4,703
1	28	5	0,884
1	28	6	0,684
1	28	9	5,891
1	28	14	4,794
1	28	23	6,328
1	28	34	4,161
1	28	35	13,632
1	28	36	0,69
1	28	47	8,428
1	28	49	5,536
1	28	54	11,314
1	28	56	1,066
1	28	58	2,804
1	28	60	14,055
1	28	65	5,86
1	28	66	1,336
1	28	76	0,521
1	28	87	7,899
1	28	92	5,034
1	34	5	6,082
1	34	6	8,895
1	34	9	4,29
1	34	14	1,772
1	34	23	28,41
1	34	28	1,597
1	34	35	11,176
1	34	36	0,813
1	34	47	1,106
1	34	49	4,246
1	34	54	0,813
1	34	56	16,581
1	34	58	2,203
1	34	60	1,654
1	34	65	8,094
1	34	66	6,759
1	34	76	2,154
1	34	87	0,61
1	34	92	21,56
1	35	5	13,5
1	35	6	3,771
1	35	9	7,665
1	35	14	2,405
1	35	23	1,271
1	35	28	11,029
1	35	34	12,969
1	35	36	1,104
1	35	47	2,547
1	35	49	9,451
1	35	54	8,884
1	35	56	2,364
1	35	58	12,695
1	35	60	3,247
1	35	65	10,803
1	35	66	0,57
1	35	76	11,605
1	35	87	10,14
1	35	92	16,562
1	36	5	1,735
1	36	6	8,72
1	36	9	4,801
1	36	14	8,906
1	36	23	0,662
1	36	28	2,646
1	36	34	0,825
1	36	35	1,058
1	36	47	0,701
1	36	49	2,607
1	36	54	13,096
1	36	56	3,585
1	36	58	7,361
1	36	60	1,05
1	36	65	2,859
1	36	66	1,892
1	36	76	2,122
1	36	87	4,36
1	36	92	19,775
1	47	5	2,293
1	47	6	11,736
1	47	9	0,764
1	47	14	3,51
1	47	23	3,292
1	47	28	0,901
1	47	34	2,182
1	47	35	5,009
1	47	36	3,645
1	47	49	6,705
1	47	54	0,748
1	47	56	29,246
1	47	58	1,579
1	47	60	3,333
1	47	65	10,6
1	47	66	10,184
1	47	76	2,432
1	47	87	9,229
1	47	92	30,949
1	49	5	5,436
1	49	6	1,198
1	49	9	2,223
1	49	14	5,422
1	49	23	2,423
1	49	28	6,836
1	49	34	5,134
1	49	35	0,618
1	49	36	24,755
1	49	47	1,87
1	49	54	1,367
1	49	56	2,899
1	49	58	16,682
1	49	60	14,169
1	49	65	2,371
1	49	66	23,499
1	49	76	1,07
1	49	87	28,782
1	49	92	0,997
1	54	5	5,498
1	54	6	4,572
1	54	9	1,446
1	54	14	3,528
1	54	23	4,232
1	54	28	3,189
1	54	34	0,742
1	54	35	13,776
1	54	36	3,218
1	54	47	2,516
1	54	49	0,659
1	54	56	4,355
1	54	58	3,94
1	54	60	4,475
1	54	65	0,884
1	54	66	19,646
1	54	76	6,403
1	54	87	10,847
1	54	92	1,833
1	56	5	3,514
1	56	6	14,579
1	56	9	11,876
1	56	14	2,204
1	56	23	1,732
1	56	28	5,002
1	56	34	4,338
1	56	35	7,077
1	56	36	0,835
1	56	47	0,97
1	56	49	21,186
1	56	54	3,379
1	56	58	5,315
1	56	60	16,718
1	56	65	15,668
1	56	66	4,717
1	56	76	0,636
1	56	87	5,29
1	56	92	14,467
1	58	5	0,935
1	58	6	6,485
1	58	9	11,539
1	58	14	6,873
1	58	23	1,493
1	58	28	2,743
1	58	34	10,646
1	58	35	4,973
1	58	36	8,948
1	58	47	0,629
1	58	49	7,331
1	58	54	1,018
1	58	56	10,474
1	58	60	0,922
1	58	65	11,006
1	58	66	3,344
1	58	76	3,223
1	58	87	5,369
1	58	92	18,666
1	60	5	2,189
1	60	6	4,558
1	60	9	6,447
1	60	14	0,639
1	60	23	2,76
1	60	28	7,293
1	60	34	14,563
1	60	35	11,95
1	60	36	0,795
1	60	47	3,203
1	60	49	16,075
1	60	54	10,867
1	60	56	3,128
1	60	58	5,071
1	60	65	22,27
1	60	66	5,385
1	60	76	6,991
1	60	87	0,724
1	60	92	1,591
1	65	5	3,092
1	65	6	13,354
1	65	9	7,408
1	65	14	5,758
1	65	23	17,717
1	65	28	20,593
1	65	34	2,077
1	65	35	1,757
1	65	36	2,464
1	65	47	6,952
1	65	49	27,903
1	65	54	3,268
1	65	56	5,519
1	65	58	9,42
1	65	60	7,791
1	65	66	1,861
1	65	76	0,547
1	65	87	6,768
1	65	92	12,605
1	66	5	1,049
1	66	6	8,77
1	66	9	3,287
1	66	14	5,27
1	66	23	2,109
1	66	28	8,329
1	66	34	1,966
1	66	35	11,319
1	66	36	2,856
1	66	47	8,151
1	66	49	6,725
1	66	54	16,679
1	66	56	7,551
1	66	58	15,875
1	66	60	1,635
1	66	65	12,492
1	66	76	2,658
1	66	87	3,017
1	66	92	3,189
1	76	5	15,83
1	76	6	16,221
1	76	9	5,196
1	76	14	0,504
1	76	23	1,16
1	76	28	4,285
1	76	34	2,993
1	76	35	4,572
1	76	36	35,351
1	76	47	1,646
1	76	49	2,007
1	76	54	4,363
1	76	56	5,238
1	76	58	1,595
1	76	60	1,41
1	76	65	1,708
1	76	66	6,331
1	76	87	1,348
1	76	92	3,932
1	87	5	2,459
1	87	6	12,469
1	87	9	3,908
1	87	14	1,201
1	87	23	1,469
1	87	28	3,584
1	87	34	6,496
1	87	35	2,996
1	87	36	9,397
1	87	47	4,04
1	87	49	2,089
1	87	54	4,923
1	87	56	0,929
1	87	58	3,771
1	87	60	2,667
1	87	65	3,875
1	87	66	0,59
1	87	76	16,192
1	87	92	0,672
1	92	5	2,909
1	92	6	11,043
1	92	9	5,047
1	92	14	2,925
1	92	23	18,17
1	92	28	15,264
1	92	34	4,822
1	92	35	2,291
1	92	36	5,372
1	92	47	6,28
1	92	49	3,257
1	92	54	10,439
1	92	56	13,724
1	92	58	9,869
1	92	60	10,994
1	92	65	1,878
1	92	66	3,899
1	92	76	8,162
1	92	87	1,264
2	10	19	2,32
2	10	28	11,78
2	10	29	5,408
2	10	37	2,508
2	10	42	4,347
2	10	46	4,106
2	10	49	5,214
2	10	51	2,927
2	10	54	3,037
2	10	57	3,507
2	10	60	3,983
2	10	61	1,233
2	10	66	4,088
2	10	74	10,939
2	10	80	7,144
2	10	82	2,551
2	10	90	2,974
2	10	94	1,512
2	10	98	10,083
2	10	100	2,868
2	19	10	5,53
2	19	28	5,935
2	19	29	1,605
2	19	37	17,129
2	19	42	0,53
2	19	46	6,257
2	19	49	10,353
2	19	51	3,576
2	19	54	4,247
2	19	57	2,339
2	19	60	5,13
2	19	61	4,207
2	19	66	1,009
2	19	74	1,376
2	19	80	2,335
2	19	82	5,234
2	19	90	0,862
2	19	94	2,703
2	19	98	10,455
2	19	100	4,393
2	28	10	4,421
2	28	19	4,767
2	28	29	13,807
2	28	37	1,927
2	28	42	2,064
2	28	46	4,633
2	28	49	2,752
2	28	51	12,114
2	28	54	1,816
2	28	57	2,424
2	28	60	1,441
2	28	61	4,066
2	28	66	4,457
2	28	74	2,051
2	28	80	12,861
2	28	82	0,685
2	28	90	6,432
2	28	94	6,227
2	28	98	1,908
2	28	100	0,977
2	29	10	1,699
2	29	19	6,185
2	29	28	10,415
2	29	37	3,322
2	29	42	1,335
2	29	46	4,858
2	29	49	3,65
2	29	51	0,523
2	29	54	5,426
2	29	57	1,022
2	29	60	8,457
2	29	61	2,335
2	29	66	2,331
2	29	74	50,196
2	29	80	5,178
2	29	82	5,55
2	29	90	5,07
2	29	94	4,956
2	29	98	3,335
2	29	100	11,809
2	37	10	4,233
2	37	19	6,713
2	37	28	1,205
2	37	29	2,572
2	37	42	1,171
2	37	46	15,778
2	37	49	9,638
2	37	51	2,784
2	37	54	7,422
2	37	57	6,932
2	37	60	16,763
2	37	61	2,353
2	37	66	15,651
2	37	74	5,763
2	37	80	1,707
2	37	82	0,838
2	37	90	0,618
2	37	94	4,319
2	37	98	8,64
2	37	100	3,882
2	42	10	3,796
2	42	19	1,052
2	42	28	3,673
2	42	29	4,828
2	42	37	12,451
2	42	46	3,959
2	42	49	11,091
2	42	51	6,626
2	42	54	1,064
2	42	57	3,769
2	42	60	2,087
2	42	61	7,26
2	42	66	1,115
2	42	74	2,722
2	42	80	5,542
2	42	82	0,622
2	42	90	5,502
2	42	94	5,519
2	42	98	0,989
2	42	100	2,836
2	46	10	6,768
2	46	19	2,98
2	46	28	2,984
2	46	29	1,99
2	46	37	11,566
2	46	42	2,093
2	46	49	4,056
2	46	51	1,479
2	46	54	3,342
2	46	57	2,332
2	46	60	14,571
2	46	61	12,89
2	46	66	8,503
2	46	74	8,811
2	46	80	1,781
2	46	82	1,814
2	46	90	4,638
2	46	94	1,999
2	46	98	7,822
2	46	100	15,952
2	49	10	5,594
2	49	19	3,682
2	49	28	8,02
2	49	29	2,435
2	49	37	0,985
2	49	42	3,464
2	49	46	5,705
2	49	51	9,245
2	49	54	2,199
2	49	57	6,935
2	49	60	19,095
2	49	61	0,522
2	49	66	25,907
2	49	74	2,858
2	49	80	2,454
2	49	82	6,289
2	49	90	14,407
2	49	94	0,51
2	49	98	10,451
2	49	100	1,345
2	51	10	3,178
2	51	19	4,215
2	51	28	3,455
2	51	29	5,655
2	51	37	37,87
2	51	42	11,473
2	51	46	5,45
2	51	49	3,832
2	51	54	1,154
2	51	57	3,507
2	51	60	9,635
2	51	61	8,266
2	51	66	5,436
2	51	74	3,066
2	51	80	8,45
2	51	82	5,582
2	51	90	2,778
2	51	94	2,336
2	51	98	1,519
2	51	100	5,479
2	54	10	3,747
2	54	19	7,59
2	54	28	1,78
2	54	29	4,957
2	54	37	3,59
2	54	42	6,673
2	54	46	0,765
2	54	49	10,445
2	54	51	26,038
2	54	57	3,254
2	54	60	5,17
2	54	61	0,651
2	54	66	1,928
2	54	74	13,849
2	54	80	19,937
2	54	82	8,746
2	54	90	11,507
2	54	94	1,931
2	54	98	13,662
2	54	100	10,605
2	57	10	7,949
2	57	19	2,322
2	57	28	2,7
2	57	29	8,486
2	57	37	2,09
2	57	42	2,052
2	57	46	5,989
2	57	49	3,934
2	57	51	4,907
2	57	54	1,968
2	57	60	4,576
2	57	61	7,479
2	57	66	2,493
2	57	74	4,802
2	57	80	1,911
2	57	82	15,054
2	57	90	6,219
2	57	94	3,394
2	57	98	5,579
2	57	100	6,627
2	60	10	2,378
2	60	19	2,122
2	60	28	25,82
2	60	29	4,005
2	60	37	16,72
2	60	42	6,724
2	60	46	0,653
2	60	49	6,515
2	60	51	0,571
2	60	54	3,023
2	60	57	6,862
2	60	61	6,364
2	60	66	5,486
2	60	74	0,93
2	60	80	0,714
2	60	82	22,922
2	60	90	0,793
2	60	94	13,035
2	60	98	9,165
2	60	100	1,886
2	61	10	1,044
2	61	19	8,077
2	61	28	17,579
2	61	29	6,98
2	61	37	5,128
2	61	42	11,193
2	61	46	25,979
2	61	49	2,794
2	61	51	2,961
2	61	54	12,486
2	61	57	22,781
2	61	60	2,856
2	61	66	7,439
2	61	74	1,159
2	61	80	9,202
2	61	82	15,891
2	61	90	12,028
2	61	94	6,737
2	61	98	2,91
2	61	100	7,821
2	66	10	12,311
2	66	19	11,338
2	66	28	9,323
2	66	29	1,851
2	66	37	13,032
2	66	42	1,342
2	66	46	3,16
2	66	49	2,412
2	66	51	9,775
2	66	54	12,131
2	66	57	5,922
2	66	60	1,763
2	66	61	10,022
2	66	74	6,59
2	66	80	1,894
2	66	82	11,551
2	66	90	13,533
2	66	94	5,258
2	66	98	1,894
2	66	100	4,665
2	74	10	2,007
2	74	19	17,616
2	74	28	53,706
2	74	29	3,063
2	74	37	10,197
2	74	42	8,036
2	74	46	1,893
2	74	49	1,938
2	74	51	13,397
2	74	54	4,517
2	74	57	9,69
2	74	60	16,996
2	74	61	10,903
2	74	66	2,32
2	74	80	1,821
2	74	82	9,938
2	74	90	14,224
2	74	94	1,844
2	74	98	18,054
2	74	100	3,49
2	80	10	7,304
2	80	19	0,837
2	80	28	0,986
2	80	29	0,771
2	80	37	9,153
2	80	42	37,746
2	80	46	4,509
2	80	49	3,866
2	80	51	0,667
2	80	54	2,242
2	80	57	3,88
2	80	60	11,536
2	80	61	11,277
2	80	66	0,72
2	80	74	0,679
2	80	82	0,777
2	80	90	47,778
2	80	94	0,555
2	80	98	2,354
2	80	100	23,467
2	82	10	10,518
2	82	19	5,657
2	82	28	3,574
2	82	29	2,025
2	82	37	1,348
2	82	42	6,075
2	82	46	10,958
2	82	49	5,58
2	82	51	8,587
2	82	54	8,574
2	82	57	12,68
2	82	60	5,553
2	82	61	4,735
2	82	66	10,328
2	82	74	10,273
2	82	80	5,645
2	82	90	15,259
2	82	94	2,531
2	82	98	3,256
2	82	100	20,514
2	90	10	7,803
2	90	19	4,055
2	90	28	19,099
2	90	29	19,11
2	90	37	12,415
2	90	42	3,692
2	90	46	5,401
2	90	49	0,778
2	90	51	0,845
2	90	54	1,051
2	90	57	1,551
2	90	60	2,14
2	90	61	7,974
2	90	66	1,374
2	90	74	26,099
2	90	80	2,435
2	90	82	7,827
2	90	94	3,273
2	90	98	19,8
2	90	100	2,074
2	94	10	2,211
2	94	19	1,649
2	94	28	10,65
2	94	29	1,113
2	94	37	2,472
2	94	42	8,217
2	94	46	1,133
2	94	49	6,744
2	94	51	7,457
2	94	54	25,435
2	94	57	11,369
2	94	60	8,005
2	94	61	0,559
2	94	66	14,077
2	94	74	3,783
2	94	80	3,678
2	94	82	1,357
2	94	90	18,275
2	94	98	48,591
2	94	100	0,843
2	98	10	10,855
2	98	19	1,472
2	98	28	0,808
2	98	29	3,582
2	98	37	1,962
2	98	42	1,669
2	98	46	15,83
2	98	49	7,437
2	98	51	3,061
2	98	54	4,179
2	98	57	1,03
2	98	60	5,761
2	98	61	4,118
2	98	66	11,643
2	98	74	10,03
2	98	80	4,706
2	98	82	4,674
2	98	90	1,582
2	98	94	2,481
2	98	100	0,56
2	100	10	3,967
2	100	19	3,67
2	100	28	20,37
2	100	29	2,089
2	100	37	11,872
2	100	42	7,311
2	100	46	2,246
2	100	49	6,359
2	100	51	4,126
2	100	54	5,243
2	100	57	3,885
2	100	60	1,529
2	100	61	2,726
2	100	66	10,936
2	100	74	0,83
2	100	80	4,228
2	100	82	1,145
2	100	90	3,823
2	100	94	34,834
2	100	98	1,705
3	1	2	2,513
3	1	4	7,479
3	1	5	14,413
3	1	6	6,661
3	1	10	5,453
3	1	21	2,161
3	1	27	1,069
3	1	33	2,004
3	1	40	8,209
3	1	42	2,006
3	1	60	2,068
3	1	62	11,559
3	1	63	6,41
3	1	64	8,698
3	1	82	7,076
3	1	84	3,327
3	1	86	10,226
3	1	97	1,55
3	2	1	1,482
3	2	4	8,399
3	2	5	5,514
3	2	6	1,021
3	2	10	7,161
3	2	21	5,62
3	2	27	4,789
3	2	33	3,704
3	2	40	9,392
3	2	42	1,347
3	2	60	1,043
3	2	62	0,571
3	2	63	14,738
3	2	64	7,438
3	2	82	3,127
3	2	84	4,172
3	2	86	2,78
3	2	97	3,539
3	4	1	0,771
3	4	2	1,095
3	4	5	4,107
3	4	6	1,734
3	4	10	3,255
3	4	21	20,582
3	4	27	0,618
3	4	33	6,818
3	4	40	0,641
3	4	42	3,491
3	4	60	4,315
3	4	62	9,164
3	4	63	8,148
3	4	64	13,936
3	4	82	7,545
3	4	84	2,038
3	4	86	3,609
3	4	97	1,338
3	5	1	3,259
3	5	2	2,088
3	5	4	5,686
3	5	6	4,368
3	5	10	1,791
3	5	21	1,067
3	5	27	1,293
3	5	33	14,742
3	5	40	2,455
3	5	42	7,93
3	5	60	9,674
3	5	62	0,929
3	5	63	6,989
3	5	64	8,362
3	5	82	15,903
3	5	84	3,212
3	5	86	0,849
3	5	97	15,247
3	6	1	1,6
3	6	2	8,596
3	6	4	2,763
3	6	5	1,754
3	6	10	12,728
3	6	21	8,278
3	6	27	9,001
3	6	33	4,434
3	6	40	4,218
3	6	42	3,507
3	6	60	2,088
3	6	62	11,583
3	6	63	10,426
3	6	64	10,588
3	6	82	4,162
3	6	84	1,119
3	6	86	2,209
3	6	97	7,693
3	10	1	2,54
3	10	2	12,427
3	10	4	4,034
3	10	5	6,282
3	10	6	5,408
3	10	21	20,755
3	10	27	6,129
3	10	33	2,537
3	10	40	0,679
3	10	42	3,646
3	10	60	0,776
3	10	62	1,207
3	10	63	1,826
3	10	64	3,028
3	10	82	5,722
3	10	84	2,091
3	10	86	6,114
3	10	97	0,775
3	21	1	0,93
3	21	2	1,974
3	21	4	1,08
3	21	5	7,216
3	21	6	10,677
3	21	10	3,672
3	21	27	28,317
3	21	33	6,398
3	21	40	9,077
3	21	42	2,9
3	21	60	6,641
3	21	62	4,735
3	21	63	11,725
3	21	64	2,908
3	21	82	21,528
3	21	84	18,079
3	21	86	25,772
3	21	97	0,744
3	27	1	20,418
3	27	2	2,73
3	27	4	9,402
3	27	5	8,271
3	27	6	7,298
3	27	10	5,483
3	27	21	3,388
3	27	33	9,543
3	27	40	8,344
3	27	42	0,725
3	27	60	1,274
3	27	62	1,611
3	27	63	4,579
3	27	64	6,223
3	27	82	2,521
3	27	84	4,123
3	27	86	18,6
3	27	97	1,199
3	33	1	17,999
3	33	2	0,799
3	33	4	5,053
3	33	5	6,265
3	33	6	4,084
3	33	10	1,148
3	33	21	5,747
3	33	27	9,511
3	33	40	5,176
3	33	42	1,891
3	33	60	1,789
3	33	62	6,405
3	33	63	13,793
3	33	64	6,544
3	33	82	3,582
3	33	84	6,912
3	33	86	0,802
3	33	97	3,468
3	40	1	1,415
3	40	2	1,822
3	40	4	2,133
3	40	5	5,007
3	40	6	0,786
3	40	10	10,52
3	40	21	1,191
3	40	27	10,053
3	40	33	0,808
3	40	42	1,41
3	40	60	4,778
3	40	62	2,036
3	40	63	15,227
3	40	64	4,371
3	40	82	0,839
3	40	84	7,927
3	40	86	1,445
3	40	97	5,721
3	42	1	0,764
3	42	2	9,604
3	42	4	8,43
3	42	5	5,112
3	42	6	4,292
3	42	10	6,713
3	42	21	3,413
3	42	27	0,882
3	42	33	2,125
3	42	40	0,604
3	42	60	6,537
3	42	62	6,622
3	42	63	8,456
3	42	64	7,805
3	42	82	1,242
3	42	84	5,178
3	42	86	1,132
3	42	97	6,029
3	60	1	2,279
3	60	2	13,735
3	60	4	13,062
3	60	5	8,412
3	60	6	1,601
3	60	10	11,701
3	60	21	16,12
3	60	27	17,164
3	60	33	1,765
3	60	40	0,535
3	60	42	46,757
3	60	62	1,781
3	60	63	1,337
3	60	64	14,695
3	60	82	2,904
3	60	84	5,631
3	60	86	3,064
3	60	97	7,425
3	62	1	14,46
3	62	2	11,525
3	62	4	1,887
3	62	5	1,854
3	62	6	3,746
3	62	10	1,333
3	62	21	7,304
3	62	27	6,997
3	62	33	1,269
3	62	40	3,29
3	62	42	28,632
3	62	60	4,633
3	62	63	2,551
3	62	64	5,999
3	62	82	1,637
3	62	84	7,039
3	62	86	0,71
3	62	97	4,089
3	63	1	0,739
3	63	2	11,652
3	63	4	1,415
3	63	5	0,531
3	63	6	2,879
3	63	10	1,515
3	63	21	1,017
3	63	27	1,291
3	63	33	2,202
3	63	40	0,954
3	63	42	10,661
3	63	60	1,202
3	63	62	0,799
3	63	64	8,889
3	63	82	26,089
3	63	84	2,829
3	63	86	7,608
3	63	97	1,562
3	64	1	7,477
3	64	2	8,316
3	64	4	3,556
3	64	5	0,611
3	64	6	7,431
3	64	10	2,577
3	64	21	3,645
3	64	27	25,822
3	64	33	9,391
3	64	40	0,721
3	64	42	3,711
3	64	60	2,144
3	64	62	4,218
3	64	63	4,404
3	64	82	1,457
3	64	84	3,829
3	64	86	1,666
3	64	97	1,17
3	82	1	0,827
3	82	2	0,693
3	82	4	3,747
3	82	5	6,388
3	82	6	4,236
3	82	10	3,622
3	82	21	16,249
3	82	27	0,767
3	82	33	9,249
3	82	40	1,203
3	82	42	10,571
3	82	60	1,947
3	82	62	4,74
3	82	63	6,227
3	82	64	0,513
3	82	84	5,927
3	82	86	8,286
3	82	97	1,536
3	84	1	26,933
3	84	2	1,237
3	84	4	11,684
3	84	5	11,978
3	84	6	7,342
3	84	10	4,77
3	84	21	2,359
3	84	27	4,273
3	84	33	3,746
3	84	40	3,005
3	84	42	1,172
3	84	60	2,009
3	84	62	7,018
3	84	63	5,55
3	84	64	2,667
3	84	82	3,063
3	84	86	17,913
3	84	97	7,723
3	86	1	4,039
3	86	2	2,952
3	86	4	4,842
3	86	5	5,555
3	86	6	0,638
3	86	10	0,891
3	86	21	4,928
3	86	27	3,47
3	86	33	3,462
3	86	40	2,501
3	86	42	0,586
3	86	60	3,673
3	86	62	0,891
3	86	63	1,771
3	86	64	0,573
3	86	82	1,147
3	86	84	0,724
3	86	97	1,163
3	97	1	4,862
3	97	2	1,182
3	97	4	1,344
3	97	5	12,201
3	97	6	1,792
3	97	10	14,435
3	97	21	1,36
3	97	27	7,654
3	97	33	2,518
3	97	40	4,331
3	97	42	5,082
3	97	60	0,954
3	97	62	4,14
3	97	63	1,25
3	97	64	4,017
3	97	82	1,712
3	97	84	15,403
3	97	86	2,341
4	3	4	3,216
4	3	6	1,008
4	3	14	3,16
4	3	33	2,815
4	3	39	4,425
4	3	49	27,971
4	3	50	7,173
4	3	52	2,913
4	3	53	4,075
4	3	55	13,593
4	3	57	1,267
4	3	60	18,277
4	3	65	23,352
4	3	69	5,977
4	3	71	1,356
4	3	72	3,204
4	3	73	2,067
4	3	77	0,666
4	3	90	3,173
4	4	3	11,511
4	4	6	3,818
4	4	14	6,052
4	4	33	4,127
4	4	39	17,217
4	4	49	0,726
4	4	50	1,018
4	4	52	0,995
4	4	53	0,875
4	4	55	19,168
4	4	57	19,406
4	4	60	7,817
4	4	65	5,227
4	4	69	4,533
4	4	71	1,824
4	4	72	6,598
4	4	73	1,521
4	4	77	0,74
4	4	90	2,339
4	6	3	2,89
4	6	4	1,689
4	6	14	2,48
4	6	33	9,073
4	6	39	1,93
4	6	49	0,979
4	6	50	3,708
4	6	52	4,089
4	6	53	6,193
4	6	55	4,272
4	6	57	9,595
4	6	60	0,809
4	6	65	3,682
4	6	69	1,191
4	6	71	3,95
4	6	72	26,701
4	6	73	2,1
4	6	77	0,786
4	6	90	1,763
4	14	3	11,471
4	14	4	8,803
4	14	6	19,43
4	14	33	7,789
4	14	39	8,149
4	14	49	3,818
4	14	50	2,1
4	14	52	1,507
4	14	53	28,433
4	14	55	2,491
4	14	57	12,676
4	14	60	7,775
4	14	65	0,723
4	14	69	3,185
4	14	71	3,767
4	14	72	5,192
4	14	73	8,985
4	14	77	11,891
4	14	90	1,419
4	33	3	4,293
4	33	4	20,748
4	33	6	0,582
4	33	14	6,502
4	33	39	18,547
4	33	49	2,043
4	33	50	2,53
4	33	52	2,217
4	33	53	9,053
4	33	55	1,435
4	33	57	0,622
4	33	60	8,766
4	33	65	0,847
4	33	69	3,971
4	33	71	3,541
4	33	72	4,306
4	33	73	1,767
4	33	77	3,41
4	33	90	5,154
4	39	3	4,808
4	39	4	0,547
4	39	6	1,018
4	39	14	3,429
4	39	33	11,15
4	39	49	6,008
4	39	50	1,874
4	39	52	3,826
4	39	53	7,417
4	39	55	1,343
4	39	57	12,519
4	39	60	5,859
4	39	65	11,567
4	39	69	1,241
4	39	71	6,926
4	39	72	7,986
4	39	73	1,183
4	39	77	8,402
4	39	90	0,999
4	49	3	10,623
4	49	4	6,257
4	49	6	8,594
4	49	14	17,296
4	49	33	0,685
4	49	39	1,07
4	49	50	4,991
4	49	52	2,084
4	49	53	0,912
4	49	55	0,608
4	49	57	16,742
4	49	60	6,103
4	49	65	13,48
4	49	69	7,334
4	49	71	21,67
4	49	72	10,563
4	49	73	23,708
4	49	77	8,841
4	49	90	2,125
4	50	3	6,837
4	50	4	1,477
4	50	6	6,373
4	50	14	5,501
4	50	33	4,341
4	50	39	5,873
4	50	49	8,663
4	50	52	4,378
4	50	53	2,641
4	50	55	3,002
4	50	57	5,934
4	50	60	2,77
4	50	65	3,136
4	50	69	1,146
4	50	71	1,569
4	50	72	0,861
4	50	73	3,331
4	50	77	3,674
4	50	90	8,323
4	52	3	8,868
4	52	4	1,245
4	52	6	2,245
4	52	14	1,285
4	52	33	6,219
4	52	39	3,523
4	52	49	1,2
4	52	50	9,231
4	52	53	8,295
4	52	55	1,919
4	52	57	1,152
4	52	60	0,956
4	52	65	2,798
4	52	69	11,128
4	52	71	0,771
4	52	72	1,649
4	52	73	3,637
4	52	77	6,334
4	52	90	9,532
4	53	3	7,338
4	53	4	0,72
4	53	6	0,511
4	53	14	8,423
4	53	33	27,626
4	53	39	2,678
4	53	49	23,964
4	53	50	1,786
4	53	52	2,512
4	53	55	2,852
4	53	57	0,555
4	53	60	22,561
4	53	65	3,844
4	53	69	36,12
4	53	71	2,871
4	53	72	7,56
4	53	73	4,997
4	53	77	55,147
4	53	90	19,535
4	55	3	0,527
4	55	4	6,822
4	55	6	3,44
4	55	14	1,536
4	55	33	0,904
4	55	39	11,623
4	55	49	5,472
4	55	50	5,38
4	55	52	2,075
4	55	53	5,31
4	55	57	3,488
4	55	60	17,857
4	55	65	0,699
4	55	69	0,511
4	55	71	4,409
4	55	72	8,338
4	55	73	10,07
4	55	77	8,546
4	55	90	0,709
4	57	3	3,914
4	57	4	3,81
4	57	6	4,565
4	57	14	4,558
4	57	33	6,146
4	57	39	2,117
4	57	49	1,857
4	57	50	1,126
4	57	52	10,476
4	57	53	1,815
4	57	55	15,978
4	57	60	1,182
4	57	65	4,099
4	57	69	7,509
4	57	71	13,215
4	57	72	1,275
4	57	73	0,704
4	57	77	2,891
4	57	90	21,054
4	60	3	13,777
4	60	4	12,345
4	60	6	1,209
4	60	14	1,895
4	60	33	2,191
4	60	39	3,41
4	60	49	2,095
4	60	50	27,446
4	60	52	1,293
4	60	53	7,845
4	60	55	32,294
4	60	57	11,151
4	60	65	9,703
4	60	69	7,093
4	60	71	3,678
4	60	72	10,705
4	60	73	5,335
4	60	77	7,558
4	60	90	3,568
4	65	3	4,724
4	65	4	3,868
4	65	6	2,51
4	65	14	15,203
4	65	33	2,116
4	65	39	3,325
4	65	49	0,827
4	65	50	0,566
4	65	52	22,231
4	65	53	5,067
4	65	55	5,232
4	65	57	4,247
4	65	60	5,464
4	65	69	8,289
4	65	71	7,105
4	65	72	3,732
4	65	73	2,573
4	65	77	2,204
4	65	90	2,479
4	69	3	6,086
4	69	4	2,35
4	69	6	12,159
4	69	14	3,993
4	69	33	22,683
4	69	39	2,953
4	69	49	14,621
4	69	50	2,14
4	69	52	27,006
4	69	53	3,745
4	69	55	12,374
4	69	57	3,293
4	69	60	16,554
4	69	65	4,74
4	69	71	24,182
4	69	72	2,272
4	69	73	13,661
4	69	77	2,564
4	69	90	3,033
4	71	3	1,366
4	71	4	13,545
4	71	6	2,257
4	71	14	6,85
4	71	33	4,234
4	71	39	14,255
4	71	49	5,727
4	71	50	2,713
4	71	52	6,886
4	71	53	2,354
4	71	55	2,107
4	71	57	1,504
4	71	60	1,553
4	71	65	34,482
4	71	69	4,342
4	71	72	3,724
4	71	73	3,228
4	71	77	3,065
4	71	90	1,837
4	72	3	9,552
4	72	4	1,675
4	72	6	3,052
4	72	14	2,85
4	72	33	12,604
4	72	39	14,233
4	72	49	8,499
4	72	50	5,304
4	72	52	1,252
4	72	53	5,865
4	72	55	2,117
4	72	57	4,091
4	72	60	9,858
4	72	65	1,962
4	72	69	1,418
4	72	71	3,004
4	72	73	27,894
4	72	77	9,153
4	72	90	1,849
4	73	3	5,868
4	73	4	12,901
4	73	6	6,02
4	73	14	1,964
4	73	33	7,879
4	73	39	10,484
4	73	49	3,857
4	73	50	0,738
4	73	52	1,456
4	73	53	3,788
4	73	55	10,817
4	73	57	5,823
4	73	60	2,129
4	73	65	1,467
4	73	69	7,398
4	73	71	26,985
4	73	72	8,027
4	73	77	4,848
4	73	90	9,526
4	77	3	1,432
4	77	4	2,439
4	77	6	2,376
4	77	14	7,043
4	77	33	5,061
4	77	39	6,12
4	77	49	0,991
4	77	50	15,293
4	77	52	10,2
4	77	53	7,504
4	77	55	4,301
4	77	57	2,351
4	77	60	1,159
4	77	65	7,593
4	77	69	7,575
4	77	71	6,842
4	77	72	9,115
4	77	73	11,465
4	77	90	2,878
4	90	3	0,845
4	90	4	1,475
4	90	6	2,344
4	90	14	5,437
4	90	33	3,377
4	90	39	2,487
4	90	49	7,137
4	90	50	5,465
4	90	52	0,511
4	90	53	8,077
4	90	55	12,437
4	90	57	11,242
4	90	60	0,537
4	90	65	4,087
4	90	69	6,377
4	90	71	17,206
4	90	72	1,77
4	90	73	1,668
4	90	77	12,018
5	6	7	4,172
5	6	9	3,602
5	6	13	10,472
5	6	15	2,36
5	6	24	2,205
5	6	27	1,425
5	6	31	6,63
5	6	32	7,26
5	6	40	28,396
5	6	41	1,893
5	6	50	4,769
5	6	55	4,731
5	6	60	6,152
5	6	65	2,246
5	6	69	20,325
5	6	70	0,989
5	6	77	15,464
5	6	79	14,405
5	6	81	11,777
5	6	87	2,055
5	6	89	9,686
5	6	97	2,652
5	7	6	7,891
5	7	9	8,823
5	7	13	9,496
5	7	15	27,201
5	7	24	3,407
5	7	27	3,446
5	7	31	8,327
5	7	32	1,705
5	7	40	1,882
5	7	41	5,502
5	7	50	2,435
5	7	55	1,035
5	7	60	5,076
5	7	65	1,856
5	7	69	8,348
5	7	70	2,345
5	7	77	2,941
5	7	79	26,566
5	7	81	1,85
5	7	87	0,715
5	7	89	8,398
5	7	97	4,736
5	9	6	6,106
5	9	7	7,616
5	9	13	10,836
5	9	15	1,093
5	9	24	12,779
5	9	27	9,558
5	9	31	4,857
5	9	32	15,458
5	9	40	15,733
5	9	41	3,846
5	9	50	4,125
5	9	55	3,619
5	9	60	8,52
5	9	65	5,755
5	9	69	3,53
5	9	70	9,885
5	9	77	6,914
5	9	79	28,531
5	9	81	4,649
5	9	87	1,231
5	9	89	9,609
5	9	97	1,732
5	13	6	6,522
5	13	7	3,775
5	13	9	14,135
5	13	15	14,661
5	13	24	3,579
5	13	27	6,542
5	13	31	6,709
5	13	32	2,999
5	13	40	10,299
5	13	41	14,723
5	13	50	29,059
5	13	55	11,204
5	13	60	1,469
5	13	65	0,604
5	13	69	14,389
5	13	70	7,939
5	13	77	1,278
5	13	79	6,311
5	13	81	8,696
5	13	87	4,672
5	13	89	13,049
5	13	97	28,886
5	15	6	2,423
5	15	7	9,728
5	15	9	8,132
5	15	13	4,469
5	15	24	0,831
5	15	27	5,558
5	15	31	6,087
5	15	32	15,158
5	15	40	4,026
5	15	41	10,743
5	15	50	2,352
5	15	55	1,389
5	15	60	9,014
5	15	65	12,31
5	15	69	1,391
5	15	70	1,825
5	15	77	3,2
5	15	79	2,33
5	15	81	6,547
5	15	87	0,918
5	15	89	5,932
5	15	97	3,876
5	24	6	2,119
5	24	7	6,522
5	24	9	6,049
5	24	13	3,873
5	24	15	2,078
5	24	27	3,003
5	24	31	4,803
5	24	32	2,79
5	24	40	6,406
5	24	41	20,24
5	24	50	14,083
5	24	55	13,942
5	24	60	5,261
5	24	65	9,448
5	24	69	0,575
5	24	70	6,925
5	24	77	6,913
5	24	79	4,946
5	24	81	3,549
5	24	87	6,406
5	24	89	4,438
5	24	97	6,446
5	27	6	10,141
5	27	7	17,484
5	27	9	5,072
5	27	13	8,206
5	27	15	6,712
5	27	24	1,255
5	27	31	4,01
5	27	32	2,595
5	27	40	2,444
5	27	41	9,047
5	27	50	0,541
5	27	55	4,162
5	27	60	3,597
5	27	65	1,863
5	27	69	5,439
5	27	70	5,36
5	27	77	0,707
5	27	79	6,373
5	27	81	4,346
5	27	87	0,542
5	27	89	7,327
5	27	97	0,525
5	31	6	45,004
5	31	7	17,782
5	31	9	6,321
5	31	13	8,858
5	31	15	6,651
5	31	24	7,31
5	31	27	6,236
5	31	32	1,985
5	31	40	1,69
5	31	41	9,814
5	31	50	9,494
5	31	55	4,702
5	31	60	4,996
5	31	65	7,17
5	31	69	13,498
5	31	70	1,177
5	31	77	7,227
5	31	79	3,418
5	31	81	0,508
5	31	87	0,715
5	31	89	1,197
5	31	97	9,773
5	32	6	4,179
5	32	7	10,277
5	32	9	12,747
5	32	13	3,2
5	32	15	4,289
5	32	24	4,592
5	32	27	3,767
5	32	31	6,795
5	32	40	8,91
5	32	41	8,157
5	32	50	7,656
5	32	55	3,431
5	32	60	1,108
5	32	65	5,961
5	32	69	0,577
5	32	70	6,538
5	32	77	13,225
5	32	79	9,909
5	32	81	0,831
5	32	87	2,602
5	32	89	9,595
5	32	97	1,81
5	40	6	6,491
5	40	7	0,513
5	40	9	2,651
5	40	13	2,964
5	40	15	1,876
5	40	24	4,219
5	40	27	1,198
5	40	31	12,875
5	40	32	8,816
5	40	41	6,08
5	40	50	5,181
5	40	55	3,724
5	40	60	11,748
5	40	65	7,613
5	40	69	2,051
5	40	70	7,209
5	40	77	8,934
5	40	79	10,191
5	40	81	9,532
5	40	87	12,916
5	40	89	2,437
5	40	97	5,593
5	41	6	11,21
5	41	7	14,16
5	41	9	11,328
5	41	13	8,155
5	41	15	11,642
5	41	24	14,563
5	41	27	6,356
5	41	31	4,375
5	41	32	5,001
5	41	40	2,421
5	41	50	5,942
5	41	55	8,174
5	41	60	4,809
5	41	65	2,359
5	41	69	2,567
5	41	70	4,674
5	41	77	1,066
5	41	79	2,319
5	41	81	8,773
5	41	87	1,808
5	41	89	4,34
5	41	97	3,213
5	50	6	0,759
5	50	7	3,021
5	50	9	8,866
5	50	13	1,641
5	50	15	10,144
5	50	24	18,873
5	50	27	5,053
5	50	31	1,506
5	50	32	19,886
5	50	40	2,283
5	50	41	12,098
5	50	55	11,998
5	50	60	5,536
5	50	65	15,566
5	50	69	1,017
5	50	70	4,176
5	50	77	12,282
5	50	79	1,229
5	50	81	4,137
5	50	87	7,996
5	50	89	7,158
5	50	97	6,516
5	55	6	17,794
5	55	7	37,553
5	55	9	10,916
5	55	13	0,81
5	55	15	10,293
5	55	24	4,615
5	55	27	58,634
5	55	31	2,534
5	55	32	2,319
5	55	40	14,554
5	55	41	1,193
5	55	50	7,859
5	55	60	5,479
5	55	65	4,328
5	55	69	4,477
5	55	70	2,227
5	55	77	9,361
5	55	79	10,998
5	55	81	21,155
5	55	87	7,937
5	55	89	1,936
5	55	97	7,708
5	60	6	11,025
5	60	7	7,123
5	60	9	0,887
5	60	13	11,068
5	60	15	6,221
5	60	24	3,008
5	60	27	27,04
5	60	31	3,808
5	60	32	8,06
5	60	40	8,39
5	60	41	1,391
5	60	50	10,919
5	60	55	9,143
5	60	65	11,986
5	60	69	15,373
5	60	70	2,275
5	60	77	7,363
5	60	79	3,028
5	60	81	9,801
5	60	87	4,284
5	60	89	2,674
5	60	97	6,983
5	65	6	36,292
5	65	7	15,448
5	65	9	3,444
5	65	13	1,23
5	65	15	4,122
5	65	24	2,256
5	65	27	7,141
5	65	31	1,085
5	65	32	0,845
5	65	40	1,319
5	65	41	12,241
5	65	50	10,567
5	65	55	3,459
5	65	60	4,9
5	65	69	37,027
5	65	70	2,565
5	65	77	4,618
5	65	79	6,323
5	65	81	4,456
5	65	87	78,586
5	65	89	15,425
5	65	97	3,397
5	69	6	0,569
5	69	7	3,131
5	69	9	4,529
5	69	13	4,72
5	69	15	0,936
5	69	24	9,384
5	69	27	4,235
5	69	31	8,491
5	69	32	11,191
5	69	40	8,541
5	69	41	8,511
5	69	50	1,063
5	69	55	3,354
5	69	60	1,281
5	69	65	3,437
5	69	70	7,119
5	69	77	0,85
5	69	79	6,88
5	69	81	46,327
5	69	87	5,518
5	69	89	5,873
5	69	97	11,966
5	70	6	3,319
5	70	7	23,939
5	70	9	17,809
5	70	13	7,202
5	70	15	9,415
5	70	24	13,397
5	70	27	6,356
5	70	31	2,731
5	70	32	7,625
5	70	40	4,311
5	70	41	3,229
5	70	50	3,808
5	70	55	4,899
5	70	60	0,711
5	70	65	3,528
5	70	69	7,706
5	70	77	4,235
5	70	79	1,053
5	70	81	6,792
5	70	87	3,691
5	70	89	16,462
5	70	97	4,803
5	77	6	2,472
5	77	7	0,638
5	77	9	3,933
5	77	13	3,59
5	77	15	14,854
5	77	24	0,765
5	77	27	6,857
5	77	31	8,277
5	77	32	16,615
5	77	40	3,964
5	77	41	2,947
5	77	50	1,526
5	77	55	9,361
5	77	60	1,732
5	77	65	7,66
5	77	69	4,819
5	77	70	16,13
5	77	79	62,894
5	77	81	0,785
5	77	87	5,173
5	77	89	1,534
5	77	97	3,721
5	79	6	5,755
5	79	7	5,713
5	79	9	1,099
5	79	13	4,655
5	79	15	2,644
5	79	24	5,96
5	79	27	11,112
5	79	31	2,704
5	79	32	4,449
5	79	40	8,401
5	79	41	11,74
5	79	50	0,636
5	79	55	6,708
5	79	60	10,089
5	79	65	1,007
5	79	69	0,501
5	79	70	0,992
5	79	77	3,099
5	79	81	3,795
5	79	87	8,708
5	79	89	4,541
5	79	97	2,21
5	81	6	11,654
5	81	7	7,479
5	81	9	5,456
5	81	13	1,681
5	81	15	4,434
5	81	24	2,079
5	81	27	1,235
5	81	31	2,744
5	81	32	9,266
5	81	40	1,512
5	81	41	2,954
5	81	50	7,052
5	81	55	6,551
5	81	60	20,621
5	81	65	10,195
5	81	69	2,739
5	81	70	1,544
5	81	77	2,918
5	81	79	4,281
5	81	87	3,412
5	81	89	5,075
5	81	97	5,588
5	87	6	10,512
5	87	7	4,309
5	87	9	12,329
5	87	13	2,85
5	87	15	1,088
5	87	24	1,64
5	87	27	4,83
5	87	31	2,904
5	87	32	1,73
5	87	40	9,944
5	87	41	2,039
5	87	50	27,853
5	87	55	0,719
5	87	60	3,36
5	87	65	1,136
5	87	69	0,539
5	87	70	15,964
5	87	77	18,835
5	87	79	1,748
5	87	81	3,771
5	87	89	2,153
5	87	97	3,948
5	89	6	2,253
5	89	7	14,443
5	89	9	3,597
5	89	13	7,899
5	89	15	5,479
5	89	24	2,06
5	89	27	1,969
5	89	31	0,56
5	89	32	3,736
5	89	40	13,306
5	89	41	7,289
5	89	50	3,419
5	89	55	0,501
5	89	60	6,849
5	89	65	3,656
5	89	69	6,075
5	89	70	1,812
5	89	77	3,114
5	89	79	0,509
5	89	81	5,016
5	89	87	4,526
5	89	97	3,126
5	97	6	17,348
5	97	7	1,674
5	97	9	14,093
5	97	13	4,421
5	97	15	3,951
5	97	24	9,222
5	97	27	5,832
5	97	31	4,959
5	97	32	12,18
5	97	40	1,939
5	97	41	0,913
5	97	50	15,935
5	97	55	3,862
5	97	60	21,455
5	97	65	10,136
5	97	69	2,795
5	97	70	11,234
5	97	77	3,542
5	97	79	7,883
5	97	81	3,369
5	97	87	2,734
5	97	89	3,638
6	8	9	8,029
6	8	17	3,275
6	8	30	2,455
6	8	31	7,85
6	8	35	1,054
6	8	38	1,295
6	8	44	14,105
6	8	46	15,354
6	8	58	4,651
6	8	72	1,029
6	8	78	2,11
6	8	81	1,846
6	8	85	1,135
6	8	86	9,498
6	8	88	0,578
6	8	92	3,338
6	8	93	15,561
6	8	98	0,504
6	8	100	5,62
6	9	8	2,319
6	9	17	5,281
6	9	30	2,143
6	9	31	0,839
6	9	35	2,407
6	9	38	3,242
6	9	44	3,503
6	9	46	6,135
6	9	58	2,875
6	9	72	1,066
6	9	78	2,834
6	9	81	2,111
6	9	85	0,937
6	9	86	1,928
6	9	88	6,779
6	9	92	3,931
6	9	93	2,381
6	9	98	6,119
6	9	100	5,507
6	17	8	1,377
6	17	9	2,844
6	17	30	0,849
6	17	31	1,412
6	17	35	12,363
6	17	38	7,666
6	17	44	19,612
6	17	46	0,683
6	17	58	1,354
6	17	72	4,35
6	17	78	1,509
6	17	81	22,209
6	17	85	1,522
6	17	86	9,73
6	17	88	1,836
6	17	92	9,537
6	17	93	6,905
6	17	98	1,457
6	17	100	6,173
6	30	8	13,24
6	30	9	0,57
6	30	17	20,124
6	30	31	0,924
6	30	35	6,245
6	30	38	8,27
6	30	44	13,441
6	30	46	11,023
6	30	58	11,181
6	30	72	0,834
6	30	78	1,026
6	30	81	8,096
6	30	85	2,263
6	30	86	1,681
6	30	88	23,069
6	30	92	4,569
6	30	93	26,569
6	30	98	3,942
6	30	100	3,213
6	31	8	4,278
6	31	9	1,652
6	31	17	0,881
6	31	30	13,302
6	31	35	4,449
6	31	38	3,967
6	31	44	4,462
6	31	46	0,581
6	31	58	30,95
6	31	72	47,668
6	31	78	2,429
6	31	81	0,769
6	31	85	0,82
6	31	86	2,11
6	31	88	7,407
6	31	92	10,675
6	31	93	9,724
6	31	98	1,741
6	31	100	13,714
6	35	8	2,313
6	35	9	6,546
6	35	17	21,076
6	35	30	19,298
6	35	31	1,003
6	35	38	18,642
6	35	44	0,941
6	35	46	9,127
6	35	58	2,365
6	35	72	6,713
6	35	78	0,998
6	35	81	8,64
6	35	85	11,283
6	35	86	6,932
6	35	88	7,29
6	35	92	2,078
6	35	93	6,747
6	35	98	1,959
6	35	100	10,588
6	38	8	4,626
6	38	9	7,663
6	38	17	19,245
6	38	30	11,406
6	38	31	8,14
6	38	35	2,316
6	38	44	19,736
6	38	46	6,943
6	38	58	12,108
6	38	72	22,154
6	38	78	14,703
6	38	81	0,605
6	38	85	9,314
6	38	86	10,094
6	38	88	8,633
6	38	92	7,447
6	38	93	1,036
6	38	98	4,173
6	38	100	10,521
6	44	8	0,973
6	44	9	2,088
6	44	17	21,486
6	44	30	1,193
6	44	31	2,58
6	44	35	34,841
6	44	38	1,589
6	44	46	2,545
6	44	58	6,596
6	44	72	2,685
6	44	78	9,962
6	44	81	3,225
6	44	85	4,595
6	44	86	1,532
6	44	88	9,369
6	44	92	7,517
6	44	93	4,763
6	44	98	1,483
6	44	100	2,464
6	46	8	2,443
6	46	9	3,446
6	46	17	4,34
6	46	30	2,278
6	46	31	12,025
6	46	35	1,564
6	46	38	0,891
6	46	44	28,332
6	46	58	7,495
6	46	72	1,451
6	46	78	0,695
6	46	81	5,972
6	46	85	0,694
6	46	86	2,857
6	46	88	9,223
6	46	92	10,473
6	46	93	20,379
6	46	98	21,636
6	46	100	8,707
6	58	8	6,003
6	58	9	2,326
6	58	17	11,451
6	58	30	5,777
6	58	31	1,355
6	58	35	3,116
6	58	38	6,291
6	58	44	1,999
6	58	46	2,474
6	58	72	5,606
6	58	78	16,782
6	58	81	3,219
6	58	85	6,678
6	58	86	14,824
6	58	88	13,496
6	58	92	2,14
6	58	93	13,571
6	58	98	2,706
6	58	100	3,287
6	72	8	3,496
6	72	9	7,82
6	72	17	19,999
6	72	30	2,014
6	72	31	1,65
6	72	35	6,686
6	72	38	0,56
6	72	44	4,464
6	72	46	15,594
6	72	58	2,084
6	72	78	3,446
6	72	81	4,972
6	72	85	0,841
6	72	86	1,84
6	72	88	0,553
6	72	92	13,012
6	72	93	1,811
6	72	98	5,876
6	72	100	2,957
6	78	8	3,773
6	78	9	3,363
6	78	17	10,811
6	78	30	5,735
6	78	31	8,3
6	78	35	2,918
6	78	38	20,375
6	78	44	2,119
6	78	46	4,777
6	78	58	5,83
6	78	72	0,653
6	78	81	6,381
6	78	85	12,939
6	78	86	8,084
6	78	88	1,179
6	78	92	2,472
6	78	93	2,497
6	78	98	9,121
6	78	100	1,868
6	81	8	45,59
6	81	9	8,027
6	81	17	6,467
6	81	30	1,37
6	81	31	10,633
6	81	35	3,972
6	81	38	10,377
6	81	44	10,554
6	81	46	10,146
6	81	58	13,151
6	81	72	15,22
6	81	78	5,099
6	81	85	3,537
6	81	86	0,685
6	81	88	14,75
6	81	92	2,733
6	81	93	4,827
6	81	98	5,662
6	81	100	6,474
6	85	8	14,935
6	85	9	5,407
6	85	17	5,59
6	85	30	3,966
6	85	31	11,641
6	85	35	2,129
6	85	38	2,199
6	85	44	11,983
6	85	46	7,947
6	85	58	7,254
6	85	72	1,001
6	85	78	11,653
6	85	81	14,367
6	85	86	3,526
6	85	88	15,221
6	85	92	3,423
6	85	93	2,646
6	85	98	31,564
6	85	100	0,988
6	86	8	10,236
6	86	9	1,714
6	86	17	1,946
6	86	30	0,597
6	86	31	5,713
6	86	35	6,879
6	86	38	1,528
6	86	44	6,624
6	86	46	3,497
6	86	58	16,218
6	86	72	1,545
6	86	78	4,869
6	86	81	8,785
6	86	85	13,007
6	86	88	0,508
6	86	92	14,15
6	86	93	3,929
6	86	98	9,308
6	86	100	12,127
6	88	8	2,702
6	88	9	11,936
6	88	17	2,739
6	88	30	2,148
6	88	31	8,162
6	88	35	9,95
6	88	38	12,911
6	88	44	1,627
6	88	46	6,537
6	88	58	0,757
6	88	72	40,686
6	88	78	12,838
6	88	81	5,226
6	88	85	5,108
6	88	86	4,618
6	88	92	1,92
6	88	93	8,158
6	88	98	0,501
6	88	100	12,327
6	92	8	2,543
6	92	9	2,156
6	92	17	1,683
6	92	30	48,701
6	92	31	1,08
6	92	35	4,981
6	92	38	1,948
6	92	44	0,799
6	92	46	2,737
6	92	58	1,901
6	92	72	8,529
6	92	78	3,334
6	92	81	3,229
6	92	85	1,491
6	92	86	50,022
6	92	88	6,478
6	92	93	4,473
6	92	98	11,448
6	92	100	3,372
6	93	8	1,078
6	93	9	1,844
6	93	17	4,637
6	93	30	3,083
6	93	31	0,747
6	93	35	4,373
6	93	38	8,503
6	93	44	5,471
6	93	46	1,077
6	93	58	1,503
6	93	72	3,758
6	93	78	2,448
6	93	81	2,189
6	93	85	5,435
6	93	86	5,304
6	93	88	9,366
6	93	92	9,118
6	93	98	17,133
6	93	100	3,394
6	98	8	1,574
6	98	9	20,348
6	98	17	3,367
6	98	30	8,189
6	98	31	0,68
6	98	35	9,341
6	98	38	7,349
6	98	44	2,423
6	98	46	7,459
6	98	58	1,035
6	98	72	0,691
6	98	78	8,161
6	98	81	12,125
6	98	85	10,847
6	98	86	9,303
6	98	88	0,704
6	98	92	10,467
6	98	93	3,515
6	98	100	26,686
6	100	8	2,712
6	100	9	0,597
6	100	17	2,317
6	100	30	3,301
6	100	31	8,123
6	100	35	2,302
6	100	38	4,105
6	100	44	8,133
6	100	46	3,392
6	100	58	2,799
6	100	72	1,076
6	100	78	8,108
6	100	81	6,679
6	100	85	6,387
6	100	86	3,976
6	100	88	10,3
6	100	92	4,296
6	100	93	0,628
6	100	98	3,753
7	2	16	16,27
7	2	19	9,707
7	2	20	13,142
7	2	23	6,192
7	2	26	0,967
7	2	34	0,624
7	2	38	2,008
7	2	47	8,335
7	2	48	3,153
7	2	50	0,543
7	2	55	1,432
7	2	59	2,07
7	2	63	10,734
7	2	69	8,133
7	2	75	9,893
7	2	78	4,889
7	2	80	4,298
7	2	82	0,796
7	2	83	22,625
7	2	92	16,237
7	2	96	1,566
7	2	97	3,14
7	2	100	79,263
7	16	2	9,868
7	16	19	3,954
7	16	20	10,995
7	16	23	2,798
7	16	26	0,774
7	16	34	5,363
7	16	38	8,268
7	16	47	4,866
7	16	48	7,037
7	16	50	16,264
7	16	55	3,036
7	16	59	3,233
7	16	63	2,079
7	16	69	5,893
7	16	75	0,608
7	16	78	3,606
7	16	80	3,091
7	16	82	14,118
7	16	83	5,731
7	16	92	3,615
7	16	96	0,694
7	16	97	1,369
7	16	100	17,038
7	19	2	9,837
7	19	16	15,293
7	19	20	4,297
7	19	23	2,118
7	19	26	1,869
7	19	34	23,295
7	19	38	0,625
7	19	47	12,686
7	19	48	1,876
7	19	50	6,782
7	19	55	0,692
7	19	59	2,366
7	19	63	20,591
7	19	69	3,152
7	19	75	5,709
7	19	78	14,171
7	19	80	2,459
7	19	82	0,771
7	19	83	6,333
7	19	92	4,108
7	19	96	10,355
7	19	97	0,501
7	19	100	3,325
7	20	2	4,302
7	20	16	1,644
7	20	19	0,634
7	20	23	2,277
7	20	26	4,501
7	20	34	3,702
7	20	38	6,654
7	20	47	1,553
7	20	48	8,559
7	20	50	12,307
7	20	55	17,115
7	20	59	17,511
7	20	63	1,346
7	20	69	5,489
7	20	75	7,279
7	20	78	4,501
7	20	80	8,966
7	20	82	6,669
7	20	83	6,734
7	20	92	1,038
7	20	96	1,446
7	20	97	1,616
7	20	100	3,671
7	23	2	8,217
7	23	16	7,154
7	23	19	2,181
7	23	20	2,253
7	23	26	3,713
7	23	34	4,533
7	23	38	1,047
7	23	47	4,187
7	23	48	7,871
7	23	50	8,935
7	23	55	23,495
7	23	59	6,811
7	23	63	8,064
7	23	69	0,539
7	23	75	2,944
7	23	78	1,249
7	23	80	4,883
7	23	82	0,976
7	23	83	1,131
7	23	92	8,408
7	23	96	13,105
7	23	97	1,293
7	23	100	3,444
7	26	2	2,143
7	26	16	2,642
7	26	19	1,436
7	26	20	0,505
7	26	23	18,159
7	26	34	4,027
7	26	38	6,988
7	26	47	13,857
7	26	48	4,523
7	26	50	0,756
7	26	55	6,61
7	26	59	1,149
7	26	63	2,989
7	26	69	8,593
7	26	75	3,406
7	26	78	18,65
7	26	80	10,88
7	26	82	1,232
7	26	83	7,76
7	26	92	13,564
7	26	96	1,46
7	26	97	2,429
7	26	100	24,274
7	34	2	5,648
7	34	16	8,016
7	34	19	3,024
7	34	20	3,655
7	34	23	9,921
7	34	26	9,328
7	34	38	2,549
7	34	47	17,612
7	34	48	8,201
7	34	50	7,682
7	34	55	5,899
7	34	59	8,45
7	34	63	4,479
7	34	69	4,497
7	34	75	1,613
7	34	78	5,042
7	34	80	0,89
7	34	82	11,366
7	34	83	3,454
7	34	92	7,547
7	34	96	8,451
7	34	97	4,002
7	34	100	2,675
7	38	2	2,956
7	38	16	4,431
7	38	19	6,549
7	38	20	7,629
7	38	23	0,763
7	38	26	1,19
7	38	34	1,245
7	38	47	1,864
7	38	48	13,122
7	38	50	11,646
7	38	55	1,785
7	38	59	13,325
7	38	63	3,626
7	38	69	1,363
7	38	75	4,792
7	38	78	18,131
7	38	80	3,739
7	38	82	4,03
7	38	83	1,028
7	38	92	5,749
7	38	96	25,024
7	38	97	6,471
7	38	100	8,813
7	47	2	6,225
7	47	16	26,565
7	47	19	13,729
7	47	20	13,19
7	47	23	1,841
7	47	26	2,304
7	47	34	13,123
7	47	38	2,368
7	47	48	1,339
7	47	50	2,07
7	47	55	4,399
7	47	59	0,827
7	47	63	8,237
7	47	69	16,821
7	47	75	1,178
7	47	78	21,772
7	47	80	2,329
7	47	82	2,675
7	47	83	4,725
7	47	92	23,259
7	47	96	1,346
7	47	97	12,15
7	47	100	0,862
7	48	2	102,823
7	48	16	10,727
7	48	19	1,979
7	48	20	3,234
7	48	23	21,102
7	48	26	1,151
7	48	34	1,525
7	48	38	0,552
7	48	47	1,164
7	48	50	9,538
7	48	55	1,505
7	48	59	2,897
7	48	63	6,725
7	48	69	1,87
7	48	75	19,791
7	48	78	1,657
7	48	80	10,184
7	48	82	0,5
7	48	83	15,091
7	48	92	5,424
7	48	96	11,272
7	48	97	0,565
7	48	100	12,226
7	50	2	3,779
7	50	16	35,741
7	50	19	1,013
7	50	20	17,892
7	50	23	3,922
7	50	26	5,106
7	50	34	1,099
7	50	38	1,929
7	50	47	7,666
7	50	48	3,21
7	50	55	2,396
7	50	59	13,721
7	50	63	1,979
7	50	69	10,193
7	50	75	1,797
7	50	78	14,179
7	50	80	3,876
7	50	82	0,888
7	50	83	2,113
7	50	92	1,73
7	50	96	3,275
7	50	97	6,26
7	50	100	3,708
7	55	2	1,971
7	55	16	2,185
7	55	19	15,202
7	55	20	2,858
7	55	23	1,259
7	55	26	1,658
7	55	34	8,713
7	55	38	6,502
7	55	47	9,872
7	55	48	1,695
7	55	50	0,746
7	55	59	6,414
7	55	63	13,575
7	55	69	3,837
7	55	75	3,107
7	55	78	3,575
7	55	80	5,068
7	55	82	4,701
7	55	83	0,589
7	55	92	6,267
7	55	96	2,12
7	55	97	1,089
7	55	100	19,626
7	59	2	1,645
7	59	16	0,925
7	59	19	42,111
7	59	20	7,487
7	59	23	2,891
7	59	26	1,809
7	59	34	10,242
7	59	38	14,286
7	59	47	7,33
7	59	48	19,668
7	59	50	3,559
7	59	55	9,576
7	59	63	6,158
7	59	69	2,226
7	59	75	7,171
7	59	78	8,85
7	59	80	1,304
7	59	82	5,207
7	59	83	5,387
7	59	92	4,393
7	59	96	2,227
7	59	97	4,125
7	59	100	7,912
7	63	2	7,595
7	63	16	6,375
7	63	19	7
7	63	20	8,271
7	63	23	11,465
7	63	26	1,031
7	63	34	1,143
7	63	38	3,791
7	63	47	9,987
7	63	48	5,734
7	63	50	0,711
7	63	55	5,259
7	63	59	1,111
7	63	69	1,211
7	63	75	18,299
7	63	78	3,645
7	63	80	30,784
7	63	82	5,151
7	63	83	0,555
7	63	92	28,797
7	63	96	1,816
7	63	97	9,068
7	63	100	4,055
7	69	2	4,544
7	69	16	2,07
7	69	19	2,159
7	69	20	4,979
7	69	23	9,869
7	69	26	16,333
7	69	34	3,876
7	69	38	2,826
7	69	47	9,77
7	69	48	11,214
7	69	50	3,082
7	69	55	1,377
7	69	59	0,707
7	69	63	7,524
7	69	75	0,717
7	69	78	3,518
7	69	80	11,718
7	69	82	4,894
7	69	83	35,428
7	69	92	1,033
7	69	96	0,913
7	69	97	50,423
7	69	100	12,121
7	75	2	6,653
7	75	16	18,446
7	75	19	5,767
7	75	20	3,898
7	75	23	11,414
7	75	26	6,191
7	75	34	1,609
7	75	38	0,963
7	75	47	3,55
7	75	48	1,005
7	75	50	4,044
7	75	55	0,879
7	75	59	4,368
7	75	63	3,151
7	75	69	3,208
7	75	78	2,58
7	75	80	10,466
7	75	82	0,588
7	75	83	3,068
7	75	92	0,633
7	75	96	10,433
7	75	97	0,765
7	75	100	7,381
7	78	2	4,641
7	78	16	5,095
7	78	19	1,008
7	78	20	21,553
7	78	23	1,777
7	78	26	2,412
7	78	34	1,818
7	78	38	14,958
7	78	47	5,893
7	78	48	13,456
7	78	50	8,858
7	78	55	5,188
7	78	59	12,262
7	78	63	1,299
7	78	69	10,955
7	78	75	4,569
7	78	80	2,511
7	78	82	4,992
7	78	83	6,057
7	78	92	8,958
7	78	96	1,303
7	78	97	1,298
7	78	100	0,728
7	80	2	1,061
7	80	16	1,894
7	80	19	1,839
7	80	20	3,915
7	80	23	6,383
7	80	26	18,401
7	80	34	26,792
7	80	38	7,25
7	80	47	3,125
7	80	48	5,233
7	80	50	5,909
7	80	55	24,811
7	80	59	6,31
7	80	63	1,791
7	80	69	3,247
7	80	75	7,3
7	80	78	7,377
7	80	82	0,549
7	80	83	7,971
7	80	92	3,434
7	80	96	2,123
7	80	97	3,722
7	80	100	17,738
7	82	2	5,253
7	82	16	9,632
7	82	19	1,842
7	82	20	2,843
7	82	23	10,919
7	82	26	4,598
7	82	34	14,643
7	82	38	11,946
7	82	47	8,998
7	82	48	37,827
7	82	50	1,171
7	82	55	24,514
7	82	59	2,234
7	82	63	1,429
7	82	69	2,538
7	82	75	6,985
7	82	78	1,024
7	82	80	4,216
7	82	83	5,712
7	82	92	18,124
7	82	96	2,387
7	82	97	5,397
7	82	100	1,175
7	83	2	3,144
7	83	16	5,637
7	83	19	3,068
7	83	20	12,789
7	83	23	7,163
7	83	26	10,361
7	83	34	12,324
7	83	38	3,321
7	83	47	1,388
7	83	48	2,374
7	83	50	1,093
7	83	55	6,701
7	83	59	3,889
7	83	63	4,925
7	83	69	67,848
7	83	75	28,2
7	83	78	17,484
7	83	80	7,623
7	83	82	4,533
7	83	92	1,04
7	83	96	1,97
7	83	97	1,332
7	83	100	5,852
7	92	2	3,271
7	92	16	7,999
7	92	19	0,941
7	92	20	8,279
7	92	23	3,504
7	92	26	5,531
7	92	34	8,089
7	92	38	3,356
7	92	47	6,27
7	92	48	0,636
7	92	50	10,115
7	92	55	3,396
7	92	59	7,66
7	92	63	2,111
7	92	69	1,522
7	92	75	16,327
7	92	78	10,242
7	92	80	1,126
7	92	82	1,247
7	92	83	10,095
7	92	96	1,671
7	92	97	2,618
7	92	100	2,48
7	96	2	3,163
7	96	16	2,557
7	96	19	10,339
7	96	20	3,858
7	96	23	0,832
7	96	26	3,308
7	96	34	2,827
7	96	38	23,744
7	96	47	4,697
7	96	48	3,26
7	96	50	2,977
7	96	55	8,642
7	96	59	13,273
7	96	63	66,137
7	96	69	6,947
7	96	75	9,61
7	96	78	1,671
7	96	80	6,36
7	96	82	2,068
7	96	83	11,357
7	96	92	7,895
7	96	97	4,72
7	96	100	2,689
7	97	2	5,444
7	97	16	9,408
7	97	19	7,28
7	97	20	43,305
7	97	23	25,516
7	97	26	4,032
7	97	34	2,84
7	97	38	2,753
7	97	47	0,831
7	97	48	4,255
7	97	50	0,658
7	97	55	3,288
7	97	59	16,086
7	97	63	17,313
7	97	69	7,083
7	97	75	5,718
7	97	78	2,75
7	97	80	1,162
7	97	82	4,189
7	97	83	13,483
7	97	92	0,617
7	97	96	3,253
7	97	100	4,997
7	100	2	5,54
7	100	16	1,985
7	100	19	0,552
7	100	20	2,689
7	100	23	13,068
7	100	26	2,909
7	100	34	1,095
7	100	38	5,959
7	100	47	1,762
7	100	48	6,277
7	100	50	2,457
7	100	55	34,435
7	100	59	7,312
7	100	63	5,617
7	100	69	2,945
7	100	75	5,337
7	100	78	3,155
7	100	80	36,368
7	100	82	5,254
7	100	83	2,317
7	100	92	5,577
7	100	96	1,053
7	100	97	13,46
8	1	5	4,914
8	1	11	5,858
8	1	13	1,005
8	1	15	8,682
8	1	16	2,465
8	1	18	8,258
8	1	23	11,436
8	1	28	3,795
8	1	35	5,417
8	1	37	0,666
8	1	40	3,845
8	1	48	1,159
8	1	52	5,726
8	1	55	3,225
8	1	66	19,436
8	1	78	2,251
8	1	80	1,813
8	1	82	12,165
8	1	83	6,281
8	1	84	6,225
8	1	91	2,005
8	1	93	0,524
8	1	95	3,876
8	1	97	2,471
8	1	100	1,08
8	5	1	10,115
8	5	11	4,045
8	5	13	1,621
8	5	15	6,543
8	5	16	1,934
8	5	18	2,611
8	5	23	0,838
8	5	28	18,367
8	5	35	16,646
8	5	37	8,391
8	5	40	3,614
8	5	48	4,419
8	5	52	1,134
8	5	55	9,65
8	5	66	21,932
8	5	78	8,674
8	5	80	28,539
8	5	82	1,097
8	5	83	0,551
8	5	84	12,413
8	5	91	1,489
8	5	93	2,324
8	5	95	4,805
8	5	97	2,538
8	5	100	11,15
8	11	1	4,405
8	11	5	17,917
8	11	13	0,984
8	11	15	3,716
8	11	16	3,41
8	11	18	21,592
8	11	23	1,91
8	11	28	2,201
8	11	35	7,126
8	11	37	2,319
8	11	40	2,017
8	11	48	16,822
8	11	52	3,848
8	11	55	9,223
8	11	66	6,055
8	11	78	8,923
8	11	80	4,409
8	11	82	6,737
8	11	83	9,145
8	11	84	2,751
8	11	91	13,392
8	11	93	2,258
8	11	95	1,333
8	11	97	1,811
8	11	100	2,747
8	13	1	13,617
8	13	5	2,631
8	13	11	21,047
8	13	15	5,476
8	13	16	0,611
8	13	18	22,436
8	13	23	6,959
8	13	28	2,769
8	13	35	10,167
8	13	37	3,21
8	13	40	11,28
8	13	48	2,384
8	13	52	8,107
8	13	55	20,473
8	13	66	4,273
8	13	78	8,989
8	13	80	5,044
8	13	82	6,497
8	13	83	11,999
8	13	84	9,933
8	13	91	6,441
8	13	93	4,148
8	13	95	3,283
8	13	97	0,62
8	13	100	3,401
8	15	1	0,752
8	15	5	11,19
8	15	11	1,003
8	15	13	3,142
8	15	16	4,154
8	15	18	2,579
8	15	23	9,935
8	15	28	2,688
8	15	35	31,514
8	15	37	1,83
8	15	40	16,848
8	15	48	6,819
8	15	52	3,093
8	15	55	7,328
8	15	66	4,584
8	15	78	4,576
8	15	80	8,751
8	15	82	5,016
8	15	83	7,666
8	15	84	5,769
8	15	91	7,411
8	15	93	10,018
8	15	95	0,911
8	15	97	6,921
8	15	100	15,055
8	16	1	2,813
8	16	5	1,592
8	16	11	3,642
8	16	13	0,897
8	16	15	17,194
8	16	18	0,519
8	16	23	13,413
8	16	28	14,095
8	16	35	6,554
8	16	37	12,354
8	16	40	7,367
8	16	48	3,013
8	16	52	4,967
8	16	55	7,703
8	16	66	16,536
8	16	78	7,001
8	16	80	1,365
8	16	82	0,781
8	16	83	2,972
8	16	84	7,263
8	16	91	20,081
8	16	93	2,576
8	16	95	19,49
8	16	97	5,187
8	16	100	4,253
8	18	1	5,283
8	18	5	1,728
8	18	11	2,306
8	18	13	6,826
8	18	15	5,696
8	18	16	10,28
8	18	23	15,632
8	18	28	0,767
8	18	35	1,552
8	18	37	0,685
8	18	40	3,316
8	18	48	24,761
8	18	52	2,884
8	18	55	3,474
8	18	66	2,577
8	18	78	15,128
8	18	80	9,654
8	18	82	5,193
8	18	83	3,544
8	18	84	2,063
8	18	91	10,12
8	18	93	50,324
8	18	95	1,821
8	18	97	22,242
8	18	100	10,958
8	23	1	1,661
8	23	5	7,018
8	23	11	14,753
8	23	13	0,692
8	23	15	1,994
8	23	16	1,619
8	23	18	5,599
8	23	28	0,79
8	23	35	39,917
8	23	37	1,798
8	23	40	18,966
8	23	48	1,013
8	23	52	5,74
8	23	55	0,81
8	23	66	5,838
8	23	78	12,236
8	23	80	6,636
8	23	82	28,912
8	23	83	2,556
8	23	84	7,697
8	23	91	6,207
8	23	93	2,495
8	23	95	2,077
8	23	97	11,819
8	23	100	6,991
8	28	1	1,502
8	28	5	2,579
8	28	11	6,119
8	28	13	1,257
8	28	15	4,015
8	28	16	3,929
8	28	18	8,711
8	28	23	5,663
8	28	35	4,544
8	28	37	3,699
8	28	40	4,269
8	28	48	5,331
8	28	52	8,228
8	28	55	2,573
8	28	66	2,727
8	28	78	1,088
8	28	80	5,031
8	28	82	0,6
8	28	83	5,15
8	28	84	1,122
8	28	91	4,933
8	28	93	1,967
8	28	95	5,39
8	28	97	2,393
8	28	100	1,614
8	35	1	1,099
8	35	5	1,239
8	35	11	15,444
8	35	13	0,994
8	35	15	7,656
8	35	16	2,042
8	35	18	8,603
8	35	23	11,48
8	35	28	1,969
8	35	37	0,685
8	35	40	8,175
8	35	48	8,384
8	35	52	10,631
8	35	55	0,739
8	35	66	5,381
8	35	78	5,546
8	35	80	1,14
8	35	82	13,092
8	35	83	2,88
8	35	84	2,395
8	35	91	1,071
8	35	93	4,264
8	35	95	1,47
8	35	97	3,996
8	35	100	16,795
8	37	1	5,639
8	37	5	1,841
8	37	11	1,79
8	37	13	2,036
8	37	15	4,205
8	37	16	11,534
8	37	18	5,19
8	37	23	1,346
8	37	28	7,735
8	37	35	5,842
8	37	40	6,006
8	37	48	2,082
8	37	52	2,503
8	37	55	10,421
8	37	66	12,303
8	37	78	9,906
8	37	80	13,588
8	37	82	2,41
8	37	83	11,438
8	37	84	1,511
8	37	91	12,369
8	37	93	8,681
8	37	95	2,325
8	37	97	11,575
8	37	100	1,848
8	40	1	0,507
8	40	5	1,27
8	40	11	26,827
8	40	13	4,209
8	40	15	3,952
8	40	16	27,939
8	40	18	1,99
8	40	23	11,427
8	40	28	3,225
8	40	35	4,523
8	40	37	2,796
8	40	48	1,665
8	40	52	12,771
8	40	55	1,939
8	40	66	5,872
8	40	78	4,079
8	40	80	1,393
8	40	82	1,064
8	40	83	1,433
8	40	84	114,012
8	40	91	2,92
8	40	93	12,798
8	40	95	1,045
8	40	97	0,552
8	40	100	10,396
8	48	1	3,576
8	48	5	1,448
8	48	11	6,156
8	48	13	15,116
8	48	15	2,623
8	48	16	3,041
8	48	18	7,393
8	48	23	3,404
8	48	28	7,742
8	48	35	2,325
8	48	37	3,174
8	48	40	5,483
8	48	52	17,992
8	48	55	4,441
8	48	66	3,65
8	48	78	2,948
8	48	80	9,458
8	48	82	0,803
8	48	83	24,478
8	48	84	2,025
8	48	91	9,601
8	48	93	2,97
8	48	95	2,555
8	48	97	10,676
8	48	100	12,717
8	52	1	2,208
8	52	5	0,956
8	52	11	2,841
8	52	13	6,673
8	52	15	31,752
8	52	16	1,122
8	52	18	1,443
8	52	23	2
8	52	28	1,092
8	52	35	16,682
8	52	37	12,993
8	52	40	1,144
8	52	48	2,872
8	52	55	2,737
8	52	66	4,455
8	52	78	75,391
8	52	80	0,746
8	52	82	5,749
8	52	83	9,396
8	52	84	4,644
8	52	91	5,061
8	52	93	1,979
8	52	95	3,006
8	52	97	3,273
8	52	100	1,366
8	55	1	2,956
8	55	5	22,38
8	55	11	3,073
8	55	13	4,738
8	55	15	2,553
8	55	16	3,175
8	55	18	10,741
8	55	23	10,339
8	55	28	19,339
8	55	35	11,228
8	55	37	7,89
8	55	40	2,401
8	55	48	6,073
8	55	52	2,034
8	55	66	3,651
8	55	78	3,559
8	55	80	0,754
8	55	82	1,086
8	55	83	6,531
8	55	84	10,233
8	55	91	1,558
8	55	93	9,889
8	55	95	18,438
8	55	97	10,372
8	55	100	5,966
8	66	1	11,79
8	66	5	0,968
8	66	11	0,964
8	66	13	7,384
8	66	15	0,778
8	66	16	4,734
8	66	18	11,277
8	66	23	1,029
8	66	28	3,48
8	66	35	3,432
8	66	37	11,122
8	66	40	1,469
8	66	48	2,835
8	66	52	1,634
8	66	55	6,513
8	66	78	3,506
8	66	80	0,81
8	66	82	7,516
8	66	83	2,693
8	66	84	5,917
8	66	91	2,429
8	66	93	2,537
8	66	95	2,356
8	66	97	6,787
8	66	100	15,255
8	78	1	6,814
8	78	5	2,469
8	78	11	0,749
8	78	13	2,1
8	78	15	2,199
8	78	16	1,577
8	78	18	7,638
8	78	23	7,724
8	78	28	9,873
8	78	35	0,78
8	78	37	6,213
8	78	40	4,342
8	78	48	4,444
8	78	52	2,182
8	78	55	7,778
8	78	66	4,885
8	78	80	3,14
8	78	82	12,505
8	78	83	1,845
8	78	84	4,465
8	78	91	8,44
8	78	93	1,404
8	78	95	4,911
8	78	97	5,264
8	78	100	20,031
8	80	1	4,623
8	80	5	32,331
8	80	11	2,691
8	80	13	1,634
8	80	15	2,432
8	80	16	56,215
8	80	18	2,871
8	80	23	2,592
8	80	28	0,626
8	80	35	6,422
8	80	37	9,454
8	80	40	8,944
8	80	48	2,767
8	80	52	11,303
8	80	55	1,281
8	80	66	24,08
8	80	78	4,865
8	80	82	4,327
8	80	83	1,444
8	80	84	2,854
8	80	91	4,797
8	80	93	18,949
8	80	95	3,69
8	80	97	14,984
8	80	100	3,586
8	82	1	12,729
8	82	5	1,363
8	82	11	4,313
8	82	13	5,991
8	82	15	4,067
8	82	16	11,369
8	82	18	4,146
8	82	23	4,668
8	82	28	1,803
8	82	35	8,355
8	82	37	12,755
8	82	40	6,896
8	82	48	3,75
8	82	52	5,75
8	82	55	1,493
8	82	66	4,019
8	82	78	2,572
8	82	80	8,464
8	82	83	2,582
8	82	84	17,856
8	82	91	4,698
8	82	93	0,989
8	82	95	2,811
8	82	97	1,159
8	82	100	4,131
8	83	1	9,061
8	83	5	1,473
8	83	11	6,372
8	83	13	12,779
8	83	15	4,533
8	83	16	2,958
8	83	18	1,748
8	83	23	4,117
8	83	28	1,199
8	83	35	17,624
8	83	37	1,763
8	83	40	28,39
8	83	48	6,157
8	83	52	3,013
8	83	55	1,157
8	83	66	0,871
8	83	78	2,21
8	83	80	5,382
8	83	82	8,768
8	83	84	24,599
8	83	91	4,995
8	83	93	0,836
8	83	95	1,456
8	83	97	5,292
8	83	100	15,809
8	84	1	25,248
8	84	5	2,649
8	84	11	7,395
8	84	13	0,521
8	84	15	6,115
8	84	16	0,719
8	84	18	5,202
8	84	23	2,027
8	84	28	5,576
8	84	35	4,8
8	84	37	1,379
8	84	40	14,04
8	84	48	4,927
8	84	52	5,268
8	84	55	0,784
8	84	66	4,419
8	84	78	2,951
8	84	80	3,051
8	84	82	0,6
8	84	83	5,016
8	84	91	4,123
8	84	93	3,487
8	84	95	2,406
8	84	97	0,846
8	84	100	3,044
8	91	1	0,863
8	91	5	3,532
8	91	11	2,29
8	91	13	2,925
8	91	15	10,953
8	91	16	5,066
8	91	18	14,458
8	91	23	0,792
8	91	28	1,887
8	91	35	9,724
8	91	37	57,673
8	91	40	3,225
8	91	48	4,477
8	91	52	6,409
8	91	55	2,414
8	91	66	4,482
8	91	78	31,559
8	91	80	14,981
8	91	82	26,851
8	91	83	3,276
8	91	84	3,833
8	91	93	0,85
8	91	95	13,807
8	91	97	15,541
8	91	100	2,898
8	93	1	8,145
8	93	5	1,054
8	93	11	1,351
8	93	13	1,926
8	93	15	3,349
8	93	16	2,086
8	93	18	3,603
8	93	23	5,795
8	93	28	6,506
8	93	35	8,617
8	93	37	6,533
8	93	40	4,202
8	93	48	25,758
8	93	52	6,246
8	93	55	1,718
8	93	66	3,565
8	93	78	1,202
8	93	80	11,818
8	93	82	5,379
8	93	83	8,707
8	93	84	6,392
8	93	91	0,696
8	93	95	1,794
8	93	97	12,001
8	93	100	10,608
8	95	1	1,594
8	95	5	0,533
8	95	11	0,53
8	95	13	7,069
8	95	15	22,635
8	95	16	7,858
8	95	18	1,247
8	95	23	4,462
8	95	28	8,64
8	95	35	3,222
8	95	37	2,387
8	95	40	1,93
8	95	48	4,608
8	95	52	8,455
8	95	55	1,116
8	95	66	12,157
8	95	78	1,316
8	95	80	4,191
8	95	82	13,436
8	95	83	6,104
8	95	84	6,486
8	95	91	0,944
8	95	93	10,577
8	95	97	4,486
8	95	100	19,133
8	97	1	10,613
8	97	5	3,545
8	97	11	7,673
8	97	13	7,09
8	97	15	6,612
8	97	16	1,711
8	97	18	6,7
8	97	23	5,312
8	97	28	1,236
8	97	35	2,01
8	97	37	4,157
8	97	40	1,465
8	97	48	5,912
8	97	52	4,662
8	97	55	3,219
8	97	66	4,293
8	97	78	0,973
8	97	80	5,338
8	97	82	3,211
8	97	83	4,083
8	97	84	10,691
8	97	91	2,255
8	97	93	7,294
8	97	95	1,318
8	97	100	8,355
8	100	1	2,03
8	100	5	0,816
8	100	11	2,938
8	100	13	14,085
8	100	15	17,069
8	100	16	0,758
8	100	18	3,293
8	100	23	4,287
8	100	28	5,183
8	100	35	29,821
8	100	37	4,462
8	100	40	3,868
8	100	48	1,565
8	100	52	4,792
8	100	55	9,83
8	100	66	2,794
8	100	78	1,475
8	100	80	14,553
8	100	82	3,17
8	100	83	14,625
8	100	84	15,133
8	100	91	6,69
8	100	93	12,506
8	100	95	7,104
8	100	97	1,302
9	7	8	3,582
9	7	12	4,68
9	7	21	3,316
9	7	22	1,167
9	7	24	8,812
9	7	26	3,928
9	7	27	1,277
9	7	29	13,47
9	7	42	5,75
9	7	45	5,841
9	7	46	3,005
9	7	47	4,358
9	7	54	12,843
9	7	62	12,774
9	7	63	3,967
9	7	65	7,576
9	7	67	3,184
9	7	68	1,617
9	7	73	4,135
9	7	75	0,91
9	7	77	10,016
9	7	81	3,099
9	7	82	1,133
9	7	89	2,613
9	7	91	2,999
9	7	99	3,664
9	8	7	1,368
9	8	12	5,206
9	8	21	1,943
9	8	22	1,028
9	8	24	11,497
9	8	26	2,099
9	8	27	2,076
9	8	29	25,08
9	8	42	1,188
9	8	45	4,944
9	8	46	11,755
9	8	47	9,104
9	8	54	0,753
9	8	62	2,396
9	8	63	8,004
9	8	65	11,333
9	8	67	7,247
9	8	68	5,999
9	8	73	2,325
9	8	75	3,016
9	8	77	1,097
9	8	81	2,783
9	8	82	3,334
9	8	89	7,003
9	8	91	5,19
9	8	99	1,93
9	12	7	2,267
9	12	8	15,776
9	12	21	9,622
9	12	22	20,957
9	12	24	10,794
9	12	26	5,943
9	12	27	0,892
9	12	29	17,67
9	12	42	0,859
9	12	45	34,482
9	12	46	15,01
9	12	47	2,433
9	12	54	0,965
9	12	62	2,437
9	12	63	13,629
9	12	65	8,704
9	12	67	2,275
9	12	68	2,904
9	12	73	0,667
9	12	75	0,688
9	12	77	1,88
9	12	81	4,764
9	12	82	1,079
9	12	89	10,658
9	12	91	10,472
9	12	99	2,895
9	21	7	0,795
9	21	8	1,606
9	21	12	8,028
9	21	22	6,233
9	21	24	5,092
9	21	26	9,407
9	21	27	0,547
9	21	29	0,758
9	21	42	2,133
9	21	45	2,245
9	21	46	1,144
9	21	47	7,573
9	21	54	6,461
9	21	62	0,615
9	21	63	0,82
9	21	65	4,09
9	21	67	4,523
9	21	68	6,095
9	21	73	5,058
9	21	75	17,391
9	21	77	2,142
9	21	81	12,343
9	21	82	16,05
9	21	89	2,67
9	21	91	23,239
9	21	99	4,604
9	22	7	1,044
9	22	8	2,476
9	22	12	5,434
9	22	21	3,66
9	22	24	8,994
9	22	26	11,899
9	22	27	1,576
9	22	29	3,617
9	22	42	2,473
9	22	45	8,895
9	22	46	2,75
9	22	47	14,645
9	22	54	7,488
9	22	62	2,311
9	22	63	6,114
9	22	65	1,061
9	22	67	35,741
9	22	68	3,415
9	22	73	0,668
9	22	75	3,255
9	22	77	10,92
9	22	81	4,005
9	22	82	2,212
9	22	89	3,127
9	22	91	1,374
9	22	99	12,32
9	24	7	8,041
9	24	8	1,727
9	24	12	2,366
9	24	21	9,317
9	24	22	7,315
9	24	26	1,287
9	24	27	3,99
9	24	29	0,794
9	24	42	12,215
9	24	45	6,251
9	24	46	6,724
9	24	47	1,471
9	24	54	5,127
9	24	62	7,729
9	24	63	8,803
9	24	65	15,814
9	24	67	37,693
9	24	68	11,007
9	24	73	8,015
9	24	75	0,669
9	24	77	2,951
9	24	81	13,252
9	24	82	0,639
9	24	89	1,849
9	24	91	8,784
9	24	99	9,515
9	26	7	0,603
9	26	8	1,953
9	26	12	2,947
9	26	21	4,282
9	26	22	5,616
9	26	24	6,966
9	26	27	3,841
9	26	29	16,284
9	26	42	3,874
9	26	45	4,526
9	26	46	0,936
9	26	47	9,885
9	26	54	2,507
9	26	62	1,371
9	26	63	30,088
9	26	65	1,239
9	26	67	11,914
9	26	68	20,18
9	26	73	21,259
9	26	75	1,061
9	26	77	12,086
9	26	81	1,151
9	26	82	2,232
9	26	89	0,503
9	26	91	6,188
9	26	99	4,595
9	27	7	5,902
9	27	8	21,835
9	27	12	14,572
9	27	21	1,916
9	27	22	13,179
9	27	24	1,053
9	27	26	8,75
9	27	29	1,735
9	27	42	1,777
9	27	45	2,545
9	27	46	4,216
9	27	47	6,427
9	27	54	10,246
9	27	62	3,644
9	27	63	7,547
9	27	65	3,026
9	27	67	1,777
9	27	68	0,544
9	27	73	15,591
9	27	75	3,24
9	27	77	0,808
9	27	81	10,771
9	27	82	11,734
9	27	89	7,649
9	27	91	5,844
9	27	99	6,404
9	29	7	6,145
9	29	8	6,96
9	29	12	6,101
9	29	21	2,303
9	29	22	0,99
9	29	24	18,886
9	29	26	1,163
9	29	27	6,462
9	29	42	0,745
9	29	45	6,746
9	29	46	1,908
9	29	47	1,145
9	29	54	34,204
9	29	62	2,297
9	29	63	5,801
9	29	65	13,071
9	29	67	6,27
9	29	68	3,32
9	29	73	2,267
9	29	75	18,41
9	29	77	5,261
9	29	81	2,799
9	29	82	4,353
9	29	89	2,046
9	29	91	5,608
9	29	99	1,536
9	42	7	8,524
9	42	8	9,277
9	42	12	1,96
9	42	21	10,319
9	42	22	4,89
9	42	24	21,998
9	42	26	12,605
9	42	27	19,199
9	42	29	6,559
9	42	45	4,571
9	42	46	7,237
9	42	47	9,267
9	42	54	4,748
9	42	62	4,818
9	42	63	0,677
9	42	65	21,474
9	42	67	0,711
9	42	68	4,784
9	42	73	5,375
9	42	75	5,957
9	42	77	3,223
9	42	81	4,758
9	42	82	12,192
9	42	89	3,754
9	42	91	2,351
9	42	99	1,235
9	45	7	3,209
9	45	8	2,316
9	45	12	4,521
9	45	21	1,81
9	45	22	1,03
9	45	24	2,543
9	45	26	8,891
9	45	27	11,118
9	45	29	1,158
9	45	42	1,513
9	45	46	1,501
9	45	47	3,739
9	45	54	0,766
9	45	62	4,954
9	45	63	2,854
9	45	65	3,916
9	45	67	2,992
9	45	68	2,478
9	45	73	5,771
9	45	75	10,917
9	45	77	3,621
9	45	81	4,915
9	45	82	2,257
9	45	89	0,965
9	45	91	6,243
9	45	99	8,047
9	46	7	2,601
9	46	8	6,177
9	46	12	13,941
9	46	21	1,161
9	46	22	10,514
9	46	24	0,979
9	46	26	5,553
9	46	27	7,005
9	46	29	20,941
9	46	42	2,935
9	46	45	9,099
9	46	47	5,221
9	46	54	2,659
9	46	62	10,696
9	46	63	11,622
9	46	65	3,506
9	46	67	21,782
9	46	68	1,807
9	46	73	4,54
9	46	75	10,335
9	46	77	2,087
9	46	81	3,246
9	46	82	1,043
9	46	89	8,251
9	46	91	10,06
9	46	99	6,203
9	47	7	1,152
9	47	8	15,876
9	47	12	4,947
9	47	21	1,597
9	47	22	2,945
9	47	24	8,286
9	47	26	8,042
9	47	27	3,677
9	47	29	5,065
9	47	42	1,017
9	47	45	2,573
9	47	46	4,191
9	47	54	5,109
9	47	62	13,952
9	47	63	3,02
9	47	65	8,704
9	47	67	2,589
9	47	68	8,752
9	47	73	12,162
9	47	75	7,241
9	47	77	5,727
9	47	81	0,839
9	47	82	4,317
9	47	89	4,921
9	47	91	7,495
9	47	99	18,545
9	54	7	3,097
9	54	8	1,627
9	54	12	4,311
9	54	21	9,897
9	54	22	8,686
9	54	24	3,36
9	54	26	9,791
9	54	27	4,802
9	54	29	3,786
9	54	42	22,14
9	54	45	8,315
9	54	46	5,041
9	54	47	13,041
9	54	62	0,673
9	54	63	8,304
9	54	65	4,051
9	54	67	3,091
9	54	68	37,728
9	54	73	7,89
9	54	75	4,044
9	54	77	0,796
9	54	81	1,139
9	54	82	6,018
9	54	89	14,97
9	54	91	42,424
9	54	99	3,629
9	62	7	20,671
9	62	8	6,006
9	62	12	15,64
9	62	21	2,453
9	62	22	2,858
9	62	24	4,528
9	62	26	4,65
9	62	27	6,65
9	62	29	3,053
9	62	42	1,012
9	62	45	34,403
9	62	46	6,46
9	62	47	1,114
9	62	54	6,588
9	62	63	13,45
9	62	65	0,67
9	62	67	5,181
9	62	68	4,277
9	62	73	8,909
9	62	75	17,718
9	62	77	2,255
9	62	81	1,183
9	62	82	15,917
9	62	89	0,919
9	62	91	2,899
9	62	99	8,656
9	63	7	6,262
9	63	8	2,042
9	63	12	5,384
9	63	21	0,763
9	63	22	2,015
9	63	24	10,963
9	63	26	8,251
9	63	27	1,593
9	63	29	3,882
9	63	42	6,246
9	63	45	8,652
9	63	46	5,497
9	63	47	3,01
9	63	54	3,206
9	63	62	13,258
9	63	65	4,294
9	63	67	1,333
9	63	68	3,006
9	63	73	30,354
9	63	75	5,068
9	63	77	9,53
9	63	81	5,253
9	63	82	17,577
9	63	89	4,835
9	63	91	1,527
9	63	99	1,759
9	65	7	12,284
9	65	8	4,915
9	65	12	25,298
9	65	21	1,034
9	65	22	16,645
9	65	24	0,943
9	65	26	19,909
9	65	27	2,478
9	65	29	1,292
9	65	42	2,474
9	65	45	21,259
9	65	46	8,521
9	65	47	7,33
9	65	54	2,377
9	65	62	10,872
9	65	63	5,261
9	65	67	9,319
9	65	68	4,585
9	65	73	1,55
9	65	75	0,647
9	65	77	17,72
9	65	81	4,616
9	65	82	14,327
9	65	89	13,213
9	65	91	2,944
9	65	99	2,203
9	67	7	4,073
9	67	8	13,267
9	67	12	3,951
9	67	21	6,771
9	67	22	7,965
9	67	24	3,159
9	67	26	7,892
9	67	27	4,045
9	67	29	16,663
9	67	42	11,17
9	67	45	1,399
9	67	46	4,259
9	67	47	6,692
9	67	54	13,561
9	67	62	13,552
9	67	63	2,738
9	67	65	7,593
9	67	68	5,887
9	67	73	9,319
9	67	75	3,887
9	67	77	2,682
9	67	81	1,947
9	67	82	21,473
9	67	89	8,852
9	67	91	11,503
9	67	99	5,085
9	68	7	7,245
9	68	8	11,27
9	68	12	2,312
9	68	21	0,527
9	68	22	13,59
9	68	24	2,662
9	68	26	0,807
9	68	27	1,913
9	68	29	2,992
9	68	42	4,454
9	68	45	16,113
9	68	46	10,08
9	68	47	1,093
9	68	54	6,464
9	68	62	4,309
9	68	63	4,772
9	68	65	2,015
9	68	67	5,684
9	68	73	8,361
9	68	75	7,678
9	68	77	11,675
9	68	81	4,624
9	68	82	4,151
9	68	89	4,141
9	68	91	2,843
9	68	99	4,844
9	73	7	0,913
9	73	8	0,849
9	73	12	2,663
9	73	21	0,663
9	73	22	5,84
9	73	24	7,468
9	73	26	8,542
9	73	27	6,868
9	73	29	4,146
9	73	42	3,266
9	73	45	8,742
9	73	46	1,874
9	73	47	14,57
9	73	54	12,087
9	73	62	3,991
9	73	63	8,064
9	73	65	3,574
9	73	67	1,851
9	73	68	2,362
9	73	75	2,027
9	73	77	3,786
9	73	81	14,588
9	73	82	4,951
9	73	89	2,352
9	73	91	6,269
9	73	99	3,167
9	75	7	1,854
9	75	8	5,756
9	75	12	2,138
9	75	21	3,008
9	75	22	6,261
9	75	24	12,323
9	75	26	1,626
9	75	27	4,114
9	75	29	10,213
9	75	42	3,367
9	75	45	3,355
9	75	46	3,631
9	75	47	1,044
9	75	54	1,127
9	75	62	4,008
9	75	63	1,36
9	75	65	3,221
9	75	67	6,503
9	75	68	5,07
9	75	73	4,262
9	75	77	22,514
9	75	81	5,743
9	75	82	4,591
9	75	89	8,132
9	75	91	1,257
9	75	99	6,324
9	77	7	3,052
9	77	8	2,336
9	77	12	1,837
9	77	21	27,277
9	77	22	2,346
9	77	24	1,031
9	77	26	1,01
9	77	27	3,679
9	77	29	1,514
9	77	42	0,62
9	77	45	3,503
9	77	46	1,592
9	77	47	4,831
9	77	54	11,954
9	77	62	5,145
9	77	63	1,387
9	77	65	8,718
9	77	67	2,524
9	77	68	8,435
9	77	73	4,969
9	77	75	1,462
9	77	81	5,64
9	77	82	5,413
9	77	89	1,172
9	77	91	6,022
9	77	99	4,945
9	81	7	7,07
9	81	8	2,43
9	81	12	0,787
9	81	21	4,696
9	81	22	3,096
9	81	24	3,242
9	81	26	17,25
9	81	27	4,083
9	81	29	12,352
9	81	42	3,34
9	81	45	1,4
9	81	46	4,311
9	81	47	15,915
9	81	54	1,314
9	81	62	1,099
9	81	63	3,336
9	81	65	11,235
9	81	67	0,935
9	81	68	1,21
9	81	73	1,076
9	81	75	0,772
9	81	77	19,42
9	81	82	1,291
9	81	89	19,751
9	81	91	14,033
9	81	99	4,176
9	82	7	1,532
9	82	8	2,188
9	82	12	4,112
9	82	21	18,311
9	82	22	3,474
9	82	24	13,86
9	82	26	4,851
9	82	27	0,862
9	82	29	2,063
9	82	42	4,82
9	82	45	1,574
9	82	46	4,826
9	82	47	8,411
9	82	54	8,532
9	82	62	2,866
9	82	63	2,271
9	82	65	0,592
9	82	67	10,207
9	82	68	3,877
9	82	73	2,403
9	82	75	4,507
9	82	77	8,917
9	82	81	6,749
9	82	89	6,822
9	82	91	6,131
9	82	99	0,511
9	89	7	15,465
9	89	8	1,422
9	89	12	3,453
9	89	21	2,002
9	89	22	6,591
9	89	24	3,242
9	89	26	0,94
9	89	27	12,169
9	89	29	5,659
9	89	42	8,304
9	89	45	3,314
9	89	46	13,947
9	89	47	3,815
9	89	54	17,14
9	89	62	5,789
9	89	63	5,42
9	89	65	13,644
9	89	67	8,308
9	89	68	15,022
9	89	73	3,877
9	89	75	11,553
9	89	77	0,795
9	89	81	21,121
9	89	82	5,79
9	89	91	1,798
9	89	99	1,209
9	91	7	0,532
9	91	8	9,548
9	91	12	1,633
9	91	21	4,347
9	91	22	8,282
9	91	24	5,442
9	91	26	1,277
9	91	27	6,374
9	91	29	4,237
9	91	42	5,243
9	91	45	7,993
9	91	46	2,587
9	91	47	9,105
9	91	54	12,777
9	91	62	1,975
9	91	63	3,866
9	91	65	14,594
9	91	67	5,614
9	91	68	2,429
9	91	73	8,375
9	91	75	2,844
9	91	77	0,755
9	91	81	4,458
9	91	82	6,569
9	91	89	5,431
9	91	99	18,436
9	99	7	5,933
9	99	8	7,669
9	99	12	4,529
9	99	21	2,514
9	99	22	3,887
9	99	24	2,637
9	99	26	1,13
9	99	27	8,13
9	99	29	1,635
9	99	42	7,166
9	99	45	1,537
9	99	46	3,27
9	99	47	15,089
9	99	54	9,679
9	99	62	3,652
9	99	63	6,145
9	99	65	5,004
9	99	67	9,832
9	99	68	3,548
9	99	73	4,681
9	99	75	2,812
9	99	77	1,149
9	99	81	5,157
9	99	82	1,444
9	99	89	7,047
9	99	91	25,921
10	4	5	17,156
10	4	6	1,162
10	4	20	25,968
10	4	24	1,338
10	4	25	7,191
10	4	26	6,544
10	4	34	6,403
10	4	38	7,154
10	4	40	3,032
10	4	43	5,15
10	4	53	0,882
10	4	57	4,176
10	4	64	13,501
10	4	74	2,188
10	4	76	13,569
10	4	94	6,772
10	4	98	7,903
10	5	4	7,165
10	5	6	0,76
10	5	20	4,903
10	5	24	3,299
10	5	25	1,21
10	5	26	37,674
10	5	34	3,475
10	5	38	1,134
10	5	40	23,607
10	5	43	1,049
10	5	53	15,987
10	5	57	5,925
10	5	64	8,231
10	5	74	5,766
10	5	76	5,44
10	5	94	2,33
10	5	98	0,679
10	6	4	0,584
10	6	5	14,508
10	6	20	6,65
10	6	24	1,993
10	6	25	8,469
10	6	26	4,71
10	6	34	15,332
10	6	38	36,022
10	6	40	4,112
10	6	43	6,873
10	6	53	7,98
10	6	57	10,94
10	6	64	3,632
10	6	74	18,26
10	6	76	4,004
10	6	94	1,072
10	6	98	2,611
10	20	4	11,586
10	20	5	2,559
10	20	6	10,277
10	20	24	1,001
10	20	25	2,481
10	20	26	0,82
10	20	34	8,186
10	20	38	0,763
10	20	40	8,739
10	20	43	1,753
10	20	53	2,224
10	20	57	3,398
10	20	64	8,792
10	20	74	0,931
10	20	76	4,796
10	20	94	40,904
10	20	98	1,719
10	24	4	5,113
10	24	5	2,853
10	24	6	3,147
10	24	20	2,445
10	24	25	2,645
10	24	26	3,268
10	24	34	1,45
10	24	38	2,523
10	24	40	1,207
10	24	43	14,682
10	24	53	1,325
10	24	57	3,874
10	24	64	0,556
10	24	74	0,514
10	24	76	2,99
10	24	94	4,644
10	24	98	0,548
10	25	4	6,208
10	25	5	5,152
10	25	6	7,501
10	25	20	2,737
10	25	24	0,796
10	25	26	0,736
10	25	34	5,618
10	25	38	5,195
10	25	40	8,26
10	25	43	4,575
10	25	53	2,827
10	25	57	6,63
10	25	64	7,335
10	25	74	5,506
10	25	76	3,819
10	25	94	9,295
10	25	98	1,791
10	26	4	1,068
10	26	5	30,632
10	26	6	2,453
10	26	20	2,785
10	26	24	3,37
10	26	25	11,028
10	26	34	3,766
10	26	38	6,228
10	26	40	7,392
10	26	43	1,148
10	26	53	14,323
10	26	57	2,161
10	26	64	2,85
10	26	74	0,62
10	26	76	51,755
10	26	94	2,631
10	26	98	2,621
10	34	4	1,958
10	34	5	86,658
10	34	6	6,997
10	34	20	1,543
10	34	24	7,185
10	34	25	6,352
10	34	26	13,791
10	34	38	3,839
10	34	40	1,585
10	34	43	6,38
10	34	53	0,618
10	34	57	1,176
10	34	64	7,843
10	34	74	2,154
10	34	76	7,219
10	34	94	0,652
10	34	98	1,352
10	38	4	3,528
10	38	5	3,114
10	38	6	12,289
10	38	20	2,509
10	38	24	11,621
10	38	25	3,711
10	38	26	4,122
10	38	34	9,537
10	38	40	29,915
10	38	43	6,155
10	38	53	6,587
10	38	57	0,859
10	38	64	18,814
10	38	74	23,729
10	38	76	22,457
10	38	94	2,266
10	38	98	0,936
10	40	4	4,36
10	40	5	7,184
10	40	6	3,077
10	40	20	3,435
10	40	24	7,76
10	40	25	3,813
10	40	26	3,79
10	40	34	2,523
10	40	38	2,08
10	40	43	15,83
10	40	53	1,108
10	40	57	3,175
10	40	64	1,009
10	40	74	15,376
10	40	76	2,221
10	40	94	6,935
10	40	98	0,75
10	43	4	5,488
10	43	5	1,933
10	43	6	7,578
10	43	20	1,576
10	43	24	20,455
10	43	25	6,413
10	43	26	2,401
10	43	34	8,879
10	43	38	1,672
10	43	40	1,561
10	43	53	0,564
10	43	57	5,84
10	43	64	0,812
10	43	74	12,124
10	43	76	4,441
10	43	94	4,133
10	43	98	4,951
10	53	4	5,341
10	53	5	4,718
10	53	6	1,903
10	53	20	2,987
10	53	24	9,833
10	53	25	6,079
10	53	26	10,432
10	53	34	3,973
10	53	38	1,679
10	53	40	1,479
10	53	43	2,835
10	53	57	1,504
10	53	64	9,291
10	53	74	0,553
10	53	76	2,971
10	53	94	3,482
10	53	98	9,753
10	57	4	1,824
10	57	5	6,675
10	57	6	1,112
10	57	20	1,443
10	57	24	20,32
10	57	25	9,398
10	57	26	3,777
10	57	34	7,652
10	57	38	1,221
10	57	40	18,105
10	57	43	8,235
10	57	53	2,883
10	57	64	6,225
10	57	74	0,712
10	57	76	12,623
10	57	94	0,848
10	57	98	19,739
10	64	4	14,087
10	64	5	3,397
10	64	6	1,907
10	64	20	2,879
10	64	24	13,656
10	64	25	0,709
10	64	26	40,461
10	64	34	2,317
10	64	38	4,363
10	64	40	5,705
10	64	43	3,968
10	64	53	13,474
10	64	57	1,307
10	64	74	1,011
10	64	76	15,558
10	64	94	0,864
10	64	98	2,939
10	74	4	11,949
10	74	5	0,618
10	74	6	15,594
10	74	20	6,957
10	74	24	12,048
10	74	25	6,826
10	74	26	9,6
10	74	34	0,95
10	74	38	6,664
10	74	40	4,102
10	74	43	1,3
10	74	53	2,819
10	74	57	2,257
10	74	64	18,949
10	74	76	6,555
10	74	94	25,311
10	74	98	1,093
10	76	4	3,391
10	76	5	15,302
10	76	6	2,956
10	76	20	0,948
10	76	24	5,975
10	76	25	2,275
10	76	26	4,727
10	76	34	7,64
10	76	38	1,198
10	76	40	1,811
10	76	43	7,42
10	76	53	1,274
10	76	57	3,57
10	76	64	20,864
10	76	74	4,459
10	76	94	2,743
10	76	98	0,857
10	94	4	2,954
10	94	5	0,64
10	94	6	3,504
10	94	20	1,113
10	94	24	9,651
10	94	25	1,548
10	94	26	3,04
10	94	34	11,684
10	94	38	25,619
10	94	40	1,205
10	94	43	3,775
10	94	53	6,736
10	94	57	2,976
10	94	64	8,411
10	94	74	9,516
10	94	76	1,898
10	94	98	14,93
10	98	4	20,239
10	98	5	19,865
10	98	6	12,119
10	98	20	0,846
10	98	24	6,374
10	98	25	3,147
10	98	26	6,134
10	98	34	2,208
10	98	38	9,312
10	98	40	1,744
10	98	43	1,61
10	98	53	5,788
10	98	57	4,345
10	98	64	0,662
10	98	74	0,791
10	98	76	4,935
10	98	94	3,321

