#num jobs
100
#num machines
10

#jobId machId procTime energyCons
1	7	4,62	47,95
1	6	5,43	72,43
2	8	11,3	34,83
2	4	17,59	51,72
3	9	18,41	205,6
3	1	2,42	16,7
4	7	18,02	187
4	10	25,21	167,87
5	5	25,09	54,93
6	9	9,76	109,02
6	7	145,85	1513,51
6	4	17,61	51,78
6	3	3,76	48,22
6	1	110,3	761,45
7	6	31,61	421,34
8	8	18,76	57,83
9	10	5,89	39,21
9	8	5,75	17,74
9	6	1,6	21,31
9	4	17,67	51,98
10	4	3,63	10,68
11	5	450,41	986,22
12	5	13,84	30,31
12	4	7,57	22,27
13	6	30,24	403,2
14	9	11,69	130,55
14	10	26,57	176,94
15	10	18,35	122,22
16	2	6,6	29,41
16	7	163,74	1699,08
16	8	42,55	131,16
16	10	26,84	178,74
17	7	1,21	12,54
17	3	10,38	133,27
18	10	7,19	47,91
18	7	3,87	40,12
18	4	10,55	31,03
18	3	16,37	210,19
18	2	12,21	54,42
19	9	94,1	1050,87
19	5	4,06	8,89
20	3	13,57	174,15
20	5	13,8	30,21
21	3	11,54	148,16
21	5	7,07	15,47
21	6	4,91	65,51
21	10	22,04	146,76
22	5	6,46	14,14
22	7	2,37	24,61
22	8	1,64	5,06
23	3	143,91	1847,47
23	7	7,18	74,55
24	1	2,65	18,29
24	2	2,71	12,07
24	8	5,84	18,01
25	2	9,71	43,27
25	6	27,02	360,21
26	1	11,37	78,46
26	6	43,45	579,21
26	8	120,62	371,84
26	9	1,78	19,89
27	1	192,94	1331,97
27	5	17,88	39,15
28	6	12,8	170,68
29	9	11,69	130,59
30	5	8,31	18,2
30	2	5,66	25,21
31	2	9,41	41,93
32	2	4,75	21,15
32	7	7,14	74,06
32	10	9,41	62,68
33	2	7,32	32,6
33	3	11,1	142,54
33	5	261,69	573
33	7	82,67	857,88
33	10	26,22	174,64
34	4	2,79	8,22
34	6	6,91	92,07
35	1	6,14	42,39
35	5	105,85	231,77
35	10	6,84	45,53
36	1	16,09	111,08
36	6	4,1	54,7
36	10	144,5	962,37
37	10	49,15	327,33
37	2	3,83	17,07
38	9	4,57	50,98
38	8	1,81	5,57
38	5	31,43	68,83
39	7	12,92	134,06
40	4	4,88	14,34
40	9	5,64	62,99
41	6	545,64	7273,96
41	10	24,13	160,73
42	7	10,82	112,27
42	3	354,34	4548,76
43	10	1	6,68
43	1	5,29	36,49
44	5	8,36	18,31
44	2	41,25	183,82
45	9	16,76	187,2
45	8	11,51	35,48
45	7	17,43	180,86
45	1	15,28	105,45
46	7	8,89	92,29
46	1	17,07	117,82
47	2	19,92	88,75
48	2	2,73	12,18
48	5	3,28	7,19
48	8	10,19	31,41
49	10	30,32	201,91
49	1	4,29	29,62
50	5	5,54	12,14
50	7	51	529,25
51	7	13,75	142,67
51	1	17,19	118,67
52	8	6,13	18,89
52	4	68,52	201,52
52	1	9,18	63,35
53	3	6,15	78,93
54	3	23,18	297,53
54	7	34,35	356,4
54	9	11,26	125,69
55	3	7,71	98,97
55	6	2,79	37,13
56	2	1,94	8,67
56	10	51,15	340,67
57	3	13,37	171,59
57	2	7,12	31,73
58	4	110,66	325,46
58	3	165,05	2118,76
58	1	9,6	66,28
59	9	3,41	38,12
59	5	2,81	6,15
59	2	2,18	9,71
60	8	24,83	76,55
60	1	95,68	660,53
61	2	7,31	32,59
61	1	10,02	69,2
62	3	4022,09	51633,13
62	7	17,4	180,57
63	2	6,1	27,19
63	5	4,16	9,1
64	7	5,3	54,99
65	7	1,08	11,19
65	8	59,63	183,84
66	2	7,94	35,36
66	3	63,13	810,39
67	4	28,96	85,17
67	9	15,69	175,21
68	9	28,27	315,74
68	1	58,97	407,12
69	9	2,45	27,36
70	8	4,83	14,9
70	7	4,47	46,38
70	4	16,57	48,74
70	2	13,82	61,59
71	4	12,5	36,76
71	6	39,43	525,59
72	1	6,27	43,28
72	7	8,21	85,17
72	10	21,36	142,27
73	9	0,87	9,77
73	8	40,55	125
73	4	0,63	1,86
73	1	9,61	66,36
74	6	56,56	754
75	7	628,11	6517,89
76	9	21,51	240,18
76	3	9,03	115,86
76	1	2,92	20,14
77	2	15,88	70,76
77	6	5,33	71,06
77	9	1412,45	15773,32
78	10	29,35	195,44
78	6	5,45	72,65
78	4	13,94	41,01
79	4	42,46	124,88
79	3	5,81	74,53
80	1	1,96	13,55
80	3	90,8	1165,61
81	1	26,86	185,43
81	3	13,74	176,43
81	8	0,51	1,57
81	10	3,4	22,66
82	6	13,99	186,44
83	1	1,94	13,38
83	10	30,14	200,74
84	2	15,1	67,29
84	8	6,94	21,39
85	5	16,5	36,13
85	10	48,92	325,83
86	2	11,22	50,01
87	8	5,93	18,28
87	1	11,86	81,85
88	8	1,78	5,48
88	4	26,74	78,65
89	8	50,15	154,62
89	7	1,56	16,15
89	3	10,89	139,75
89	2	41,29	183,98
90	4	4,21	12,39
90	7	30,71	318,64
91	3	26,67	342,34
91	10	2,66	17,73
92	5	9,43	20,64
92	6	2,3	30,68
92	9	4,35	48,59
93	1	2,76	19,08
93	6	2,56	34,07
94	8	28,32	87,31
94	7	1,54	15,97
94	2	4,38	19,51
95	10	2,79	18,58
95	8	10,63	32,78
95	3	106,04	1361,32
96	8	18,68	57,6
97	5	6,32	13,85
97	8	764,97	2358,27
97	9	57,63	643,53
98	1	2,2	15,17
99	3	81,93	1051,8
99	6	5,81	77,44
100	8	174,33	537,43
100	3	8,89	114,18

#jobId ddate weight rdate
1	503,35	39	1176,522
2	683,408	45	85,928
3	846,802	21	161,26
4	326,549	38	93,836
5	262,883	38	1100,577
6	214,645	48	1105,88
7	1103,9	23	756,811
8	1433,095	11	697,3
9	441,616	12	706,298
10	556,039	10	663,928
11	915,722	28	186,062
12	371,186	11	75,011
13	417,191	31	583,416
14	496,933	18	265,894
15	649,959	33	206,048
16	547,172	10	496,007
17	417,248	3	1032,36
18	1234,432	6	534,606
19	1320,153	18	447,255
20	933,688	27	241,791
21	1072,482	32	290,762
22	474,347	46	787,828
23	420,897	37	1268,698
24	881,377	19	1174,455
25	615,623	18	606,966
26	260,892	18	783,137
27	882,277	8	1271,445
28	194,126	36	138,791
29	323,189	37	1058,291
30	751,172	36	428,034
31	1335,059	13	860,504
32	245,006	49	801,453
33	1136,653	29	175,611
34	1154,299	22	126,274
35	755,194	44	912,872
36	1060,034	47	618,809
37	1186,943	38	1059,261
38	1502,672	13	51,41
39	684,04	6	878,355
40	1380,464	40	151,158
41	394,017	30	1046,726
42	158,51	12	923,319
43	318,538	43	370,617
44	653,485	22	501,239
45	1210,731	41	1104,979
46	1120,682	22	815,933
47	1288,365	16	640,156
48	1238,518	27	941,23
49	1478,339	29	1209,387
50	1508,979	47	937,967
51	1337,861	1	1133,19
52	1203,384	17	760,283
53	1278,347	49	596,684
54	1058,655	9	741,496
55	259,826	20	533,458
56	571,294	12	291,942
57	716,876	3	940,358
58	1063,753	32	92,099
59	804,757	4	532,499
60	232,59	39	57,172
61	1019,558	29	186,559
62	1397,117	27	692,625
63	720,773	13	7,346
64	826,322	8	1219,336
65	751,067	46	229,71
66	328,99	15	978,693
67	325,453	33	907,045
68	623,361	49	792,103
69	1375,376	38	274,108
70	651,15	9	398,628
71	488,754	20	1045,757
72	413,322	20	39,097
73	953,241	44	239,709
74	1327,672	11	1227,522
75	1493,437	40	1267,556
76	1357,875	45	312,686
77	1127,044	34	475,767
78	1212,423	19	1284,137
79	311,187	28	396,196
80	949,743	15	21,742
81	1218,661	36	69,622
82	254,613	7	337,567
83	1194,438	7	337,745
84	858,424	27	752,749
85	704,64	38	374,782
86	770,551	33	506,925
87	414,286	48	17,501
88	1316,401	47	901,108
89	811,677	41	653,332
90	150,084	37	102,135
91	1298,18	8	3,498
92	937,017	42	109,011
93	813,577	34	1238,824
94	1062,144	49	163,437
95	1186,479	40	268,619
96	329,524	33	507,783
97	985,306	46	917,637
98	1384,61	1	535,457
99	594,795	20	1279,261
100	1200,559	38	819,936

#machId jobPred jobSucc setupTime
1	3	6	2,629
1	3	24	2,236
1	3	26	1,021
1	3	27	4,143
1	3	35	1,328
1	3	36	12,459
1	3	43	8,229
1	3	45	5,265
1	3	46	0,658
1	3	49	1,192
1	3	51	1,866
1	3	52	8,447
1	3	58	11,566
1	3	60	1,285
1	3	61	1,459
1	3	68	1,761
1	3	72	1,565
1	3	73	1,577
1	3	76	5,056
1	3	80	1,304
1	3	81	8,869
1	3	83	17,769
1	3	87	1,533
1	3	93	2,576
1	3	98	5,428
1	6	3	3,409
1	6	24	3,68
1	6	26	2,711
1	6	27	2,489
1	6	35	1,799
1	6	36	16,569
1	6	43	10,025
1	6	45	3,147
1	6	46	1,919
1	6	49	2,627
1	6	51	8,64
1	6	52	3,918
1	6	58	13,944
1	6	60	0,586
1	6	61	5,062
1	6	68	8,209
1	6	72	12,778
1	6	73	11,621
1	6	76	1,836
1	6	80	1,806
1	6	81	33,893
1	6	83	3,409
1	6	87	7,632
1	6	93	2,606
1	6	98	3,735
1	24	3	2,211
1	24	6	5,84
1	24	26	3,305
1	24	27	9,658
1	24	35	1,217
1	24	36	2,902
1	24	43	27,234
1	24	45	2,409
1	24	46	1,416
1	24	49	0,713
1	24	51	28,121
1	24	52	24,198
1	24	58	2,314
1	24	60	31,719
1	24	61	9,08
1	24	68	9,207
1	24	72	4
1	24	73	0,871
1	24	76	5,388
1	24	80	5,692
1	24	81	1,448
1	24	83	0,708
1	24	87	3,787
1	24	93	0,712
1	24	98	10,11
1	26	3	5,322
1	26	6	0,557
1	26	24	34,531
1	26	27	1,427
1	26	35	0,631
1	26	36	0,629
1	26	43	1,583
1	26	45	3,876
1	26	46	16,184
1	26	49	10,174
1	26	51	1,32
1	26	52	1,642
1	26	58	2,178
1	26	60	0,658
1	26	61	0,858
1	26	68	7,301
1	26	72	4,981
1	26	73	5,263
1	26	76	20,558
1	26	80	5,561
1	26	81	3,754
1	26	83	4,748
1	26	87	10,238
1	26	93	0,952
1	26	98	4,565
1	27	3	6,958
1	27	6	8,011
1	27	24	11,547
1	27	26	2,697
1	27	35	8,431
1	27	36	1,528
1	27	43	0,674
1	27	45	23,438
1	27	46	13,246
1	27	49	3,264
1	27	51	3,64
1	27	52	9,845
1	27	58	1,994
1	27	60	0,841
1	27	61	3,248
1	27	68	6,176
1	27	72	3,997
1	27	73	0,536
1	27	76	7,794
1	27	80	18,508
1	27	81	15,951
1	27	83	7,533
1	27	87	7,125
1	27	93	3,812
1	27	98	23,738
1	35	3	11,894
1	35	6	6,747
1	35	24	5,973
1	35	26	11,725
1	35	27	12,912
1	35	36	16,073
1	35	43	3,368
1	35	45	6,235
1	35	46	7,305
1	35	49	2,679
1	35	51	11,967
1	35	52	3,844
1	35	58	2,358
1	35	60	8,643
1	35	61	2,093
1	35	68	1,718
1	35	72	2,298
1	35	73	7,073
1	35	76	2,387
1	35	80	3,131
1	35	81	1,715
1	35	83	5,143
1	35	87	6,871
1	35	93	8,284
1	35	98	7,017
1	36	3	5,372
1	36	6	12,574
1	36	24	3,122
1	36	26	1,884
1	36	27	0,609
1	36	35	3,877
1	36	43	4,667
1	36	45	28,957
1	36	46	9,798
1	36	49	4,613
1	36	51	15,88
1	36	52	6,301
1	36	58	7,666
1	36	60	13,012
1	36	61	1,237
1	36	68	4,866
1	36	72	9,715
1	36	73	3,106
1	36	76	57,782
1	36	80	9,241
1	36	81	7,879
1	36	83	1,294
1	36	87	2,682
1	36	93	3,342
1	36	98	9,04
1	43	3	0,721
1	43	6	24,834
1	43	24	5,067
1	43	26	9,432
1	43	27	2,733
1	43	35	4,771
1	43	36	8,125
1	43	45	9,652
1	43	46	5,311
1	43	49	4,665
1	43	51	0,798
1	43	52	3,996
1	43	58	22,129
1	43	60	3,282
1	43	61	1,751
1	43	68	4,467
1	43	72	17,319
1	43	73	3,409
1	43	76	2,301
1	43	80	1,829
1	43	81	35,477
1	43	83	14,161
1	43	87	8,167
1	43	93	7,285
1	43	98	2,086
1	45	3	2,069
1	45	6	1,227
1	45	24	5,153
1	45	26	0,619
1	45	27	0,672
1	45	35	6,329
1	45	36	1,166
1	45	43	19,955
1	45	46	5,536
1	45	49	1,387
1	45	51	16,004
1	45	52	4,674
1	45	58	1,8
1	45	60	6,803
1	45	61	4,487
1	45	68	9,573
1	45	72	2,755
1	45	73	6,09
1	45	76	1,003
1	45	80	18,485
1	45	81	0,659
1	45	83	8,925
1	45	87	7,2
1	45	93	5,001
1	45	98	2,943
1	46	3	5,7
1	46	6	3,466
1	46	24	1,776
1	46	26	1,225
1	46	27	2,818
1	46	35	10,073
1	46	36	1,755
1	46	43	2,314
1	46	45	11,728
1	46	49	10,772
1	46	51	1,894
1	46	52	2,313
1	46	58	7,575
1	46	60	0,57
1	46	61	4,327
1	46	68	10,848
1	46	72	9,744
1	46	73	1,427
1	46	76	3,366
1	46	80	12,601
1	46	81	7,968
1	46	83	0,608
1	46	87	1,255
1	46	93	2,855
1	46	98	12,229
1	49	3	20,557
1	49	6	5,843
1	49	24	1,617
1	49	26	1,585
1	49	27	10,091
1	49	35	3,885
1	49	36	3,623
1	49	43	2,907
1	49	45	0,889
1	49	46	1,108
1	49	51	3,362
1	49	52	1,512
1	49	58	2,994
1	49	60	1,732
1	49	61	0,965
1	49	68	0,524
1	49	72	4,627
1	49	73	3,849
1	49	76	5,899
1	49	80	15,21
1	49	81	1,279
1	49	83	0,604
1	49	87	7,282
1	49	93	7,794
1	49	98	3,269
1	51	3	1,021
1	51	6	3,199
1	51	24	3,956
1	51	26	2,78
1	51	27	14,463
1	51	35	1,519
1	51	36	1,173
1	51	43	11,835
1	51	45	1,811
1	51	46	4,084
1	51	49	20,431
1	51	52	1,721
1	51	58	10,979
1	51	60	0,52
1	51	61	24,339
1	51	68	2,866
1	51	72	1,246
1	51	73	3,804
1	51	76	1,201
1	51	80	1,419
1	51	81	23,034
1	51	83	6,096
1	51	87	5,724
1	51	93	0,983
1	51	98	1,436
1	52	3	8,973
1	52	6	5,712
1	52	24	5,706
1	52	26	0,694
1	52	27	0,845
1	52	35	16,968
1	52	36	25,022
1	52	43	8,785
1	52	45	4,605
1	52	46	10,136
1	52	49	10,703
1	52	51	6,448
1	52	58	0,945
1	52	60	15,501
1	52	61	7,815
1	52	68	1,152
1	52	72	0,501
1	52	73	5,845
1	52	76	4,5
1	52	80	16,08
1	52	81	7,98
1	52	83	5,195
1	52	87	5,582
1	52	93	7,311
1	52	98	0,674
1	58	3	20,982
1	58	6	20,279
1	58	24	16,888
1	58	26	2,114
1	58	27	2,198
1	58	35	6,241
1	58	36	2,766
1	58	43	1,362
1	58	45	1,574
1	58	46	14,658
1	58	49	4,774
1	58	51	6,892
1	58	52	2,9
1	58	60	0,578
1	58	61	2,894
1	58	68	5,41
1	58	72	3,083
1	58	73	3,201
1	58	76	2,347
1	58	80	2,384
1	58	81	1,584
1	58	83	4,433
1	58	87	2,136
1	58	93	7,757
1	58	98	8,351
1	60	3	5,669
1	60	6	1,792
1	60	24	0,587
1	60	26	10,46
1	60	27	7,733
1	60	35	1,489
1	60	36	2,389
1	60	43	8,189
1	60	45	2,029
1	60	46	2,613
1	60	49	3,232
1	60	51	3,855
1	60	52	1,273
1	60	58	1,934
1	60	61	6,303
1	60	68	0,736
1	60	72	0,572
1	60	73	7,211
1	60	76	5,375
1	60	80	1,373
1	60	81	10,153
1	60	83	1,747
1	60	87	2,131
1	60	93	5,168
1	60	98	12,205
1	61	3	12,048
1	61	6	4,705
1	61	24	4,536
1	61	26	4,185
1	61	27	5,32
1	61	35	26,822
1	61	36	3,336
1	61	43	1,187
1	61	45	4,184
1	61	46	2,288
1	61	49	2,117
1	61	51	0,625
1	61	52	7,763
1	61	58	0,766
1	61	60	1,754
1	61	68	1,1
1	61	72	1,842
1	61	73	3,278
1	61	76	6,049
1	61	80	16,756
1	61	81	1,379
1	61	83	0,974
1	61	87	1,683
1	61	93	11,223
1	61	98	0,546
1	68	3	1,656
1	68	6	2,062
1	68	24	1,432
1	68	26	4,57
1	68	27	4,314
1	68	35	2,404
1	68	36	4,746
1	68	43	1,939
1	68	45	4,493
1	68	46	0,849
1	68	49	3,12
1	68	51	16,702
1	68	52	19,095
1	68	58	4,298
1	68	60	19,344
1	68	61	2,558
1	68	72	2,577
1	68	73	2,11
1	68	76	3,754
1	68	80	0,843
1	68	81	26,532
1	68	83	2,396
1	68	87	0,766
1	68	93	2,452
1	68	98	5,252
1	72	3	5,019
1	72	6	6,983
1	72	24	12,759
1	72	26	9,632
1	72	27	10,422
1	72	35	9,133
1	72	36	3,66
1	72	43	0,765
1	72	45	11,438
1	72	46	12,626
1	72	49	11,031
1	72	51	1,179
1	72	52	6,311
1	72	58	3,248
1	72	60	13,744
1	72	61	1,166
1	72	68	6,263
1	72	73	1,008
1	72	76	5,984
1	72	80	0,984
1	72	81	5,617
1	72	83	6,349
1	72	87	2,865
1	72	93	10,008
1	72	98	4,459
1	73	3	1,368
1	73	6	1,016
1	73	24	0,987
1	73	26	4,729
1	73	27	8,333
1	73	35	1,095
1	73	36	3,565
1	73	43	5,956
1	73	45	6,708
1	73	46	8,757
1	73	49	3,008
1	73	51	4,222
1	73	52	2,013
1	73	58	3,363
1	73	60	5,38
1	73	61	2,734
1	73	68	11,95
1	73	72	10,049
1	73	76	3,73
1	73	80	18,412
1	73	81	1,235
1	73	83	1,617
1	73	87	6,438
1	73	93	7,416
1	73	98	7,4
1	76	3	0,53
1	76	6	7,054
1	76	24	7,087
1	76	26	1,93
1	76	27	4,137
1	76	35	1,026
1	76	36	1,439
1	76	43	3,199
1	76	45	5,241
1	76	46	0,809
1	76	49	9,616
1	76	51	3,981
1	76	52	2,097
1	76	58	7,807
1	76	60	3,876
1	76	61	45,56
1	76	68	1,026
1	76	72	22,715
1	76	73	2,17
1	76	80	1,334
1	76	81	1,422
1	76	83	3,553
1	76	87	4,258
1	76	93	7,733
1	76	98	23,142
1	80	3	5,63
1	80	6	7,973
1	80	24	2,643
1	80	26	16,515
1	80	27	12,718
1	80	35	4,557
1	80	36	4,592
1	80	43	3,202
1	80	45	6,309
1	80	46	10,117
1	80	49	13,797
1	80	51	3,81
1	80	52	0,886
1	80	58	2,641
1	80	60	6,914
1	80	61	9,11
1	80	68	1,463
1	80	72	4,008
1	80	73	14,259
1	80	76	1,295
1	80	81	0,616
1	80	83	12,199
1	80	87	0,735
1	80	93	18,359
1	80	98	1,44
1	81	3	8,444
1	81	6	5,783
1	81	24	5,751
1	81	26	6,45
1	81	27	3,309
1	81	35	16,602
1	81	36	11,206
1	81	43	3,498
1	81	45	17,839
1	81	46	18,285
1	81	49	5,281
1	81	51	5,028
1	81	52	3,513
1	81	58	31,213
1	81	60	3,777
1	81	61	3,164
1	81	68	8,627
1	81	72	1,166
1	81	73	7,238
1	81	76	2,879
1	81	80	1,979
1	81	83	1,824
1	81	87	9,614
1	81	93	16,009
1	81	98	4,644
1	83	3	1,189
1	83	6	0,923
1	83	24	3,751
1	83	26	3,929
1	83	27	1,049
1	83	35	8,946
1	83	36	9,447
1	83	43	5,816
1	83	45	2,057
1	83	46	13,658
1	83	49	4,577
1	83	51	1,725
1	83	52	2,106
1	83	58	10,013
1	83	60	2,433
1	83	61	1,806
1	83	68	25,915
1	83	72	14,007
1	83	73	1,929
1	83	76	1,738
1	83	80	2,324
1	83	81	4,867
1	83	87	19,706
1	83	93	13,063
1	83	98	4,635
1	87	3	8,844
1	87	6	23,657
1	87	24	2,475
1	87	26	1,536
1	87	27	3,327
1	87	35	16,494
1	87	36	1,819
1	87	43	2,104
1	87	45	1,501
1	87	46	4,307
1	87	49	3,101
1	87	51	25,481
1	87	52	3,135
1	87	58	8,446
1	87	60	2,213
1	87	61	0,718
1	87	68	14,059
1	87	72	6,342
1	87	73	1,446
1	87	76	2,552
1	87	80	10,978
1	87	81	7,123
1	87	83	3,969
1	87	93	20,819
1	87	98	5,976
1	93	3	16,391
1	93	6	2,671
1	93	24	9,799
1	93	26	8,762
1	93	27	4,014
1	93	35	0,945
1	93	36	5,361
1	93	43	4,224
1	93	45	1,393
1	93	46	0,739
1	93	49	4,017
1	93	51	11,671
1	93	52	9,199
1	93	58	3,997
1	93	60	0,639
1	93	61	3,192
1	93	68	7,38
1	93	72	1,995
1	93	73	6,314
1	93	76	2,652
1	93	80	7,784
1	93	81	6,393
1	93	83	28,138
1	93	87	9,853
1	93	98	1,582
1	98	3	0,982
1	98	6	10,288
1	98	24	11,468
1	98	26	12,559
1	98	27	1,326
1	98	35	1,265
1	98	36	3,771
1	98	43	5,192
1	98	45	1,376
1	98	46	43,887
1	98	49	2,471
1	98	51	8,898
1	98	52	0,815
1	98	58	3,304
1	98	60	3,818
1	98	61	1,711
1	98	68	1,167
1	98	72	0,805
1	98	73	0,952
1	98	76	1,153
1	98	80	3,903
1	98	81	10,916
1	98	83	15,1
1	98	87	1,957
1	98	93	9,507
2	16	18	10,827
2	16	24	3,8
2	16	25	1,785
2	16	30	1,045
2	16	31	9,523
2	16	32	3,986
2	16	33	3,678
2	16	37	5,53
2	16	44	2,765
2	16	47	2,221
2	16	48	1,097
2	16	56	4,421
2	16	57	7,393
2	16	59	2,868
2	16	61	1,04
2	16	63	4,906
2	16	66	7,436
2	16	70	24,548
2	16	77	5,196
2	16	84	2,377
2	16	86	3,57
2	16	89	0,875
2	16	94	14,689
2	18	16	2,495
2	18	24	18,171
2	18	25	16,088
2	18	30	0,745
2	18	31	7,122
2	18	32	6,699
2	18	33	2,57
2	18	37	4,948
2	18	44	7,587
2	18	47	4,423
2	18	48	6,809
2	18	56	3,03
2	18	57	4,83
2	18	59	6,398
2	18	61	5,818
2	18	63	1,884
2	18	66	7,878
2	18	70	2,029
2	18	77	2,382
2	18	84	13,242
2	18	86	0,706
2	18	89	24,233
2	18	94	2,947
2	24	16	9,304
2	24	18	5,627
2	24	25	5,108
2	24	30	4,939
2	24	31	3,429
2	24	32	1,128
2	24	33	2,069
2	24	37	6,369
2	24	44	1,252
2	24	47	2,448
2	24	48	1,077
2	24	56	3,37
2	24	57	5,196
2	24	59	1,129
2	24	61	2,822
2	24	63	10,217
2	24	66	1,71
2	24	70	3,919
2	24	77	4,584
2	24	84	2,186
2	24	86	14,529
2	24	89	1,691
2	24	94	8,717
2	25	16	0,764
2	25	18	5,713
2	25	24	10,876
2	25	30	1,3
2	25	31	6,255
2	25	32	1,889
2	25	33	41,793
2	25	37	22,907
2	25	44	1,472
2	25	47	7,766
2	25	48	1,504
2	25	56	1,775
2	25	57	3,292
2	25	59	5,436
2	25	61	2,562
2	25	63	4,367
2	25	66	16,408
2	25	70	2,927
2	25	77	6,427
2	25	84	13,628
2	25	86	9,61
2	25	89	1,424
2	25	94	9,397
2	30	16	0,781
2	30	18	1,577
2	30	24	0,731
2	30	25	0,503
2	30	31	8,476
2	30	32	34,921
2	30	33	7,664
2	30	37	4,666
2	30	44	10,959
2	30	47	5,237
2	30	48	44,844
2	30	56	9,712
2	30	57	6,325
2	30	59	10,516
2	30	61	3,204
2	30	63	2,385
2	30	66	11,911
2	30	70	0,676
2	30	77	24,089
2	30	84	11,846
2	30	86	7,139
2	30	89	14,579
2	30	94	15,921
2	31	16	4,543
2	31	18	1,459
2	31	24	1,875
2	31	25	10,394
2	31	30	5,72
2	31	32	2,596
2	31	33	21,523
2	31	37	6,95
2	31	44	1,598
2	31	47	2,423
2	31	48	1,168
2	31	56	7,572
2	31	57	0,578
2	31	59	14,301
2	31	61	11,801
2	31	63	3,745
2	31	66	1,312
2	31	70	3,423
2	31	77	12,34
2	31	84	13,915
2	31	86	0,557
2	31	89	1,636
2	31	94	1,372
2	32	16	8,549
2	32	18	2,651
2	32	24	1,427
2	32	25	3,947
2	32	30	5,088
2	32	31	3,595
2	32	33	9,595
2	32	37	4,521
2	32	44	3,235
2	32	47	2,105
2	32	48	28,534
2	32	56	7,256
2	32	57	1,14
2	32	59	8,337
2	32	61	1,404
2	32	63	7,904
2	32	66	15,027
2	32	70	2,965
2	32	77	1,957
2	32	84	4,231
2	32	86	5,084
2	32	89	3,309
2	32	94	1,998
2	33	16	9,825
2	33	18	2,97
2	33	24	1,784
2	33	25	0,884
2	33	30	12,472
2	33	31	0,753
2	33	32	5,638
2	33	37	4,59
2	33	44	5,544
2	33	47	13,148
2	33	48	1,706
2	33	56	8,352
2	33	57	0,558
2	33	59	3,911
2	33	61	8,063
2	33	63	5,528
2	33	66	8,762
2	33	70	9,969
2	33	77	0,783
2	33	84	2,404
2	33	86	2,524
2	33	89	2,455
2	33	94	1,106
2	37	16	4,74
2	37	18	6,563
2	37	24	9,807
2	37	25	17,797
2	37	30	4,958
2	37	31	0,696
2	37	32	8,524
2	37	33	9,127
2	37	44	1,211
2	37	47	1,449
2	37	48	5,116
2	37	56	8,727
2	37	57	45,106
2	37	59	8,6
2	37	61	8,187
2	37	63	2,572
2	37	66	2,082
2	37	70	7,883
2	37	77	3,47
2	37	84	9,765
2	37	86	19,207
2	37	89	10,173
2	37	94	16,823
2	44	16	6,298
2	44	18	7,674
2	44	24	16,521
2	44	25	3,734
2	44	30	2,833
2	44	31	1,509
2	44	32	4,508
2	44	33	5,582
2	44	37	3,84
2	44	47	12,125
2	44	48	8,441
2	44	56	1,9
2	44	57	5,242
2	44	59	4,064
2	44	61	1,816
2	44	63	3,608
2	44	66	6,139
2	44	70	5,039
2	44	77	6,84
2	44	84	1,9
2	44	86	7,157
2	44	89	8,44
2	44	94	2,917
2	47	16	7,438
2	47	18	6,339
2	47	24	1,125
2	47	25	9,01
2	47	30	2,435
2	47	31	1,141
2	47	32	8,415
2	47	33	4,993
2	47	37	7,913
2	47	44	12,289
2	47	48	3,938
2	47	56	0,704
2	47	57	13,002
2	47	59	1,489
2	47	61	1,769
2	47	63	15,027
2	47	66	13,501
2	47	70	1,707
2	47	77	2,237
2	47	84	13,677
2	47	86	2,949
2	47	89	6,362
2	47	94	2,404
2	48	16	6,791
2	48	18	8,062
2	48	24	5,422
2	48	25	5,204
2	48	30	12,071
2	48	31	1,44
2	48	32	4,618
2	48	33	1,973
2	48	37	10,421
2	48	44	0,96
2	48	47	5,474
2	48	56	10,461
2	48	57	2,042
2	48	59	3,954
2	48	61	6,902
2	48	63	16,35
2	48	66	13,856
2	48	70	2,992
2	48	77	11,296
2	48	84	11,825
2	48	86	1,893
2	48	89	3,25
2	48	94	1,157
2	56	16	2,375
2	56	18	9,431
2	56	24	9,67
2	56	25	4,166
2	56	30	5,793
2	56	31	3,244
2	56	32	15,783
2	56	33	16,987
2	56	37	6,306
2	56	44	1,79
2	56	47	5,2
2	56	48	7,453
2	56	57	2,936
2	56	59	0,578
2	56	61	0,976
2	56	63	1,05
2	56	66	1,436
2	56	70	5,83
2	56	77	0,781
2	56	84	0,861
2	56	86	28,329
2	56	89	0,841
2	56	94	5,088
2	57	16	1,247
2	57	18	5,374
2	57	24	16,213
2	57	25	11,914
2	57	30	2,022
2	57	31	1,114
2	57	32	9,981
2	57	33	8,933
2	57	37	14,394
2	57	44	0,927
2	57	47	2,381
2	57	48	0,858
2	57	56	7,018
2	57	59	17,352
2	57	61	7,577
2	57	63	9,576
2	57	66	7,807
2	57	70	6,22
2	57	77	33,066
2	57	84	1,096
2	57	86	14,428
2	57	89	1,6
2	57	94	4,859
2	59	16	7,594
2	59	18	3,041
2	59	24	0,547
2	59	25	1,148
2	59	30	0,992
2	59	31	1,096
2	59	32	10,308
2	59	33	3,957
2	59	37	7,634
2	59	44	6,475
2	59	47	9,328
2	59	48	3,151
2	59	56	16,61
2	59	57	4,083
2	59	61	8,449
2	59	63	2,399
2	59	66	8,03
2	59	70	3,464
2	59	77	7,366
2	59	84	6,513
2	59	86	3,264
2	59	89	13,941
2	59	94	8,176
2	61	16	9,293
2	61	18	1,921
2	61	24	0,631
2	61	25	4,539
2	61	30	8,995
2	61	31	6,544
2	61	32	1,329
2	61	33	56,344
2	61	37	1,48
2	61	44	2,849
2	61	47	5,294
2	61	48	3,023
2	61	56	0,933
2	61	57	16,91
2	61	59	1,687
2	61	63	17,511
2	61	66	1,605
2	61	70	4,632
2	61	77	1,336
2	61	84	4,708
2	61	86	3,061
2	61	89	2,955
2	61	94	1,919
2	63	16	4,299
2	63	18	2,528
2	63	24	6,208
2	63	25	6,224
2	63	30	1,09
2	63	31	18,904
2	63	32	0,719
2	63	33	6,889
2	63	37	8,459
2	63	44	20,463
2	63	47	2,142
2	63	48	1,542
2	63	56	5,504
2	63	57	66,821
2	63	59	11,238
2	63	61	2,547
2	63	66	2,798
2	63	70	5,243
2	63	77	0,653
2	63	84	2,74
2	63	86	8,687
2	63	89	1,287
2	63	94	1,821
2	66	16	5,463
2	66	18	0,593
2	66	24	0,686
2	66	25	5,288
2	66	30	31,277
2	66	31	9,154
2	66	32	0,88
2	66	33	2,914
2	66	37	7,126
2	66	44	9,465
2	66	47	2,499
2	66	48	3,103
2	66	56	1,358
2	66	57	3,824
2	66	59	4,364
2	66	61	8,86
2	66	63	5,892
2	66	70	19,652
2	66	77	6,268
2	66	84	8,726
2	66	86	2,149
2	66	89	11,404
2	66	94	1,7
2	70	16	3,976
2	70	18	1,802
2	70	24	24,815
2	70	25	6,252
2	70	30	1,568
2	70	31	1,684
2	70	32	0,771
2	70	33	1,155
2	70	37	3,963
2	70	44	11,069
2	70	47	12,243
2	70	48	1,361
2	70	56	2,744
2	70	57	4,964
2	70	59	11,386
2	70	61	3,028
2	70	63	4,317
2	70	66	8,288
2	70	77	1,458
2	70	84	6,052
2	70	86	1,131
2	70	89	16,207
2	70	94	1,847
2	77	16	5,453
2	77	18	6,071
2	77	24	15,085
2	77	25	1,331
2	77	30	7,205
2	77	31	1,005
2	77	32	3,659
2	77	33	2,222
2	77	37	2,225
2	77	44	0,523
2	77	47	10,511
2	77	48	0,956
2	77	56	0,673
2	77	57	8,711
2	77	59	15,434
2	77	61	0,759
2	77	63	7,704
2	77	66	3,903
2	77	70	3,397
2	77	84	0,652
2	77	86	2,113
2	77	89	14,941
2	77	94	1,204
2	84	16	2,328
2	84	18	6,676
2	84	24	1,896
2	84	25	5,186
2	84	30	4,396
2	84	31	11,928
2	84	32	0,69
2	84	33	7,28
2	84	37	2,17
2	84	44	3,811
2	84	47	5,08
2	84	48	3,895
2	84	56	1,609
2	84	57	1,817
2	84	59	4,754
2	84	61	4,91
2	84	63	9,224
2	84	66	3,82
2	84	70	1,902
2	84	77	1,222
2	84	86	0,536
2	84	89	4,428
2	84	94	8,877
2	86	16	8,184
2	86	18	1,842
2	86	24	0,8
2	86	25	9,523
2	86	30	2,633
2	86	31	1,995
2	86	32	2,63
2	86	33	3,841
2	86	37	14,007
2	86	44	5,437
2	86	47	19,765
2	86	48	7,588
2	86	56	0,608
2	86	57	1,758
2	86	59	4,418
2	86	61	15,676
2	86	63	14,036
2	86	66	8,861
2	86	70	12,541
2	86	77	3,682
2	86	84	0,796
2	86	89	10,582
2	86	94	10,287
2	89	16	0,902
2	89	18	15,979
2	89	24	3,265
2	89	25	8,244
2	89	30	8,104
2	89	31	1,383
2	89	32	32,394
2	89	33	2,916
2	89	37	1,065
2	89	44	19,772
2	89	47	1,157
2	89	48	22,204
2	89	56	5,88
2	89	57	5,196
2	89	59	20,811
2	89	61	0,889
2	89	63	11,006
2	89	66	9,768
2	89	70	1,443
2	89	77	12,999
2	89	84	3,234
2	89	86	8,995
2	89	94	1,707
2	94	16	4,781
2	94	18	5,937
2	94	24	0,87
2	94	25	6,241
2	94	30	1,094
2	94	31	3,629
2	94	32	15,181
2	94	33	17,045
2	94	37	9,826
2	94	44	9,204
2	94	47	8,466
2	94	48	3,204
2	94	56	4,882
2	94	57	1,558
2	94	59	7,655
2	94	61	0,791
2	94	63	14,586
2	94	66	10,83
2	94	70	30,946
2	94	77	7,672
2	94	84	4,119
2	94	86	7,207
2	94	89	3,052
3	6	17	0,917
3	6	18	4,172
3	6	20	2,757
3	6	21	1,306
3	6	23	4,766
3	6	33	12,41
3	6	42	9,927
3	6	53	5,424
3	6	54	32,205
3	6	55	1,675
3	6	57	15,842
3	6	58	1,745
3	6	62	1,339
3	6	66	1,952
3	6	76	4,925
3	6	79	4,303
3	6	80	1,525
3	6	81	0,725
3	6	89	0,761
3	6	91	6,217
3	6	95	15,061
3	6	99	9,728
3	6	100	3,806
3	17	6	10,246
3	17	18	7,762
3	17	20	1,301
3	17	21	2,817
3	17	23	3,575
3	17	33	6,14
3	17	42	1,159
3	17	53	5,342
3	17	54	5,95
3	17	55	11,77
3	17	57	14,374
3	17	58	15,231
3	17	62	0,806
3	17	66	4,204
3	17	76	4,125
3	17	79	9,387
3	17	80	1,432
3	17	81	3,073
3	17	89	8,563
3	17	91	4,11
3	17	95	4,309
3	17	99	9,018
3	17	100	7,485
3	18	6	2,713
3	18	17	6,525
3	18	20	1,108
3	18	21	6,084
3	18	23	0,6
3	18	33	12,089
3	18	42	2,597
3	18	53	0,916
3	18	54	4,36
3	18	55	7,697
3	18	57	7,639
3	18	58	9,21
3	18	62	15,848
3	18	66	3,625
3	18	76	4,528
3	18	79	10,997
3	18	80	4,818
3	18	81	1,703
3	18	89	2,466
3	18	91	0,935
3	18	95	1,054
3	18	99	1,771
3	18	100	5,872
3	20	6	11,825
3	20	17	12,174
3	20	18	7,073
3	20	21	10,86
3	20	23	3,896
3	20	33	7,512
3	20	42	2,598
3	20	53	3,704
3	20	54	16,113
3	20	55	3,091
3	20	57	17,257
3	20	58	3,3
3	20	62	0,951
3	20	66	1,46
3	20	76	10,09
3	20	79	6,878
3	20	80	4,227
3	20	81	5,613
3	20	89	0,816
3	20	91	0,62
3	20	95	4,789
3	20	99	3,478
3	20	100	2,412
3	21	6	16,52
3	21	17	3,903
3	21	18	10,068
3	21	20	9,555
3	21	23	2,837
3	21	33	4,06
3	21	42	0,664
3	21	53	2,94
3	21	54	43,456
3	21	55	9,122
3	21	57	0,807
3	21	58	0,825
3	21	62	6,527
3	21	66	2,334
3	21	76	19,973
3	21	79	0,605
3	21	80	9,06
3	21	81	2,707
3	21	89	2,827
3	21	91	1,593
3	21	95	10,63
3	21	99	2,309
3	21	100	0,944
3	23	6	3,053
3	23	17	18,563
3	23	18	8,323
3	23	20	26,642
3	23	21	7,38
3	23	33	2,928
3	23	42	7,995
3	23	53	5,806
3	23	54	1,522
3	23	55	3,2
3	23	57	0,589
3	23	58	1,015
3	23	62	6,726
3	23	66	2,324
3	23	76	2,249
3	23	79	3,295
3	23	80	10,107
3	23	81	1,297
3	23	89	1,261
3	23	91	3,759
3	23	95	6,79
3	23	99	5,984
3	23	100	3,135
3	33	6	7,177
3	33	17	1,45
3	33	18	1,638
3	33	20	9,843
3	33	21	2,069
3	33	23	4,354
3	33	42	12,068
3	33	53	6,623
3	33	54	16,49
3	33	55	11,219
3	33	57	9,028
3	33	58	1,379
3	33	62	5,341
3	33	66	7,578
3	33	76	1,41
3	33	79	0,959
3	33	80	1,928
3	33	81	13,641
3	33	89	11,2
3	33	91	4,31
3	33	95	0,903
3	33	99	1,261
3	33	100	1,63
3	42	6	5,245
3	42	17	3,377
3	42	18	6,387
3	42	20	2,13
3	42	21	0,514
3	42	23	8,295
3	42	33	4,646
3	42	53	3,438
3	42	54	1,037
3	42	55	5,417
3	42	57	1,005
3	42	58	2,282
3	42	62	1,331
3	42	66	4,456
3	42	76	3,443
3	42	79	1,762
3	42	80	7,977
3	42	81	1,507
3	42	89	15,338
3	42	91	9,845
3	42	95	8,093
3	42	99	14,035
3	42	100	6,443
3	53	6	6,297
3	53	17	12,208
3	53	18	3,848
3	53	20	13,611
3	53	21	7,745
3	53	23	83,54
3	53	33	4,883
3	53	42	1,069
3	53	54	4,069
3	53	55	1,291
3	53	57	4,507
3	53	58	2,228
3	53	62	5,174
3	53	66	0,551
3	53	76	9,142
3	53	79	0,883
3	53	80	5,887
3	53	81	1,124
3	53	89	7,418
3	53	91	8,766
3	53	95	9,811
3	53	99	0,79
3	53	100	3,566
3	54	6	16,207
3	54	17	2,997
3	54	18	12,38
3	54	20	3,279
3	54	21	0,917
3	54	23	9,246
3	54	33	0,644
3	54	42	2,553
3	54	53	15,206
3	54	55	4,832
3	54	57	4,609
3	54	58	9,411
3	54	62	46,757
3	54	66	0,632
3	54	76	2,147
3	54	79	7,413
3	54	80	5,037
3	54	81	7,564
3	54	89	8,424
3	54	91	13,861
3	54	95	2,791
3	54	99	4,068
3	54	100	6,985
3	55	6	9,743
3	55	17	5,174
3	55	18	1,289
3	55	20	0,596
3	55	21	2,004
3	55	23	1,178
3	55	33	0,695
3	55	42	0,952
3	55	53	2,644
3	55	54	1,589
3	55	57	2,534
3	55	58	1,163
3	55	62	0,618
3	55	66	0,932
3	55	76	15,431
3	55	79	4,507
3	55	80	21,759
3	55	81	12,339
3	55	89	7,075
3	55	91	2,686
3	55	95	7,291
3	55	99	5,005
3	55	100	30,793
3	57	6	7,46
3	57	17	13,424
3	57	18	7,348
3	57	20	0,715
3	57	21	4,53
3	57	23	10,476
3	57	33	0,529
3	57	42	0,543
3	57	53	2,137
3	57	54	3,392
3	57	55	8,869
3	57	58	2,793
3	57	62	3,881
3	57	66	2,221
3	57	76	2,984
3	57	79	6,813
3	57	80	1,853
3	57	81	3,908
3	57	89	7,301
3	57	91	9,865
3	57	95	4,556
3	57	99	6,396
3	57	100	2,228
3	58	6	1,906
3	58	17	5,749
3	58	18	1,193
3	58	20	3,023
3	58	21	2,096
3	58	23	2,732
3	58	33	8,226
3	58	42	5,598
3	58	53	2,049
3	58	54	14,286
3	58	55	1,276
3	58	57	4,414
3	58	62	8,299
3	58	66	19,411
3	58	76	0,717
3	58	79	1,844
3	58	80	7,701
3	58	81	12,294
3	58	89	21,392
3	58	91	10,149
3	58	95	22,096
3	58	99	8,344
3	58	100	0,815
3	62	6	24,62
3	62	17	0,749
3	62	18	1,022
3	62	20	3,271
3	62	21	1,638
3	62	23	11,989
3	62	33	4,501
3	62	42	12,321
3	62	53	3,159
3	62	54	5,822
3	62	55	1,527
3	62	57	8,442
3	62	58	4,464
3	62	66	9,345
3	62	76	4,545
3	62	79	2,126
3	62	80	4,996
3	62	81	5,302
3	62	89	7,816
3	62	91	2,64
3	62	95	6,464
3	62	99	18,471
3	62	100	0,815
3	66	6	5,544
3	66	17	0,51
3	66	18	3,379
3	66	20	0,579
3	66	21	6,107
3	66	23	3,696
3	66	33	4,753
3	66	42	2,259
3	66	53	2,221
3	66	54	22,519
3	66	55	3,683
3	66	57	38,966
3	66	58	13,485
3	66	62	4,438
3	66	76	6,163
3	66	79	6,69
3	66	80	6,07
3	66	81	4,886
3	66	89	0,665
3	66	91	17,096
3	66	95	12,537
3	66	99	2,465
3	66	100	2,552
3	76	6	3,844
3	76	17	13,512
3	76	18	6,425
3	76	20	6,771
3	76	21	4,597
3	76	23	1,981
3	76	33	4,057
3	76	42	3,262
3	76	53	1,282
3	76	54	7,393
3	76	55	8,029
3	76	57	3,347
3	76	58	2,711
3	76	62	16,484
3	76	66	1,111
3	76	79	2,225
3	76	80	9,515
3	76	81	18,039
3	76	89	5,173
3	76	91	5,645
3	76	95	3,713
3	76	99	0,633
3	76	100	2,465
3	79	6	7,034
3	79	17	20,664
3	79	18	6,376
3	79	20	4,43
3	79	21	6,109
3	79	23	22,999
3	79	33	19,89
3	79	42	1,467
3	79	53	25,409
3	79	54	8,278
3	79	55	1,13
3	79	57	0,931
3	79	58	41,207
3	79	62	9,258
3	79	66	13,62
3	79	76	22,033
3	79	80	3,548
3	79	81	3,576
3	79	89	6,525
3	79	91	0,552
3	79	95	2,227
3	79	99	13,911
3	79	100	1,49
3	80	6	3,256
3	80	17	3,385
3	80	18	5,193
3	80	20	9,595
3	80	21	0,607
3	80	23	11,192
3	80	33	2,476
3	80	42	1,347
3	80	53	1,072
3	80	54	4,39
3	80	55	7,86
3	80	57	1,097
3	80	58	3,304
3	80	62	12,094
3	80	66	1,581
3	80	76	0,861
3	80	79	1,013
3	80	81	3,205
3	80	89	7,669
3	80	91	5,872
3	80	95	0,976
3	80	99	1,582
3	80	100	1,522
3	81	6	4,326
3	81	17	1,706
3	81	18	7,32
3	81	20	22,104
3	81	21	7,241
3	81	23	21,177
3	81	33	29,023
3	81	42	2,446
3	81	53	6,679
3	81	54	6,639
3	81	55	5,66
3	81	57	3,96
3	81	58	6,767
3	81	62	10,943
3	81	66	0,53
3	81	76	5,127
3	81	79	28,021
3	81	80	6,749
3	81	89	1,633
3	81	91	5,832
3	81	95	6,353
3	81	99	13,558
3	81	100	8,62
3	89	6	4,502
3	89	17	4,339
3	89	18	15,777
3	89	20	0,715
3	89	21	2,915
3	89	23	7,037
3	89	33	1,84
3	89	42	5,856
3	89	53	0,897
3	89	54	0,968
3	89	55	2,215
3	89	57	8,071
3	89	58	1,738
3	89	62	1,029
3	89	66	5,344
3	89	76	11,563
3	89	79	6,937
3	89	80	0,987
3	89	81	1,698
3	89	91	1,89
3	89	95	2,961
3	89	99	0,952
3	89	100	0,615
3	91	6	0,894
3	91	17	0,533
3	91	18	18,611
3	91	20	6,562
3	91	21	1,609
3	91	23	4,129
3	91	33	4,122
3	91	42	3,1
3	91	53	2,988
3	91	54	16,928
3	91	55	1
3	91	57	0,539
3	91	58	0,833
3	91	62	2,604
3	91	66	1,627
3	91	76	3,898
3	91	79	5,28
3	91	80	2,427
3	91	81	0,686
3	91	89	6,348
3	91	95	0,868
3	91	99	0,617
3	91	100	1,247
3	95	6	11,167
3	95	17	7,568
3	95	18	6,717
3	95	20	23,416
3	95	21	2,69
3	95	23	4,453
3	95	33	2,616
3	95	42	0,559
3	95	53	0,556
3	95	54	4,447
3	95	55	2,652
3	95	57	1,997
3	95	58	22,374
3	95	62	1,214
3	95	66	14,035
3	95	76	33,365
3	95	79	12,814
3	95	80	16,223
3	95	81	2,305
3	95	89	5,229
3	95	91	12,649
3	95	99	3,788
3	95	100	0,856
3	99	6	12,889
3	99	17	4,32
3	99	18	3,961
3	99	20	5,695
3	99	21	23,347
3	99	23	3,691
3	99	33	3,294
3	99	42	1,592
3	99	53	1,503
3	99	54	0,884
3	99	55	1,266
3	99	57	2,17
3	99	58	3,089
3	99	62	3,068
3	99	66	9,28
3	99	76	2,026
3	99	79	8,22
3	99	80	2,421
3	99	81	15,922
3	99	89	1,332
3	99	91	2,327
3	99	95	9,786
3	99	100	1,665
3	100	6	3,512
3	100	17	22,843
3	100	18	2,767
3	100	20	1,499
3	100	21	14,311
3	100	23	1,638
3	100	33	0,633
3	100	42	7,299
3	100	53	7,464
3	100	54	13,872
3	100	55	1,477
3	100	57	1,665
3	100	58	6,172
3	100	62	5,286
3	100	66	2,681
3	100	76	8,845
3	100	79	1,548
3	100	80	8,806
3	100	81	3,221
3	100	89	4,022
3	100	91	11,063
3	100	95	0,709
3	100	99	4,048
4	2	6	3,914
4	2	9	1,829
4	2	10	6,996
4	2	12	14,245
4	2	18	1,771
4	2	34	13,404
4	2	40	6,975
4	2	52	1,392
4	2	58	1,145
4	2	67	4,922
4	2	70	19,381
4	2	71	4,553
4	2	73	11,897
4	2	78	6,971
4	2	79	5,726
4	2	88	3,553
4	2	90	0,728
4	6	2	1,833
4	6	9	17,568
4	6	10	0,861
4	6	12	5,452
4	6	18	9,572
4	6	34	3,457
4	6	40	9,396
4	6	52	2,948
4	6	58	1,552
4	6	67	3,65
4	6	70	11,511
4	6	71	2,778
4	6	73	1,63
4	6	78	21,915
4	6	79	1,367
4	6	88	4,673
4	6	90	3,348
4	9	2	3,659
4	9	6	0,964
4	9	10	0,956
4	9	12	1,184
4	9	18	1,943
4	9	34	26,968
4	9	40	3,862
4	9	52	0,549
4	9	58	7,272
4	9	67	9,059
4	9	70	0,505
4	9	71	3,013
4	9	73	1,053
4	9	78	1,422
4	9	79	2,203
4	9	88	2,236
4	9	90	4,776
4	10	2	3,064
4	10	6	8,041
4	10	9	10,177
4	10	12	6,357
4	10	18	1,712
4	10	34	11,488
4	10	40	28,126
4	10	52	4,481
4	10	58	6,276
4	10	67	14,667
4	10	70	11,193
4	10	71	0,886
4	10	73	7,922
4	10	78	2,19
4	10	79	2,085
4	10	88	3,667
4	10	90	3,009
4	12	2	4,206
4	12	6	0,831
4	12	9	8,003
4	12	10	6,076
4	12	18	5,327
4	12	34	2,186
4	12	40	6,315
4	12	52	4,956
4	12	58	10,277
4	12	67	11,578
4	12	70	1,127
4	12	71	11,904
4	12	73	6,054
4	12	78	8,248
4	12	79	0,835
4	12	88	1,622
4	12	90	15,588
4	18	2	5,726
4	18	6	2,408
4	18	9	2,137
4	18	10	4,348
4	18	12	0,927
4	18	34	7,425
4	18	40	10,357
4	18	52	4,364
4	18	58	24,568
4	18	67	3,183
4	18	70	3,286
4	18	71	1,936
4	18	73	7,657
4	18	78	0,617
4	18	79	5,979
4	18	88	4,967
4	18	90	14,818
4	34	2	3,834
4	34	6	5,854
4	34	9	0,614
4	34	10	14,893
4	34	12	6,286
4	34	18	0,806
4	34	40	4,78
4	34	52	0,984
4	34	58	3,739
4	34	67	1,83
4	34	70	0,887
4	34	71	1,64
4	34	73	5,414
4	34	78	1,162
4	34	79	4,657
4	34	88	9,184
4	34	90	0,537
4	40	2	8,537
4	40	6	7,954
4	40	9	1,268
4	40	10	0,825
4	40	12	1,232
4	40	18	2,012
4	40	34	11,396
4	40	52	19,899
4	40	58	7,653
4	40	67	3,68
4	40	70	1,075
4	40	71	17,502
4	40	73	16,759
4	40	78	5,46
4	40	79	3,595
4	40	88	8,44
4	40	90	7,588
4	52	2	9,335
4	52	6	34,774
4	52	9	14,549
4	52	10	13,927
4	52	12	7,523
4	52	18	8,522
4	52	34	0,735
4	52	40	4,47
4	52	58	1,717
4	52	67	5,662
4	52	70	4,775
4	52	71	3,731
4	52	73	4,748
4	52	78	1,029
4	52	79	0,542
4	52	88	22,124
4	52	90	2,312
4	58	2	7,53
4	58	6	15,588
4	58	9	5,926
4	58	10	0,849
4	58	12	15,46
4	58	18	12,648
4	58	34	1,024
4	58	40	16,928
4	58	52	4,574
4	58	67	3,386
4	58	70	2,925
4	58	71	2,143
4	58	73	3,771
4	58	78	3,69
4	58	79	5,97
4	58	88	4,53
4	58	90	2,454
4	67	2	16,173
4	67	6	7,587
4	67	9	6,206
4	67	10	33,084
4	67	12	1,84
4	67	18	1,983
4	67	34	14,798
4	67	40	7,191
4	67	52	13,474
4	67	58	10,655
4	67	70	5,369
4	67	71	26,972
4	67	73	2,267
4	67	78	3,91
4	67	79	11,79
4	67	88	17,666
4	67	90	0,679
4	70	2	0,722
4	70	6	1,045
4	70	9	11,987
4	70	10	6,742
4	70	12	3,549
4	70	18	6,274
4	70	34	74,099
4	70	40	5,326
4	70	52	3,49
4	70	58	7,31
4	70	67	4,543
4	70	71	2,351
4	70	73	1,659
4	70	78	1,941
4	70	79	1,804
4	70	88	0,821
4	70	90	1,464
4	71	2	1,018
4	71	6	1,073
4	71	9	5,904
4	71	10	21,438
4	71	12	6,124
4	71	18	3,185
4	71	34	7,733
4	71	40	1,789
4	71	52	1,601
4	71	58	6,441
4	71	67	4,035
4	71	70	2,986
4	71	73	11,904
4	71	78	4,064
4	71	79	0,935
4	71	88	1,769
4	71	90	0,975
4	73	2	1,794
4	73	6	2,591
4	73	9	3,545
4	73	10	7,694
4	73	12	1,889
4	73	18	2,355
4	73	34	1,71
4	73	40	28,559
4	73	52	3,55
4	73	58	1,986
4	73	67	3,627
4	73	70	6,719
4	73	71	28,896
4	73	78	6,122
4	73	79	1,753
4	73	88	4,308
4	73	90	18,729
4	78	2	18,41
4	78	6	1,096
4	78	9	3,903
4	78	10	6,284
4	78	12	20,143
4	78	18	1,218
4	78	34	8,053
4	78	40	4,19
4	78	52	3,157
4	78	58	4,4
4	78	67	6,504
4	78	70	13,245
4	78	71	5,659
4	78	73	20,798
4	78	79	0,621
4	78	88	0,954
4	78	90	1,852
4	79	2	1,301
4	79	6	7,027
4	79	9	7,521
4	79	10	1,468
4	79	12	21,342
4	79	18	5,049
4	79	34	20,106
4	79	40	0,502
4	79	52	3,594
4	79	58	1,268
4	79	67	24,617
4	79	70	9,6
4	79	71	50,552
4	79	73	1,095
4	79	78	1,834
4	79	88	7,453
4	79	90	3,914
4	88	2	2,098
4	88	6	5,72
4	88	9	2,698
4	88	10	1,132
4	88	12	2,775
4	88	18	0,924
4	88	34	9,611
4	88	40	1,88
4	88	52	26,27
4	88	58	4,508
4	88	67	5,653
4	88	70	4,613
4	88	71	10,949
4	88	73	0,904
4	88	78	24,324
4	88	79	1,533
4	88	90	11,151
4	90	2	26,447
4	90	6	2,527
4	90	9	1,204
4	90	10	4,976
4	90	12	2,391
4	90	18	3,226
4	90	34	17,059
4	90	40	1,613
4	90	52	5,134
4	90	58	21,524
4	90	67	5,002
4	90	70	6,414
4	90	71	8,005
4	90	73	2,076
4	90	78	4,213
4	90	79	10,692
4	90	88	3,991
5	5	11	8,321
5	5	12	9,626
5	5	19	4,33
5	5	20	0,523
5	5	21	1,732
5	5	22	10,566
5	5	27	0,825
5	5	30	5,108
5	5	33	11,868
5	5	35	1,194
5	5	38	1,975
5	5	44	1,54
5	5	48	1,325
5	5	50	4,968
5	5	59	0,608
5	5	63	23,544
5	5	85	1,854
5	5	92	6,282
5	5	97	2,634
5	11	5	5,328
5	11	12	14,686
5	11	19	4,938
5	11	20	5,262
5	11	21	2,313
5	11	22	9,84
5	11	27	0,914
5	11	30	12,877
5	11	33	8,61
5	11	35	1,856
5	11	38	21,704
5	11	44	1,407
5	11	48	0,891
5	11	50	8,849
5	11	59	15,572
5	11	63	0,754
5	11	85	4,671
5	11	92	4,517
5	11	97	0,648
5	12	5	6,814
5	12	11	2,79
5	12	19	4,244
5	12	20	3,237
5	12	21	2,379
5	12	22	4,651
5	12	27	1,558
5	12	30	5,119
5	12	33	4,314
5	12	35	1,031
5	12	38	3,219
5	12	44	1,385
5	12	48	6,985
5	12	50	4,541
5	12	59	1,095
5	12	63	1,762
5	12	85	4,483
5	12	92	11,76
5	12	97	4,644
5	19	5	1,893
5	19	11	3,446
5	19	12	4,833
5	19	20	14,045
5	19	21	19,096
5	19	22	1,774
5	19	27	14,024
5	19	30	9,182
5	19	33	3,13
5	19	35	1,104
5	19	38	12,705
5	19	44	3,973
5	19	48	2,263
5	19	50	0,676
5	19	59	1,482
5	19	63	2,209
5	19	85	16,888
5	19	92	6,07
5	19	97	6,825
5	20	5	1,507
5	20	11	2,144
5	20	12	1,793
5	20	19	10,261
5	20	21	9,69
5	20	22	1,869
5	20	27	5,553
5	20	30	12,072
5	20	33	4,844
5	20	35	7,373
5	20	38	3,35
5	20	44	4,191
5	20	48	0,845
5	20	50	6,493
5	20	59	1,352
5	20	63	0,663
5	20	85	2,162
5	20	92	9,481
5	20	97	16,778
5	21	5	1,172
5	21	11	5,099
5	21	12	10,494
5	21	19	2,436
5	21	20	5,719
5	21	22	8,374
5	21	27	4,864
5	21	30	1,87
5	21	33	2,425
5	21	35	1,325
5	21	38	3,163
5	21	44	18,139
5	21	48	13,52
5	21	50	4,564
5	21	59	2,503
5	21	63	1,089
5	21	85	3,393
5	21	92	9,22
5	21	97	4,113
5	22	5	1,152
5	22	11	0,849
5	22	12	1,293
5	22	19	12,546
5	22	20	2,114
5	22	21	6
5	22	27	3,068
5	22	30	2,685
5	22	33	0,671
5	22	35	18,009
5	22	38	2,964
5	22	44	21,733
5	22	48	2,291
5	22	50	2,24
5	22	59	1,549
5	22	63	20,696
5	22	85	1,348
5	22	92	1,206
5	22	97	11,15
5	27	5	2,679
5	27	11	2,702
5	27	12	8,006
5	27	19	8,522
5	27	20	4,834
5	27	21	0,761
5	27	22	1,016
5	27	30	13,749
5	27	33	9,731
5	27	35	0,745
5	27	38	1,612
5	27	44	45,544
5	27	48	3,098
5	27	50	2,762
5	27	59	4,211
5	27	63	3,498
5	27	85	1,651
5	27	92	2,565
5	27	97	0,654
5	30	5	1,049
5	30	11	1,526
5	30	12	1,337
5	30	19	2,561
5	30	20	2,649
5	30	21	4,483
5	30	22	2,809
5	30	27	1,011
5	30	33	7,98
5	30	35	6,753
5	30	38	19,049
5	30	44	13,431
5	30	48	1,576
5	30	50	1,28
5	30	59	1,625
5	30	63	10,273
5	30	85	1
5	30	92	1,621
5	30	97	22,09
5	33	5	2,469
5	33	11	1,584
5	33	12	4,454
5	33	19	7,566
5	33	20	13,842
5	33	21	1,081
5	33	22	3,163
5	33	27	5,675
5	33	30	1,024
5	33	35	12,106
5	33	38	3,554
5	33	44	5,356
5	33	48	5,701
5	33	50	0,591
5	33	59	18,132
5	33	63	6,387
5	33	85	8,092
5	33	92	5,268
5	33	97	6,426
5	35	5	3,095
5	35	11	10,521
5	35	12	3,459
5	35	19	8,472
5	35	20	5,481
5	35	21	0,563
5	35	22	6,613
5	35	27	3,781
5	35	30	1,364
5	35	33	7,323
5	35	38	27,158
5	35	44	4,282
5	35	48	4,599
5	35	50	18,011
5	35	59	8,85
5	35	63	12,371
5	35	85	4,867
5	35	92	10,906
5	35	97	10,955
5	38	5	3,477
5	38	11	7,679
5	38	12	8,766
5	38	19	13,721
5	38	20	17,305
5	38	21	2,704
5	38	22	0,508
5	38	27	7,18
5	38	30	3,106
5	38	33	12,874
5	38	35	1,674
5	38	44	5,828
5	38	48	17,056
5	38	50	4,46
5	38	59	2,836
5	38	63	1,388
5	38	85	4,169
5	38	92	0,755
5	38	97	0,522
5	44	5	3,285
5	44	11	16,629
5	44	12	2,969
5	44	19	29,393
5	44	20	1,934
5	44	21	4,596
5	44	22	2,86
5	44	27	5,874
5	44	30	4,445
5	44	33	3,446
5	44	35	28,861
5	44	38	1,251
5	44	48	7,231
5	44	50	4,475
5	44	59	17,282
5	44	63	0,832
5	44	85	16,821
5	44	92	10,556
5	44	97	0,953
5	48	5	8,658
5	48	11	3,734
5	48	12	1,178
5	48	19	2,229
5	48	20	5,263
5	48	21	2,801
5	48	22	17,342
5	48	27	2,052
5	48	30	0,966
5	48	33	7,821
5	48	35	9,487
5	48	38	8,701
5	48	44	3,429
5	48	50	7,228
5	48	59	7,11
5	48	63	9,621
5	48	85	8,274
5	48	92	4,83
5	48	97	11,332
5	50	5	2,321
5	50	11	10,4
5	50	12	3,566
5	50	19	0,641
5	50	20	6,054
5	50	21	9,09
5	50	22	1,895
5	50	27	2,403
5	50	30	17,284
5	50	33	5,397
5	50	35	1,479
5	50	38	0,852
5	50	44	0,763
5	50	48	8,578
5	50	59	16,419
5	50	63	1,74
5	50	85	13,363
5	50	92	7,507
5	50	97	0,614
5	59	5	17,417
5	59	11	5,423
5	59	12	0,757
5	59	19	7,952
5	59	20	10,274
5	59	21	2,429
5	59	22	12,378
5	59	27	4,213
5	59	30	1,926
5	59	33	2,503
5	59	35	15,271
5	59	38	1,802
5	59	44	2,794
5	59	48	1,092
5	59	50	2,638
5	59	63	1,168
5	59	85	1,866
5	59	92	3,91
5	59	97	2,028
5	63	5	3,259
5	63	11	0,757
5	63	12	7,88
5	63	19	3,753
5	63	20	2,242
5	63	21	7,076
5	63	22	3,776
5	63	27	0,704
5	63	30	16,158
5	63	33	5,245
5	63	35	10,001
5	63	38	2,238
5	63	44	1,391
5	63	48	11,704
5	63	50	2,195
5	63	59	7,048
5	63	85	8,693
5	63	92	3,723
5	63	97	36,008
5	85	5	1,495
5	85	11	10,996
5	85	12	1,784
5	85	19	15,402
5	85	20	1,035
5	85	21	15,489
5	85	22	1,579
5	85	27	1,845
5	85	30	1,812
5	85	33	3,352
5	85	35	3,42
5	85	38	18,337
5	85	44	1,414
5	85	48	3,059
5	85	50	1,165
5	85	59	3,479
5	85	63	32,8
5	85	92	12,673
5	85	97	4,069
5	92	5	2,793
5	92	11	1,834
5	92	12	1,489
5	92	19	3,666
5	92	20	5,294
5	92	21	4,024
5	92	22	43,596
5	92	27	1,83
5	92	30	16,824
5	92	33	4,184
5	92	35	8,754
5	92	38	6,786
5	92	44	2,697
5	92	48	11,081
5	92	50	2,075
5	92	59	5,021
5	92	63	3,904
5	92	85	4,259
5	92	97	7,28
5	97	5	2,348
5	97	11	6,554
5	97	12	18,281
5	97	19	4,524
5	97	20	1,974
5	97	21	1,635
5	97	22	6,46
5	97	27	6,554
5	97	30	1,21
5	97	33	5,06
5	97	35	3,004
5	97	38	8,804
5	97	44	9,102
5	97	48	7,421
5	97	50	2,889
5	97	59	1,125
5	97	63	3,1
5	97	85	3,482
5	97	92	0,921
6	1	7	8,668
6	1	9	3,313
6	1	13	5,923
6	1	21	2,502
6	1	25	20,02
6	1	26	3,467
6	1	28	1,743
6	1	34	5,891
6	1	36	2,77
6	1	41	5,387
6	1	55	2,902
6	1	71	3,407
6	1	74	18,745
6	1	77	7,442
6	1	78	4,721
6	1	82	8,165
6	1	92	6,732
6	1	93	14,028
6	1	99	14,39
6	7	1	7,161
6	7	9	6,07
6	7	13	0,611
6	7	21	26,193
6	7	25	3,851
6	7	26	3,526
6	7	28	12,933
6	7	34	5,05
6	7	36	2,208
6	7	41	1,314
6	7	55	1,006
6	7	71	2,535
6	7	74	10,16
6	7	77	6,652
6	7	78	0,777
6	7	82	20,444
6	7	92	4,311
6	7	93	2,351
6	7	99	1,003
6	9	1	19,133
6	9	7	1,322
6	9	13	1,172
6	9	21	7,865
6	9	25	5,119
6	9	26	20,739
6	9	28	1,858
6	9	34	12,448
6	9	36	2,003
6	9	41	3,579
6	9	55	6,008
6	9	71	6,262
6	9	74	5,431
6	9	77	2,508
6	9	78	4,153
6	9	82	1,364
6	9	92	2,17
6	9	93	11,54
6	9	99	1,301
6	13	1	16,671
6	13	7	3,649
6	13	9	19,86
6	13	21	19,376
6	13	25	4,187
6	13	26	8,462
6	13	28	8,832
6	13	34	3,367
6	13	36	2,429
6	13	41	3,977
6	13	55	7,765
6	13	71	1,233
6	13	74	0,851
6	13	77	1,347
6	13	78	0,735
6	13	82	2,103
6	13	92	4,04
6	13	93	7,814
6	13	99	0,663
6	21	1	4,996
6	21	7	1,215
6	21	9	2,1
6	21	13	0,851
6	21	25	1,076
6	21	26	2,512
6	21	28	0,749
6	21	34	5,107
6	21	36	0,863
6	21	41	8,396
6	21	55	1,654
6	21	71	1,83
6	21	74	7,306
6	21	77	5,554
6	21	78	3,376
6	21	82	16,473
6	21	92	5,513
6	21	93	13,653
6	21	99	18,796
6	25	1	1,156
6	25	7	11,657
6	25	9	5,561
6	25	13	16,721
6	25	21	11,028
6	25	26	2,181
6	25	28	3,215
6	25	34	10,236
6	25	36	1,513
6	25	41	0,795
6	25	55	1,357
6	25	71	12,388
6	25	74	1,633
6	25	77	5,37
6	25	78	0,782
6	25	82	4,534
6	25	92	1,22
6	25	93	3,631
6	25	99	6,972
6	26	1	6,547
6	26	7	9,471
6	26	9	9,29
6	26	13	6,407
6	26	21	15,475
6	26	25	0,735
6	26	28	8,775
6	26	34	1,309
6	26	36	7,89
6	26	41	10,211
6	26	55	2,215
6	26	71	0,823
6	26	74	2,815
6	26	77	2,721
6	26	78	2,255
6	26	82	8,1
6	26	92	10,717
6	26	93	6,339
6	26	99	6,071
6	28	1	12,621
6	28	7	4,296
6	28	9	13,736
6	28	13	3,423
6	28	21	2,847
6	28	25	1,883
6	28	26	3,972
6	28	34	2,164
6	28	36	3,856
6	28	41	4,546
6	28	55	19,772
6	28	71	3,326
6	28	74	7,944
6	28	77	0,605
6	28	78	2,162
6	28	82	18,117
6	28	92	14,625
6	28	93	5,663
6	28	99	1,708
6	34	1	15,362
6	34	7	0,789
6	34	9	2,991
6	34	13	6,835
6	34	21	8,034
6	34	25	3,976
6	34	26	29,651
6	34	28	20,908
6	34	36	14,61
6	34	41	7,724
6	34	55	3,868
6	34	71	10,217
6	34	74	7,304
6	34	77	43,15
6	34	78	7,3
6	34	82	2,955
6	34	92	9,261
6	34	93	19,674
6	34	99	2,156
6	36	1	7,214
6	36	7	0,918
6	36	9	27,727
6	36	13	11,367
6	36	21	2,697
6	36	25	7,518
6	36	26	24,903
6	36	28	23,831
6	36	34	6,061
6	36	41	3,488
6	36	55	7,108
6	36	71	3,337
6	36	74	28,991
6	36	77	3,32
6	36	78	0,851
6	36	82	11,186
6	36	92	0,748
6	36	93	1,143
6	36	99	6,835
6	41	1	1,651
6	41	7	2,166
6	41	9	7,347
6	41	13	12,034
6	41	21	5,941
6	41	25	5,751
6	41	26	8,305
6	41	28	12,636
6	41	34	13,239
6	41	36	5,582
6	41	55	0,842
6	41	71	11,741
6	41	74	2,915
6	41	77	2,569
6	41	78	4,853
6	41	82	7,008
6	41	92	9,309
6	41	93	4,83
6	41	99	6,984
6	55	1	6,18
6	55	7	2,087
6	55	9	4,508
6	55	13	2,285
6	55	21	12,88
6	55	25	9,959
6	55	26	3,838
6	55	28	1,165
6	55	34	2,835
6	55	36	7,536
6	55	41	15,758
6	55	71	4,618
6	55	74	5,113
6	55	77	13,655
6	55	78	4,87
6	55	82	6,823
6	55	92	6,202
6	55	93	7,837
6	55	99	7,565
6	71	1	2,659
6	71	7	6,733
6	71	9	11,691
6	71	13	1,957
6	71	21	1,585
6	71	25	1,293
6	71	26	12,565
6	71	28	1,405
6	71	34	4,303
6	71	36	0,704
6	71	41	2,527
6	71	55	19,778
6	71	74	1,651
6	71	77	19,488
6	71	78	1,008
6	71	82	0,681
6	71	92	49,451
6	71	93	0,606
6	71	99	6,412
6	74	1	1,259
6	74	7	5,314
6	74	9	9,836
6	74	13	1,793
6	74	21	6,611
6	74	25	11,667
6	74	26	22,968
6	74	28	44,15
6	74	34	12,961
6	74	36	0,839
6	74	41	3,541
6	74	55	8,457
6	74	71	7,888
6	74	77	14,09
6	74	78	0,912
6	74	82	1,517
6	74	92	7,672
6	74	93	4,591
6	74	99	12,341
6	77	1	8,179
6	77	7	7,676
6	77	9	7,055
6	77	13	19,981
6	77	21	0,627
6	77	25	0,981
6	77	26	2,349
6	77	28	6,156
6	77	34	12,677
6	77	36	0,938
6	77	41	0,625
6	77	55	0,867
6	77	71	3,265
6	77	74	2,472
6	77	78	5,038
6	77	82	4,857
6	77	92	3,367
6	77	93	0,812
6	77	99	0,624
6	78	1	10,507
6	78	7	4,18
6	78	9	1,49
6	78	13	23,364
6	78	21	3,398
6	78	25	10,825
6	78	26	2,713
6	78	28	1,245
6	78	34	4,825
6	78	36	16,588
6	78	41	2,612
6	78	55	1,453
6	78	71	2,123
6	78	74	3,503
6	78	77	2,577
6	78	82	1,484
6	78	92	13,802
6	78	93	10,366
6	78	99	6,453
6	82	1	3,628
6	82	7	1,632
6	82	9	4,889
6	82	13	5,074
6	82	21	3,553
6	82	25	6,527
6	82	26	8,939
6	82	28	1,345
6	82	34	3,122
6	82	36	1,154
6	82	41	6,349
6	82	55	4,355
6	82	71	0,65
6	82	74	9,294
6	82	77	15,809
6	82	78	0,934
6	82	92	0,888
6	82	93	7,303
6	82	99	2,965
6	92	1	1,557
6	92	7	0,523
6	92	9	11,077
6	92	13	6,323
6	92	21	1,795
6	92	25	3,442
6	92	26	9,306
6	92	28	7,052
6	92	34	4,006
6	92	36	6,229
6	92	41	0,622
6	92	55	5,314
6	92	71	11,328
6	92	74	5,25
6	92	77	5,868
6	92	78	1,884
6	92	82	1,076
6	92	93	15,489
6	92	99	16,019
6	93	1	0,92
6	93	7	0,63
6	93	9	1,801
6	93	13	11,649
6	93	21	3,218
6	93	25	6,356
6	93	26	20,116
6	93	28	1,332
6	93	34	2,042
6	93	36	1,883
6	93	41	6,729
6	93	55	1,674
6	93	71	0,588
6	93	74	0,586
6	93	77	2,566
6	93	78	10,259
6	93	82	10,293
6	93	92	3,781
6	93	99	4,3
6	99	1	14,644
6	99	7	3,792
6	99	9	12,37
6	99	13	6,955
6	99	21	3,193
6	99	25	1,827
6	99	26	12,302
6	99	28	0,959
6	99	34	4,013
6	99	36	4,746
6	99	41	3,093
6	99	55	4,556
6	99	71	1,545
6	99	74	4,883
6	99	77	4,68
6	99	78	7,788
6	99	82	2,789
6	99	92	1,447
6	99	93	2,083
7	1	4	7,692
7	1	6	6,242
7	1	16	4,116
7	1	17	11,115
7	1	18	10,23
7	1	22	2,359
7	1	23	12,264
7	1	32	3,02
7	1	33	2,032
7	1	39	4,588
7	1	42	1,468
7	1	45	6,8
7	1	46	8,364
7	1	50	2,725
7	1	51	15,837
7	1	54	7,08
7	1	62	20,796
7	1	64	9,388
7	1	65	0,865
7	1	70	12,373
7	1	72	21,46
7	1	75	15,627
7	1	89	27,268
7	1	90	8,77
7	1	94	12,63
7	4	1	3,048
7	4	6	6,645
7	4	16	1,417
7	4	17	2,493
7	4	18	45,584
7	4	22	5,967
7	4	23	1,312
7	4	32	2,239
7	4	33	6,308
7	4	39	1,488
7	4	42	7,917
7	4	45	7,258
7	4	46	7,318
7	4	50	1,871
7	4	51	3,549
7	4	54	0,548
7	4	62	1,143
7	4	64	12,475
7	4	65	1,939
7	4	70	34,108
7	4	72	2,024
7	4	75	6,261
7	4	89	18,112
7	4	90	26,833
7	4	94	2,492
7	6	1	2,324
7	6	4	5,614
7	6	16	10,835
7	6	17	15,407
7	6	18	14,54
7	6	22	2,845
7	6	23	10,05
7	6	32	7,422
7	6	33	8,212
7	6	39	7,507
7	6	42	1,421
7	6	45	7,799
7	6	46	5,179
7	6	50	23,835
7	6	51	0,626
7	6	54	0,863
7	6	62	9,255
7	6	64	4,651
7	6	65	23,642
7	6	70	4,774
7	6	72	1,492
7	6	75	3,885
7	6	89	12,05
7	6	90	0,665
7	6	94	3,747
7	16	1	3,003
7	16	4	6,176
7	16	6	3,553
7	16	17	2,659
7	16	18	4,132
7	16	22	9,704
7	16	23	6,915
7	16	32	0,751
7	16	33	3,71
7	16	39	6,507
7	16	42	0,966
7	16	45	1,973
7	16	46	0,64
7	16	50	10,728
7	16	51	1,104
7	16	54	12,281
7	16	62	1,046
7	16	64	1,84
7	16	65	2,032
7	16	70	3,41
7	16	72	6,1
7	16	75	5,324
7	16	89	2,483
7	16	90	12,136
7	16	94	11,055
7	17	1	5,361
7	17	4	10,022
7	17	6	9,938
7	17	16	21,821
7	17	18	0,981
7	17	22	1,559
7	17	23	4,668
7	17	32	0,915
7	17	33	2,181
7	17	39	0,988
7	17	42	1,83
7	17	45	4,932
7	17	46	1,136
7	17	50	1,043
7	17	51	2,419
7	17	54	8,941
7	17	62	0,555
7	17	64	21,795
7	17	65	7,548
7	17	70	2,735
7	17	72	14,791
7	17	75	5,322
7	17	89	2,789
7	17	90	10,049
7	17	94	4,643
7	18	1	4,747
7	18	4	0,848
7	18	6	1,481
7	18	16	4,533
7	18	17	5,493
7	18	22	5,562
7	18	23	8,002
7	18	32	0,697
7	18	33	4,056
7	18	39	26,417
7	18	42	5,229
7	18	45	1,697
7	18	46	2,263
7	18	50	1,688
7	18	51	9,48
7	18	54	19,251
7	18	62	1,124
7	18	64	7,107
7	18	65	5,753
7	18	70	4,96
7	18	72	2,228
7	18	75	10,019
7	18	89	17,445
7	18	90	4,205
7	18	94	5,239
7	22	1	6,738
7	22	4	6,618
7	22	6	3,819
7	22	16	1,169
7	22	17	3,022
7	22	18	5,694
7	22	23	13,731
7	22	32	1,076
7	22	33	1,787
7	22	39	1,539
7	22	42	14,546
7	22	45	2,098
7	22	46	0,544
7	22	50	0,891
7	22	51	6,042
7	22	54	4,449
7	22	62	2,989
7	22	64	2,434
7	22	65	9,818
7	22	70	10,568
7	22	72	2,671
7	22	75	32,37
7	22	89	4,979
7	22	90	1,362
7	22	94	1,598
7	23	1	2,967
7	23	4	4,782
7	23	6	18,008
7	23	16	8,198
7	23	17	1,944
7	23	18	5,482
7	23	22	13,151
7	23	32	6,537
7	23	33	1,762
7	23	39	2,594
7	23	42	2,757
7	23	45	6,211
7	23	46	2,103
7	23	50	1,226
7	23	51	2,169
7	23	54	3,161
7	23	62	7,93
7	23	64	2,713
7	23	65	19,132
7	23	70	0,563
7	23	72	1,791
7	23	75	6,101
7	23	89	3,633
7	23	90	1,886
7	23	94	7,97
7	32	1	4,176
7	32	4	12,275
7	32	6	3,82
7	32	16	3,245
7	32	17	7,945
7	32	18	3,516
7	32	22	5,259
7	32	23	4,698
7	32	33	4,095
7	32	39	2,713
7	32	42	1,523
7	32	45	16,742
7	32	46	17,918
7	32	50	7,705
7	32	51	7,671
7	32	54	5,159
7	32	62	1,33
7	32	64	10,757
7	32	65	0,661
7	32	70	3,083
7	32	72	0,953
7	32	75	6,521
7	32	89	2,63
7	32	90	3,115
7	32	94	3,008
7	33	1	6,329
7	33	4	28,385
7	33	6	2,112
7	33	16	2,316
7	33	17	1,049
7	33	18	2,44
7	33	22	6,831
7	33	23	5,278
7	33	32	7,818
7	33	39	1,062
7	33	42	6,784
7	33	45	6,718
7	33	46	1,043
7	33	50	1,505
7	33	51	2,018
7	33	54	0,517
7	33	62	2,982
7	33	64	4,199
7	33	65	10,857
7	33	70	5,262
7	33	72	13,86
7	33	75	5,528
7	33	89	0,582
7	33	90	13,67
7	33	94	2,373
7	39	1	6,042
7	39	4	5,712
7	39	6	0,859
7	39	16	4,514
7	39	17	3,798
7	39	18	4,189
7	39	22	0,729
7	39	23	0,863
7	39	32	2,368
7	39	33	1,086
7	39	42	9,536
7	39	45	1,471
7	39	46	3,963
7	39	50	1,66
7	39	51	0,515
7	39	54	8,008
7	39	62	8,843
7	39	64	21,683
7	39	65	3,326
7	39	70	15,627
7	39	72	12,663
7	39	75	1,322
7	39	89	6,893
7	39	90	7,341
7	39	94	1,992
7	42	1	1,239
7	42	4	21,008
7	42	6	16,458
7	42	16	4,037
7	42	17	4,875
7	42	18	6,621
7	42	22	21,775
7	42	23	15,628
7	42	32	3,943
7	42	33	4,918
7	42	39	13,759
7	42	45	9,315
7	42	46	2,617
7	42	50	28,925
7	42	51	2,119
7	42	54	1,901
7	42	62	1,153
7	42	64	4,87
7	42	65	1,378
7	42	70	5,815
7	42	72	13,799
7	42	75	10,186
7	42	89	24,237
7	42	90	14,658
7	42	94	0,595
7	45	1	1,653
7	45	4	4,737
7	45	6	11,232
7	45	16	3,394
7	45	17	9,24
7	45	18	4,522
7	45	22	3,378
7	45	23	15,104
7	45	32	0,731
7	45	33	1,918
7	45	39	1,881
7	45	42	14,216
7	45	46	10,453
7	45	50	1,247
7	45	51	4,321
7	45	54	0,631
7	45	62	1,812
7	45	64	5,838
7	45	65	5,296
7	45	70	3,702
7	45	72	1,218
7	45	75	13,562
7	45	89	18,792
7	45	90	2,625
7	45	94	12,771
7	46	1	6,719
7	46	4	1,262
7	46	6	0,887
7	46	16	2,407
7	46	17	7,85
7	46	18	0,826
7	46	22	30,565
7	46	23	24,609
7	46	32	0,619
7	46	33	1,201
7	46	39	24,537
7	46	42	1,972
7	46	45	2,041
7	46	50	16,188
7	46	51	1,332
7	46	54	10,893
7	46	62	1,265
7	46	64	19,352
7	46	65	4,15
7	46	70	14,066
7	46	72	8,251
7	46	75	11,99
7	46	89	2,385
7	46	90	6,952
7	46	94	6,291
7	50	1	6,027
7	50	4	19,288
7	50	6	3,77
7	50	16	26,57
7	50	17	3,218
7	50	18	3,989
7	50	22	2,439
7	50	23	12,086
7	50	32	2,226
7	50	33	1,803
7	50	39	3,419
7	50	42	5,002
7	50	45	1,236
7	50	46	5,807
7	50	51	5,38
7	50	54	13,452
7	50	62	6,206
7	50	64	4,823
7	50	65	1,138
7	50	70	6,067
7	50	72	10,889
7	50	75	1,575
7	50	89	8,597
7	50	90	10,935
7	50	94	14,799
7	51	1	3,716
7	51	4	4,378
7	51	6	6,1
7	51	16	2,603
7	51	17	12,866
7	51	18	5,462
7	51	22	6,826
7	51	23	6,039
7	51	32	3,111
7	51	33	0,575
7	51	39	13,697
7	51	42	2,269
7	51	45	2,743
7	51	46	2,159
7	51	50	1,337
7	51	54	0,57
7	51	62	5,312
7	51	64	0,983
7	51	65	7,25
7	51	70	3,98
7	51	72	6,061
7	51	75	2,13
7	51	89	1,418
7	51	90	5,021
7	51	94	8,654
7	54	1	2,756
7	54	4	2,305
7	54	6	3,371
7	54	16	4,218
7	54	17	1,282
7	54	18	15,63
7	54	22	14,778
7	54	23	5,541
7	54	32	16,139
7	54	33	9,153
7	54	39	5,285
7	54	42	8,075
7	54	45	2,251
7	54	46	13,32
7	54	50	2,511
7	54	51	6,061
7	54	62	3,435
7	54	64	0,866
7	54	65	0,655
7	54	70	13,231
7	54	72	5,939
7	54	75	0,634
7	54	89	3,768
7	54	90	1,448
7	54	94	3,545
7	62	1	3,386
7	62	4	4,877
7	62	6	15,12
7	62	16	14,205
7	62	17	7,779
7	62	18	3,504
7	62	22	7,901
7	62	23	10,511
7	62	32	8,111
7	62	33	3,263
7	62	39	2,021
7	62	42	4,4
7	62	45	14,247
7	62	46	1,658
7	62	50	1,709
7	62	51	6,567
7	62	54	11,042
7	62	64	5,598
7	62	65	3,278
7	62	70	8,618
7	62	72	4,23
7	62	75	12,342
7	62	89	2,934
7	62	90	17,547
7	62	94	1,736
7	64	1	8,342
7	64	4	3,278
7	64	6	6,192
7	64	16	6,688
7	64	17	2,802
7	64	18	16,792
7	64	22	3,584
7	64	23	17,169
7	64	32	3,289
7	64	33	4,675
7	64	39	5,19
7	64	42	4,16
7	64	45	7,703
7	64	46	4,064
7	64	50	6,078
7	64	51	29,235
7	64	54	4,358
7	64	62	0,802
7	64	65	7,036
7	64	70	9,657
7	64	72	9,65
7	64	75	10,94
7	64	89	0,604
7	64	90	22,423
7	64	94	2,924
7	65	1	31,64
7	65	4	2,991
7	65	6	15,444
7	65	16	3,64
7	65	17	4,354
7	65	18	5,559
7	65	22	16,744
7	65	23	0,528
7	65	32	7,004
7	65	33	12,507
7	65	39	6,533
7	65	42	4,384
7	65	45	5,191
7	65	46	8,017
7	65	50	3,597
7	65	51	13,702
7	65	54	12,104
7	65	62	4,542
7	65	64	17,114
7	65	70	10,264
7	65	72	2,421
7	65	75	1,119
7	65	89	17,192
7	65	90	16,053
7	65	94	8,754
7	70	1	6,007
7	70	4	0,922
7	70	6	2,967
7	70	16	1,248
7	70	17	2,237
7	70	18	3,823
7	70	22	4,5
7	70	23	14,525
7	70	32	5,508
7	70	33	2,592
7	70	39	7,353
7	70	42	14,52
7	70	45	14,222
7	70	46	6,925
7	70	50	0,906
7	70	51	10,136
7	70	54	21,477
7	70	62	9,439
7	70	64	3,875
7	70	65	1,995
7	70	72	1,809
7	70	75	3,121
7	70	89	3,441
7	70	90	1,84
7	70	94	1,105
7	72	1	8,524
7	72	4	6,756
7	72	6	7,177
7	72	16	2,891
7	72	17	2,207
7	72	18	4,585
7	72	22	2,348
7	72	23	3,096
7	72	32	8,651
7	72	33	2,495
7	72	39	5,63
7	72	42	0,913
7	72	45	3,682
7	72	46	6,282
7	72	50	5,302
7	72	51	7,34
7	72	54	3,203
7	72	62	4,043
7	72	64	0,896
7	72	65	2,845
7	72	70	2,23
7	72	75	3,462
7	72	89	9,8
7	72	90	2,235
7	72	94	2,008
7	75	1	10,861
7	75	4	7,526
7	75	6	2,196
7	75	16	4,626
7	75	17	6,631
7	75	18	21,292
7	75	22	4,382
7	75	23	8,392
7	75	32	1,981
7	75	33	5,26
7	75	39	6,287
7	75	42	1,194
7	75	45	37,126
7	75	46	4,132
7	75	50	1,735
7	75	51	12,206
7	75	54	0,66
7	75	62	4,146
7	75	64	20,223
7	75	65	17,494
7	75	70	6,977
7	75	72	1,665
7	75	89	1,864
7	75	90	12,869
7	75	94	0,783
7	89	1	2,78
7	89	4	8,71
7	89	6	0,831
7	89	16	6,02
7	89	17	11,656
7	89	18	2,978
7	89	22	3,887
7	89	23	7,325
7	89	32	0,783
7	89	33	4,052
7	89	39	15,175
7	89	42	1,392
7	89	45	4,24
7	89	46	7,422
7	89	50	14,63
7	89	51	2,851
7	89	54	1,866
7	89	62	4,473
7	89	64	4,938
7	89	65	10,397
7	89	70	2,63
7	89	72	7,466
7	89	75	2,114
7	89	90	18,964
7	89	94	1,036
7	90	1	1,309
7	90	4	28,285
7	90	6	0,647
7	90	16	0,686
7	90	17	5,319
7	90	18	1,869
7	90	22	7,014
7	90	23	7,258
7	90	32	0,627
7	90	33	2,368
7	90	39	1,06
7	90	42	10,456
7	90	45	3,982
7	90	46	29,373
7	90	50	7,151
7	90	51	2,36
7	90	54	1,917
7	90	62	6,587
7	90	64	0,73
7	90	65	1,996
7	90	70	6,18
7	90	72	3,097
7	90	75	2,674
7	90	89	7,116
7	90	94	1,636
7	94	1	3,362
7	94	4	1,045
7	94	6	4,033
7	94	16	3,53
7	94	17	9,537
7	94	18	6,77
7	94	22	1,181
7	94	23	4,711
7	94	32	0,86
7	94	33	3,163
7	94	39	2,417
7	94	42	19,232
7	94	45	3,216
7	94	46	7,659
7	94	50	5,467
7	94	51	11,8
7	94	54	0,921
7	94	62	6,47
7	94	64	1,8
7	94	65	11,906
7	94	70	7,057
7	94	72	1,559
7	94	75	1,623
7	94	89	5,941
7	94	90	3,857
8	2	8	21,885
8	2	9	2,209
8	2	16	5,911
8	2	22	10,186
8	2	24	6,875
8	2	26	2,693
8	2	38	4,025
8	2	45	6,257
8	2	48	7,17
8	2	52	12,527
8	2	60	7,303
8	2	65	4,37
8	2	70	14,595
8	2	73	13,128
8	2	81	2,004
8	2	84	8,215
8	2	87	2,994
8	2	88	4,092
8	2	89	0,792
8	2	94	1,386
8	2	95	7,977
8	2	96	4,198
8	2	97	2,264
8	2	100	4,398
8	8	2	1,138
8	8	9	1,548
8	8	16	44,473
8	8	22	7,81
8	8	24	10,881
8	8	26	7,5
8	8	38	4,047
8	8	45	3,471
8	8	48	3,066
8	8	52	1,914
8	8	60	12,609
8	8	65	2,349
8	8	70	1,662
8	8	73	2,174
8	8	81	3,401
8	8	84	4,269
8	8	87	10,338
8	8	88	0,946
8	8	89	2,801
8	8	94	12,072
8	8	95	3,776
8	8	96	7,174
8	8	97	8,83
8	8	100	10,798
8	9	2	1,254
8	9	8	2,932
8	9	16	11,958
8	9	22	22,925
8	9	24	5,002
8	9	26	0,926
8	9	38	1,657
8	9	45	6,397
8	9	48	0,51
8	9	52	4,176
8	9	60	4,729
8	9	65	10,089
8	9	70	6,008
8	9	73	11,929
8	9	81	3,587
8	9	84	3,859
8	9	87	8,226
8	9	88	0,572
8	9	89	3,339
8	9	94	21,801
8	9	95	0,921
8	9	96	11,527
8	9	97	3,184
8	9	100	7,608
8	16	2	9,029
8	16	8	4,991
8	16	9	2,978
8	16	22	5,338
8	16	24	4,714
8	16	26	1,52
8	16	38	2,848
8	16	45	5,062
8	16	48	4,316
8	16	52	7,224
8	16	60	5,09
8	16	65	6,509
8	16	70	17,168
8	16	73	2,889
8	16	81	1,542
8	16	84	4,568
8	16	87	5,832
8	16	88	6,923
8	16	89	1,557
8	16	94	25,479
8	16	95	5,247
8	16	96	4,826
8	16	97	4,594
8	16	100	2,099
8	22	2	4,677
8	22	8	13,877
8	22	9	8,019
8	22	16	2,525
8	22	24	25,303
8	22	26	18,484
8	22	38	0,698
8	22	45	17,61
8	22	48	17,199
8	22	52	15,688
8	22	60	11,423
8	22	65	6,284
8	22	70	8,742
8	22	73	3,962
8	22	81	0,675
8	22	84	9,371
8	22	87	5,951
8	22	88	15,722
8	22	89	4,649
8	22	94	4
8	22	95	6,701
8	22	96	10,831
8	22	97	6,343
8	22	100	2,501
8	24	2	23,301
8	24	8	0,631
8	24	9	4,554
8	24	16	7,71
8	24	22	3,104
8	24	26	14,204
8	24	38	1,716
8	24	45	1,454
8	24	48	3,955
8	24	52	12,598
8	24	60	1,839
8	24	65	5,459
8	24	70	4,337
8	24	73	7,515
8	24	81	17,425
8	24	84	2,175
8	24	87	0,702
8	24	88	7,188
8	24	89	6,888
8	24	94	25,766
8	24	95	0,954
8	24	96	9,15
8	24	97	24,536
8	24	100	8,243
8	26	2	2,568
8	26	8	3,919
8	26	9	5,95
8	26	16	1,809
8	26	22	11,259
8	26	24	0,768
8	26	38	1,539
8	26	45	11,331
8	26	48	7,546
8	26	52	2,8
8	26	60	21,746
8	26	65	5,61
8	26	70	3,975
8	26	73	1,405
8	26	81	0,523
8	26	84	1,005
8	26	87	1,913
8	26	88	0,725
8	26	89	2,031
8	26	94	6,434
8	26	95	10,354
8	26	96	9,015
8	26	97	1,576
8	26	100	5,071
8	38	2	2,461
8	38	8	11,475
8	38	9	8,298
8	38	16	0,779
8	38	22	20,093
8	38	24	8,042
8	38	26	15,778
8	38	45	1,593
8	38	48	12,796
8	38	52	2,561
8	38	60	2,548
8	38	65	3,487
8	38	70	24,256
8	38	73	2,925
8	38	81	9,51
8	38	84	0,787
8	38	87	5,184
8	38	88	9,108
8	38	89	1,661
8	38	94	6,804
8	38	95	6,309
8	38	96	3,56
8	38	97	2,719
8	38	100	0,777
8	45	2	2,563
8	45	8	11,567
8	45	9	1,126
8	45	16	3,377
8	45	22	7,053
8	45	24	3,088
8	45	26	1,737
8	45	38	24,983
8	45	48	1,532
8	45	52	16,476
8	45	60	2,975
8	45	65	5,695
8	45	70	22,425
8	45	73	11,33
8	45	81	0,657
8	45	84	2,468
8	45	87	2,657
8	45	88	1,317
8	45	89	0,714
8	45	94	17,154
8	45	95	0,613
8	45	96	1,792
8	45	97	2,938
8	45	100	3,868
8	48	2	2,477
8	48	8	11,544
8	48	9	1,943
8	48	16	2,488
8	48	22	2,971
8	48	24	5,364
8	48	26	1,971
8	48	38	10,505
8	48	45	14,287
8	48	52	0,682
8	48	60	3,776
8	48	65	0,653
8	48	70	8,767
8	48	73	3,914
8	48	81	0,896
8	48	84	8,97
8	48	87	1,649
8	48	88	7,972
8	48	89	5,034
8	48	94	5,3
8	48	95	3,086
8	48	96	3,791
8	48	97	16,61
8	48	100	2,052
8	52	2	1,115
8	52	8	1,053
8	52	9	2,233
8	52	16	5,645
8	52	22	2,682
8	52	24	13,625
8	52	26	1,081
8	52	38	21,25
8	52	45	19,166
8	52	48	2,163
8	52	60	6,369
8	52	65	7,904
8	52	70	31,97
8	52	73	1,313
8	52	81	7,481
8	52	84	8,366
8	52	87	1,573
8	52	88	2,67
8	52	89	4,457
8	52	94	3,106
8	52	95	1,602
8	52	96	2,729
8	52	97	9,15
8	52	100	6,571
8	60	2	1,38
8	60	8	3,09
8	60	9	1,728
8	60	16	65,449
8	60	22	1,736
8	60	24	10,178
8	60	26	9,834
8	60	38	3,71
8	60	45	3,572
8	60	48	5,95
8	60	52	4,782
8	60	65	1,999
8	60	70	4,875
8	60	73	2,163
8	60	81	10,279
8	60	84	3,894
8	60	87	5,825
8	60	88	1,605
8	60	89	2,622
8	60	94	0,97
8	60	95	10,51
8	60	96	17,675
8	60	97	1,456
8	60	100	3,848
8	65	2	1,275
8	65	8	20,238
8	65	9	1,385
8	65	16	24,265
8	65	22	3,805
8	65	24	3,806
8	65	26	4,717
8	65	38	1,367
8	65	45	3,302
8	65	48	3,193
8	65	52	0,918
8	65	60	2,456
8	65	70	4,445
8	65	73	3,98
8	65	81	13,542
8	65	84	10,262
8	65	87	4,994
8	65	88	17,431
8	65	89	3,181
8	65	94	0,834
8	65	95	6,595
8	65	96	5,022
8	65	97	2,376
8	65	100	11,816
8	70	2	1,828
8	70	8	2,022
8	70	9	31,072
8	70	16	11,717
8	70	22	3,332
8	70	24	6,758
8	70	26	14,776
8	70	38	3,779
8	70	45	5,539
8	70	48	6,235
8	70	52	60,562
8	70	60	4,043
8	70	65	4,714
8	70	73	4,393
8	70	81	13,167
8	70	84	3,187
8	70	87	3,173
8	70	88	19,613
8	70	89	2,821
8	70	94	1,568
8	70	95	4,255
8	70	96	7,298
8	70	97	5,822
8	70	100	2,743
8	73	2	3,309
8	73	8	2,634
8	73	9	2,064
8	73	16	13,727
8	73	22	5,561
8	73	24	0,702
8	73	26	9,448
8	73	38	10,759
8	73	45	13,365
8	73	48	4,641
8	73	52	11,974
8	73	60	4,433
8	73	65	1,08
8	73	70	7,297
8	73	81	2,846
8	73	84	4,403
8	73	87	10,239
8	73	88	10,619
8	73	89	0,817
8	73	94	2,983
8	73	95	7,292
8	73	96	1,814
8	73	97	1,713
8	73	100	4,083
8	81	2	3,348
8	81	8	1,96
8	81	9	5,922
8	81	16	0,517
8	81	22	1,624
8	81	24	15,009
8	81	26	21,922
8	81	38	10,605
8	81	45	5,928
8	81	48	0,654
8	81	52	10,058
8	81	60	22,063
8	81	65	7,02
8	81	70	5,97
8	81	73	3,473
8	81	84	1,373
8	81	87	14,352
8	81	88	2,936
8	81	89	1,17
8	81	94	8,938
8	81	95	6,356
8	81	96	32,181
8	81	97	4,039
8	81	100	8,926
8	84	2	21,069
8	84	8	5,65
8	84	9	2,537
8	84	16	0,856
8	84	22	7,632
8	84	24	13,362
8	84	26	3,26
8	84	38	2,8
8	84	45	10,639
8	84	48	27,524
8	84	52	8,675
8	84	60	1,185
8	84	65	13,558
8	84	70	4,204
8	84	73	6,556
8	84	81	0,637
8	84	87	0,669
8	84	88	1,165
8	84	89	7,091
8	84	94	3,743
8	84	95	8,82
8	84	96	21,948
8	84	97	0,845
8	84	100	3,214
8	87	2	7,555
8	87	8	2,157
8	87	9	4,425
8	87	16	10,637
8	87	22	12,15
8	87	24	6,741
8	87	26	11,968
8	87	38	1,077
8	87	45	7,616
8	87	48	9,605
8	87	52	10,256
8	87	60	1,798
8	87	65	7,325
8	87	70	3,03
8	87	73	1,576
8	87	81	5,826
8	87	84	11,651
8	87	88	0,716
8	87	89	5,805
8	87	94	7,05
8	87	95	1,856
8	87	96	5,395
8	87	97	17,305
8	87	100	7,358
8	88	2	4,299
8	88	8	6,751
8	88	9	1,401
8	88	16	15,202
8	88	22	12,884
8	88	24	6,116
8	88	26	2,117
8	88	38	6,105
8	88	45	2,521
8	88	48	1,894
8	88	52	2,237
8	88	60	1,86
8	88	65	0,516
8	88	70	1,238
8	88	73	2,587
8	88	81	2,352
8	88	84	7,957
8	88	87	6,566
8	88	89	0,895
8	88	94	9,394
8	88	95	12,424
8	88	96	7,331
8	88	97	0,852
8	88	100	1,303
8	89	2	6,84
8	89	8	3,767
8	89	9	1,32
8	89	16	1,503
8	89	22	14,773
8	89	24	3,033
8	89	26	15,345
8	89	38	4,151
8	89	45	8,559
8	89	48	2,869
8	89	52	0,535
8	89	60	0,746
8	89	65	19,167
8	89	70	1,827
8	89	73	11,13
8	89	81	20,054
8	89	84	2,05
8	89	87	11,084
8	89	88	0,526
8	89	94	1,587
8	89	95	8,596
8	89	96	1,388
8	89	97	12,532
8	89	100	14,385
8	94	2	8,496
8	94	8	10,463
8	94	9	2,04
8	94	16	4,959
8	94	22	3,491
8	94	24	2,086
8	94	26	3,269
8	94	38	1,252
8	94	45	7,359
8	94	48	4,491
8	94	52	5,192
8	94	60	3,409
8	94	65	1,185
8	94	70	5,344
8	94	73	3,492
8	94	81	1,756
8	94	84	4,618
8	94	87	2,352
8	94	88	11,344
8	94	89	1,373
8	94	95	0,601
8	94	96	3,591
8	94	97	11,108
8	94	100	7,606
8	95	2	5,077
8	95	8	7,782
8	95	9	4,367
8	95	16	14,023
8	95	22	12,641
8	95	24	6,229
8	95	26	1,868
8	95	38	6,9
8	95	45	1,467
8	95	48	1,666
8	95	52	11,371
8	95	60	3,36
8	95	65	10,654
8	95	70	2,587
8	95	73	1,694
8	95	81	10,996
8	95	84	4,707
8	95	87	8,573
8	95	88	15,03
8	95	89	3,518
8	95	94	12,616
8	95	96	7,082
8	95	97	4,99
8	95	100	1,831
8	96	2	0,817
8	96	8	3,93
8	96	9	2,175
8	96	16	9,414
8	96	22	4,302
8	96	24	0,893
8	96	26	1,956
8	96	38	16,068
8	96	45	2,601
8	96	48	4,022
8	96	52	4,15
8	96	60	13,926
8	96	65	14,814
8	96	70	9,107
8	96	73	14,072
8	96	81	20,131
8	96	84	11,787
8	96	87	9,213
8	96	88	2,572
8	96	89	3,193
8	96	94	1,515
8	96	95	0,592
8	96	97	2,009
8	96	100	8,002
8	97	2	2,072
8	97	8	2,966
8	97	9	6,827
8	97	16	2,396
8	97	22	8,391
8	97	24	5,671
8	97	26	2,414
8	97	38	1,003
8	97	45	2,12
8	97	48	5,408
8	97	52	2,268
8	97	60	8,915
8	97	65	5,49
8	97	70	1,031
8	97	73	1,328
8	97	81	5,692
8	97	84	4,313
8	97	87	3,418
8	97	88	2,89
8	97	89	0,516
8	97	94	1,995
8	97	95	10,536
8	97	96	7,819
8	97	100	1,442
8	100	2	6,966
8	100	8	3,605
8	100	9	3,33
8	100	16	4,688
8	100	22	11,192
8	100	24	28,451
8	100	26	12,107
8	100	38	8,574
8	100	45	0,557
8	100	48	4,799
8	100	52	7,403
8	100	60	3,484
8	100	65	3,215
8	100	70	3,834
8	100	73	4,759
8	100	81	2,239
8	100	84	11,845
8	100	87	0,685
8	100	88	8,85
8	100	89	4,419
8	100	94	3,596
8	100	95	3,831
8	100	96	3,252
8	100	97	0,724
9	3	6	1,221
9	3	14	7,206
9	3	19	10,319
9	3	26	2,879
9	3	29	10,576
9	3	38	3,847
9	3	40	5,276
9	3	45	2,946
9	3	54	1,011
9	3	59	10,221
9	3	67	4,903
9	3	68	9,462
9	3	69	1,571
9	3	73	14,86
9	3	76	2,79
9	3	77	4,145
9	3	92	6,351
9	3	97	2,218
9	6	3	3,017
9	6	14	3,546
9	6	19	7,028
9	6	26	0,968
9	6	29	2,414
9	6	38	14,088
9	6	40	1,381
9	6	45	14,382
9	6	54	4,73
9	6	59	1,139
9	6	67	4,138
9	6	68	11,814
9	6	69	16,417
9	6	73	4,75
9	6	76	0,873
9	6	77	0,896
9	6	92	12,159
9	6	97	3,3
9	14	3	2,556
9	14	6	1,273
9	14	19	8,885
9	14	26	20,883
9	14	29	1,554
9	14	38	0,687
9	14	40	4,747
9	14	45	4,503
9	14	54	6,991
9	14	59	9,408
9	14	67	3,23
9	14	68	1,074
9	14	69	5,907
9	14	73	1,326
9	14	76	7,755
9	14	77	3,713
9	14	92	2,279
9	14	97	2,723
9	19	3	0,989
9	19	6	4,465
9	19	14	4,095
9	19	26	5,086
9	19	29	1,262
9	19	38	11,884
9	19	40	14,053
9	19	45	1,058
9	19	54	2,519
9	19	59	3,811
9	19	67	7,007
9	19	68	9,161
9	19	69	3,577
9	19	73	6,824
9	19	76	1,42
9	19	77	3,106
9	19	92	4,262
9	19	97	2,707
9	26	3	4,138
9	26	6	3,82
9	26	14	1,21
9	26	19	3,118
9	26	29	11,622
9	26	38	62,638
9	26	40	0,563
9	26	45	8,373
9	26	54	5,569
9	26	59	0,87
9	26	67	18,937
9	26	68	4,092
9	26	69	9,502
9	26	73	1,442
9	26	76	4,244
9	26	77	8,295
9	26	92	2,541
9	26	97	3,082
9	29	3	0,572
9	29	6	4,379
9	29	14	1,958
9	29	19	1,845
9	29	26	0,865
9	29	38	0,804
9	29	40	1,921
9	29	45	13,915
9	29	54	7,329
9	29	59	0,59
9	29	67	3,23
9	29	68	1,356
9	29	69	5,936
9	29	73	2,057
9	29	76	1,463
9	29	77	8,616
9	29	92	1,722
9	29	97	9,909
9	38	3	1,707
9	38	6	1,904
9	38	14	1,851
9	38	19	2,814
9	38	26	3,658
9	38	29	16,473
9	38	40	4,053
9	38	45	3,55
9	38	54	1,188
9	38	59	0,737
9	38	67	3,01
9	38	68	2,267
9	38	69	9,268
9	38	73	2,908
9	38	76	11,735
9	38	77	3,03
9	38	92	8,951
9	38	97	5,422
9	40	3	6,195
9	40	6	10,475
9	40	14	7,217
9	40	19	1,644
9	40	26	2,452
9	40	29	0,521
9	40	38	3,732
9	40	45	8,556
9	40	54	2,143
9	40	59	7,527
9	40	67	13,791
9	40	68	1,276
9	40	69	5,596
9	40	73	2,712
9	40	76	1,786
9	40	77	1,42
9	40	92	2,994
9	40	97	10,297
9	45	3	4,587
9	45	6	2,274
9	45	14	6,994
9	45	19	7,528
9	45	26	8,196
9	45	29	8,438
9	45	38	3,57
9	45	40	6,641
9	45	54	1,083
9	45	59	6,308
9	45	67	22,964
9	45	68	11,38
9	45	69	6,081
9	45	73	10,65
9	45	76	1,477
9	45	77	11,5
9	45	92	4,272
9	45	97	2,776
9	54	3	4,881
9	54	6	6,364
9	54	14	4,448
9	54	19	8,319
9	54	26	3,344
9	54	29	10,853
9	54	38	2,71
9	54	40	5,068
9	54	45	2,071
9	54	59	0,782
9	54	67	8,908
9	54	68	9,182
9	54	69	3,51
9	54	73	2,315
9	54	76	2,46
9	54	77	0,748
9	54	92	1,456
9	54	97	3,239
9	59	3	5,799
9	59	6	15,096
9	59	14	5,52
9	59	19	1,257
9	59	26	1,116
9	59	29	23,997
9	59	38	9,296
9	59	40	2,391
9	59	45	7,003
9	59	54	14,017
9	59	67	4,644
9	59	68	1,827
9	59	69	3,254
9	59	73	1,343
9	59	76	8,448
9	59	77	4,839
9	59	92	10,684
9	59	97	4,306
9	67	3	4,175
9	67	6	5,536
9	67	14	5,762
9	67	19	6,184
9	67	26	3,587
9	67	29	5,902
9	67	38	14,827
9	67	40	0,574
9	67	45	1,142
9	67	54	2,224
9	67	59	9,333
9	67	68	13,784
9	67	69	1,996
9	67	73	0,985
9	67	76	5,228
9	67	77	1,227
9	67	92	1,932
9	67	97	5,849
9	68	3	5,095
9	68	6	1,662
9	68	14	2,16
9	68	19	6,917
9	68	26	7,941
9	68	29	2,459
9	68	38	1,163
9	68	40	1,806
9	68	45	4,155
9	68	54	4,011
9	68	59	13,314
9	68	67	1,263
9	68	69	11,945
9	68	73	8,17
9	68	76	1,751
9	68	77	2,73
9	68	92	2,662
9	68	97	3,73
9	69	3	3,244
9	69	6	3,723
9	69	14	1,184
9	69	19	4,568
9	69	26	5,943
9	69	29	12,341
9	69	38	3,521
9	69	40	4,746
9	69	45	5,205
9	69	54	0,687
9	69	59	3,113
9	69	67	8,1
9	69	68	1,52
9	69	73	11,922
9	69	76	1,954
9	69	77	4,042
9	69	92	0,997
9	69	97	11,205
9	73	3	2,782
9	73	6	5,175
9	73	14	10,799
9	73	19	0,846
9	73	26	9,786
9	73	29	2,974
9	73	38	0,841
9	73	40	2,349
9	73	45	0,854
9	73	54	1,814
9	73	59	20,256
9	73	67	7,294
9	73	68	25,098
9	73	69	3,586
9	73	76	10,187
9	73	77	19,368
9	73	92	0,831
9	73	97	1,073
9	76	3	2,902
9	76	6	3,199
9	76	14	3,756
9	76	19	10,327
9	76	26	4,572
9	76	29	0,867
9	76	38	1,388
9	76	40	20,197
9	76	45	3,283
9	76	54	11,573
9	76	59	14,953
9	76	67	0,933
9	76	68	0,682
9	76	69	8,796
9	76	73	8,539
9	76	77	2,057
9	76	92	9,585
9	76	97	0,748
9	77	3	11,32
9	77	6	3,639
9	77	14	0,63
9	77	19	7,625
9	77	26	2,623
9	77	29	0,627
9	77	38	13,965
9	77	40	3,355
9	77	45	14,105
9	77	54	0,85
9	77	59	14,845
9	77	67	13,481
9	77	68	3,305
9	77	69	7,841
9	77	73	2,338
9	77	76	5,014
9	77	92	0,638
9	77	97	0,615
9	92	3	4,496
9	92	6	4,129
9	92	14	5,961
9	92	19	1,114
9	92	26	12,381
9	92	29	0,838
9	92	38	1,373
9	92	40	3,597
9	92	45	2,101
9	92	54	1,556
9	92	59	3,46
9	92	67	3,167
9	92	68	4,323
9	92	69	1,336
9	92	73	4,674
9	92	76	7,591
9	92	77	0,863
9	92	97	5,544
9	97	3	1,133
9	97	6	3,296
9	97	14	11,716
9	97	19	7,356
9	97	26	9,859
9	97	29	10,307
9	97	38	2,502
9	97	40	5,261
9	97	45	7,177
9	97	54	6,973
9	97	59	6,737
9	97	67	1,576
9	97	68	4,314
9	97	69	3,463
9	97	73	2,537
9	97	76	5,597
9	97	77	4,906
9	97	92	0,955
10	4	9	5,953
10	4	14	0,681
10	4	15	1,526
10	4	16	2,976
10	4	18	18,1
10	4	21	2,217
10	4	32	5,89
10	4	33	2,663
10	4	35	6,064
10	4	36	1,495
10	4	37	1,689
10	4	41	8,745
10	4	43	4,508
10	4	49	0,846
10	4	56	3,884
10	4	72	5,605
10	4	78	2,267
10	4	81	3,115
10	4	83	1,097
10	4	85	3,939
10	4	91	20,106
10	4	95	17,585
10	9	4	2,071
10	9	14	0,788
10	9	15	7,613
10	9	16	1,789
10	9	18	3,521
10	9	21	6,906
10	9	32	1,434
10	9	33	23,268
10	9	35	19,264
10	9	36	27,896
10	9	37	3,285
10	9	41	13,805
10	9	43	2,637
10	9	49	10,597
10	9	56	4,195
10	9	72	11,426
10	9	78	5,558
10	9	81	0,873
10	9	83	25,831
10	9	85	0,742
10	9	91	8,636
10	9	95	2,35
10	14	4	0,616
10	14	9	5,776
10	14	15	1,89
10	14	16	7,581
10	14	18	8,725
10	14	21	1,064
10	14	32	2,949
10	14	33	2,269
10	14	35	11,901
10	14	36	1,089
10	14	37	3,75
10	14	41	4,285
10	14	43	6,326
10	14	49	1,487
10	14	56	5,124
10	14	72	1,785
10	14	78	2,176
10	14	81	14,404
10	14	83	19,541
10	14	85	1,72
10	14	91	9,977
10	14	95	7,351
10	15	4	1,421
10	15	9	14,725
10	15	14	1,542
10	15	16	17,869
10	15	18	14,597
10	15	21	4,854
10	15	32	9,685
10	15	33	8,488
10	15	35	1,375
10	15	36	9,269
10	15	37	8,54
10	15	41	3,553
10	15	43	1,95
10	15	49	1,723
10	15	56	5,311
10	15	72	1,122
10	15	78	4,543
10	15	81	8,318
10	15	83	9,966
10	15	85	2,528
10	15	91	2,097
10	15	95	4,266
10	16	4	2,862
10	16	9	2,003
10	16	14	6,893
10	16	15	0,592
10	16	18	7,766
10	16	21	13,246
10	16	32	18,931
10	16	33	5,713
10	16	35	7,11
10	16	36	3,244
10	16	37	2,177
10	16	41	2,306
10	16	43	22,668
10	16	49	7,864
10	16	56	15,165
10	16	72	2,495
10	16	78	1,766
10	16	81	1,139
10	16	83	58,47
10	16	85	8,495
10	16	91	16,106
10	16	95	1,905
10	18	4	31,554
10	18	9	2,643
10	18	14	7,794
10	18	15	29,958
10	18	16	11,538
10	18	21	5,957
10	18	32	10,216
10	18	33	2,23
10	18	35	20,571
10	18	36	6,847
10	18	37	10,787
10	18	41	1,992
10	18	43	2,606
10	18	49	17,733
10	18	56	8,753
10	18	72	0,742
10	18	78	2,957
10	18	81	18,148
10	18	83	1,373
10	18	85	1,089
10	18	91	1,184
10	18	95	6,754
10	21	4	15,907
10	21	9	2,701
10	21	14	7,144
10	21	15	18,857
10	21	16	12,054
10	21	18	5,064
10	21	32	0,757
10	21	33	0,735
10	21	35	3,711
10	21	36	30,871
10	21	37	4,172
10	21	41	3,235
10	21	43	3,092
10	21	49	0,755
10	21	56	0,984
10	21	72	4,237
10	21	78	7,312
10	21	81	4,203
10	21	83	1,234
10	21	85	0,685
10	21	91	4,961
10	21	95	13,523
10	32	4	2,75
10	32	9	6,062
10	32	14	2,537
10	32	15	0,973
10	32	16	5,269
10	32	18	1,642
10	32	21	21,399
10	32	33	2,442
10	32	35	4,379
10	32	36	6,25
10	32	37	1,209
10	32	41	16,563
10	32	43	3,588
10	32	49	1,233
10	32	56	1,885
10	32	72	9,769
10	32	78	70,152
10	32	81	5,193
10	32	83	23,966
10	32	85	2,298
10	32	91	0,824
10	32	95	7,122
10	33	4	3,021
10	33	9	0,544
10	33	14	19,969
10	33	15	7,427
10	33	16	6,927
10	33	18	5,96
10	33	21	3,22
10	33	32	9,876
10	33	35	7,758
10	33	36	6,109
10	33	37	4,627
10	33	41	0,684
10	33	43	12,045
10	33	49	1,177
10	33	56	0,843
10	33	72	6,445
10	33	78	5,757
10	33	81	1,136
10	33	83	0,869
10	33	85	1,96
10	33	91	0,916
10	33	95	4,221
10	35	4	0,64
10	35	9	6,759
10	35	14	0,597
10	35	15	4,571
10	35	16	0,514
10	35	18	11,846
10	35	21	3,49
10	35	32	11,765
10	35	33	10,771
10	35	36	1,323
10	35	37	4,576
10	35	41	3,616
10	35	43	0,669
10	35	49	1,504
10	35	56	6,552
10	35	72	7,806
10	35	78	4,707
10	35	81	2,312
10	35	83	5,216
10	35	85	6,774
10	35	91	13,265
10	35	95	4,189
10	36	4	7,293
10	36	9	4,989
10	36	14	5,275
10	36	15	3,869
10	36	16	3,741
10	36	18	2,468
10	36	21	1,014
10	36	32	9,753
10	36	33	12,982
10	36	35	4,398
10	36	37	1,5
10	36	41	10,449
10	36	43	3,39
10	36	49	1,305
10	36	56	2,798
10	36	72	3,275
10	36	78	6,298
10	36	81	1,36
10	36	83	2,185
10	36	85	7,759
10	36	91	13,863
10	36	95	4,204
10	37	4	14,739
10	37	9	1,947
10	37	14	4,302
10	37	15	1,327
10	37	16	27,581
10	37	18	4,885
10	37	21	19,569
10	37	32	21,355
10	37	33	3,157
10	37	35	7,671
10	37	36	10,391
10	37	41	2,065
10	37	43	6,857
10	37	49	16,8
10	37	56	4,417
10	37	72	8,91
10	37	78	3,526
10	37	81	2,521
10	37	83	2,301
10	37	85	0,679
10	37	91	28,081
10	37	95	0,789
10	41	4	1,5
10	41	9	2,566
10	41	14	11,427
10	41	15	8,358
10	41	16	19,104
10	41	18	4,379
10	41	21	1,288
10	41	32	0,907
10	41	33	4,91
10	41	35	1,328
10	41	36	0,87
10	41	37	2,895
10	41	43	0,651
10	41	49	9,05
10	41	56	14,193
10	41	72	2,742
10	41	78	1,819
10	41	81	1,725
10	41	83	1,767
10	41	85	1,917
10	41	91	6,109
10	41	95	5,122
10	43	4	35,368
10	43	9	13,525
10	43	14	2,574
10	43	15	2,608
10	43	16	5,67
10	43	18	8,291
10	43	21	0,554
10	43	32	14,626
10	43	33	14,092
10	43	35	0,871
10	43	36	10,972
10	43	37	3,404
10	43	41	6,538
10	43	49	8,734
10	43	56	11,316
10	43	72	24,972
10	43	78	4,007
10	43	81	3,887
10	43	83	0,801
10	43	85	6,88
10	43	91	4,571
10	43	95	3,926
10	49	4	7,395
10	49	9	2,4
10	49	14	1,045
10	49	15	20,018
10	49	16	8,172
10	49	18	3,539
10	49	21	2,185
10	49	32	8,923
10	49	33	2,456
10	49	35	0,902
10	49	36	4,031
10	49	37	6,651
10	49	41	3,329
10	49	43	11,694
10	49	56	0,914
10	49	72	5,353
10	49	78	24,827
10	49	81	36,243
10	49	83	3,987
10	49	85	3,808
10	49	91	2,815
10	49	95	4,635
10	56	4	6,854
10	56	9	0,93
10	56	14	5,361
10	56	15	4,642
10	56	16	2,875
10	56	18	2,395
10	56	21	3,348
10	56	32	18,413
10	56	33	4,12
10	56	35	10,097
10	56	36	13,391
10	56	37	5,344
10	56	41	1,672
10	56	43	0,954
10	56	49	2,58
10	56	72	20,708
10	56	78	20,074
10	56	81	1,943
10	56	83	4,05
10	56	85	22,036
10	56	91	7,567
10	56	95	0,76
10	72	4	2,804
10	72	9	1,561
10	72	14	4,023
10	72	15	0,645
10	72	16	2,331
10	72	18	1,232
10	72	21	2,635
10	72	32	6,765
10	72	33	0,725
10	72	35	3,568
10	72	36	1,725
10	72	37	2,199
10	72	41	1,375
10	72	43	0,874
10	72	49	3,722
10	72	56	9,607
10	72	78	25,673
10	72	81	2,271
10	72	83	66,567
10	72	85	3,445
10	72	91	4,767
10	72	95	1,016
10	78	4	4,618
10	78	9	1,51
10	78	14	2,522
10	78	15	15,335
10	78	16	3,311
10	78	18	5,752
10	78	21	4,31
10	78	32	17,328
10	78	33	11,426
10	78	35	4,269
10	78	36	1,946
10	78	37	6,85
10	78	41	1,505
10	78	43	3,309
10	78	49	1,832
10	78	56	2,073
10	78	72	10,719
10	78	81	1,891
10	78	83	2,196
10	78	85	1,616
10	78	91	18,859
10	78	95	6,355
10	81	4	1,424
10	81	9	16,992
10	81	14	0,871
10	81	15	5,186
10	81	16	4,567
10	81	18	7,159
10	81	21	15,506
10	81	32	11,929
10	81	33	1,419
10	81	35	11,942
10	81	36	0,52
10	81	37	5,736
10	81	41	1,682
10	81	43	8,762
10	81	49	2,734
10	81	56	4,207
10	81	72	3,611
10	81	78	3,279
10	81	83	2,535
10	81	85	25,221
10	81	91	3,78
10	81	95	6,738
10	83	4	6,504
10	83	9	6,485
10	83	14	1,636
10	83	15	7,915
10	83	16	12,482
10	83	18	7,676
10	83	21	1,989
10	83	32	3,051
10	83	33	6,021
10	83	35	6,827
10	83	36	1,487
10	83	37	0,562
10	83	41	1,792
10	83	43	8,655
10	83	49	14,093
10	83	56	17,529
10	83	72	8,548
10	83	78	4,318
10	83	81	7,621
10	83	85	5,714
10	83	91	13,664
10	83	95	6,505
10	85	4	1,974
10	85	9	0,941
10	85	14	3,833
10	85	15	1,75
10	85	16	5,206
10	85	18	42,168
10	85	21	9,064
10	85	32	3,697
10	85	33	2,94
10	85	35	1,589
10	85	36	2,66
10	85	37	31,008
10	85	41	2,227
10	85	43	32,835
10	85	49	1,468
10	85	56	0,626
10	85	72	4,514
10	85	78	7,716
10	85	81	3,786
10	85	83	12,931
10	85	91	10,275
10	85	95	1,628
10	91	4	3,745
10	91	9	6,312
10	91	14	6,627
10	91	15	12,166
10	91	16	1,894
10	91	18	11,468
10	91	21	6,84
10	91	32	2,16
10	91	33	2,299
10	91	35	4,469
10	91	36	8,126
10	91	37	23,086
10	91	41	27,107
10	91	43	1,761
10	91	49	4,614
10	91	56	0,686
10	91	72	8,858
10	91	78	2,857
10	91	81	2,553
10	91	83	12,288
10	91	85	5,554
10	91	95	4,642
10	95	4	51,727
10	95	9	13,369
10	95	14	19,875
10	95	15	2,715
10	95	16	8,304
10	95	18	2,111
10	95	21	0,763
10	95	32	0,694
10	95	33	8,142
10	95	35	22,226
10	95	36	9,16
10	95	37	4,581
10	95	41	16,967
10	95	43	1,561
10	95	49	10,827
10	95	56	4,588
10	95	72	7,639
10	95	78	17,492
10	95	81	0,54
10	95	83	1,657
10	95	85	1,896
10	95	91	2,684

