#num jobs
100
#num machines
10

#jobId machId procTime energyCons
1	9	5,76	75,75
1	2	3,87	34,89
2	6	2,52	18
3	5	3,98	50,47
4	8	6,34	28,05
4	2	29,94	270,17
4	1	11,57	76,7
5	5	11,19	141,86
6	8	56,24	248,97
6	10	4,38	55,88
7	5	9,91	125,67
8	2	4,01	36,2
8	4	2,41	26,7
8	9	24,7	324,6
9	10	1,38	17,57
9	3	6,4	44,29
10	1	129,49	858,33
10	4	1,42	15,75
10	9	10,41	136,77
11	10	5,08	64,77
11	6	70,67	504,56
11	5	4,9	62,05
12	10	23,04	294,01
13	5	3,06	38,75
13	7	10,29	28,55
13	9	16,55	217,57
14	9	19,99	262,72
15	2	6,07	54,77
15	6	822,63	5873,66
16	6	47,25	337,36
17	7	3,07	8,52
18	9	3,02	39,64
18	5	10,94	138,67
19	8	5,67	25,1
19	4	15,08	167,29
19	2	3,62	32,68
20	3	254,38	1759,27
21	7	48,13	133,48
21	6	7,96	56,81
21	5	8,87	112,49
22	4	1,92	21,32
23	10	54,56	696,36
23	9	1,35	17,73
24	10	2,28	29,15
25	6	4,26	30,43
25	8	832,74	3686,31
25	10	7,64	97,46
26	8	29,63	131,17
26	4	2,24	24,89
26	1	1,24	8,23
27	10	11,38	145,24
27	9	3,21	42,19
28	9	33,18	436,13
28	2	6,11	55,12
28	1	7,99	52,93
29	2	16,5	148,85
29	3	0,55	3,81
30	2	11,72	105,73
30	4	17,31	191,93
30	6	34,24	244,46
30	9	7,65	100,58
31	7	10,8	29,94
32	1	1,57	10,38
33	3	226,86	1568,92
33	5	127,92	1621,4
33	7	1,38	3,82
33	9	8,67	114,01
34	2	2,91	26,29
35	9	5,32	69,93
35	8	3,44	15,23
36	9	0,23	2,98
36	8	8,54	37,79
36	6	128,21	915,41
36	4	8,68	96,3
36	2	175,99	1588,14
37	9	43,12	566,73
37	6	16,51	117,86
38	4	97,63	1082,8
38	5	7,9	100,15
39	10	347,91	4440,11
39	8	1,46	6,47
39	6	31,17	222,56
39	5	17,49	221,71
40	2	387,32	3495,2
40	8	43,75	193,68
41	6	16,15	115,33
42	5	9,64	122,14
43	6	12,53	89,47
43	3	2,13	14,75
44	10	40,4	515,61
44	7	6,87	19,06
44	4	94,33	1046,17
44	3	2,43	16,78
45	6	13,63	97,34
46	9	44,43	583,96
46	5	12,88	163,29
46	3	9,33	64,5
47	3	21,76	150,46
47	8	19,38	85,78
47	10	8,48	108,24
48	2	240,57	2170,95
48	6	76,79	548,26
48	10	6,35	81,02
49	6	3,53	25,24
50	10	16,21	206,86
50	9	3,19	41,9
50	5	285,3	3616,26
50	3	3,73	25,78
50	1	76,23	505,3
51	7	15,07	41,8
52	10	1,29	16,52
53	8	4,48	19,84
54	1	15,71	104,16
55	5	10,74	136,1
55	3	3,91	27,03
55	2	8,85	79,82
56	9	1,25	16,4
56	3	12,22	84,53
57	7	10,41	28,87
58	2	17,93	161,8
58	8	5,8	25,66
59	1	1,02	6,74
59	5	14,11	178,88
59	10	3,56	45,43
60	8	29,1	128,8
60	5	5,88	74,52
60	4	25,91	287,41
60	3	3,91	27,06
60	2	35,88	323,78
60	1	17,53	116,17
61	6	297,74	2125,87
61	9	87,62	1151,59
61	10	7,34	93,7
62	10	30,99	395,47
62	6	14,07	100,45
62	3	36,81	254,6
63	9	38,11	500,89
63	8	16,31	72,22
63	6	13,78	98,36
63	1	160,98	1067,05
64	3	44,36	306,8
64	4	1,14	12,61
64	6	187,5	1338,77
65	4	45,08	499,99
66	9	11,04	145,08
66	7	1,85	5,14
67	9	27,9	366,69
67	5	12,21	154,75
68	2	11,18	100,88
68	4	3,22	35,74
68	5	16,94	214,75
68	8	69,28	306,7
68	9	4,23	55,56
69	3	16,53	114,3
69	5	51,14	648,17
69	7	89,86	249,22
70	1	1,06	7,05
70	7	8,21	22,76
71	10	26,31	335,74
71	4	10,06	111,54
72	2	35,18	317,43
73	8	10,87	48,11
74	2	85,95	775,6
74	3	160,84	1112,32
74	6	3,26	23,27
75	2	1,98	17,86
75	6	15,88	113,36
75	9	23,78	312,54
76	10	31,36	400,17
76	5	6,61	83,73
76	3	1,19	8,22
76	2	7,35	66,33
77	9	6,04	79,41
77	2	0,26	2,31
77	1	16,64	110,29
78	2	4,42	39,89
78	3	50,7	350,61
78	10	11,71	149,4
79	5	22,84	289,51
79	6	80,43	574,25
80	7	42,13	116,84
80	8	40,02	177,17
81	9	2,1	27,58
81	3	4,17	28,85
82	9	1,12	14,74
83	1	15,88	105,28
83	9	84,41	1109,42
84	1	34,53	228,85
85	1	165,31	1095,75
85	3	7,93	54,82
85	4	50,73	562,66
86	10	31,7	404,59
86	4	5,26	58,37
86	2	11,56	104,31
87	1	5,89	39,01
87	8	19,62	86,83
88	1	107,73	714,1
89	3	19,56	135,25
90	4	1,39	15,41
91	4	15,13	167,8
91	10	112,6	1437,1
92	10	2,48	31,65
92	6	5,03	35,92
93	10	49,57	632,63
93	7	32,59	90,39
93	6	48,79	348,36
93	5	26,81	339,82
93	4	25,82	286,41
93	3	2,47	17,05
93	2	2,57	23,21
94	1	4,79	31,76
94	10	10,89	139,04
95	7	3,72	10,31
96	5	185,56	2352,03
96	6	227,5	1624,41
96	8	17,91	79,26
96	10	33,8	431,39
97	1	18,27	121,11
97	3	28,22	195,15
97	6	71,37	509,61
98	10	7,6	97,02
99	2	14,26	128,68
99	9	1,53	20,15
100	1	-0,27	-1,79

#jobId ddate weight rdate
1	941,116	38	1715,368
2	852,722	41	1416,366
3	684,203	6	552,081
4	909,83	18	57,406
5	964,758	4	737,708
6	916,709	38	530,847
7	956,989	45	910,889
8	949,574	8	1552,12
9	709,845	29	537,313
10	1012,486	19	653,048
11	924,421	28	867,43
12	509,239	31	292,069
13	962,86	36	651,791
14	860,429	19	1420,107
15	889,745	5	1580,498
16	646,889	9	1232,38
17	925,435	30	228,289
18	1040,476	20	376,217
19	641,166	5	1707,582
20	834,871	25	428,632
21	625,154	47	748,105
22	900,892	27	1689,18
23	940,313	13	1366,556
24	740,24	46	1594,503
25	506,471	35	289,679
26	786,679	49	179,487
27	518,652	30	188,869
28	723,702	13	261,154
29	932,483	14	1384,791
30	579,379	9	1337,175
31	788,66	7	383,966
32	604,033	20	705,827
33	729,061	46	1699,514
34	800,704	46	852,68
35	1005,202	11	555,584
36	870,878	3	1602,014
37	876,259	44	1296,415
38	545,252	7	948,656
39	1006,083	14	1437,311
40	883,786	9	1638,182
41	625,282	1	1082,802
42	524,109	35	1587,697
43	944,327	38	1440,271
44	665,288	7	172,857
45	508,144	31	886,8
46	872,064	41	888,454
47	500,716	43	184,816
48	616,268	2	842,317
49	655,477	34	730,223
50	1053,494	29	526,804
51	543,06	2	1268,778
52	921,337	43	526,265
53	1004,509	20	1443,279
54	777,762	5	1512,607
55	648,938	32	632,912
56	919,766	2	111,323
57	782,568	16	402,057
58	741,837	42	1149,211
59	655,247	7	27,043
60	1055,235	25	1338,851
61	495,467	26	1405,455
62	586,488	19	366,683
63	531,908	11	493,376
64	914,465	34	1335,62
65	727,271	12	901,816
66	932,706	6	1634,944
67	698,095	18	940,088
68	850,179	4	812,778
69	632,248	4	1136,625
70	595,017	15	798,271
71	902,159	3	1580,777
72	1006,817	4	846,885
73	808,453	8	187,35
74	643,551	39	1163,574
75	959,469	23	1337,263
76	849,271	7	43,698
77	830,777	4	900,578
78	491,736	12	1071,419
79	560,901	17	668,819
80	744,283	28	1595,677
81	653,865	41	1543,628
82	1012,799	43	36,918
83	839,276	2	894,316
84	580,713	41	372,759
85	1040,087	43	163,633
86	815,027	35	1405,087
87	834,146	31	1081,885
88	1016,419	47	1025,673
89	606,099	15	1231,268
90	960,917	6	1337,749
91	897,187	10	192,51
92	826,766	39	1702,014
93	1033,309	37	1572,964
94	829,559	25	29,983
95	545,531	15	750,192
96	618,181	26	87,904
97	688,793	29	970,576
98	853,763	15	1463,365
99	1015,723	15	645,293
100	991,499	16	1220,099

#machId jobPred jobSucc setupTime
1	4	10	27,186
1	4	26	1,192
1	4	28	5,065
1	4	32	10,506
1	4	50	2,052
1	4	54	2,43
1	4	59	3,274
1	4	60	2,414
1	4	63	0,953
1	4	70	2,056
1	4	77	3,24
1	4	83	4,492
1	4	84	0,979
1	4	85	2,079
1	4	87	6,946
1	4	88	7,053
1	4	94	1,999
1	4	97	7,724
1	4	100	13,694
1	10	4	0,983
1	10	26	1,529
1	10	28	1,998
1	10	32	5,697
1	10	50	1,095
1	10	54	2,227
1	10	59	2,561
1	10	60	24,301
1	10	63	1,094
1	10	70	3,062
1	10	77	0,816
1	10	83	28,499
1	10	84	0,92
1	10	85	7,446
1	10	87	6,599
1	10	88	7,595
1	10	94	9,874
1	10	97	0,63
1	10	100	4,185
1	26	4	6,413
1	26	10	2,243
1	26	28	9,429
1	26	32	7,306
1	26	50	14,15
1	26	54	2,132
1	26	59	10,592
1	26	60	4,18
1	26	63	3,03
1	26	70	2,847
1	26	77	1,141
1	26	83	9,189
1	26	84	3,638
1	26	85	2,705
1	26	87	6,991
1	26	88	0,803
1	26	94	3,346
1	26	97	3,653
1	26	100	22,367
1	28	4	13,651
1	28	10	1,357
1	28	26	1,347
1	28	32	10,089
1	28	50	6,486
1	28	54	19,399
1	28	59	2,267
1	28	60	5,146
1	28	63	1,012
1	28	70	2,107
1	28	77	4,978
1	28	83	13,009
1	28	84	4,531
1	28	85	4,919
1	28	87	18,643
1	28	88	1,641
1	28	94	6,987
1	28	97	4,702
1	28	100	1,567
1	32	4	0,806
1	32	10	8,071
1	32	26	26,756
1	32	28	13,989
1	32	50	3,151
1	32	54	4,192
1	32	59	10,192
1	32	60	0,961
1	32	63	4,493
1	32	70	14,575
1	32	77	2,918
1	32	83	4,942
1	32	84	2,997
1	32	85	13,884
1	32	87	4,012
1	32	88	0,915
1	32	94	26,186
1	32	97	3,193
1	32	100	0,532
1	50	4	1,512
1	50	10	23,109
1	50	26	11,487
1	50	28	7,757
1	50	32	1,126
1	50	54	0,844
1	50	59	9,588
1	50	60	6,92
1	50	63	13,161
1	50	70	1,216
1	50	77	8,671
1	50	83	2,957
1	50	84	0,804
1	50	85	3,042
1	50	87	2,198
1	50	88	5,645
1	50	94	1,829
1	50	97	5,08
1	50	100	2,607
1	54	4	0,92
1	54	10	13,297
1	54	26	5,978
1	54	28	8,228
1	54	32	1,6
1	54	50	2,515
1	54	59	26,503
1	54	60	3,84
1	54	63	6,8
1	54	70	2,1
1	54	77	17,593
1	54	83	7,938
1	54	84	3,514
1	54	85	5,615
1	54	87	1,943
1	54	88	1,95
1	54	94	5,176
1	54	97	0,835
1	54	100	2,082
1	59	4	5,959
1	59	10	2,834
1	59	26	1,862
1	59	28	1,616
1	59	32	25,135
1	59	50	0,745
1	59	54	3,431
1	59	60	0,613
1	59	63	3,632
1	59	70	7,869
1	59	77	2,047
1	59	83	0,998
1	59	84	9,335
1	59	85	0,719
1	59	87	4,539
1	59	88	1,637
1	59	94	5,881
1	59	97	2,473
1	59	100	4,664
1	60	4	1,75
1	60	10	0,664
1	60	26	1,585
1	60	28	4,513
1	60	32	2,329
1	60	50	3,081
1	60	54	0,894
1	60	59	19,973
1	60	63	11,086
1	60	70	5,417
1	60	77	2,104
1	60	83	0,804
1	60	84	6,697
1	60	85	1,412
1	60	87	8,038
1	60	88	2,645
1	60	94	15,786
1	60	97	3,629
1	60	100	6,088
1	63	4	2,279
1	63	10	6,624
1	63	26	1,662
1	63	28	4,734
1	63	32	3,279
1	63	50	10,938
1	63	54	8,633
1	63	59	44,085
1	63	60	6,203
1	63	70	5,266
1	63	77	5,261
1	63	83	1,022
1	63	84	1,409
1	63	85	2,241
1	63	87	1,755
1	63	88	28,144
1	63	94	22,398
1	63	97	13,096
1	63	100	4,447
1	70	4	4,882
1	70	10	8,293
1	70	26	1,084
1	70	28	3,63
1	70	32	0,895
1	70	50	3,7
1	70	54	14,889
1	70	59	4,538
1	70	60	3,63
1	70	63	8,374
1	70	77	8,166
1	70	83	1,436
1	70	84	1,596
1	70	85	9,656
1	70	87	0,816
1	70	88	2,218
1	70	94	11,628
1	70	97	16,269
1	70	100	0,567
1	77	4	5,281
1	77	10	10,459
1	77	26	3,18
1	77	28	4,28
1	77	32	6,034
1	77	50	2,753
1	77	54	3,164
1	77	59	0,509
1	77	60	6,059
1	77	63	3,858
1	77	70	0,978
1	77	83	5,501
1	77	84	6,437
1	77	85	14,976
1	77	87	7,631
1	77	88	0,759
1	77	94	12,418
1	77	97	0,634
1	77	100	5,534
1	83	4	2,803
1	83	10	1,055
1	83	26	1,99
1	83	28	6,093
1	83	32	4,88
1	83	50	2,032
1	83	54	6,324
1	83	59	4,304
1	83	60	1,812
1	83	63	1,174
1	83	70	9,827
1	83	77	1,645
1	83	84	17,982
1	83	85	22,659
1	83	87	1,874
1	83	88	2,045
1	83	94	4,406
1	83	97	3,935
1	83	100	0,755
1	84	4	36,824
1	84	10	11,174
1	84	26	5,523
1	84	28	18,948
1	84	32	31,437
1	84	50	0,849
1	84	54	15,789
1	84	59	15,826
1	84	60	4,224
1	84	63	12,802
1	84	70	5,595
1	84	77	10,342
1	84	83	8,318
1	84	85	8,455
1	84	87	1,958
1	84	88	6,331
1	84	94	10,569
1	84	97	2,817
1	84	100	4,508
1	85	4	6,543
1	85	10	2,911
1	85	26	0,538
1	85	28	7,662
1	85	32	2,744
1	85	50	0,777
1	85	54	11,731
1	85	59	4,609
1	85	60	20,177
1	85	63	0,502
1	85	70	18,189
1	85	77	1,421
1	85	83	8,016
1	85	84	2,375
1	85	87	1,545
1	85	88	2,723
1	85	94	7,945
1	85	97	3,668
1	85	100	3,645
1	87	4	1,976
1	87	10	1,29
1	87	26	20,055
1	87	28	1,903
1	87	32	3,843
1	87	50	5,331
1	87	54	7,64
1	87	59	2,468
1	87	60	1,537
1	87	63	1,224
1	87	70	1,968
1	87	77	8,1
1	87	83	0,781
1	87	84	1,893
1	87	85	4,769
1	87	88	17,114
1	87	94	10,396
1	87	97	4,382
1	87	100	11,588
1	88	4	2,832
1	88	10	3,608
1	88	26	1,878
1	88	28	3,105
1	88	32	4,754
1	88	50	2,461
1	88	54	1,691
1	88	59	3,857
1	88	60	3,187
1	88	63	0,78
1	88	70	3,901
1	88	77	20,405
1	88	83	3,638
1	88	84	2,804
1	88	85	8,583
1	88	87	1,043
1	88	94	7,123
1	88	97	0,53
1	88	100	2,132
1	94	4	1,045
1	94	10	3,044
1	94	26	4,986
1	94	28	1,282
1	94	32	2,215
1	94	50	4,116
1	94	54	17,705
1	94	59	1,454
1	94	60	22,175
1	94	63	0,613
1	94	70	2,587
1	94	77	6,81
1	94	83	12,099
1	94	84	6,208
1	94	85	4,392
1	94	87	0,933
1	94	88	4,101
1	94	97	10,548
1	94	100	0,552
1	97	4	2,49
1	97	10	6,469
1	97	26	7,6
1	97	28	1,42
1	97	32	3,819
1	97	50	16,832
1	97	54	9,528
1	97	59	1,244
1	97	60	1,446
1	97	63	0,739
1	97	70	5,416
1	97	77	12,136
1	97	83	11,262
1	97	84	8,934
1	97	85	5,507
1	97	87	9,035
1	97	88	3,792
1	97	94	1,554
1	97	100	35,195
1	100	4	4,693
1	100	10	5,365
1	100	26	7,218
1	100	28	2,328
1	100	32	6,615
1	100	50	1,532
1	100	54	8,357
1	100	59	2,359
1	100	60	3,619
1	100	63	5,668
1	100	70	2,091
1	100	77	8,11
1	100	83	0,997
1	100	84	8,19
1	100	85	9,171
1	100	87	2,747
1	100	88	6,021
1	100	94	2,619
1	100	97	0,78
2	1	4	7,659
2	1	8	6,166
2	1	15	1,451
2	1	19	107,745
2	1	28	2,297
2	1	29	4,761
2	1	30	4,427
2	1	34	21,131
2	1	36	23,997
2	1	40	3,639
2	1	48	0,975
2	1	55	3,206
2	1	58	4,367
2	1	60	1,835
2	1	68	1,954
2	1	72	6,243
2	1	74	2,627
2	1	75	1,607
2	1	76	1,034
2	1	77	7,876
2	1	78	28,533
2	1	86	1,32
2	1	93	5,095
2	1	99	2,711
2	4	1	5,789
2	4	8	22,434
2	4	15	3,645
2	4	19	2,625
2	4	28	2,721
2	4	29	0,795
2	4	30	30,655
2	4	34	4,228
2	4	36	1,48
2	4	40	8,49
2	4	48	1,006
2	4	55	1,467
2	4	58	16,178
2	4	60	5,872
2	4	68	1,206
2	4	72	6,034
2	4	74	4,116
2	4	75	41,583
2	4	76	11,563
2	4	77	27,568
2	4	78	7,344
2	4	86	4,786
2	4	93	6,32
2	4	99	4,815
2	8	1	12,71
2	8	4	8,823
2	8	15	19,804
2	8	19	23,958
2	8	28	1,686
2	8	29	8,762
2	8	30	11,219
2	8	34	2,611
2	8	36	10,58
2	8	40	12,509
2	8	48	3,265
2	8	55	6,092
2	8	58	1,289
2	8	60	9,475
2	8	68	4,868
2	8	72	6,07
2	8	74	2,997
2	8	75	12,109
2	8	76	7,328
2	8	77	11,933
2	8	78	1,614
2	8	86	6,855
2	8	93	1,685
2	8	99	0,697
2	15	1	3,442
2	15	4	10,993
2	15	8	4,472
2	15	19	1,637
2	15	28	0,704
2	15	29	2,474
2	15	30	0,853
2	15	34	28,324
2	15	36	0,846
2	15	40	1,427
2	15	48	8,323
2	15	55	1,541
2	15	58	3,267
2	15	60	6,247
2	15	68	18,948
2	15	72	0,553
2	15	74	11,398
2	15	75	17,699
2	15	76	7,071
2	15	77	0,658
2	15	78	11,193
2	15	86	3,46
2	15	93	13,134
2	15	99	5,16
2	19	1	4,161
2	19	4	0,996
2	19	8	2,375
2	19	15	2,892
2	19	28	4,166
2	19	29	40,322
2	19	30	0,905
2	19	34	2,465
2	19	36	4,857
2	19	40	1,924
2	19	48	7,054
2	19	55	47,724
2	19	58	1,618
2	19	60	24,878
2	19	68	3,762
2	19	72	8,753
2	19	74	6,71
2	19	75	3,715
2	19	76	3,177
2	19	77	3,201
2	19	78	2,666
2	19	86	3,243
2	19	93	1,978
2	19	99	5,363
2	28	1	2,438
2	28	4	5,629
2	28	8	4,883
2	28	15	13,574
2	28	19	37,835
2	28	29	9,66
2	28	30	2,073
2	28	34	1,066
2	28	36	3,61
2	28	40	5,826
2	28	48	10,519
2	28	55	1,506
2	28	58	1,905
2	28	60	0,762
2	28	68	7,467
2	28	72	5,434
2	28	74	16,412
2	28	75	11,167
2	28	76	3,598
2	28	77	0,901
2	28	78	1,604
2	28	86	21,448
2	28	93	1,956
2	28	99	2,917
2	29	1	2,301
2	29	4	0,817
2	29	8	1,284
2	29	15	8,647
2	29	19	7,091
2	29	28	0,632
2	29	30	1,308
2	29	34	6,965
2	29	36	6,872
2	29	40	12,627
2	29	48	3,148
2	29	55	0,613
2	29	58	2,452
2	29	60	10,465
2	29	68	3,205
2	29	72	2,248
2	29	74	2,125
2	29	75	0,582
2	29	76	3,753
2	29	77	2,44
2	29	78	6,321
2	29	86	14,876
2	29	93	4,1
2	29	99	2,723
2	30	1	3,091
2	30	4	3,794
2	30	8	8,118
2	30	15	7,89
2	30	19	16,276
2	30	28	5,08
2	30	29	8,826
2	30	34	5,048
2	30	36	10,196
2	30	40	6,694
2	30	48	5,192
2	30	55	0,717
2	30	58	0,78
2	30	60	1,76
2	30	68	5,729
2	30	72	3,761
2	30	74	9,895
2	30	75	3,099
2	30	76	5,529
2	30	77	14,202
2	30	78	1,789
2	30	86	11,471
2	30	93	1,438
2	30	99	5,345
2	34	1	2,634
2	34	4	4,785
2	34	8	4,113
2	34	15	0,673
2	34	19	3,594
2	34	28	11,086
2	34	29	2,394
2	34	30	1,471
2	34	36	6,983
2	34	40	1,704
2	34	48	5,89
2	34	55	0,761
2	34	58	4,343
2	34	60	32,07
2	34	68	0,911
2	34	72	9,647
2	34	74	18,735
2	34	75	1,526
2	34	76	1,277
2	34	77	6,877
2	34	78	1,575
2	34	86	4,178
2	34	93	5,066
2	34	99	3,871
2	36	1	0,918
2	36	4	6,212
2	36	8	1,057
2	36	15	0,658
2	36	19	1,793
2	36	28	5,373
2	36	29	1,341
2	36	30	3,169
2	36	34	7,517
2	36	40	2,176
2	36	48	0,768
2	36	55	1,125
2	36	58	7,994
2	36	60	2,977
2	36	68	1,38
2	36	72	12,061
2	36	74	3,79
2	36	75	2,058
2	36	76	0,968
2	36	77	6,441
2	36	78	4,723
2	36	86	1,242
2	36	93	9,355
2	36	99	4,547
2	40	1	4,682
2	40	4	3,163
2	40	8	3,435
2	40	15	18,374
2	40	19	4,149
2	40	28	0,648
2	40	29	6,705
2	40	30	4,733
2	40	34	2,174
2	40	36	1,18
2	40	48	3,811
2	40	55	6,023
2	40	58	3,586
2	40	60	1,693
2	40	68	7,194
2	40	72	4,741
2	40	74	0,593
2	40	75	1,493
2	40	76	5,155
2	40	77	3,308
2	40	78	0,818
2	40	86	39,14
2	40	93	0,538
2	40	99	2,01
2	48	1	20,36
2	48	4	8,386
2	48	8	29,24
2	48	15	0,628
2	48	19	1,374
2	48	28	0,752
2	48	29	4,631
2	48	30	5,094
2	48	34	9,477
2	48	36	4,876
2	48	40	1,43
2	48	55	7,239
2	48	58	2,937
2	48	60	0,995
2	48	68	15,674
2	48	72	6,698
2	48	74	1,128
2	48	75	5,731
2	48	76	2,855
2	48	77	6,27
2	48	78	12,52
2	48	86	1,859
2	48	93	2,677
2	48	99	1,691
2	55	1	3,628
2	55	4	26,235
2	55	8	4,836
2	55	15	0,737
2	55	19	1,53
2	55	28	6,528
2	55	29	2,291
2	55	30	7,52
2	55	34	0,764
2	55	36	19,38
2	55	40	9,087
2	55	48	0,686
2	55	58	8,79
2	55	60	15,511
2	55	68	17,765
2	55	72	5,045
2	55	74	1,66
2	55	75	0,608
2	55	76	13,599
2	55	77	9,941
2	55	78	20,04
2	55	86	6,371
2	55	93	12,336
2	55	99	2,949
2	58	1	11,391
2	58	4	10,049
2	58	8	3,242
2	58	15	15,071
2	58	19	5,242
2	58	28	11,521
2	58	29	5,012
2	58	30	12,248
2	58	34	2,406
2	58	36	3,235
2	58	40	4,908
2	58	48	3,325
2	58	55	14,783
2	58	60	5,309
2	58	68	1,018
2	58	72	3,353
2	58	74	4,766
2	58	75	9,069
2	58	76	0,701
2	58	77	5,976
2	58	78	4,366
2	58	86	8,089
2	58	93	1,813
2	58	99	0,985
2	60	1	20,135
2	60	4	1,686
2	60	8	6,536
2	60	15	8,46
2	60	19	4,687
2	60	28	7,902
2	60	29	1,009
2	60	30	5,664
2	60	34	2,439
2	60	36	1,094
2	60	40	6,599
2	60	48	2,4
2	60	55	0,579
2	60	58	2,999
2	60	68	6,742
2	60	72	9,035
2	60	74	1,812
2	60	75	0,54
2	60	76	2,748
2	60	77	0,793
2	60	78	12,607
2	60	86	3,988
2	60	93	1,732
2	60	99	3,616
2	68	1	7,835
2	68	4	12,98
2	68	8	0,785
2	68	15	12,288
2	68	19	0,586
2	68	28	1,754
2	68	29	1,192
2	68	30	9,049
2	68	34	0,747
2	68	36	12,988
2	68	40	18,161
2	68	48	7,262
2	68	55	0,938
2	68	58	0,907
2	68	60	3,182
2	68	72	1,438
2	68	74	3,624
2	68	75	4,336
2	68	76	2,879
2	68	77	7,198
2	68	78	1,676
2	68	86	8,854
2	68	93	25,296
2	68	99	16,606
2	72	1	5,088
2	72	4	1,53
2	72	8	6,561
2	72	15	5,912
2	72	19	0,518
2	72	28	0,526
2	72	29	0,9
2	72	30	7,459
2	72	34	6,795
2	72	36	2,856
2	72	40	0,63
2	72	48	19,245
2	72	55	2,338
2	72	58	11,233
2	72	60	0,82
2	72	68	1,322
2	72	74	1,273
2	72	75	8,899
2	72	76	14,616
2	72	77	10,792
2	72	78	1,643
2	72	86	22,738
2	72	93	6,994
2	72	99	48,389
2	74	1	1,756
2	74	4	11,247
2	74	8	15,685
2	74	15	2,562
2	74	19	1,84
2	74	28	17,833
2	74	29	5,117
2	74	30	11,422
2	74	34	5,818
2	74	36	12,18
2	74	40	8,95
2	74	48	0,717
2	74	55	14,636
2	74	58	1,17
2	74	60	11,202
2	74	68	6,927
2	74	72	10,11
2	74	75	10,455
2	74	76	2,842
2	74	77	14,505
2	74	78	3,431
2	74	86	73,674
2	74	93	0,502
2	74	99	3,995
2	75	1	8,763
2	75	4	30,639
2	75	8	11,414
2	75	15	14,384
2	75	19	9,395
2	75	28	2,826
2	75	29	4,268
2	75	30	16,606
2	75	34	1,292
2	75	36	0,763
2	75	40	9,244
2	75	48	3,937
2	75	55	2,373
2	75	58	16,636
2	75	60	4,144
2	75	68	8,11
2	75	72	11,68
2	75	74	6,64
2	75	76	2,933
2	75	77	8,472
2	75	78	2,233
2	75	86	3,799
2	75	93	4,866
2	75	99	0,64
2	76	1	0,949
2	76	4	19,129
2	76	8	16,41
2	76	15	10,623
2	76	19	7,058
2	76	28	1,667
2	76	29	8,077
2	76	30	1,98
2	76	34	2,993
2	76	36	8,478
2	76	40	1,917
2	76	48	4,466
2	76	55	5,58
2	76	58	1,16
2	76	60	1,39
2	76	68	1,523
2	76	72	2,509
2	76	74	6,983
2	76	75	0,553
2	76	77	0,539
2	76	78	7,347
2	76	86	0,505
2	76	93	36,286
2	76	99	3,433
2	77	1	11,803
2	77	4	13,353
2	77	8	4,971
2	77	15	2,339
2	77	19	5,835
2	77	28	0,814
2	77	29	21,879
2	77	30	0,506
2	77	34	1,018
2	77	36	1,651
2	77	40	3,819
2	77	48	10,497
2	77	55	3,395
2	77	58	2,24
2	77	60	1,958
2	77	68	20,881
2	77	72	4,146
2	77	74	11,268
2	77	75	2,72
2	77	76	3,657
2	77	78	1,148
2	77	86	8,35
2	77	93	0,62
2	77	99	10,118
2	78	1	4,399
2	78	4	0,505
2	78	8	0,779
2	78	15	7,084
2	78	19	10,179
2	78	28	7,656
2	78	29	9,15
2	78	30	5,694
2	78	34	0,713
2	78	36	4,779
2	78	40	2,395
2	78	48	1,252
2	78	55	8,926
2	78	58	1,793
2	78	60	1,295
2	78	68	2,163
2	78	72	1,527
2	78	74	1,817
2	78	75	3,452
2	78	76	2,43
2	78	77	2,35
2	78	86	7,8
2	78	93	2,706
2	78	99	4,155
2	86	1	1,93
2	86	4	24,945
2	86	8	3,748
2	86	15	2,192
2	86	19	3,295
2	86	28	0,613
2	86	29	12,89
2	86	30	10,91
2	86	34	2,639
2	86	36	3,254
2	86	40	2,807
2	86	48	9,243
2	86	55	3,332
2	86	58	7,264
2	86	60	8,542
2	86	68	7,566
2	86	72	3,762
2	86	74	3,115
2	86	75	10,964
2	86	76	26,924
2	86	77	3,679
2	86	78	2,455
2	86	93	1,355
2	86	99	4,629
2	93	1	0,728
2	93	4	3,452
2	93	8	3,986
2	93	15	1,72
2	93	19	9,044
2	93	28	15,491
2	93	29	1,213
2	93	30	2,287
2	93	34	2,022
2	93	36	6,761
2	93	40	7,139
2	93	48	1,525
2	93	55	2,489
2	93	58	5,994
2	93	60	5,566
2	93	68	7,833
2	93	72	5,84
2	93	74	3,134
2	93	75	23,816
2	93	76	3,577
2	93	77	3,885
2	93	78	10,569
2	93	86	0,701
2	93	99	1,896
2	99	1	14,712
2	99	4	1,794
2	99	8	4,486
2	99	15	4,691
2	99	19	4,826
2	99	28	8,226
2	99	29	9,813
2	99	30	8,208
2	99	34	3,116
2	99	36	7,221
2	99	40	3,884
2	99	48	0,734
2	99	55	7,177
2	99	58	8,438
2	99	60	3,468
2	99	68	2,753
2	99	72	10,36
2	99	74	2,128
2	99	75	1,073
2	99	76	7,528
2	99	77	18,911
2	99	78	4,254
2	99	86	16,528
2	99	93	1,909
3	9	20	2,497
3	9	29	2,787
3	9	33	26,813
3	9	43	1,28
3	9	44	2,024
3	9	46	2,719
3	9	47	5,199
3	9	50	3,142
3	9	55	7,357
3	9	56	5,841
3	9	60	9,3
3	9	62	2,851
3	9	64	27,983
3	9	69	7,472
3	9	74	8,559
3	9	76	6,605
3	9	78	3,381
3	9	81	2,688
3	9	85	1,087
3	9	89	6,541
3	9	93	14,007
3	9	97	0,82
3	20	9	2,914
3	20	29	7,931
3	20	33	1,662
3	20	43	1,904
3	20	44	3,179
3	20	46	6,245
3	20	47	0,57
3	20	50	2,972
3	20	55	12,984
3	20	56	14,772
3	20	60	23,814
3	20	62	3,908
3	20	64	5,024
3	20	69	31,962
3	20	74	3,74
3	20	76	13,218
3	20	78	3,047
3	20	81	2,648
3	20	85	6,782
3	20	89	7,064
3	20	93	13,494
3	20	97	2,421
3	29	9	7,141
3	29	20	0,721
3	29	33	6,045
3	29	43	2,924
3	29	44	7,438
3	29	46	4,341
3	29	47	3,036
3	29	50	4,302
3	29	55	3,407
3	29	56	3,046
3	29	60	5,389
3	29	62	4,349
3	29	64	2,667
3	29	69	15,534
3	29	74	5,21
3	29	76	2,053
3	29	78	2,824
3	29	81	4,966
3	29	85	2,343
3	29	89	0,941
3	29	93	0,607
3	29	97	3,988
3	33	9	3,086
3	33	20	9,121
3	33	29	1,38
3	33	43	18,138
3	33	44	3,945
3	33	46	2,966
3	33	47	20,317
3	33	50	1,162
3	33	55	1,443
3	33	56	0,854
3	33	60	6,849
3	33	62	2,943
3	33	64	17,432
3	33	69	5,273
3	33	74	3,711
3	33	76	31,93
3	33	78	41,868
3	33	81	8,617
3	33	85	3,732
3	33	89	0,894
3	33	93	5,814
3	33	97	6,673
3	43	9	1,361
3	43	20	1,348
3	43	29	3,517
3	43	33	1,764
3	43	44	1,549
3	43	46	9,177
3	43	47	2,079
3	43	50	2,067
3	43	55	2,009
3	43	56	15,842
3	43	60	2,448
3	43	62	1,885
3	43	64	1,385
3	43	69	21,926
3	43	74	0,856
3	43	76	4,808
3	43	78	7,512
3	43	81	7,566
3	43	85	2,048
3	43	89	3,75
3	43	93	9,65
3	43	97	1,448
3	44	9	2,25
3	44	20	3,867
3	44	29	4,034
3	44	33	4,388
3	44	43	25,425
3	44	46	8,614
3	44	47	1,069
3	44	50	1,895
3	44	55	7,559
3	44	56	10,554
3	44	60	9,221
3	44	62	2,423
3	44	64	1,727
3	44	69	4,374
3	44	74	5,924
3	44	76	6,829
3	44	78	12,34
3	44	81	5,987
3	44	85	19,019
3	44	89	21,564
3	44	93	10,195
3	44	97	10,144
3	46	9	4,933
3	46	20	4,341
3	46	29	22,431
3	46	33	0,841
3	46	43	2,315
3	46	44	14,688
3	46	47	3,758
3	46	50	2,635
3	46	55	10,332
3	46	56	16,757
3	46	60	4,646
3	46	62	2,147
3	46	64	5,972
3	46	69	0,914
3	46	74	10,416
3	46	76	0,804
3	46	78	1,603
3	46	81	3,282
3	46	85	1,353
3	46	89	0,981
3	46	93	0,954
3	46	97	15,531
3	47	9	6,388
3	47	20	20,849
3	47	29	1,091
3	47	33	17,797
3	47	43	0,877
3	47	44	27,214
3	47	46	2,595
3	47	50	3,113
3	47	55	2,854
3	47	56	1,703
3	47	60	1,994
3	47	62	1,046
3	47	64	1,114
3	47	69	6,905
3	47	74	2,99
3	47	76	8,473
3	47	78	6,325
3	47	81	14,92
3	47	85	12,629
3	47	89	1,513
3	47	93	1,272
3	47	97	7,65
3	50	9	10,329
3	50	20	2,417
3	50	29	1,174
3	50	33	11,4
3	50	43	3,831
3	50	44	2,585
3	50	46	1,986
3	50	47	2,646
3	50	55	3,872
3	50	56	30,618
3	50	60	1,878
3	50	62	2,83
3	50	64	0,743
3	50	69	2,221
3	50	74	5,797
3	50	76	0,944
3	50	78	3,332
3	50	81	11,522
3	50	85	3,351
3	50	89	1,648
3	50	93	14,116
3	50	97	3,433
3	55	9	3,109
3	55	20	0,724
3	55	29	2,514
3	55	33	1,83
3	55	43	7,681
3	55	44	29,141
3	55	46	0,811
3	55	47	1,391
3	55	50	6,825
3	55	56	7,091
3	55	60	5,878
3	55	62	1,205
3	55	64	3,857
3	55	69	35,834
3	55	74	3,58
3	55	76	3,699
3	55	78	7,235
3	55	81	1,969
3	55	85	0,81
3	55	89	3,307
3	55	93	2,446
3	55	97	10,826
3	56	9	14,821
3	56	20	6,352
3	56	29	2,62
3	56	33	8,473
3	56	43	8,881
3	56	44	2,672
3	56	46	2,055
3	56	47	1,11
3	56	50	9,341
3	56	55	0,947
3	56	60	17,838
3	56	62	0,549
3	56	64	3,669
3	56	69	22,263
3	56	74	7,891
3	56	76	6,092
3	56	78	20,13
3	56	81	3,793
3	56	85	26,698
3	56	89	6,544
3	56	93	10,444
3	56	97	0,555
3	60	9	0,894
3	60	20	3,46
3	60	29	5,613
3	60	33	0,808
3	60	43	4,189
3	60	44	1,004
3	60	46	1,249
3	60	47	2,339
3	60	50	1,752
3	60	55	0,723
3	60	56	11,929
3	60	62	6,416
3	60	64	1,939
3	60	69	7,521
3	60	74	5,362
3	60	76	2,708
3	60	78	1,683
3	60	81	5,385
3	60	85	0,862
3	60	89	2,974
3	60	93	9,663
3	60	97	5,057
3	62	9	0,537
3	62	20	1,601
3	62	29	25,244
3	62	33	0,77
3	62	43	6,177
3	62	44	2,908
3	62	46	31,373
3	62	47	1,272
3	62	50	0,543
3	62	55	4,121
3	62	56	2,759
3	62	60	4,277
3	62	64	3,356
3	62	69	9,125
3	62	74	3,459
3	62	76	1,206
3	62	78	7,864
3	62	81	1,345
3	62	85	5,699
3	62	89	4,838
3	62	93	9,099
3	62	97	5,995
3	64	9	3,673
3	64	20	10,417
3	64	29	3,869
3	64	33	0,504
3	64	43	0,966
3	64	44	17,853
3	64	46	2,128
3	64	47	5,343
3	64	50	0,735
3	64	55	5,825
3	64	56	23,712
3	64	60	0,857
3	64	62	1,168
3	64	69	1,716
3	64	74	44,194
3	64	76	14,113
3	64	78	1,742
3	64	81	14,128
3	64	85	6,812
3	64	89	1,404
3	64	93	0,67
3	64	97	1,711
3	69	9	3,638
3	69	20	1,81
3	69	29	1,299
3	69	33	7,812
3	69	43	7,163
3	69	44	1,269
3	69	46	8,003
3	69	47	7,029
3	69	50	2,876
3	69	55	2,092
3	69	56	0,505
3	69	60	23,461
3	69	62	21,467
3	69	64	10,475
3	69	74	2,264
3	69	76	5,217
3	69	78	12,751
3	69	81	1,551
3	69	85	3,676
3	69	89	1,361
3	69	93	43,974
3	69	97	2,814
3	74	9	2,099
3	74	20	13,515
3	74	29	2,341
3	74	33	4,392
3	74	43	5,854
3	74	44	10,93
3	74	46	0,51
3	74	47	9,653
3	74	50	1,958
3	74	55	0,819
3	74	56	3,775
3	74	60	4,305
3	74	62	0,614
3	74	64	2,939
3	74	69	5,107
3	74	76	3,01
3	74	78	4,949
3	74	81	5,809
3	74	85	0,968
3	74	89	9,358
3	74	93	2,022
3	74	97	4,134
3	76	9	3,348
3	76	20	1,337
3	76	29	6,594
3	76	33	7,453
3	76	43	4,284
3	76	44	8,155
3	76	46	0,643
3	76	47	3,783
3	76	50	35,65
3	76	55	8,652
3	76	56	3,946
3	76	60	30,753
3	76	62	8,134
3	76	64	0,986
3	76	69	12,686
3	76	74	7,176
3	76	78	4,97
3	76	81	0,986
3	76	85	3,197
3	76	89	1,998
3	76	93	5,77
3	76	97	19,582
3	78	9	0,754
3	78	20	3,364
3	78	29	14,188
3	78	33	17,528
3	78	43	4,273
3	78	44	5,163
3	78	46	6,494
3	78	47	2,901
3	78	50	13,923
3	78	55	4,077
3	78	56	7,767
3	78	60	6,749
3	78	62	2,438
3	78	64	2,945
3	78	69	2,917
3	78	74	7,187
3	78	76	3,612
3	78	81	1,509
3	78	85	19,453
3	78	89	62,273
3	78	93	1,693
3	78	97	7,405
3	81	9	14,436
3	81	20	7,933
3	81	29	15,473
3	81	33	7,279
3	81	43	4,874
3	81	44	3,497
3	81	46	7,846
3	81	47	3,224
3	81	50	6,708
3	81	55	2,304
3	81	56	4,219
3	81	60	5,479
3	81	62	8,602
3	81	64	2,877
3	81	69	10,316
3	81	74	1,454
3	81	76	11,219
3	81	78	6,668
3	81	85	2,781
3	81	89	10,296
3	81	93	4,035
3	81	97	14,403
3	85	9	3,507
3	85	20	5,954
3	85	29	54,706
3	85	33	1,518
3	85	43	8,815
3	85	44	13,301
3	85	46	4,029
3	85	47	7,57
3	85	50	5,417
3	85	55	30,646
3	85	56	3,496
3	85	60	6,826
3	85	62	1,579
3	85	64	4,103
3	85	69	3,275
3	85	74	11,858
3	85	76	1,885
3	85	78	3,151
3	85	81	3,209
3	85	89	4,312
3	85	93	3,936
3	85	97	15,327
3	89	9	3,46
3	89	20	8,862
3	89	29	1,616
3	89	33	11,112
3	89	43	15,072
3	89	44	3,535
3	89	46	34,376
3	89	47	16,076
3	89	50	7,253
3	89	55	5,487
3	89	56	4,627
3	89	60	4,873
3	89	62	4,708
3	89	64	4,396
3	89	69	7,344
3	89	74	3,692
3	89	76	11,388
3	89	78	0,534
3	89	81	3,205
3	89	85	5,33
3	89	93	0,672
3	89	97	7,19
3	93	9	2,551
3	93	20	1,059
3	93	29	2,705
3	93	33	18,582
3	93	43	5,389
3	93	44	17,571
3	93	46	2,799
3	93	47	14,153
3	93	50	3,348
3	93	55	5,294
3	93	56	4,916
3	93	60	11,095
3	93	62	1,629
3	93	64	3,793
3	93	69	10,835
3	93	74	12,518
3	93	76	5,481
3	93	78	3,439
3	93	81	4,551
3	93	85	49,872
3	93	89	3,357
3	93	97	6,675
3	97	9	2,266
3	97	20	19,148
3	97	29	1,439
3	97	33	0,937
3	97	43	50,925
3	97	44	7,131
3	97	46	13,288
3	97	47	0,525
3	97	50	1,725
3	97	55	1,924
3	97	56	1,353
3	97	60	4,89
3	97	62	5,869
3	97	64	0,77
3	97	69	4,358
3	97	74	1,36
3	97	76	4,485
3	97	78	4,302
3	97	81	6,978
3	97	85	4,08
3	97	89	0,637
3	97	93	20,112
4	8	10	5,925
4	8	19	18,392
4	8	22	2,477
4	8	26	11,323
4	8	30	1,362
4	8	36	6,959
4	8	38	2,61
4	8	44	8,325
4	8	60	21,555
4	8	64	0,65
4	8	65	30,159
4	8	68	5,989
4	8	71	10,744
4	8	85	0,645
4	8	86	10,742
4	8	90	3,811
4	8	91	0,664
4	8	93	3,455
4	10	8	1,26
4	10	19	9,572
4	10	22	7,263
4	10	26	0,591
4	10	30	2,634
4	10	36	48,49
4	10	38	2,829
4	10	44	12,059
4	10	60	2,472
4	10	64	3,984
4	10	65	6,509
4	10	68	3,041
4	10	71	2,143
4	10	85	2,283
4	10	86	8,058
4	10	90	2,165
4	10	91	4,219
4	10	93	20,496
4	19	8	1,657
4	19	10	8,998
4	19	22	4,381
4	19	26	4,906
4	19	30	7,091
4	19	36	8,829
4	19	38	5,087
4	19	44	4,416
4	19	60	5,958
4	19	64	7,015
4	19	65	4,087
4	19	68	19,646
4	19	71	8,802
4	19	85	5,576
4	19	86	17,801
4	19	90	2,278
4	19	91	3,632
4	19	93	11,701
4	22	8	7,766
4	22	10	5,514
4	22	19	4,545
4	22	26	17,822
4	22	30	22,202
4	22	36	1,498
4	22	38	2,902
4	22	44	5,774
4	22	60	7,858
4	22	64	6,073
4	22	65	12,552
4	22	68	1,562
4	22	71	7,329
4	22	85	7,09
4	22	86	25,014
4	22	90	47,456
4	22	91	5,114
4	22	93	10,719
4	26	8	7,967
4	26	10	4,898
4	26	19	1,908
4	26	22	0,526
4	26	30	1,147
4	26	36	1,076
4	26	38	1,406
4	26	44	1,833
4	26	60	1,171
4	26	64	6,01
4	26	65	2,813
4	26	68	6,625
4	26	71	0,855
4	26	85	0,682
4	26	86	11,855
4	26	90	8,673
4	26	91	14,641
4	26	93	3,699
4	30	8	2,763
4	30	10	9,821
4	30	19	9,775
4	30	22	1,092
4	30	26	29,679
4	30	36	8,864
4	30	38	5,615
4	30	44	7,275
4	30	60	3,213
4	30	64	8,421
4	30	65	6,619
4	30	68	6,651
4	30	71	15,171
4	30	85	0,842
4	30	86	4,545
4	30	90	2,515
4	30	91	6,744
4	30	93	1,733
4	36	8	0,621
4	36	10	1,198
4	36	19	2,171
4	36	22	3,739
4	36	26	2,055
4	36	30	4,867
4	36	38	6,606
4	36	44	19,377
4	36	60	8,978
4	36	64	8,233
4	36	65	1,961
4	36	68	0,587
4	36	71	1,724
4	36	85	14,854
4	36	86	1,451
4	36	90	1,664
4	36	91	2,007
4	36	93	7,817
4	38	8	9,357
4	38	10	0,993
4	38	19	6,772
4	38	22	22,322
4	38	26	2,554
4	38	30	1,048
4	38	36	10,412
4	38	44	12,893
4	38	60	0,944
4	38	64	26,81
4	38	65	7,058
4	38	68	13,112
4	38	71	2,713
4	38	85	3,545
4	38	86	25,141
4	38	90	1,405
4	38	91	2,36
4	38	93	1,791
4	44	8	50,985
4	44	10	5,009
4	44	19	5,892
4	44	22	5,909
4	44	26	2,039
4	44	30	3,358
4	44	36	2,057
4	44	38	7,349
4	44	60	4,315
4	44	64	0,535
4	44	65	9,614
4	44	68	0,982
4	44	71	6,349
4	44	85	8,831
4	44	86	4,388
4	44	90	1,792
4	44	91	1,068
4	44	93	5,382
4	60	8	3,52
4	60	10	10,728
4	60	19	5,194
4	60	22	6,796
4	60	26	10,465
4	60	30	13,109
4	60	36	0,861
4	60	38	7,016
4	60	44	2,045
4	60	64	2,516
4	60	65	1,905
4	60	68	4,556
4	60	71	4,506
4	60	85	0,699
4	60	86	1,582
4	60	90	8,406
4	60	91	0,667
4	60	93	11,367
4	64	8	3,849
4	64	10	0,628
4	64	19	4,297
4	64	22	6,081
4	64	26	21,533
4	64	30	4,154
4	64	36	1,926
4	64	38	2,491
4	64	44	3,87
4	64	60	4,712
4	64	65	2,376
4	64	68	13,963
4	64	71	2,4
4	64	85	8,609
4	64	86	11,083
4	64	90	2,66
4	64	91	0,784
4	64	93	4,99
4	65	8	5,574
4	65	10	2,681
4	65	19	4,105
4	65	22	10,622
4	65	26	5,374
4	65	30	1,058
4	65	36	4,82
4	65	38	0,619
4	65	44	3,32
4	65	60	3,21
4	65	64	7,568
4	65	68	1,43
4	65	71	3,232
4	65	85	1,929
4	65	86	0,906
4	65	90	5,086
4	65	91	6,401
4	65	93	13,586
4	68	8	3,497
4	68	10	11,124
4	68	19	1,845
4	68	22	16,132
4	68	26	1,961
4	68	30	3,53
4	68	36	3,036
4	68	38	7,913
4	68	44	5,698
4	68	60	18,267
4	68	64	7,254
4	68	65	7,104
4	68	71	1,829
4	68	85	0,711
4	68	86	12,348
4	68	90	2,681
4	68	91	3,111
4	68	93	12,05
4	71	8	7,192
4	71	10	1,644
4	71	19	5,667
4	71	22	16,343
4	71	26	1,954
4	71	30	1,644
4	71	36	6,09
4	71	38	6,117
4	71	44	7,771
4	71	60	15,302
4	71	64	8,855
4	71	65	5,943
4	71	68	8,213
4	71	85	0,565
4	71	86	3,702
4	71	90	1,6
4	71	91	1,67
4	71	93	11,186
4	85	8	19,31
4	85	10	4,006
4	85	19	2,047
4	85	22	5,346
4	85	26	0,843
4	85	30	5,58
4	85	36	1,913
4	85	38	1,45
4	85	44	4,423
4	85	60	1,619
4	85	64	17,262
4	85	65	1,652
4	85	68	2,225
4	85	71	1,543
4	85	86	4,106
4	85	90	10,809
4	85	91	1,691
4	85	93	5,084
4	86	8	2,737
4	86	10	0,502
4	86	19	3,627
4	86	22	14,897
4	86	26	1,033
4	86	30	1,327
4	86	36	3,101
4	86	38	3,737
4	86	44	5,396
4	86	60	1,195
4	86	64	10,376
4	86	65	1,268
4	86	68	13,908
4	86	71	0,897
4	86	85	1,637
4	86	90	6,047
4	86	91	2,129
4	86	93	1,922
4	90	8	5,693
4	90	10	1,977
4	90	19	2,599
4	90	22	10,417
4	90	26	3,31
4	90	30	2,537
4	90	36	9,652
4	90	38	2,216
4	90	44	3,84
4	90	60	14,473
4	90	64	2,981
4	90	65	10,154
4	90	68	41,933
4	90	71	4,678
4	90	85	5,039
4	90	86	2,911
4	90	91	3,118
4	90	93	31,028
4	91	8	16,108
4	91	10	3,283
4	91	19	8,406
4	91	22	2,432
4	91	26	5,233
4	91	30	0,678
4	91	36	3,955
4	91	38	1,674
4	91	44	4,972
4	91	60	6,269
4	91	64	7,058
4	91	65	12,634
4	91	68	18,641
4	91	71	4,689
4	91	85	1,686
4	91	86	4,142
4	91	90	2,024
4	91	93	1,185
4	93	8	3,675
4	93	10	0,664
4	93	19	42,173
4	93	22	25,756
4	93	26	0,75
4	93	30	13,853
4	93	36	2,376
4	93	38	3,064
4	93	44	9,841
4	93	60	3,355
4	93	64	3,212
4	93	65	3,274
4	93	68	4,496
4	93	71	1,262
4	93	85	7,833
4	93	86	7,581
4	93	90	3,951
4	93	91	27,793
5	3	5	3,527
5	3	7	2,521
5	3	11	7,684
5	3	13	1,669
5	3	18	5,204
5	3	21	5,905
5	3	33	0,548
5	3	38	5,004
5	3	39	9,11
5	3	42	10,062
5	3	46	1,417
5	3	50	10,123
5	3	55	2,765
5	3	59	0,871
5	3	60	12,359
5	3	67	4,37
5	3	68	20,686
5	3	69	4,332
5	3	76	2,986
5	3	79	4,463
5	3	93	21,718
5	3	96	7,72
5	5	3	9,032
5	5	7	1,55
5	5	11	1,209
5	5	13	4,475
5	5	18	1,666
5	5	21	11,303
5	5	33	4,481
5	5	38	12,681
5	5	39	0,554
5	5	42	4,421
5	5	46	0,805
5	5	50	2,47
5	5	55	0,812
5	5	59	1,698
5	5	60	3,113
5	5	67	2,595
5	5	68	0,64
5	5	69	11,241
5	5	76	5,785
5	5	79	1,983
5	5	93	0,998
5	5	96	1,045
5	7	3	4,827
5	7	5	22,365
5	7	11	2,664
5	7	13	2,46
5	7	18	4,56
5	7	21	14,507
5	7	33	5,149
5	7	38	1,102
5	7	39	18,589
5	7	42	1,637
5	7	46	3,08
5	7	50	6,525
5	7	55	12,689
5	7	59	2,551
5	7	60	5,464
5	7	67	13,228
5	7	68	1,885
5	7	69	0,985
5	7	76	1,139
5	7	79	2,017
5	7	93	1,597
5	7	96	5,763
5	11	3	20,159
5	11	5	14,846
5	11	7	9,801
5	11	13	9,215
5	11	18	8,235
5	11	21	13,287
5	11	33	1,449
5	11	38	9,725
5	11	39	2,194
5	11	42	4,833
5	11	46	12,826
5	11	50	1,817
5	11	55	3,901
5	11	59	17,598
5	11	60	7,191
5	11	67	4,563
5	11	68	1,058
5	11	69	7,551
5	11	76	4,265
5	11	79	2,508
5	11	93	0,566
5	11	96	3,15
5	13	3	1,49
5	13	5	0,916
5	13	7	8,354
5	13	11	4,628
5	13	18	6,386
5	13	21	3,342
5	13	33	1,517
5	13	38	5,619
5	13	39	2,121
5	13	42	3,887
5	13	46	12,841
5	13	50	8,087
5	13	55	5,527
5	13	59	3,636
5	13	60	13,761
5	13	67	7,748
5	13	68	3,175
5	13	69	2,823
5	13	76	9,701
5	13	79	6,588
5	13	93	12,783
5	13	96	4,804
5	18	3	24,539
5	18	5	2,455
5	18	7	6,507
5	18	11	1,269
5	18	13	2,162
5	18	21	22,45
5	18	33	4,573
5	18	38	1,815
5	18	39	13,252
5	18	42	1,063
5	18	46	1,432
5	18	50	9,63
5	18	55	0,701
5	18	59	1,269
5	18	60	7,65
5	18	67	4,026
5	18	68	1,377
5	18	69	10,299
5	18	76	0,57
5	18	79	2,93
5	18	93	0,569
5	18	96	13,265
5	21	3	3,449
5	21	5	7,085
5	21	7	14,997
5	21	11	4,3
5	21	13	3,593
5	21	18	0,834
5	21	33	8,226
5	21	38	0,896
5	21	39	2,032
5	21	42	16,723
5	21	46	5,177
5	21	50	2,635
5	21	55	4,096
5	21	59	3,42
5	21	60	1,362
5	21	67	4,179
5	21	68	3,123
5	21	69	3,047
5	21	76	7,484
5	21	79	1,914
5	21	93	5,42
5	21	96	15,096
5	33	3	3,785
5	33	5	2,619
5	33	7	2,081
5	33	11	2,094
5	33	13	1,387
5	33	18	9,246
5	33	21	4,866
5	33	38	0,618
5	33	39	10,521
5	33	42	1,768
5	33	46	4,962
5	33	50	2,657
5	33	55	1,293
5	33	59	5,021
5	33	60	8,902
5	33	67	5,569
5	33	68	7,769
5	33	69	5,045
5	33	76	10,986
5	33	79	2,402
5	33	93	2,745
5	33	96	16,965
5	38	3	6,717
5	38	5	5,957
5	38	7	5,784
5	38	11	6,67
5	38	13	14,792
5	38	18	5,062
5	38	21	9,064
5	38	33	2,946
5	38	39	4,823
5	38	42	2,045
5	38	46	1,065
5	38	50	0,896
5	38	55	1,17
5	38	59	16,277
5	38	60	6,409
5	38	67	4,285
5	38	68	0,782
5	38	69	6,057
5	38	76	2,3
5	38	79	0,526
5	38	93	9,298
5	38	96	4,961
5	39	3	6,497
5	39	5	5,746
5	39	7	4,942
5	39	11	4,435
5	39	13	1,845
5	39	18	5,404
5	39	21	4,448
5	39	33	15,408
5	39	38	5,06
5	39	42	33,88
5	39	46	5,255
5	39	50	3,468
5	39	55	3,3
5	39	59	0,858
5	39	60	6,189
5	39	67	17,137
5	39	68	9,05
5	39	69	6,9
5	39	76	0,685
5	39	79	2,868
5	39	93	6,425
5	39	96	12,206
5	42	3	0,819
5	42	5	0,741
5	42	7	5,882
5	42	11	7,909
5	42	13	22,766
5	42	18	0,91
5	42	21	6,747
5	42	33	3,275
5	42	38	13,471
5	42	39	0,84
5	42	46	2,338
5	42	50	5,231
5	42	55	5,844
5	42	59	17,565
5	42	60	3,34
5	42	67	1,018
5	42	68	5,942
5	42	69	0,885
5	42	76	8,822
5	42	79	3,256
5	42	93	1,969
5	42	96	1,549
5	46	3	2,829
5	46	5	2,946
5	46	7	7,817
5	46	11	10,562
5	46	13	8,162
5	46	18	4,861
5	46	21	7,617
5	46	33	3,087
5	46	38	1,08
5	46	39	5,843
5	46	42	7,705
5	46	50	4,988
5	46	55	3,374
5	46	59	27,51
5	46	60	1,053
5	46	67	0,594
5	46	68	2,136
5	46	69	8,201
5	46	76	4,525
5	46	79	7,742
5	46	93	3,99
5	46	96	0,711
5	50	3	0,725
5	50	5	3,33
5	50	7	7,234
5	50	11	4,274
5	50	13	2,387
5	50	18	2,014
5	50	21	19,322
5	50	33	1,337
5	50	38	6,083
5	50	39	0,802
5	50	42	5,392
5	50	46	2,886
5	50	55	1,827
5	50	59	1,83
5	50	60	5,174
5	50	67	1,741
5	50	68	2,118
5	50	69	0,719
5	50	76	13,158
5	50	79	1,159
5	50	93	23,053
5	50	96	0,967
5	55	3	2,965
5	55	5	1,465
5	55	7	1,927
5	55	11	1,469
5	55	13	13,518
5	55	18	3,628
5	55	21	1,038
5	55	33	5,422
5	55	38	3,677
5	55	39	3,147
5	55	42	2,381
5	55	46	9,614
5	55	50	1,972
5	55	59	5,097
5	55	60	14,074
5	55	67	2,474
5	55	68	0,946
5	55	69	8,176
5	55	76	1,062
5	55	79	4,221
5	55	93	6,473
5	55	96	14,215
5	59	3	1,057
5	59	5	12,322
5	59	7	5,472
5	59	11	54,974
5	59	13	6,953
5	59	18	3,952
5	59	21	14,42
5	59	33	45,891
5	59	38	7,7
5	59	39	5,188
5	59	42	3,878
5	59	46	9,789
5	59	50	5,146
5	59	55	2,648
5	59	60	2,271
5	59	67	10,726
5	59	68	5,248
5	59	69	2,528
5	59	76	2,643
5	59	79	12,507
5	59	93	5,895
5	59	96	11,381
5	60	3	1,23
5	60	5	6,156
5	60	7	30,207
5	60	11	5,248
5	60	13	1,536
5	60	18	0,685
5	60	21	2,992
5	60	33	0,542
5	60	38	2,93
5	60	39	15,835
5	60	42	9,441
5	60	46	2,613
5	60	50	3,675
5	60	55	7,753
5	60	59	11,68
5	60	67	6,408
5	60	68	0,919
5	60	69	3,042
5	60	76	3,48
5	60	79	4,006
5	60	93	4,582
5	60	96	3,035
5	67	3	2,133
5	67	5	7,526
5	67	7	27,439
5	67	11	11,503
5	67	13	1,655
5	67	18	7,119
5	67	21	4,519
5	67	33	15,141
5	67	38	7,947
5	67	39	1,024
5	67	42	26,523
5	67	46	1,105
5	67	50	30,258
5	67	55	1,146
5	67	59	0,882
5	67	60	0,838
5	67	68	4,869
5	67	69	2,745
5	67	76	1,785
5	67	79	8,419
5	67	93	4,588
5	67	96	1,401
5	68	3	6,18
5	68	5	1,758
5	68	7	0,901
5	68	11	1,103
5	68	13	9,548
5	68	18	23,139
5	68	21	0,616
5	68	33	27,976
5	68	38	1,8
5	68	39	0,537
5	68	42	1,657
5	68	46	6,696
5	68	50	7,232
5	68	55	11,87
5	68	59	1,054
5	68	60	2,335
5	68	67	4,674
5	68	69	3,37
5	68	76	0,9
5	68	79	2,487
5	68	93	25
5	68	96	1,145
5	69	3	3,377
5	69	5	2,338
5	69	7	8,997
5	69	11	2,44
5	69	13	5,141
5	69	18	6,013
5	69	21	4,295
5	69	33	7,239
5	69	38	5,007
5	69	39	5,297
5	69	42	2,22
5	69	46	0,758
5	69	50	2,079
5	69	55	6,027
5	69	59	1,396
5	69	60	1,295
5	69	67	6,804
5	69	68	8,003
5	69	76	2,487
5	69	79	1,743
5	69	93	2,231
5	69	96	11,383
5	76	3	6,645
5	76	5	2,629
5	76	7	0,677
5	76	11	1,101
5	76	13	10,204
5	76	18	7,563
5	76	21	7,673
5	76	33	2,389
5	76	38	3,498
5	76	39	14,995
5	76	42	14,898
5	76	46	1,551
5	76	50	2,754
5	76	55	1,484
5	76	59	16,556
5	76	60	17,9
5	76	67	7,825
5	76	68	0,892
5	76	69	11,12
5	76	79	3,836
5	76	93	1,955
5	76	96	0,5
5	79	3	24,527
5	79	5	1,808
5	79	7	0,533
5	79	11	6,064
5	79	13	2,609
5	79	18	5,375
5	79	21	3,104
5	79	33	6,641
5	79	38	6,656
5	79	39	16,125
5	79	42	22,787
5	79	46	1,218
5	79	50	4,137
5	79	55	9,206
5	79	59	2,902
5	79	60	29,104
5	79	67	10,474
5	79	68	11,489
5	79	69	4,883
5	79	76	2,032
5	79	93	14,461
5	79	96	7,839
5	93	3	26,4
5	93	5	2,545
5	93	7	21,649
5	93	11	6,595
5	93	13	3,066
5	93	18	9,997
5	93	21	8,631
5	93	33	2,188
5	93	38	10,614
5	93	39	1,084
5	93	42	6,168
5	93	46	0,659
5	93	50	6,731
5	93	55	7,878
5	93	59	5,697
5	93	60	3,139
5	93	67	18,598
5	93	68	1,534
5	93	69	2,308
5	93	76	11,292
5	93	79	16,431
5	93	96	1,92
5	96	3	5,738
5	96	5	7,43
5	96	7	1,343
5	96	11	4,399
5	96	13	3,019
5	96	18	3,969
5	96	21	1,664
5	96	33	6,532
5	96	38	3,896
5	96	39	9,302
5	96	42	2,697
5	96	46	2,975
5	96	50	13,706
5	96	55	1,188
5	96	59	35,09
5	96	60	10,525
5	96	67	8,282
5	96	68	2,948
5	96	69	4,326
5	96	76	1,069
5	96	79	0,975
5	96	93	1,182
6	2	11	4,999
6	2	15	0,844
6	2	16	9,812
6	2	21	7,585
6	2	25	10,577
6	2	30	8,887
6	2	36	1,486
6	2	37	5,586
6	2	39	7,799
6	2	41	0,925
6	2	43	1,456
6	2	45	2,14
6	2	48	27,955
6	2	49	2,098
6	2	61	2,509
6	2	62	7,325
6	2	63	1,633
6	2	64	1,541
6	2	74	19,385
6	2	75	5,208
6	2	79	1,841
6	2	92	1,806
6	2	93	1,468
6	2	96	22,36
6	2	97	6,305
6	11	2	0,729
6	11	15	1,965
6	11	16	9,797
6	11	21	15,27
6	11	25	21,176
6	11	30	10,732
6	11	36	1,694
6	11	37	8,502
6	11	39	1,091
6	11	41	9,728
6	11	43	1,611
6	11	45	5,181
6	11	48	1,816
6	11	49	1,807
6	11	61	1,052
6	11	62	5,052
6	11	63	5,31
6	11	64	25,167
6	11	74	9,279
6	11	75	5,767
6	11	79	10,098
6	11	92	1,849
6	11	93	0,986
6	11	96	1,104
6	11	97	4,837
6	15	2	21,728
6	15	11	8,13
6	15	16	9,259
6	15	21	3,08
6	15	25	3,92
6	15	30	15,027
6	15	36	7,356
6	15	37	7,662
6	15	39	15,476
6	15	41	10,887
6	15	43	23,272
6	15	45	1,389
6	15	48	0,926
6	15	49	2,563
6	15	61	0,933
6	15	62	8,472
6	15	63	3,549
6	15	64	20,288
6	15	74	36,631
6	15	75	5,146
6	15	79	3,048
6	15	92	0,749
6	15	93	1,359
6	15	96	3,774
6	15	97	5,379
6	16	2	10,601
6	16	11	5,426
6	16	15	3,782
6	16	21	0,76
6	16	25	7,026
6	16	30	1,597
6	16	36	39,09
6	16	37	1,631
6	16	39	4,458
6	16	41	1,001
6	16	43	1,077
6	16	45	2,342
6	16	48	5,999
6	16	49	4,932
6	16	61	5,487
6	16	62	5,457
6	16	63	7,13
6	16	64	6,709
6	16	74	1,806
6	16	75	1,899
6	16	79	2,502
6	16	92	1,27
6	16	93	2,318
6	16	96	7,611
6	16	97	4,088
6	21	2	2,879
6	21	11	0,994
6	21	15	13,866
6	21	16	21,997
6	21	25	16,165
6	21	30	10,449
6	21	36	3,334
6	21	37	1,379
6	21	39	3,455
6	21	41	2,515
6	21	43	13,742
6	21	45	9,607
6	21	48	0,755
6	21	49	21,313
6	21	61	0,882
6	21	62	4,932
6	21	63	0,524
6	21	64	12,075
6	21	74	0,769
6	21	75	1,678
6	21	79	4,735
6	21	92	22,246
6	21	93	9,084
6	21	96	5,507
6	21	97	6,849
6	25	2	11,809
6	25	11	8,676
6	25	15	1,421
6	25	16	6,252
6	25	21	1,555
6	25	30	8,932
6	25	36	1,437
6	25	37	6,234
6	25	39	5,06
6	25	41	5,878
6	25	43	48,002
6	25	45	7,573
6	25	48	1,424
6	25	49	6,675
6	25	61	8,006
6	25	62	4,485
6	25	63	9,598
6	25	64	4,398
6	25	74	7,883
6	25	75	3,158
6	25	79	4,54
6	25	92	2,293
6	25	93	1,517
6	25	96	10,782
6	25	97	3,303
6	30	2	1,599
6	30	11	0,747
6	30	15	1,985
6	30	16	1,024
6	30	21	6,037
6	30	25	0,842
6	30	36	12,138
6	30	37	2,189
6	30	39	7,551
6	30	41	0,809
6	30	43	5,775
6	30	45	4,031
6	30	48	4,043
6	30	49	6,828
6	30	61	1,68
6	30	62	0,921
6	30	63	2,813
6	30	64	1,155
6	30	74	2,057
6	30	75	5,463
6	30	79	6,454
6	30	92	5,51
6	30	93	0,864
6	30	96	5,71
6	30	97	1,335
6	36	2	2,637
6	36	11	2,785
6	36	15	10,901
6	36	16	2,101
6	36	21	1,729
6	36	25	1,844
6	36	30	1,614
6	36	37	1,568
6	36	39	4,846
6	36	41	8,796
6	36	43	1,819
6	36	45	8,291
6	36	48	1,983
6	36	49	8,463
6	36	61	3,487
6	36	62	17,087
6	36	63	1,371
6	36	64	9,831
6	36	74	16,164
6	36	75	3,921
6	36	79	4,616
6	36	92	14,926
6	36	93	3,196
6	36	96	1,369
6	36	97	19,363
6	37	2	0,97
6	37	11	6,316
6	37	15	4,159
6	37	16	8,557
6	37	21	2,177
6	37	25	1,037
6	37	30	1,283
6	37	36	9,233
6	37	39	6,379
6	37	41	7,479
6	37	43	13,283
6	37	45	1,07
6	37	48	21,905
6	37	49	7,259
6	37	61	0,794
6	37	62	1,187
6	37	63	3,26
6	37	64	8,812
6	37	74	5,987
6	37	75	0,546
6	37	79	10,957
6	37	92	5,209
6	37	93	1,527
6	37	96	5,022
6	37	97	1,087
6	39	2	1,736
6	39	11	3,131
6	39	15	3,176
6	39	16	18,129
6	39	21	7,275
6	39	25	0,671
6	39	30	11,616
6	39	36	3,628
6	39	37	4,499
6	39	41	5,562
6	39	43	2,675
6	39	45	7,067
6	39	48	9,013
6	39	49	1,266
6	39	61	2,551
6	39	62	23,179
6	39	63	8,626
6	39	64	1,571
6	39	74	2,242
6	39	75	8,894
6	39	79	19,796
6	39	92	9,821
6	39	93	0,709
6	39	96	1,525
6	39	97	4,008
6	41	2	1,044
6	41	11	19,836
6	41	15	1,09
6	41	16	9,058
6	41	21	5,321
6	41	25	2,017
6	41	30	11,266
6	41	36	37,209
6	41	37	1,289
6	41	39	7,327
6	41	43	1,431
6	41	45	1,816
6	41	48	18,069
6	41	49	2,902
6	41	61	5,573
6	41	62	7,054
6	41	63	7,846
6	41	64	2,065
6	41	74	1,678
6	41	75	4,471
6	41	79	14,138
6	41	92	3,989
6	41	93	1,281
6	41	96	6,143
6	41	97	0,796
6	43	2	9,887
6	43	11	36,16
6	43	15	5,316
6	43	16	2,888
6	43	21	2,255
6	43	25	7,237
6	43	30	1,378
6	43	36	11,574
6	43	37	0,614
6	43	39	1,02
6	43	41	7,077
6	43	45	7,677
6	43	48	13,188
6	43	49	42,795
6	43	61	0,925
6	43	62	1,882
6	43	63	5,382
6	43	64	0,683
6	43	74	3,785
6	43	75	56,312
6	43	79	0,705
6	43	92	2,128
6	43	93	3,636
6	43	96	3,067
6	43	97	3,206
6	45	2	1,596
6	45	11	2,904
6	45	15	3,983
6	45	16	1,915
6	45	21	10,731
6	45	25	6,173
6	45	30	6,605
6	45	36	0,594
6	45	37	4,941
6	45	39	7,609
6	45	41	2,853
6	45	43	2,129
6	45	48	5,081
6	45	49	2,727
6	45	61	1,254
6	45	62	2,088
6	45	63	5,479
6	45	64	4,882
6	45	74	4,916
6	45	75	24,194
6	45	79	4,391
6	45	92	1,681
6	45	93	30,541
6	45	96	9,91
6	45	97	2,048
6	48	2	1,755
6	48	11	0,566
6	48	15	27,925
6	48	16	1,132
6	48	21	14,19
6	48	25	12,448
6	48	30	2,364
6	48	36	7,176
6	48	37	9,438
6	48	39	0,503
6	48	41	1,965
6	48	43	8,23
6	48	45	5,64
6	48	49	9,97
6	48	61	4,159
6	48	62	3,532
6	48	63	1,673
6	48	64	15,285
6	48	74	2,114
6	48	75	8,8
6	48	79	8,292
6	48	92	1,93
6	48	93	23,672
6	48	96	8,115
6	48	97	2,936
6	49	2	13,265
6	49	11	7,653
6	49	15	3,379
6	49	16	16,793
6	49	21	7,038
6	49	25	3,136
6	49	30	3,287
6	49	36	10,535
6	49	37	5,451
6	49	39	9,795
6	49	41	1,084
6	49	43	1,399
6	49	45	3,495
6	49	48	1,619
6	49	61	15,267
6	49	62	5,494
6	49	63	11,695
6	49	64	0,6
6	49	74	15,25
6	49	75	0,904
6	49	79	6,667
6	49	92	5,953
6	49	93	25,812
6	49	96	2,138
6	49	97	15,298
6	61	2	1,261
6	61	11	7,289
6	61	15	4,545
6	61	16	7,964
6	61	21	6,678
6	61	25	5,587
6	61	30	1,866
6	61	36	0,858
6	61	37	0,804
6	61	39	26,196
6	61	41	2,685
6	61	43	8,141
6	61	45	3,643
6	61	48	12,175
6	61	49	6,664
6	61	62	2,534
6	61	63	1,073
6	61	64	8,413
6	61	74	5,816
6	61	75	2,783
6	61	79	10,421
6	61	92	3,735
6	61	93	4,627
6	61	96	14,639
6	61	97	0,718
6	62	2	9,391
6	62	11	2,12
6	62	15	3,253
6	62	16	1,627
6	62	21	10,749
6	62	25	4,826
6	62	30	3,379
6	62	36	4,561
6	62	37	10,329
6	62	39	0,812
6	62	41	3,906
6	62	43	1,653
6	62	45	3,885
6	62	48	0,67
6	62	49	1,35
6	62	61	0,931
6	62	63	0,548
6	62	64	9,926
6	62	74	7,184
6	62	75	9,411
6	62	79	4,047
6	62	92	8,819
6	62	93	0,929
6	62	96	3,526
6	62	97	7,771
6	63	2	17,938
6	63	11	8,761
6	63	15	3,668
6	63	16	4,691
6	63	21	1,519
6	63	25	5,99
6	63	30	13,094
6	63	36	3,905
6	63	37	6,768
6	63	39	2,276
6	63	41	20,508
6	63	43	2,126
6	63	45	16,6
6	63	48	7,497
6	63	49	2,275
6	63	61	0,896
6	63	62	9,208
6	63	64	8,514
6	63	74	2,27
6	63	75	2,608
6	63	79	0,816
6	63	92	2,382
6	63	93	3,961
6	63	96	7,643
6	63	97	2,761
6	64	2	3,957
6	64	11	0,965
6	64	15	16,631
6	64	16	5,553
6	64	21	7,705
6	64	25	5,735
6	64	30	5,946
6	64	36	10,888
6	64	37	15,963
6	64	39	3,151
6	64	41	1,84
6	64	43	2,628
6	64	45	12,965
6	64	48	0,769
6	64	49	4,304
6	64	61	1,428
6	64	62	0,768
6	64	63	12,118
6	64	74	5,378
6	64	75	2,778
6	64	79	6,041
6	64	92	6,461
6	64	93	13,281
6	64	96	1,486
6	64	97	0,808
6	74	2	12,468
6	74	11	1,979
6	74	15	2,881
6	74	16	3,797
6	74	21	15,704
6	74	25	4,845
6	74	30	2,395
6	74	36	3,348
6	74	37	1,007
6	74	39	37,121
6	74	41	3,047
6	74	43	2,155
6	74	45	5,825
6	74	48	6,403
6	74	49	15,772
6	74	61	44,989
6	74	62	2,589
6	74	63	2,263
6	74	64	11,364
6	74	75	2,828
6	74	79	11,495
6	74	92	0,91
6	74	93	5,851
6	74	96	1,623
6	74	97	2,833
6	75	2	10,84
6	75	11	3,792
6	75	15	1,282
6	75	16	11,402
6	75	21	4,184
6	75	25	4,527
6	75	30	3,05
6	75	36	8,817
6	75	37	14,443
6	75	39	2,38
6	75	41	7,107
6	75	43	5,167
6	75	45	7,164
6	75	48	12,001
6	75	49	5,817
6	75	61	4,886
6	75	62	1,826
6	75	63	1,239
6	75	64	1,389
6	75	74	11,868
6	75	79	1,788
6	75	92	3,887
6	75	93	1,516
6	75	96	16,095
6	75	97	10,653
6	79	2	4,451
6	79	11	9,438
6	79	15	6,688
6	79	16	7,047
6	79	21	11,106
6	79	25	0,949
6	79	30	3,289
6	79	36	0,903
6	79	37	6,669
6	79	39	10,932
6	79	41	9,438
6	79	43	3,85
6	79	45	1,297
6	79	48	7,009
6	79	49	1,238
6	79	61	1,442
6	79	62	12,25
6	79	63	7,229
6	79	64	9,461
6	79	74	14,455
6	79	75	0,832
6	79	92	22,22
6	79	93	2,139
6	79	96	3,534
6	79	97	6,533
6	92	2	2,391
6	92	11	2,325
6	92	15	14,068
6	92	16	3,516
6	92	21	12,186
6	92	25	0,507
6	92	30	0,603
6	92	36	14,186
6	92	37	2,426
6	92	39	5,478
6	92	41	1,444
6	92	43	15,634
6	92	45	20,847
6	92	48	1,286
6	92	49	7,121
6	92	61	3,622
6	92	62	1,572
6	92	63	3,623
6	92	64	3,787
6	92	74	0,737
6	92	75	1,981
6	92	79	2,957
6	92	93	3,72
6	92	96	29,925
6	92	97	14,707
6	93	2	8,592
6	93	11	5,441
6	93	15	0,848
6	93	16	1,653
6	93	21	11,679
6	93	25	2,217
6	93	30	1,341
6	93	36	3,005
6	93	37	6,675
6	93	39	6,74
6	93	41	14,052
6	93	43	3,484
6	93	45	1,475
6	93	48	0,93
6	93	49	18,123
6	93	61	9,741
6	93	62	8,75
6	93	63	2,677
6	93	64	15,994
6	93	74	11,387
6	93	75	12,302
6	93	79	1,753
6	93	92	0,554
6	93	96	10,093
6	93	97	7,885
6	96	2	4,938
6	96	11	1,648
6	96	15	0,649
6	96	16	4,813
6	96	21	0,95
6	96	25	9,191
6	96	30	22,724
6	96	36	2,568
6	96	37	0,514
6	96	39	3,697
6	96	41	5,318
6	96	43	2,235
6	96	45	26,744
6	96	48	0,693
6	96	49	2,397
6	96	61	3,336
6	96	62	1,032
6	96	63	1,639
6	96	64	0,96
6	96	74	8,263
6	96	75	17,476
6	96	79	11,905
6	96	92	10,075
6	96	93	5,349
6	96	97	5,831
6	97	2	4,051
6	97	11	1,357
6	97	15	3,007
6	97	16	5,541
6	97	21	0,96
6	97	25	4,025
6	97	30	29,333
6	97	36	3,749
6	97	37	2,26
6	97	39	15,593
6	97	41	15,658
6	97	43	6,203
6	97	45	22,095
6	97	48	13,251
6	97	49	2,286
6	97	61	8,868
6	97	62	13,09
6	97	63	1,781
6	97	64	2,739
6	97	74	5,942
6	97	75	2,672
6	97	79	5,851
6	97	92	2,822
6	97	93	6,47
6	97	96	4,807
7	13	17	1,747
7	13	21	1,632
7	13	31	1,057
7	13	33	9,629
7	13	44	12,538
7	13	51	18,432
7	13	57	10,75
7	13	66	16,026
7	13	69	1,53
7	13	70	1,562
7	13	80	19,78
7	13	93	2,878
7	13	95	0,842
7	17	13	7,157
7	17	21	2,21
7	17	31	2,338
7	17	33	8,441
7	17	44	2,306
7	17	51	8,284
7	17	57	1,584
7	17	66	1,605
7	17	69	3,299
7	17	70	3,588
7	17	80	1,385
7	17	93	1,303
7	17	95	7,491
7	21	13	2,262
7	21	17	5,137
7	21	31	2,048
7	21	33	1,418
7	21	44	4,11
7	21	51	2,09
7	21	57	1,298
7	21	66	5,043
7	21	69	2,472
7	21	70	9,908
7	21	80	4,53
7	21	93	2,293
7	21	95	5,781
7	31	13	1,116
7	31	17	9,419
7	31	21	3,663
7	31	33	3,057
7	31	44	1,307
7	31	51	1,7
7	31	57	15,263
7	31	66	4,29
7	31	69	5,072
7	31	70	4,991
7	31	80	0,792
7	31	93	3,945
7	31	95	7,752
7	33	13	0,539
7	33	17	3,612
7	33	21	9,523
7	33	31	5,416
7	33	44	4,811
7	33	51	3,088
7	33	57	9,109
7	33	66	3,366
7	33	69	3,109
7	33	70	12,124
7	33	80	11,807
7	33	93	0,623
7	33	95	5,309
7	44	13	5,417
7	44	17	1,11
7	44	21	5,229
7	44	31	19,278
7	44	33	3,858
7	44	51	14,864
7	44	57	13,936
7	44	66	4,36
7	44	69	4,949
7	44	70	6,294
7	44	80	1,705
7	44	93	1,756
7	44	95	4,668
7	51	13	1,962
7	51	17	4,694
7	51	21	1,451
7	51	31	5,099
7	51	33	11,367
7	51	44	27,096
7	51	57	4,904
7	51	66	12,699
7	51	69	2,693
7	51	70	14,452
7	51	80	34,175
7	51	93	7,651
7	51	95	1,411
7	57	13	12,001
7	57	17	1,1
7	57	21	9,411
7	57	31	6,787
7	57	33	3,781
7	57	44	4,639
7	57	51	0,639
7	57	66	3,648
7	57	69	17,823
7	57	70	11,419
7	57	80	10,962
7	57	93	13,127
7	57	95	3,579
7	66	13	2,872
7	66	17	5,544
7	66	21	9,529
7	66	31	1,318
7	66	33	0,96
7	66	44	3,031
7	66	51	10,223
7	66	57	6,789
7	66	69	1,97
7	66	70	1,619
7	66	80	1,651
7	66	93	18,789
7	66	95	1,337
7	69	13	1,615
7	69	17	10,458
7	69	21	20,791
7	69	31	3,206
7	69	33	4,346
7	69	44	3,216
7	69	51	6,566
7	69	57	0,587
7	69	66	13,534
7	69	70	0,709
7	69	80	1,066
7	69	93	4,801
7	69	95	7,632
7	70	13	2,404
7	70	17	9,784
7	70	21	1,725
7	70	31	0,562
7	70	33	2,535
7	70	44	7,393
7	70	51	9,107
7	70	57	6,028
7	70	66	5,953
7	70	69	1,482
7	70	80	8,873
7	70	93	1,419
7	70	95	0,76
7	80	13	4,819
7	80	17	7,408
7	80	21	3,351
7	80	31	1,619
7	80	33	2,613
7	80	44	52,407
7	80	51	2,569
7	80	57	2,282
7	80	66	7,589
7	80	69	10,141
7	80	70	17,676
7	80	93	2,363
7	80	95	1,036
7	93	13	1,065
7	93	17	7,143
7	93	21	1,047
7	93	31	3,055
7	93	33	4,027
7	93	44	2,285
7	93	51	9,555
7	93	57	36,074
7	93	66	3,556
7	93	69	0,589
7	93	70	10,986
7	93	80	6,684
7	93	95	3,811
7	95	13	13,237
7	95	17	2,435
7	95	21	17,729
7	95	31	3,053
7	95	33	3,738
7	95	44	10,376
7	95	51	0,704
7	95	57	7,45
7	95	66	14,912
7	95	69	3,211
7	95	70	0,674
7	95	80	7,568
7	95	93	12,22
8	4	6	0,881
8	4	19	5,082
8	4	25	1,071
8	4	26	6,964
8	4	35	1,918
8	4	36	6,729
8	4	39	11,788
8	4	40	3,968
8	4	47	7,533
8	4	53	3,846
8	4	58	3,806
8	4	60	11,293
8	4	63	13,668
8	4	68	7,332
8	4	73	2,465
8	4	80	6,182
8	4	87	3,239
8	4	96	4,892
8	6	4	3,82
8	6	19	2,589
8	6	25	4,444
8	6	26	6,52
8	6	35	7,007
8	6	36	6,379
8	6	39	3,283
8	6	40	18,85
8	6	47	1,746
8	6	53	2,825
8	6	58	7,696
8	6	60	3,524
8	6	63	14,593
8	6	68	3,833
8	6	73	3,227
8	6	80	10,771
8	6	87	1,173
8	6	96	2,575
8	19	4	2,044
8	19	6	7,956
8	19	25	4,025
8	19	26	9,875
8	19	35	4,564
8	19	36	1,597
8	19	39	2,286
8	19	40	3,568
8	19	47	9,447
8	19	53	1,09
8	19	58	7,58
8	19	60	2,547
8	19	63	10,673
8	19	68	2,278
8	19	73	12,279
8	19	80	5,738
8	19	87	18,402
8	19	96	13,927
8	25	4	14,148
8	25	6	3,956
8	25	19	2,284
8	25	26	3,413
8	25	35	15,271
8	25	36	7,877
8	25	39	5,64
8	25	40	17,286
8	25	47	4,831
8	25	53	12,387
8	25	58	16,781
8	25	60	2,866
8	25	63	13,441
8	25	68	2,76
8	25	73	2,964
8	25	80	1,089
8	25	87	5,714
8	25	96	13,37
8	26	4	1,3
8	26	6	1,012
8	26	19	24,629
8	26	25	4,401
8	26	35	16,708
8	26	36	0,777
8	26	39	0,502
8	26	40	1,767
8	26	47	4,427
8	26	53	0,716
8	26	58	10,592
8	26	60	6,795
8	26	63	13,494
8	26	68	5,105
8	26	73	2,463
8	26	80	2,362
8	26	87	1,493
8	26	96	3,038
8	35	4	11,953
8	35	6	13,952
8	35	19	10,079
8	35	25	14,492
8	35	26	1,036
8	35	36	5,46
8	35	39	1,848
8	35	40	3,302
8	35	47	3,506
8	35	53	9,66
8	35	58	13,407
8	35	60	5,682
8	35	63	10,768
8	35	68	1,104
8	35	73	1,008
8	35	80	6,254
8	35	87	7,829
8	35	96	1,319
8	36	4	1,28
8	36	6	9,209
8	36	19	8,359
8	36	25	0,71
8	36	26	1,944
8	36	35	2,075
8	36	39	3,393
8	36	40	7,669
8	36	47	4,65
8	36	53	1,11
8	36	58	9,075
8	36	60	7,659
8	36	63	11,134
8	36	68	3,356
8	36	73	14,017
8	36	80	4,906
8	36	87	22,986
8	36	96	3,705
8	39	4	4,587
8	39	6	8,54
8	39	19	16,023
8	39	25	15,558
8	39	26	9,209
8	39	35	7,376
8	39	36	1,684
8	39	40	1,388
8	39	47	1,134
8	39	53	2,934
8	39	58	9,517
8	39	60	0,74
8	39	63	8,87
8	39	68	3,883
8	39	73	8,38
8	39	80	1,891
8	39	87	2,192
8	39	96	2,821
8	40	4	1,21
8	40	6	26,398
8	40	19	10,948
8	40	25	48,552
8	40	26	0,975
8	40	35	29,328
8	40	36	8,603
8	40	39	13,864
8	40	47	15,137
8	40	53	1,27
8	40	58	12,731
8	40	60	18,957
8	40	63	9,665
8	40	68	9,476
8	40	73	7,034
8	40	80	1,112
8	40	87	3,487
8	40	96	7,794
8	47	4	2,18
8	47	6	5,134
8	47	19	0,525
8	47	25	12,921
8	47	26	12,869
8	47	35	5,252
8	47	36	2,953
8	47	39	1,942
8	47	40	6,567
8	47	53	8,367
8	47	58	3,821
8	47	60	7,959
8	47	63	3,257
8	47	68	1,963
8	47	73	16,22
8	47	80	7,379
8	47	87	28,264
8	47	96	3,804
8	53	4	4,135
8	53	6	4,503
8	53	19	16,273
8	53	25	1,629
8	53	26	0,556
8	53	35	1,435
8	53	36	2,605
8	53	39	8,431
8	53	40	9,739
8	53	47	2,114
8	53	58	1,143
8	53	60	1,744
8	53	63	13,554
8	53	68	10,425
8	53	73	6,209
8	53	80	0,83
8	53	87	0,8
8	53	96	8,192
8	58	4	2,527
8	58	6	3,384
8	58	19	7,915
8	58	25	1,932
8	58	26	2,527
8	58	35	1,73
8	58	36	11,022
8	58	39	3,481
8	58	40	15,869
8	58	47	20,01
8	58	53	2,61
8	58	60	12,413
8	58	63	3,232
8	58	68	10,479
8	58	73	7,017
8	58	80	1,185
8	58	87	1,367
8	58	96	2,272
8	60	4	26,565
8	60	6	6,031
8	60	19	0,979
8	60	25	1,821
8	60	26	1,302
8	60	35	3,902
8	60	36	18,118
8	60	39	2,207
8	60	40	1,817
8	60	47	10,077
8	60	53	1,275
8	60	58	11,823
8	60	63	3,852
8	60	68	24,133
8	60	73	18,563
8	60	80	13,467
8	60	87	10,886
8	60	96	5,85
8	63	4	4,033
8	63	6	0,924
8	63	19	8,905
8	63	25	3,635
8	63	26	3,627
8	63	35	7,642
8	63	36	7,383
8	63	39	17,702
8	63	40	10,41
8	63	47	6,615
8	63	53	1,457
8	63	58	3,126
8	63	60	5,366
8	63	68	13,288
8	63	73	14,607
8	63	80	7,398
8	63	87	11,91
8	63	96	4,102
8	68	4	4,297
8	68	6	5,102
8	68	19	3,271
8	68	25	3,221
8	68	26	12,73
8	68	35	6,237
8	68	36	1,167
8	68	39	3,256
8	68	40	22,146
8	68	47	8,191
8	68	53	7,99
8	68	58	1,612
8	68	60	1,445
8	68	63	7,607
8	68	73	5,413
8	68	80	2,952
8	68	87	7,076
8	68	96	0,929
8	73	4	3,181
8	73	6	8,376
8	73	19	3,328
8	73	25	6,166
8	73	26	1,97
8	73	35	23,606
8	73	36	11,963
8	73	39	2,843
8	73	40	6,126
8	73	47	3,073
8	73	53	11,698
8	73	58	17,327
8	73	60	4,639
8	73	63	5,404
8	73	68	3,213
8	73	80	1,001
8	73	87	1,897
8	73	96	4,175
8	80	4	7,915
8	80	6	2,207
8	80	19	18,117
8	80	25	6,386
8	80	26	3,096
8	80	35	2,681
8	80	36	0,763
8	80	39	7,34
8	80	40	3,797
8	80	47	17,383
8	80	53	6,183
8	80	58	3,276
8	80	60	6,059
8	80	63	3,613
8	80	68	0,572
8	80	73	2,958
8	80	87	2,741
8	80	96	6,519
8	87	4	4,711
8	87	6	30,58
8	87	19	0,648
8	87	25	6,784
8	87	26	13,138
8	87	35	3,488
8	87	36	5,758
8	87	39	11,252
8	87	40	7,072
8	87	47	8,763
8	87	53	3,405
8	87	58	13,81
8	87	60	16,91
8	87	63	0,745
8	87	68	8,61
8	87	73	3,482
8	87	80	2,64
8	87	96	2,829
8	96	4	1,473
8	96	6	7,077
8	96	19	0,635
8	96	25	2,583
8	96	26	8,335
8	96	35	2,609
8	96	36	11,531
8	96	39	4,938
8	96	40	1,655
8	96	47	3,358
8	96	53	24,527
8	96	58	5,046
8	96	60	10,885
8	96	63	6,484
8	96	68	3,327
8	96	73	0,963
8	96	80	12,242
8	96	87	15,316
9	1	8	0,988
9	1	10	0,526
9	1	13	8,637
9	1	14	0,661
9	1	18	3,221
9	1	23	12,054
9	1	27	4,873
9	1	28	14,587
9	1	30	3,997
9	1	33	5,909
9	1	35	13,762
9	1	36	17,762
9	1	37	2,73
9	1	46	3,269
9	1	50	18,328
9	1	56	19,084
9	1	61	3,083
9	1	63	4,068
9	1	66	5,937
9	1	67	7,393
9	1	68	1,58
9	1	75	16,045
9	1	77	1,155
9	1	81	1,942
9	1	82	3,549
9	1	83	2,116
9	1	99	6,043
9	8	1	2,856
9	8	10	0,84
9	8	13	0,966
9	8	14	7,098
9	8	18	22,225
9	8	23	2,381
9	8	27	0,993
9	8	28	3,084
9	8	30	0,948
9	8	33	1,63
9	8	35	9,041
9	8	36	3,839
9	8	37	18,084
9	8	46	2,45
9	8	50	32,31
9	8	56	2,694
9	8	61	23,998
9	8	63	21,154
9	8	66	1,269
9	8	67	14,736
9	8	68	1,698
9	8	75	7,182
9	8	77	2,372
9	8	81	1,048
9	8	82	1,501
9	8	83	2,436
9	8	99	9,215
9	10	1	1,595
9	10	8	2,102
9	10	13	0,568
9	10	14	15,645
9	10	18	6,009
9	10	23	3,96
9	10	27	2,321
9	10	28	2,24
9	10	30	5,183
9	10	33	5,377
9	10	35	4,687
9	10	36	4,823
9	10	37	0,797
9	10	46	0,787
9	10	50	6,935
9	10	56	2,092
9	10	61	1,704
9	10	63	1,953
9	10	66	4,393
9	10	67	6,54
9	10	68	5,213
9	10	75	18,889
9	10	77	6,431
9	10	81	5,225
9	10	82	7,896
9	10	83	1,402
9	10	99	1,64
9	13	1	2,97
9	13	8	5,315
9	13	10	6,594
9	13	14	13,358
9	13	18	1,425
9	13	23	1,364
9	13	27	1,146
9	13	28	3,568
9	13	30	1,11
9	13	33	8,613
9	13	35	1,271
9	13	36	2,098
9	13	37	7,114
9	13	46	4,412
9	13	50	5,3
9	13	56	1,113
9	13	61	2,979
9	13	63	7,56
9	13	66	2,122
9	13	67	8,761
9	13	68	0,989
9	13	75	1,72
9	13	77	1,275
9	13	81	12,418
9	13	82	0,512
9	13	83	3,758
9	13	99	1,274
9	14	1	17,883
9	14	8	7,936
9	14	10	1,916
9	14	13	3,53
9	14	18	0,684
9	14	23	2,058
9	14	27	4,838
9	14	28	4,348
9	14	30	1,541
9	14	33	3,176
9	14	35	4,633
9	14	36	22,238
9	14	37	1,185
9	14	46	1,792
9	14	50	5,916
9	14	56	6,847
9	14	61	1,909
9	14	63	1,653
9	14	66	4,639
9	14	67	2,876
9	14	68	2,409
9	14	75	16,687
9	14	77	2,686
9	14	81	1,687
9	14	82	12,179
9	14	83	1,122
9	14	99	5,909
9	18	1	0,781
9	18	8	1,931
9	18	10	1,703
9	18	13	2,996
9	18	14	6,258
9	18	23	2,955
9	18	27	4,964
9	18	28	9,606
9	18	30	6,413
9	18	33	1,477
9	18	35	8,087
9	18	36	2,046
9	18	37	2,76
9	18	46	8,425
9	18	50	2,343
9	18	56	1,557
9	18	61	4,135
9	18	63	8,172
9	18	66	2,253
9	18	67	8,175
9	18	68	10,232
9	18	75	1,617
9	18	77	10,006
9	18	81	9,909
9	18	82	0,993
9	18	83	1,539
9	18	99	8,728
9	23	1	3,019
9	23	8	4,452
9	23	10	7,62
9	23	13	4,786
9	23	14	32,178
9	23	18	5,133
9	23	27	6,71
9	23	28	0,592
9	23	30	7,626
9	23	33	4,344
9	23	35	3,294
9	23	36	4,427
9	23	37	39,405
9	23	46	23,47
9	23	50	2,022
9	23	56	5,872
9	23	61	31,884
9	23	63	8,646
9	23	66	16,353
9	23	67	8,773
9	23	68	4,685
9	23	75	0,669
9	23	77	5,863
9	23	81	4,515
9	23	82	3,55
9	23	83	1,398
9	23	99	3,008
9	27	1	0,538
9	27	8	11,604
9	27	10	3,696
9	27	13	3,921
9	27	14	9,488
9	27	18	1,91
9	27	23	6,061
9	27	28	6,771
9	27	30	3,63
9	27	33	3,431
9	27	35	5,173
9	27	36	7,003
9	27	37	3,814
9	27	46	6,289
9	27	50	13,036
9	27	56	2,171
9	27	61	18,098
9	27	63	0,873
9	27	66	4,77
9	27	67	3,275
9	27	68	11,401
9	27	75	33,799
9	27	77	1,12
9	27	81	5,04
9	27	82	7,458
9	27	83	2,393
9	27	99	5,41
9	28	1	1,016
9	28	8	25,519
9	28	10	31,901
9	28	13	15,491
9	28	14	2,934
9	28	18	2,424
9	28	23	2,578
9	28	27	4,594
9	28	30	1,045
9	28	33	4,016
9	28	35	2,897
9	28	36	6,155
9	28	37	0,815
9	28	46	2,046
9	28	50	13,925
9	28	56	1,828
9	28	61	0,664
9	28	63	1,936
9	28	66	1,196
9	28	67	4,228
9	28	68	2,387
9	28	75	17,5
9	28	77	1,462
9	28	81	0,713
9	28	82	3,307
9	28	83	7,269
9	28	99	10,279
9	30	1	10,421
9	30	8	8,465
9	30	10	5,927
9	30	13	3,135
9	30	14	26,849
9	30	18	0,781
9	30	23	5,405
9	30	27	0,862
9	30	28	3,762
9	30	33	3,923
9	30	35	15,612
9	30	36	2,757
9	30	37	0,785
9	30	46	0,804
9	30	50	2,54
9	30	56	3,159
9	30	61	1,512
9	30	63	19,896
9	30	66	17,874
9	30	67	1,974
9	30	68	3,111
9	30	75	35,811
9	30	77	6,738
9	30	81	15,338
9	30	82	1,637
9	30	83	7,061
9	30	99	13,112
9	33	1	3,918
9	33	8	4,077
9	33	10	7,488
9	33	13	11,27
9	33	14	13,37
9	33	18	14,115
9	33	23	1,327
9	33	27	5,65
9	33	28	14,701
9	33	30	48,749
9	33	35	2,638
9	33	36	3,224
9	33	37	2,023
9	33	46	6,478
9	33	50	9,955
9	33	56	0,893
9	33	61	0,516
9	33	63	1,63
9	33	66	18,039
9	33	67	6,564
9	33	68	8,786
9	33	75	1,827
9	33	77	8,773
9	33	81	7,458
9	33	82	13,615
9	33	83	6,655
9	33	99	3,882
9	35	1	9,217
9	35	8	0,693
9	35	10	5,442
9	35	13	3,317
9	35	14	5,48
9	35	18	1,375
9	35	23	1,491
9	35	27	8,261
9	35	28	7,62
9	35	30	3,538
9	35	33	1,084
9	35	36	5,536
9	35	37	16,78
9	35	46	4,313
9	35	50	7,048
9	35	56	0,98
9	35	61	3,974
9	35	63	2,365
9	35	66	4,165
9	35	67	4,495
9	35	68	9,299
9	35	75	3,284
9	35	77	5,901
9	35	81	2,635
9	35	82	1,962
9	35	83	10,942
9	35	99	1,523
9	36	1	15,103
9	36	8	0,807
9	36	10	12,521
9	36	13	0,517
9	36	14	5,393
9	36	18	0,741
9	36	23	4,271
9	36	27	9,372
9	36	28	5,532
9	36	30	2,306
9	36	33	0,686
9	36	35	17,89
9	36	37	0,532
9	36	46	3,53
9	36	50	3,632
9	36	56	3,581
9	36	61	2,398
9	36	63	0,973
9	36	66	4,139
9	36	67	2,282
9	36	68	1,383
9	36	75	15,28
9	36	77	0,737
9	36	81	2,434
9	36	82	11,711
9	36	83	1,774
9	36	99	5,326
9	37	1	5,793
9	37	8	4,37
9	37	10	3,339
9	37	13	3,382
9	37	14	2,374
9	37	18	14,563
9	37	23	3,135
9	37	27	1,012
9	37	28	7,712
9	37	30	2,303
9	37	33	1,168
9	37	35	7,397
9	37	36	3,901
9	37	46	10,917
9	37	50	0,614
9	37	56	6,733
9	37	61	6,314
9	37	63	1,776
9	37	66	2,816
9	37	67	6,755
9	37	68	2,183
9	37	75	8,675
9	37	77	1,496
9	37	81	4,983
9	37	82	0,81
9	37	83	2,597
9	37	99	26,754
9	46	1	9,471
9	46	8	5,541
9	46	10	0,994
9	46	13	15,115
9	46	14	1,137
9	46	18	0,702
9	46	23	1,549
9	46	27	3,888
9	46	28	5,381
9	46	30	11,833
9	46	33	2,728
9	46	35	1,88
9	46	36	7,29
9	46	37	4,492
9	46	50	1,83
9	46	56	0,922
9	46	61	1,617
9	46	63	5,734
9	46	66	1,661
9	46	67	11,555
9	46	68	6,238
9	46	75	15,002
9	46	77	1,475
9	46	81	0,736
9	46	82	1,481
9	46	83	2,702
9	46	99	11,457
9	50	1	6,191
9	50	8	3,287
9	50	10	18,43
9	50	13	10,709
9	50	14	15,663
9	50	18	10,575
9	50	23	4,851
9	50	27	3,134
9	50	28	1,105
9	50	30	18,242
9	50	33	1,055
9	50	35	1,654
9	50	36	2,672
9	50	37	1,669
9	50	46	0,672
9	50	56	9,023
9	50	61	1,261
9	50	63	0,683
9	50	66	1,591
9	50	67	9,002
9	50	68	4,419
9	50	75	1,839
9	50	77	0,728
9	50	81	14,229
9	50	82	1,555
9	50	83	6,369
9	50	99	5,603
9	56	1	1,313
9	56	8	4,231
9	56	10	8,917
9	56	13	6,469
9	56	14	6,875
9	56	18	1,964
9	56	23	17,074
9	56	27	4,033
9	56	28	7,186
9	56	30	1,081
9	56	33	0,558
9	56	35	27,749
9	56	36	2,613
9	56	37	2,955
9	56	46	9,089
9	56	50	10,552
9	56	61	18,33
9	56	63	10,122
9	56	66	3,566
9	56	67	2,685
9	56	68	2,773
9	56	75	2,095
9	56	77	6,566
9	56	81	1,531
9	56	82	0,836
9	56	83	5,637
9	56	99	2,903
9	61	1	2,518
9	61	8	3,804
9	61	10	7,601
9	61	13	2,576
9	61	14	1,053
9	61	18	6,087
9	61	23	2,757
9	61	27	9,589
9	61	28	0,68
9	61	30	6,912
9	61	33	5,648
9	61	35	15,402
9	61	36	6,239
9	61	37	0,774
9	61	46	5,615
9	61	50	1,298
9	61	56	19,886
9	61	63	4,31
9	61	66	1,35
9	61	67	3,658
9	61	68	8,964
9	61	75	4,782
9	61	77	1,321
9	61	81	3,483
9	61	82	4,43
9	61	83	7,027
9	61	99	21,53
9	63	1	0,787
9	63	8	0,847
9	63	10	5,007
9	63	13	4,206
9	63	14	3,216
9	63	18	9,793
9	63	23	26,624
9	63	27	5,923
9	63	28	7,934
9	63	30	1,079
9	63	33	2,037
9	63	35	11,204
9	63	36	0,862
9	63	37	1,31
9	63	46	5,008
9	63	50	3,035
9	63	56	1,837
9	63	61	1,923
9	63	66	8,985
9	63	67	6,942
9	63	68	2,442
9	63	75	21,076
9	63	77	4,622
9	63	81	8,486
9	63	82	3,65
9	63	83	3,89
9	63	99	20,705
9	66	1	1,014
9	66	8	1,072
9	66	10	1,547
9	66	13	0,545
9	66	14	7,324
9	66	18	6,784
9	66	23	1,889
9	66	27	10,675
9	66	28	1,618
9	66	30	1,182
9	66	33	5,383
9	66	35	2,368
9	66	36	0,851
9	66	37	1,437
9	66	46	5,009
9	66	50	19,865
9	66	56	1,204
9	66	61	4,534
9	66	63	3,873
9	66	67	7,91
9	66	68	2,272
9	66	75	10,452
9	66	77	10,785
9	66	81	3,944
9	66	82	4,855
9	66	83	2,949
9	66	99	8,851
9	67	1	4,229
9	67	8	4,431
9	67	10	3,379
9	67	13	4,14
9	67	14	18,397
9	67	18	0,66
9	67	23	5,514
9	67	27	11,833
9	67	28	5,613
9	67	30	1,045
9	67	33	4,732
9	67	35	16,096
9	67	36	4,505
9	67	37	15,042
9	67	46	1,912
9	67	50	6,27
9	67	56	7,894
9	67	61	6,488
9	67	63	16,341
9	67	66	13,599
9	67	68	4,932
9	67	75	12,523
9	67	77	19,333
9	67	81	1,808
9	67	82	4,689
9	67	83	9,309
9	67	99	4,808
9	68	1	5,737
9	68	8	3,66
9	68	10	2,016
9	68	13	14,595
9	68	14	0,51
9	68	18	0,79
9	68	23	3,848
9	68	27	3,562
9	68	28	3,983
9	68	30	0,55
9	68	33	4,764
9	68	35	15,552
9	68	36	2,993
9	68	37	0,708
9	68	46	2,04
9	68	50	3,25
9	68	56	9,105
9	68	61	3,054
9	68	63	7,83
9	68	66	3,795
9	68	67	0,604
9	68	75	0,744
9	68	77	0,875
9	68	81	1,603
9	68	82	20,449
9	68	83	7,029
9	68	99	3,876
9	75	1	1,306
9	75	8	9,971
9	75	10	10,819
9	75	13	1,157
9	75	14	3,827
9	75	18	2,991
9	75	23	18,771
9	75	27	1,939
9	75	28	23,255
9	75	30	3,773
9	75	33	1,421
9	75	35	3,696
9	75	36	7,989
9	75	37	7,08
9	75	46	5,174
9	75	50	3,241
9	75	56	7,625
9	75	61	15,126
9	75	63	1,29
9	75	66	14,734
9	75	67	5,83
9	75	68	3,201
9	75	77	8,087
9	75	81	2,328
9	75	82	3,022
9	75	83	12,916
9	75	99	3,565
9	77	1	1,718
9	77	8	6,931
9	77	10	15,531
9	77	13	7,116
9	77	14	10,219
9	77	18	4,657
9	77	23	1,486
9	77	27	4,346
9	77	28	2,849
9	77	30	11,373
9	77	33	6,708
9	77	35	2,424
9	77	36	0,933
9	77	37	11,787
9	77	46	0,833
9	77	50	4,754
9	77	56	0,992
9	77	61	1,745
9	77	63	5,289
9	77	66	1,485
9	77	67	3,195
9	77	68	11,1
9	77	75	5,531
9	77	81	0,598
9	77	82	2,233
9	77	83	1,142
9	77	99	1,07
9	81	1	4,482
9	81	8	1,365
9	81	10	15,481
9	81	13	11,354
9	81	14	5,982
9	81	18	4,445
9	81	23	8,796
9	81	27	2,628
9	81	28	3,323
9	81	30	7,764
9	81	33	27,669
9	81	35	7,028
9	81	36	7,941
9	81	37	4,601
9	81	46	6,147
9	81	50	32,656
9	81	56	2,855
9	81	61	0,602
9	81	63	2,488
9	81	66	1,945
9	81	67	3,043
9	81	68	2,474
9	81	75	11,141
9	81	77	1,188
9	81	82	3,572
9	81	83	30,703
9	81	99	2,166
9	82	1	0,922
9	82	8	0,521
9	82	10	6,104
9	82	13	11,669
9	82	14	1,338
9	82	18	7,723
9	82	23	7,835
9	82	27	5,88
9	82	28	8,166
9	82	30	23,178
9	82	33	2,07
9	82	35	3,579
9	82	36	1,187
9	82	37	0,908
9	82	46	6,683
9	82	50	7,036
9	82	56	2,304
9	82	61	20,404
9	82	63	4,512
9	82	66	5,449
9	82	67	19,893
9	82	68	3,943
9	82	75	3,377
9	82	77	9,822
9	82	81	8,903
9	82	83	4,256
9	82	99	18,603
9	83	1	1,843
9	83	8	2,806
9	83	10	0,904
9	83	13	6,292
9	83	14	0,943
9	83	18	2,19
9	83	23	6,88
9	83	27	9,205
9	83	28	2,337
9	83	30	5,589
9	83	33	23,707
9	83	35	14,883
9	83	36	1,345
9	83	37	3,384
9	83	46	3,059
9	83	50	15,236
9	83	56	1,285
9	83	61	6,523
9	83	63	14,304
9	83	66	0,717
9	83	67	13,184
9	83	68	4,916
9	83	75	0,964
9	83	77	1,687
9	83	81	5,835
9	83	82	2,718
9	83	99	1,719
9	99	1	3,06
9	99	8	10,009
9	99	10	2,434
9	99	13	0,568
9	99	14	2,67
9	99	18	11,142
9	99	23	4,334
9	99	27	1,621
9	99	28	4,085
9	99	30	5,38
9	99	33	5,207
9	99	35	0,918
9	99	36	37,958
9	99	37	0,76
9	99	46	0,883
9	99	50	7,439
9	99	56	6,943
9	99	61	5,112
9	99	63	3,722
9	99	66	8,947
9	99	67	1,378
9	99	68	15,771
9	99	75	13,855
9	99	77	2,2
9	99	81	8,831
9	99	82	15,53
9	99	83	2,331
10	6	9	16,535
10	6	11	4,574
10	6	12	2,234
10	6	23	9,264
10	6	24	13,861
10	6	25	2,721
10	6	27	7,531
10	6	39	1,513
10	6	44	0,968
10	6	47	3,807
10	6	48	2,278
10	6	50	10,219
10	6	52	2,364
10	6	59	1,083
10	6	61	7,266
10	6	62	0,896
10	6	71	8,484
10	6	76	7,767
10	6	78	4,77
10	6	86	2,848
10	6	91	3,623
10	6	92	0,661
10	6	93	1,508
10	6	94	32,21
10	6	96	2,345
10	6	98	0,502
10	9	6	6,65
10	9	11	4,205
10	9	12	11,467
10	9	23	2,666
10	9	24	10,694
10	9	25	12,228
10	9	27	2,225
10	9	39	0,755
10	9	44	1,298
10	9	47	5,528
10	9	48	4,331
10	9	50	17,666
10	9	52	5,959
10	9	59	3,242
10	9	61	2,492
10	9	62	2,391
10	9	71	29,428
10	9	76	16,671
10	9	78	3,46
10	9	86	0,886
10	9	91	4,243
10	9	92	0,598
10	9	93	8,211
10	9	94	2,386
10	9	96	0,745
10	9	98	2,22
10	11	6	0,711
10	11	9	5,056
10	11	12	29,14
10	11	23	6,427
10	11	24	5,044
10	11	25	6,778
10	11	27	14,433
10	11	39	16,147
10	11	44	10,728
10	11	47	3,116
10	11	48	1,629
10	11	50	8,982
10	11	52	5,532
10	11	59	18,992
10	11	61	18,97
10	11	62	1,397
10	11	71	3,455
10	11	76	0,627
10	11	78	3,803
10	11	86	11,68
10	11	91	9,819
10	11	92	0,633
10	11	93	7,425
10	11	94	2,785
10	11	96	1,738
10	11	98	5,626
10	12	6	10,139
10	12	9	11,337
10	12	11	23,827
10	12	23	3,852
10	12	24	12,323
10	12	25	6,548
10	12	27	25,293
10	12	39	7,642
10	12	44	9,084
10	12	47	10,24
10	12	48	3,001
10	12	50	14,255
10	12	52	29,781
10	12	59	3,521
10	12	61	2,826
10	12	62	2,342
10	12	71	3,029
10	12	76	2,53
10	12	78	3,548
10	12	86	2,236
10	12	91	3,446
10	12	92	8,526
10	12	93	10,28
10	12	94	3,175
10	12	96	1,52
10	12	98	1,495
10	23	6	1,854
10	23	9	3,885
10	23	11	7,091
10	23	12	0,738
10	23	24	0,537
10	23	25	18,619
10	23	27	12,518
10	23	39	1,793
10	23	44	1,952
10	23	47	1,72
10	23	48	3,268
10	23	50	4,708
10	23	52	0,597
10	23	59	15,447
10	23	61	0,591
10	23	62	4,713
10	23	71	11,084
10	23	76	7,141
10	23	78	12,527
10	23	86	1,365
10	23	91	19,839
10	23	92	0,573
10	23	93	5,831
10	23	94	9,237
10	23	96	1,861
10	23	98	15,849
10	24	6	4,427
10	24	9	1,269
10	24	11	1,171
10	24	12	0,602
10	24	23	1,732
10	24	25	4,905
10	24	27	1,819
10	24	39	0,637
10	24	44	0,806
10	24	47	9,433
10	24	48	7,948
10	24	50	10,849
10	24	52	9,166
10	24	59	1,69
10	24	61	4,039
10	24	62	2,606
10	24	71	2,884
10	24	76	1,223
10	24	78	5,966
10	24	86	5,666
10	24	91	2,095
10	24	92	1,09
10	24	93	1,449
10	24	94	3,757
10	24	96	12,648
10	24	98	0,552
10	25	6	20,406
10	25	9	5,194
10	25	11	5,143
10	25	12	6,58
10	25	23	3,757
10	25	24	21,336
10	25	27	1,527
10	25	39	3,1
10	25	44	1,556
10	25	47	4,163
10	25	48	13,959
10	25	50	7,453
10	25	52	9,546
10	25	59	4,616
10	25	61	3,456
10	25	62	2,102
10	25	71	11,2
10	25	76	2,619
10	25	78	6,711
10	25	86	13,009
10	25	91	5,565
10	25	92	9,011
10	25	93	8,654
10	25	94	2,26
10	25	96	14,482
10	25	98	1,229
10	27	6	1,584
10	27	9	11,399
10	27	11	2,05
10	27	12	10,884
10	27	23	16,38
10	27	24	11,153
10	27	25	6,193
10	27	39	4,613
10	27	44	19,017
10	27	47	2,553
10	27	48	7,591
10	27	50	1,731
10	27	52	9,82
10	27	59	2,084
10	27	61	1,027
10	27	62	5,604
10	27	71	8,859
10	27	76	5,958
10	27	78	8,521
10	27	86	1,367
10	27	91	7,038
10	27	92	2,071
10	27	93	4,508
10	27	94	7,929
10	27	96	1,835
10	27	98	19,435
10	39	6	1,365
10	39	9	5,215
10	39	11	0,517
10	39	12	5,489
10	39	23	2,448
10	39	24	1,049
10	39	25	5,112
10	39	27	9,66
10	39	44	4,711
10	39	47	11,065
10	39	48	10,954
10	39	50	29,225
10	39	52	0,811
10	39	59	0,631
10	39	61	5,859
10	39	62	10,705
10	39	71	7,026
10	39	76	10
10	39	78	3,325
10	39	86	5,992
10	39	91	2,8
10	39	92	10,088
10	39	93	5,385
10	39	94	12,789
10	39	96	3,493
10	39	98	0,883
10	44	6	12,427
10	44	9	0,998
10	44	11	4,053
10	44	12	10,457
10	44	23	2,238
10	44	24	2,374
10	44	25	21,76
10	44	27	5,74
10	44	39	0,94
10	44	47	2,094
10	44	48	2,221
10	44	50	6,653
10	44	52	3,309
10	44	59	3,736
10	44	61	14,697
10	44	62	1,44
10	44	71	5,386
10	44	76	4,755
10	44	78	5,481
10	44	86	10,9
10	44	91	17,467
10	44	92	1,528
10	44	93	19,377
10	44	94	18,06
10	44	96	2,881
10	44	98	4,985
10	47	6	10,212
10	47	9	0,768
10	47	11	2,242
10	47	12	4,794
10	47	23	1,035
10	47	24	2,669
10	47	25	11,629
10	47	27	0,864
10	47	39	1,451
10	47	44	2,377
10	47	48	6,598
10	47	50	11,853
10	47	52	1,738
10	47	59	6,26
10	47	61	1,347
10	47	62	8,227
10	47	71	11,252
10	47	76	8,271
10	47	78	3,781
10	47	86	3,961
10	47	91	2,599
10	47	92	8,932
10	47	93	0,84
10	47	94	4,237
10	47	96	0,994
10	47	98	7,812
10	48	6	7,208
10	48	9	2,224
10	48	11	3,624
10	48	12	2,234
10	48	23	12,321
10	48	24	2,005
10	48	25	28,378
10	48	27	0,761
10	48	39	0,514
10	48	44	0,56
10	48	47	3,251
10	48	50	14,407
10	48	52	6,046
10	48	59	10,573
10	48	61	11,058
10	48	62	1,42
10	48	71	11,405
10	48	76	1,851
10	48	78	20,299
10	48	86	12,394
10	48	91	9,275
10	48	92	1,886
10	48	93	1,643
10	48	94	1,892
10	48	96	1,988
10	48	98	1,706
10	50	6	3,933
10	50	9	1,03
10	50	11	3,653
10	50	12	9,531
10	50	23	2,827
10	50	24	1,178
10	50	25	1,263
10	50	27	7,228
10	50	39	1,643
10	50	44	6,681
10	50	47	15,078
10	50	48	2,666
10	50	52	26,121
10	50	59	0,665
10	50	61	3,393
10	50	62	6,86
10	50	71	1,933
10	50	76	1,734
10	50	78	1,385
10	50	86	0,85
10	50	91	4,785
10	50	92	17,53
10	50	93	3,248
10	50	94	14,335
10	50	96	4,797
10	50	98	3,825
10	52	6	1,76
10	52	9	3,412
10	52	11	2,289
10	52	12	4,438
10	52	23	0,606
10	52	24	3,133
10	52	25	7,053
10	52	27	1,63
10	52	39	2,992
10	52	44	5,363
10	52	47	4,122
10	52	48	1,292
10	52	50	9,781
10	52	59	4,148
10	52	61	24,136
10	52	62	12,045
10	52	71	7,733
10	52	76	8,446
10	52	78	3,525
10	52	86	19,104
10	52	91	1,871
10	52	92	13,502
10	52	93	7,039
10	52	94	8,143
10	52	96	5,813
10	52	98	2,052
10	59	6	15,503
10	59	9	1,788
10	59	11	3,165
10	59	12	18,316
10	59	23	8,006
10	59	24	5,611
10	59	25	4,78
10	59	27	3,872
10	59	39	3,415
10	59	44	12,783
10	59	47	4,548
10	59	48	1,912
10	59	50	13,249
10	59	52	1,401
10	59	61	1,522
10	59	62	5,092
10	59	71	1,439
10	59	76	0,53
10	59	78	8,881
10	59	86	2,603
10	59	91	4,682
10	59	92	1,755
10	59	93	14,23
10	59	94	5,734
10	59	96	2,405
10	59	98	10,618
10	61	6	8,035
10	61	9	5
10	61	11	8,92
10	61	12	5,191
10	61	23	3,465
10	61	24	1,685
10	61	25	9,115
10	61	27	3,74
10	61	39	3,883
10	61	44	18,463
10	61	47	1,425
10	61	48	2,99
10	61	50	3,616
10	61	52	1,024
10	61	59	3,152
10	61	62	8,29
10	61	71	3,573
10	61	76	6,242
10	61	78	1,872
10	61	86	20,278
10	61	91	8,028
10	61	92	3,593
10	61	93	3,051
10	61	94	1,16
10	61	96	10,929
10	61	98	8,691
10	62	6	0,992
10	62	9	24,286
10	62	11	29,911
10	62	12	11,157
10	62	23	1,248
10	62	24	0,545
10	62	25	1,424
10	62	27	0,769
10	62	39	5,473
10	62	44	4,697
10	62	47	9,472
10	62	48	3,128
10	62	50	5,442
10	62	52	5,22
10	62	59	1,864
10	62	61	9,152
10	62	71	1,559
10	62	76	0,806
10	62	78	3,873
10	62	86	10,712
10	62	91	14,77
10	62	92	3,367
10	62	93	16,142
10	62	94	3,991
10	62	96	6,967
10	62	98	0,921
10	71	6	2,575
10	71	9	9,088
10	71	11	2,616
10	71	12	1,207
10	71	23	0,703
10	71	24	1,697
10	71	25	1,635
10	71	27	2,438
10	71	39	50,764
10	71	44	13,513
10	71	47	10,427
10	71	48	10,631
10	71	50	36,259
10	71	52	2,52
10	71	59	2,18
10	71	61	0,632
10	71	62	2,852
10	71	76	1,811
10	71	78	3,39
10	71	86	3,28
10	71	91	10,022
10	71	92	5,325
10	71	93	2,653
10	71	94	5,247
10	71	96	6,404
10	71	98	2,604
10	76	6	14,002
10	76	9	3,06
10	76	11	1,788
10	76	12	7,252
10	76	23	3,56
10	76	24	26,735
10	76	25	1,091
10	76	27	2,847
10	76	39	2,09
10	76	44	5,122
10	76	47	16,846
10	76	48	12,211
10	76	50	2,715
10	76	52	17,053
10	76	59	0,743
10	76	61	31,738
10	76	62	17,061
10	76	71	5,054
10	76	78	1,753
10	76	86	17,341
10	76	91	6,859
10	76	92	2,348
10	76	93	5,583
10	76	94	6,732
10	76	96	2,875
10	76	98	1,631
10	78	6	17,231
10	78	9	3,543
10	78	11	5,008
10	78	12	0,875
10	78	23	5,429
10	78	24	6,609
10	78	25	4,317
10	78	27	12,152
10	78	39	1,633
10	78	44	3,271
10	78	47	1,866
10	78	48	20,505
10	78	50	13,013
10	78	52	6,288
10	78	59	3,108
10	78	61	17,412
10	78	62	6,867
10	78	71	11,489
10	78	76	2,003
10	78	86	3,115
10	78	91	8,362
10	78	92	2,5
10	78	93	0,68
10	78	94	10,468
10	78	96	17,745
10	78	98	3,168
10	86	6	5,17
10	86	9	2,177
10	86	11	8,204
10	86	12	11,911
10	86	23	4,258
10	86	24	9,439
10	86	25	4,049
10	86	27	13,833
10	86	39	2,95
10	86	44	1,627
10	86	47	0,673
10	86	48	7,326
10	86	50	2,914
10	86	52	1,689
10	86	59	7,935
10	86	61	5,743
10	86	62	22,107
10	86	71	4,446
10	86	76	1,887
10	86	78	4,296
10	86	91	27,314
10	86	92	5,308
10	86	93	27,878
10	86	94	9,629
10	86	96	11,315
10	86	98	0,652
10	91	6	0,734
10	91	9	15,235
10	91	11	0,768
10	91	12	14,818
10	91	23	40,055
10	91	24	2,318
10	91	25	15,968
10	91	27	2,214
10	91	39	0,894
10	91	44	9,193
10	91	47	1,204
10	91	48	3,082
10	91	50	8,454
10	91	52	4,065
10	91	59	14,428
10	91	61	2,497
10	91	62	1,849
10	91	71	1,086
10	91	76	0,959
10	91	78	13,2
10	91	86	6,918
10	91	92	0,8
10	91	93	0,958
10	91	94	2,441
10	91	96	9,946
10	91	98	3,098
10	92	6	0,695
10	92	9	1,625
10	92	11	6,443
10	92	12	4,245
10	92	23	2,684
10	92	24	1,38
10	92	25	3,244
10	92	27	0,614
10	92	39	4,712
10	92	44	3,295
10	92	47	0,963
10	92	48	1,09
10	92	50	0,971
10	92	52	5,347
10	92	59	1,54
10	92	61	4,148
10	92	62	2,995
10	92	71	13,221
10	92	76	1,086
10	92	78	2,292
10	92	86	9,184
10	92	91	0,982
10	92	93	2,392
10	92	94	13,318
10	92	96	2,527
10	92	98	10,317
10	93	6	15,01
10	93	9	9,711
10	93	11	1,307
10	93	12	10,538
10	93	23	6,682
10	93	24	3,226
10	93	25	1,26
10	93	27	13,259
10	93	39	4,251
10	93	44	4,544
10	93	47	0,804
10	93	48	0,643
10	93	50	2,198
10	93	52	3,102
10	93	59	1,85
10	93	61	1,068
10	93	62	2,59
10	93	71	7,064
10	93	76	6,227
10	93	78	11,221
10	93	86	3,128
10	93	91	1,514
10	93	92	15,635
10	93	94	16,849
10	93	96	17,1
10	93	98	1,812
10	94	6	1,429
10	94	9	3,346
10	94	11	4,938
10	94	12	3,363
10	94	23	1,264
10	94	24	2,636
10	94	25	26,19
10	94	27	13,258
10	94	39	13,119
10	94	44	2,63
10	94	47	1,752
10	94	48	19,439
10	94	50	3,196
10	94	52	12,409
10	94	59	1,17
10	94	61	2,815
10	94	62	6,472
10	94	71	2,737
10	94	76	5,865
10	94	78	1,979
10	94	86	9,632
10	94	91	3,85
10	94	92	3,36
10	94	93	7,772
10	94	96	0,546
10	94	98	12,18
10	96	6	5,49
10	96	9	0,826
10	96	11	4,711
10	96	12	19,961
10	96	23	1,395
10	96	24	25,965
10	96	25	1,654
10	96	27	1,316
10	96	39	5,028
10	96	44	4,265
10	96	47	11,681
10	96	48	4,362
10	96	50	4,002
10	96	52	15,639
10	96	59	5,785
10	96	61	3,049
10	96	62	9,534
10	96	71	7,695
10	96	76	9,117
10	96	78	2,484
10	96	86	3,204
10	96	91	3,953
10	96	92	8,854
10	96	93	6,383
10	96	94	1,946
10	96	98	3,889
10	98	6	2,595
10	98	9	39,26
10	98	11	3,468
10	98	12	8,761
10	98	23	1,503
10	98	24	5,774
10	98	25	6,441
10	98	27	7,362
10	98	39	2,455
10	98	44	3,018
10	98	47	8,049
10	98	48	1,316
10	98	50	1,956
10	98	52	7,439
10	98	59	3,871
10	98	61	9,192
10	98	62	3,137
10	98	71	27,642
10	98	76	4,456
10	98	78	2,512
10	98	86	2,804
10	98	91	2,919
10	98	92	3,382
10	98	93	1,148
10	98	94	2,187
10	98	96	0,969

