#num jobs
100
#num machines
10

#jobId machId procTime energyCons
1	7	17,89	138
1	6	2,99	18,98
2	5	6,05	41,73
3	2	1,42	16,43
4	2	3,53	40,87
4	7	2,3	17,71
4	10	148,53	674,37
5	1	2,07	26,73
5	2	6,69	77,5
5	3	6,76	67,04
5	9	14,37	115,93
6	10	31,04	140,93
6	1	4,97	64,19
7	1	53,78	694,82
8	2	3,37	39,07
8	4	21,74	199,12
8	8	463,59	4746,75
9	9	11,88	95,85
9	6	2,05	13
9	3	41,65	413,16
10	6	65,68	416,52
11	1	0,91	11,77
11	7	1,38	10,63
11	9	3,27	26,35
12	5	7,88	54,36
12	2	5,57	64,49
12	1	2,85	36,8
13	2	66,07	765,49
14	5	7,12	49,13
14	8	3,81	39,02
14	10	55,5	251,97
15	7	25,53	196,97
15	5	93,45	644,91
16	1	18,72	241,84
16	6	18,81	119,3
17	8	24,81	254,04
17	9	19,09	154,02
18	9	10808,84	87203,01
19	10	36,52	165,83
20	3	5,76	57,15
21	4	1227,38	11244,16
21	5	87,91	606,68
21	9	6,29	50,75
21	10	5,76	26,14
22	9	46,79	377,47
23	4	5,25	48,11
23	10	19,95	90,59
24	6	36,37	230,63
25	6	13,87	87,98
25	2	5,75	66,67
26	9	7,06	56,96
26	8	31,09	318,32
26	6	2,68	17
26	5	219,85	1517,21
26	4	26,51	242,86
27	1	25,02	323,26
28	10	3,25	14,77
28	7	39,55	305,13
28	5	8,22	56,7
29	2	23,3	269,94
29	5	30,34	209,4
30	4	17,6	161,24
30	8	22,02	225,46
30	9	13,78	111,2
30	10	12,27	55,69
31	9	28,57	230,49
32	10	7,26	32,97
32	6	35,76	226,77
32	3	9,06	89,89
32	2	3,04	35,19
33	2	37,27	431,85
33	5	19,2	132,49
33	8	15,08	154,42
34	8	3,98	40,75
35	1	1814,84	23448,48
36	10	13,6	61,73
37	2	4,18	48,42
37	4	9,25	84,71
37	7	19,35	149,29
37	9	5,02	40,53
38	3	57,68	572,17
39	10	306,77	1392,81
40	8	7,55	77,26
40	7	13,09	101,01
40	2	58,06	672,7
41	10	29,79	135,27
42	2	29,56	342,5
42	5	61,87	426,96
42	8	4,73	48,42
43	10	8,87	40,28
44	4	1657,07	15180,55
44	7	10,8	83,34
44	9	2,62	21,17
45	3	5,07	50,34
46	3	2,11	20,95
46	1	17,18	221,94
47	1	40,23	519,75
47	5	4,96	34,26
47	9	4,58	36,96
48	7	3,28	25,28
48	6	6,99	44,33
48	2	6,92	80,13
49	1	7,27	93,93
50	4	338,76	3103,42
50	3	6,87	68,18
51	9	23,07	186,13
51	6	3,97	25,21
51	3	29,02	287,9
51	2	3,57	41,33
52	7	1,1	8,48
53	5	95,3	657,68
53	1	27,24	351,9
54	1	3,57	46,16
55	6	2,81	17,85
55	2	11,62	134,63
56	9	5,26	42,45
57	7	49,59	382,53
57	2	10,77	124,79
58	6	20,9	132,51
59	10	64,11	291,1
59	7	3,82	29,48
59	6	47,06	298,43
59	1	9,27	119,83
60	2	45,19	523,61
61	5	21,11	145,7
61	6	5,63	35,68
61	7	3,32	25,64
62	2	1,74	20,11
62	3	37,77	374,69
62	5	17,89	123,43
62	6	66,84	423,89
62	8	27,66	283,22
62	9	78,99	637,28
63	3	6,01	59,63
63	2	42,74	495,16
64	8	8,34	85,35
65	8	17,24	176,57
66	5	66,83	461,22
67	5	7,6	52,43
68	8	1,41	14,4
68	4	36,43	333,78
69	10	23,13	105,02
70	9	11,05	89,18
71	9	7,76	62,63
71	2	19,68	228
72	1	7,68	99,28
72	3	3,22	31,9
72	5	9,71	67
72	7	6,01	46,36
73	7	74,67	576,07
73	5	8,17	56,38
74	1	9,8	126,67
74	6	213,1	1351,36
74	7	2,29	17,66
74	10	5,84	26,52
75	8	633,4	6485,45
75	6	4,5	28,52
75	4	1,67	15,27
75	3	15,94	158,16
76	10	3,17	14,39
76	5	49,07	338,64
76	1	36,43	470,75
77	2	4,4	50,98
78	5	9,65	66,62
78	3	3,07	30,5
79	10	4,29	19,47
79	6	1,1	6,97
79	2	40,64	470,88
80	8	11,45	117,26
80	10	1,84	8,37
81	3	15,87	157,46
81	4	18,66	170,98
81	8	4,73	48,41
82	4	68,76	629,92
83	3	25,92	257,16
84	9	24,21	195,35
84	5	18,54	127,92
84	4	32,67	299,32
85	9	4,22	34,01
85	5	1,21	8,33
85	3	17,12	169,85
86	7	4,22	32,58
87	3	4,27	42,32
87	10	3,2	14,51
88	3	1,39	13,81
88	10	1,52	6,9
89	10	5554,23	25217,8
90	6	467,52	2964,77
90	4	1,64	15,06
90	3	18,04	179
91	2	10,24	118,59
91	3	4,4	43,66
92	10	19,16	87
93	8	6,9	70,61
93	6	384,04	2435,42
93	5	108,35	747,7
94	4	4,86	44,51
94	7	19,95	153,89
95	6	33,53	212,63
96	6	4,29	27,21
96	2	4,72	54,7
97	7	10,15	78,31
98	6	6,2	39,34
98	7	8,66	66,84
99	2	6,32	73,21
99	3	165	1636,89
99	4	3,6	32,96
99	9	2,14	17,25
100	9	17,04	137,45
100	8	-0,04	-0,38
100	6	6,86	43,48
100	5	15,2	104,86
100	3	128,24	1272,24

#jobId ddate weight rdate
1	1733,359	33	796,944
2	781,211	4	1376,883
3	242,795	41	1256,138
4	1070,399	48	1238,748
5	420,974	16	744,764
6	1409,842	1	1153,877
7	310,014	34	1077,095
8	1105,158	45	1276,591
9	710,272	13	1228,107
10	900,208	24	671,516
11	298,937	18	235,105
12	1189,474	30	1448,678
13	1726,13	46	299,234
14	1098,467	5	731,597
15	1333,299	13	408,29
16	485,944	48	689,517
17	1731,523	48	501,646
18	573,098	3	1339,202
19	632,165	36	538,459
20	1502,184	5	60,805
21	1608,506	17	1143,539
22	705,102	29	661,253
23	1190,397	29	1048,322
24	1431,171	25	1435,932
25	168,916	10	1031,22
26	1188,246	25	1511,486
27	1308,47	16	192,281
28	584,024	5	994,48
29	1008,441	18	1472,041
30	616,405	27	477,693
31	1757,239	7	191,954
32	1688,936	38	1269,86
33	1487,467	42	538,455
34	1319,879	39	1103,219
35	752,725	23	257,444
36	935,383	9	346,442
37	1697,03	22	1230,395
38	418,936	46	166,041
39	1536,759	5	878,127
40	483,877	26	1447,031
41	467,488	17	491,993
42	108,386	36	1427,549
43	718,916	43	404,162
44	883,681	28	1450,561
45	1308,142	23	1697,257
46	1046,96	22	1562,435
47	1288,183	33	62,622
48	344,115	28	780,786
49	205,58	1	1147,117
50	431,555	12	130,438
51	1337,041	23	860,22
52	650,795	18	730,62
53	907,204	16	552,291
54	1441,774	48	185,543
55	637,727	43	697,157
56	1712,682	6	944,859
57	909,373	30	419,827
58	1305,568	40	1017,63
59	1723,966	41	105,749
60	1543,884	9	1623,727
61	1421,077	8	246,309
62	1256,108	17	1318,441
63	203,666	28	563,44
64	215,685	29	119,791
65	233,457	46	1575,386
66	1380,539	3	1455,369
67	1370,251	6	415,234
68	1816,65	41	1297,478
69	1255,38	45	26,977
70	1307,935	18	787,175
71	1050,021	19	1161,31
72	299,247	48	17,741
73	1604,856	32	1176,995
74	1045,951	11	1293,443
75	1068,923	9	594,59
76	14,682	33	918,952
77	1758,552	11	294,365
78	1557,051	35	148,829
79	91,205	19	1367,973
80	656,966	38	0,624
81	872,375	43	760,519
82	398,725	20	991,891
83	436,968	45	1650,644
84	1919,027	8	1514,764
85	822,398	24	277,972
86	1782,519	21	640,909
87	1303,879	24	1063,455
88	467,071	15	1320,793
89	312,031	30	1272,439
90	1323,166	11	178,322
91	1155,47	34	812,477
92	1751,544	16	148,779
93	706,014	38	574,455
94	1565,147	28	1345,077
95	1515,115	14	1569,486
96	92,216	46	629,702
97	442,944	21	257,338
98	1936,683	19	1152,539
99	555,804	33	347,404
100	1155,573	41	74,309

#machId jobPred jobSucc setupTime
1	5	6	1,609
1	5	7	1,877
1	5	11	7,134
1	5	12	2,131
1	5	16	1,817
1	5	27	4,811
1	5	35	3,874
1	5	46	9,924
1	5	47	3,514
1	5	49	2,147
1	5	53	7,854
1	5	54	1,161
1	5	59	3,489
1	5	72	1,54
1	5	74	4,203
1	5	76	40,742
1	6	5	10,605
1	6	7	14,358
1	6	11	8,391
1	6	12	13,44
1	6	16	1,56
1	6	27	1,44
1	6	35	3,868
1	6	46	3,268
1	6	47	1,417
1	6	49	8,419
1	6	53	10,326
1	6	54	3,957
1	6	59	3,191
1	6	72	1,164
1	6	74	2,103
1	6	76	1,272
1	7	5	4,968
1	7	6	9,377
1	7	11	1,362
1	7	12	6,353
1	7	16	4,451
1	7	27	3,032
1	7	35	4,781
1	7	46	5,269
1	7	47	1,83
1	7	49	4,903
1	7	53	1,322
1	7	54	16,538
1	7	59	13,968
1	7	72	3,229
1	7	74	2,052
1	7	76	7,636
1	11	5	0,989
1	11	6	14,261
1	11	7	22,211
1	11	12	3,722
1	11	16	3,027
1	11	27	18,096
1	11	35	2,916
1	11	46	19,647
1	11	47	5,891
1	11	49	11,853
1	11	53	0,544
1	11	54	1,594
1	11	59	13,375
1	11	72	1,77
1	11	74	5,966
1	11	76	10,077
1	12	5	5,334
1	12	6	3,4
1	12	7	9,134
1	12	11	7,603
1	12	16	1,292
1	12	27	1,06
1	12	35	5,743
1	12	46	7,994
1	12	47	3,873
1	12	49	17,82
1	12	53	21,512
1	12	54	5,864
1	12	59	6,399
1	12	72	9,115
1	12	74	0,975
1	12	76	4,551
1	16	5	13,705
1	16	6	18,284
1	16	7	4,996
1	16	11	19,215
1	16	12	8,028
1	16	27	4,764
1	16	35	5,104
1	16	46	3,274
1	16	47	22,477
1	16	49	2,28
1	16	53	1,409
1	16	54	8,235
1	16	59	1,258
1	16	72	0,805
1	16	74	1,35
1	16	76	11,271
1	27	5	13,719
1	27	6	5,135
1	27	7	3,93
1	27	11	3
1	27	12	7,934
1	27	16	0,931
1	27	35	4,34
1	27	46	12,37
1	27	47	4,204
1	27	49	2,463
1	27	53	3,503
1	27	54	1,196
1	27	59	4,31
1	27	72	4,077
1	27	74	1,621
1	27	76	4,923
1	35	5	1,004
1	35	6	7,691
1	35	7	1,482
1	35	11	0,564
1	35	12	16,066
1	35	16	1,849
1	35	27	16,044
1	35	46	0,716
1	35	47	1,212
1	35	49	3,248
1	35	53	1,286
1	35	54	0,56
1	35	59	7,323
1	35	72	12,802
1	35	74	6,257
1	35	76	0,634
1	46	5	7,162
1	46	6	18,562
1	46	7	2,408
1	46	11	8,424
1	46	12	2,307
1	46	16	13,31
1	46	27	2,818
1	46	35	24,272
1	46	47	2,907
1	46	49	3,698
1	46	53	6,688
1	46	54	1,376
1	46	59	1,009
1	46	72	0,738
1	46	74	1,424
1	46	76	1,738
1	47	5	0,728
1	47	6	1,883
1	47	7	8,889
1	47	11	10,656
1	47	12	3,224
1	47	16	5,142
1	47	27	1,426
1	47	35	23,335
1	47	46	7,431
1	47	49	7,53
1	47	53	2,914
1	47	54	0,503
1	47	59	6,216
1	47	72	2,485
1	47	74	0,918
1	47	76	2,434
1	49	5	2,06
1	49	6	2,533
1	49	7	26,313
1	49	11	0,643
1	49	12	4,773
1	49	16	6,508
1	49	27	1,258
1	49	35	14,059
1	49	46	3,584
1	49	47	9,586
1	49	53	1,956
1	49	54	8,707
1	49	59	5,017
1	49	72	4,224
1	49	74	2,698
1	49	76	17,145
1	53	5	6,168
1	53	6	3,544
1	53	7	2,769
1	53	11	4,499
1	53	12	0,782
1	53	16	8,341
1	53	27	2,599
1	53	35	12,214
1	53	46	53,321
1	53	47	3,96
1	53	49	3,933
1	53	54	1,069
1	53	59	0,522
1	53	72	1,935
1	53	74	2,847
1	53	76	3,132
1	54	5	4,404
1	54	6	1,026
1	54	7	0,748
1	54	11	1,022
1	54	12	0,694
1	54	16	0,653
1	54	27	1,569
1	54	35	8,34
1	54	46	3,074
1	54	47	13,113
1	54	49	3,836
1	54	53	6,86
1	54	59	1,212
1	54	72	3,218
1	54	74	18,691
1	54	76	4,432
1	59	5	5,739
1	59	6	3,428
1	59	7	1,542
1	59	11	1,175
1	59	12	9,247
1	59	16	4,193
1	59	27	1,642
1	59	35	1,339
1	59	46	4,371
1	59	47	2,966
1	59	49	2,238
1	59	53	1,422
1	59	54	11,437
1	59	72	9,331
1	59	74	1,072
1	59	76	2,511
1	72	5	3,47
1	72	6	6,237
1	72	7	3,486
1	72	11	1,106
1	72	12	1,743
1	72	16	7,04
1	72	27	15,884
1	72	35	1,844
1	72	46	20,428
1	72	47	5,478
1	72	49	3,361
1	72	53	5,994
1	72	54	24,003
1	72	59	22,426
1	72	74	1,506
1	72	76	3,297
1	74	5	14,817
1	74	6	1,16
1	74	7	1,805
1	74	11	8,416
1	74	12	11,456
1	74	16	10,519
1	74	27	1,958
1	74	35	1,597
1	74	46	3,865
1	74	47	34,752
1	74	49	3,377
1	74	53	12,033
1	74	54	4,377
1	74	59	0,948
1	74	72	24,705
1	74	76	2,065
1	76	5	24,193
1	76	6	2,742
1	76	7	0,615
1	76	11	0,794
1	76	12	4,077
1	76	16	1,376
1	76	27	6,72
1	76	35	3,759
1	76	46	1,228
1	76	47	0,708
1	76	49	1,575
1	76	53	2,999
1	76	54	3,017
1	76	59	5,05
1	76	72	0,569
1	76	74	5,526
2	3	4	7,12
2	3	5	17,333
2	3	8	5,308
2	3	12	6,996
2	3	13	3,847
2	3	25	3,275
2	3	29	1,469
2	3	32	2,18
2	3	33	4,377
2	3	37	27,208
2	3	40	5,231
2	3	42	11,879
2	3	48	4,765
2	3	51	2,586
2	3	55	5,616
2	3	57	11,707
2	3	60	3,577
2	3	62	9,289
2	3	63	9,586
2	3	71	4,056
2	3	77	5,337
2	3	79	1,723
2	3	91	1,212
2	3	96	3,472
2	3	99	15,644
2	4	3	8,708
2	4	5	6,581
2	4	8	6,576
2	4	12	17,436
2	4	13	9,775
2	4	25	1,524
2	4	29	7,38
2	4	32	2,293
2	4	33	20,694
2	4	37	5,745
2	4	40	38,75
2	4	42	4,94
2	4	48	1,253
2	4	51	3,168
2	4	55	2,603
2	4	57	2,698
2	4	60	16,774
2	4	62	0,675
2	4	63	1,561
2	4	71	2,132
2	4	77	19,757
2	4	79	2,588
2	4	91	3,868
2	4	96	0,701
2	4	99	8,979
2	5	3	0,641
2	5	4	3,058
2	5	8	9,334
2	5	12	3,63
2	5	13	8,485
2	5	25	7,546
2	5	29	1,444
2	5	32	4,219
2	5	33	15,812
2	5	37	6,143
2	5	40	3,099
2	5	42	29,128
2	5	48	3,624
2	5	51	0,877
2	5	55	13,815
2	5	57	9,811
2	5	60	0,67
2	5	62	4,656
2	5	63	21,747
2	5	71	0,733
2	5	77	3,534
2	5	79	9,892
2	5	91	25,045
2	5	96	1,324
2	5	99	1,435
2	8	3	10,693
2	8	4	14,973
2	8	5	1,597
2	8	12	1,627
2	8	13	1,02
2	8	25	2,432
2	8	29	3,514
2	8	32	0,65
2	8	33	1,065
2	8	37	7,636
2	8	40	13,111
2	8	42	11,126
2	8	48	41,364
2	8	51	5,743
2	8	55	19,785
2	8	57	4,878
2	8	60	8,202
2	8	62	5,215
2	8	63	18,826
2	8	71	5,218
2	8	77	23,672
2	8	79	2,461
2	8	91	2,942
2	8	96	3,715
2	8	99	3,369
2	12	3	7,721
2	12	4	2,976
2	12	5	8,366
2	12	8	2,641
2	12	13	2,849
2	12	25	0,561
2	12	29	4,323
2	12	32	4,887
2	12	33	9,873
2	12	37	9,446
2	12	40	15,837
2	12	42	11,132
2	12	48	2,937
2	12	51	1,786
2	12	55	5,746
2	12	57	0,872
2	12	60	1,292
2	12	62	14,606
2	12	63	5,984
2	12	71	4,586
2	12	77	2,5
2	12	79	2,693
2	12	91	14,411
2	12	96	0,558
2	12	99	3,327
2	13	3	1,004
2	13	4	6,571
2	13	5	1,684
2	13	8	14,889
2	13	12	3,965
2	13	25	1,008
2	13	29	2,643
2	13	32	5,712
2	13	33	4,378
2	13	37	5,283
2	13	40	7,122
2	13	42	6,164
2	13	48	0,956
2	13	51	0,962
2	13	55	15,113
2	13	57	2,874
2	13	60	4,079
2	13	62	0,584
2	13	63	4,393
2	13	71	6,214
2	13	77	14,864
2	13	79	3,682
2	13	91	1,529
2	13	96	7,004
2	13	99	2,362
2	25	3	10,671
2	25	4	2,063
2	25	5	2,945
2	25	8	6,469
2	25	12	17,695
2	25	13	1,813
2	25	29	6,506
2	25	32	0,635
2	25	33	22,654
2	25	37	1,899
2	25	40	2,758
2	25	42	0,642
2	25	48	11,175
2	25	51	3,769
2	25	55	2,777
2	25	57	1,868
2	25	60	6,327
2	25	62	1,784
2	25	63	1,259
2	25	71	1,659
2	25	77	1,229
2	25	79	1,602
2	25	91	3,12
2	25	96	3,35
2	25	99	1,165
2	29	3	14,595
2	29	4	12,19
2	29	5	7,561
2	29	8	2,589
2	29	12	11,009
2	29	13	8,526
2	29	25	9,825
2	29	32	0,864
2	29	33	2,614
2	29	37	1,831
2	29	40	5,246
2	29	42	5,267
2	29	48	7,302
2	29	51	1,678
2	29	55	5,545
2	29	57	1,829
2	29	60	3,05
2	29	62	2,56
2	29	63	1,287
2	29	71	1,348
2	29	77	7,102
2	29	79	27,945
2	29	91	0,85
2	29	96	5,183
2	29	99	2,268
2	32	3	5,813
2	32	4	9,54
2	32	5	14,3
2	32	8	2,73
2	32	12	9,011
2	32	13	1,978
2	32	25	6,988
2	32	29	4,517
2	32	33	9,491
2	32	37	3,296
2	32	40	0,968
2	32	42	6,443
2	32	48	2,673
2	32	51	1,504
2	32	55	2,841
2	32	57	3,341
2	32	60	3,289
2	32	62	2,321
2	32	63	6,483
2	32	71	26,469
2	32	77	25,377
2	32	79	3,359
2	32	91	4,734
2	32	96	1,534
2	32	99	18,573
2	33	3	1,567
2	33	4	0,868
2	33	5	0,919
2	33	8	20,998
2	33	12	8,998
2	33	13	5,274
2	33	25	1,02
2	33	29	2,657
2	33	32	1,971
2	33	37	6,339
2	33	40	6,535
2	33	42	18,97
2	33	48	9,256
2	33	51	8,2
2	33	55	15,391
2	33	57	4,808
2	33	60	1,523
2	33	62	4,919
2	33	63	6,638
2	33	71	2,907
2	33	77	6,478
2	33	79	4,385
2	33	91	39,335
2	33	96	5,628
2	33	99	0,963
2	37	3	10,154
2	37	4	3,331
2	37	5	1,046
2	37	8	7,374
2	37	12	8,439
2	37	13	7,98
2	37	25	3,599
2	37	29	6,241
2	37	32	0,754
2	37	33	4,22
2	37	40	11,771
2	37	42	13,857
2	37	48	2,065
2	37	51	0,534
2	37	55	11,244
2	37	57	9,627
2	37	60	1,4
2	37	62	4,059
2	37	63	7,711
2	37	71	4,309
2	37	77	0,827
2	37	79	1,22
2	37	91	1,01
2	37	96	13,207
2	37	99	1,428
2	40	3	7,513
2	40	4	13,16
2	40	5	1,52
2	40	8	0,717
2	40	12	9,407
2	40	13	6,649
2	40	25	3,276
2	40	29	14,198
2	40	32	5,112
2	40	33	0,547
2	40	37	8,186
2	40	42	50,789
2	40	48	4,421
2	40	51	1,964
2	40	55	8,092
2	40	57	3,968
2	40	60	30,658
2	40	62	2,561
2	40	63	4,241
2	40	71	7,648
2	40	77	5,214
2	40	79	2,876
2	40	91	1,81
2	40	96	0,646
2	40	99	9,276
2	42	3	3,018
2	42	4	0,559
2	42	5	10,019
2	42	8	1,09
2	42	12	0,536
2	42	13	1,716
2	42	25	11,656
2	42	29	2,297
2	42	32	5,173
2	42	33	3,347
2	42	37	12,559
2	42	40	11,028
2	42	48	3,849
2	42	51	4,986
2	42	55	3,232
2	42	57	3,243
2	42	60	3,64
2	42	62	19,328
2	42	63	25,414
2	42	71	4,243
2	42	77	5,373
2	42	79	6,141
2	42	91	11,03
2	42	96	2,348
2	42	99	3,919
2	48	3	17,979
2	48	4	43,624
2	48	5	12,628
2	48	8	4,342
2	48	12	6,866
2	48	13	2,006
2	48	25	12,85
2	48	29	2,885
2	48	32	3,172
2	48	33	4,531
2	48	37	7,382
2	48	40	5,775
2	48	42	5,994
2	48	51	2,35
2	48	55	1,322
2	48	57	2,51
2	48	60	9,522
2	48	62	0,862
2	48	63	11,35
2	48	71	1,263
2	48	77	6,146
2	48	79	1,562
2	48	91	2,223
2	48	96	2,886
2	48	99	5,728
2	51	3	2,911
2	51	4	3,025
2	51	5	11,359
2	51	8	2,54
2	51	12	19,478
2	51	13	1,41
2	51	25	14,171
2	51	29	14,037
2	51	32	0,867
2	51	33	18,037
2	51	37	4,659
2	51	40	7,625
2	51	42	4,498
2	51	48	4,717
2	51	55	5,847
2	51	57	2,293
2	51	60	2,134
2	51	62	2,851
2	51	63	2,371
2	51	71	0,577
2	51	77	1,41
2	51	79	15,807
2	51	91	2,779
2	51	96	0,743
2	51	99	3,275
2	55	3	6,625
2	55	4	7,195
2	55	5	17,774
2	55	8	8,049
2	55	12	9,921
2	55	13	7,181
2	55	25	4,247
2	55	29	19,049
2	55	32	3,019
2	55	33	5,815
2	55	37	2,322
2	55	40	0,516
2	55	42	7,956
2	55	48	5,749
2	55	51	6,859
2	55	57	7,729
2	55	60	16,222
2	55	62	1,933
2	55	63	23,552
2	55	71	8,339
2	55	77	1,272
2	55	79	6,818
2	55	91	1,372
2	55	96	1,958
2	55	99	21,341
2	57	3	6,085
2	57	4	5,676
2	57	5	3,352
2	57	8	2,711
2	57	12	40,146
2	57	13	1,878
2	57	25	6,96
2	57	29	2,921
2	57	32	0,912
2	57	33	10,547
2	57	37	4,64
2	57	40	3,996
2	57	42	13,941
2	57	48	16,427
2	57	51	18,959
2	57	55	5,053
2	57	60	11,728
2	57	62	13,602
2	57	63	7,649
2	57	71	4,481
2	57	77	5,769
2	57	79	4,863
2	57	91	2,35
2	57	96	2,115
2	57	99	5,301
2	60	3	0,984
2	60	4	0,74
2	60	5	2,591
2	60	8	2,92
2	60	12	4,138
2	60	13	1,331
2	60	25	6,443
2	60	29	5,328
2	60	32	0,918
2	60	33	3,295
2	60	37	6,603
2	60	40	0,823
2	60	42	3,203
2	60	48	2,323
2	60	51	10,088
2	60	55	0,991
2	60	57	4,192
2	60	62	4,082
2	60	63	7,383
2	60	71	4,396
2	60	77	4,646
2	60	79	0,844
2	60	91	0,623
2	60	96	7,832
2	60	99	0,639
2	62	3	1,274
2	62	4	29,82
2	62	5	1,16
2	62	8	5,715
2	62	12	5,164
2	62	13	4,455
2	62	25	7,413
2	62	29	24,091
2	62	32	9,325
2	62	33	19,812
2	62	37	9,308
2	62	40	2,805
2	62	42	19,074
2	62	48	3,939
2	62	51	6,06
2	62	55	3,589
2	62	57	11,354
2	62	60	4,856
2	62	63	4,947
2	62	71	0,779
2	62	77	2,332
2	62	79	2,603
2	62	91	5,27
2	62	96	4,362
2	62	99	4,13
2	63	3	5,059
2	63	4	1,46
2	63	5	0,656
2	63	8	0,83
2	63	12	1,423
2	63	13	1,02
2	63	25	8,887
2	63	29	8,143
2	63	32	6,509
2	63	33	2,124
2	63	37	0,811
2	63	40	3,593
2	63	42	3,259
2	63	48	12,477
2	63	51	8,237
2	63	55	19,85
2	63	57	1,193
2	63	60	4,225
2	63	62	0,537
2	63	71	23,004
2	63	77	5,949
2	63	79	1,869
2	63	91	10,84
2	63	96	4,84
2	63	99	5,681
2	71	3	3,082
2	71	4	49,089
2	71	5	2,903
2	71	8	10,146
2	71	12	18,769
2	71	13	0,97
2	71	25	17,273
2	71	29	7,6
2	71	32	13,263
2	71	33	0,634
2	71	37	2,69
2	71	40	8,233
2	71	42	6,75
2	71	48	1,504
2	71	51	1,725
2	71	55	17,131
2	71	57	3,316
2	71	60	4,741
2	71	62	1,758
2	71	63	12,06
2	71	77	3,152
2	71	79	5,001
2	71	91	4,442
2	71	96	19,645
2	71	99	6,921
2	77	3	3,362
2	77	4	9,328
2	77	5	14,796
2	77	8	0,814
2	77	12	4,619
2	77	13	34,937
2	77	25	17,087
2	77	29	6,043
2	77	32	6,424
2	77	33	7,593
2	77	37	6,906
2	77	40	7,288
2	77	42	1,413
2	77	48	5,642
2	77	51	1,399
2	77	55	1,881
2	77	57	2,969
2	77	60	7,402
2	77	62	2,251
2	77	63	5,646
2	77	71	1,038
2	77	79	3,319
2	77	91	2,727
2	77	96	18,86
2	77	99	9,4
2	79	3	15,996
2	79	4	2,181
2	79	5	2,145
2	79	8	2,382
2	79	12	14,843
2	79	13	5,94
2	79	25	1,542
2	79	29	20,402
2	79	32	3,273
2	79	33	1,25
2	79	37	8,466
2	79	40	10,803
2	79	42	3,893
2	79	48	4,889
2	79	51	2,917
2	79	55	4,5
2	79	57	4,879
2	79	60	1,579
2	79	62	16,567
2	79	63	0,505
2	79	71	6,326
2	79	77	3,666
2	79	91	7,211
2	79	96	7,359
2	79	99	7,786
2	91	3	1,851
2	91	4	5,488
2	91	5	8,128
2	91	8	7,307
2	91	12	6,582
2	91	13	15,455
2	91	25	7,899
2	91	29	16,99
2	91	32	1,579
2	91	33	1,985
2	91	37	13,063
2	91	40	6,67
2	91	42	0,738
2	91	48	12,688
2	91	51	7,471
2	91	55	1,059
2	91	57	2,443
2	91	60	2,529
2	91	62	2,336
2	91	63	17,88
2	91	71	0,536
2	91	77	5,423
2	91	79	2,69
2	91	96	3,968
2	91	99	1,9
2	96	3	1,594
2	96	4	8,19
2	96	5	6,643
2	96	8	5,856
2	96	12	0,777
2	96	13	8,297
2	96	25	1,462
2	96	29	2,955
2	96	32	23,8
2	96	33	0,797
2	96	37	3,807
2	96	40	5,192
2	96	42	1,997
2	96	48	5,167
2	96	51	4,994
2	96	55	0,987
2	96	57	3,652
2	96	60	15,203
2	96	62	10,969
2	96	63	1,425
2	96	71	5,942
2	96	77	3,283
2	96	79	10,994
2	96	91	13,85
2	96	99	1,518
2	99	3	3,302
2	99	4	0,59
2	99	5	4,302
2	99	8	6,005
2	99	12	1,878
2	99	13	4,339
2	99	25	1,358
2	99	29	1,01
2	99	32	5,509
2	99	33	6,557
2	99	37	4,489
2	99	40	8,354
2	99	42	0,894
2	99	48	2,685
2	99	51	11,326
2	99	55	17,48
2	99	57	20,207
2	99	60	2,195
2	99	62	9,297
2	99	63	2,089
2	99	71	2,278
2	99	77	5,713
2	99	79	8,309
2	99	91	3,642
2	99	96	6,699
3	5	9	3,146
3	5	20	2,945
3	5	32	4,037
3	5	38	10,614
3	5	45	3,943
3	5	46	1,186
3	5	50	1,9
3	5	51	15,191
3	5	62	4,747
3	5	63	1,112
3	5	72	1,466
3	5	75	1,398
3	5	78	1,54
3	5	81	4,704
3	5	83	0,874
3	5	85	3,582
3	5	87	1,346
3	5	88	13,401
3	5	90	1,593
3	5	91	1,01
3	5	99	7,415
3	5	100	3,62
3	9	5	2,702
3	9	20	4,701
3	9	32	3,381
3	9	38	5,579
3	9	45	15,514
3	9	46	7,777
3	9	50	2,61
3	9	51	4,788
3	9	62	8,064
3	9	63	1,293
3	9	72	1,694
3	9	75	6,702
3	9	78	0,936
3	9	81	9
3	9	83	4,221
3	9	85	12,572
3	9	87	2,097
3	9	88	12,698
3	9	90	1,84
3	9	91	0,585
3	9	99	2,772
3	9	100	3,276
3	20	5	1,931
3	20	9	1,253
3	20	32	7,339
3	20	38	2,223
3	20	45	3,624
3	20	46	3,527
3	20	50	10,009
3	20	51	5,153
3	20	62	0,602
3	20	63	2,95
3	20	72	1,909
3	20	75	3,638
3	20	78	2,359
3	20	81	4,327
3	20	83	3,085
3	20	85	1,587
3	20	87	3,385
3	20	88	0,727
3	20	90	2,595
3	20	91	5,61
3	20	99	10,941
3	20	100	1,412
3	32	5	1,086
3	32	9	14,996
3	32	20	2,583
3	32	38	2,123
3	32	45	1,787
3	32	46	10,559
3	32	50	8,531
3	32	51	8,091
3	32	62	12,749
3	32	63	17,189
3	32	72	7,879
3	32	75	1,142
3	32	78	1,787
3	32	81	6,186
3	32	83	7,364
3	32	85	27,272
3	32	87	23,822
3	32	88	7,138
3	32	90	16,648
3	32	91	4,634
3	32	99	5,6
3	32	100	3,377
3	38	5	9,827
3	38	9	1,301
3	38	20	0,558
3	38	32	2,059
3	38	45	6,049
3	38	46	6,006
3	38	50	1,905
3	38	51	8,548
3	38	62	3,504
3	38	63	2,779
3	38	72	5,771
3	38	75	1,282
3	38	78	6,417
3	38	81	18,811
3	38	83	14,715
3	38	85	26,409
3	38	87	3,211
3	38	88	3,188
3	38	90	4,754
3	38	91	2,148
3	38	99	33,561
3	38	100	0,749
3	45	5	3,911
3	45	9	7,72
3	45	20	9,38
3	45	32	14,354
3	45	38	9,828
3	45	46	1,77
3	45	50	9,881
3	45	51	2,693
3	45	62	9,496
3	45	63	4,318
3	45	72	5,666
3	45	75	15,384
3	45	78	2,659
3	45	81	1,109
3	45	83	7,825
3	45	85	27,877
3	45	87	1,057
3	45	88	1,702
3	45	90	0,88
3	45	91	4,96
3	45	99	7,662
3	45	100	9,49
3	46	5	0,953
3	46	9	4,088
3	46	20	2,587
3	46	32	1,582
3	46	38	0,939
3	46	45	9,501
3	46	50	4,052
3	46	51	13,169
3	46	62	9,127
3	46	63	13,989
3	46	72	3,846
3	46	75	4,961
3	46	78	2,228
3	46	81	1,404
3	46	83	2,966
3	46	85	2,444
3	46	87	2,082
3	46	88	12,063
3	46	90	39,958
3	46	91	3,772
3	46	99	1,628
3	46	100	19,906
3	50	5	21,533
3	50	9	9,524
3	50	20	12,291
3	50	32	2,015
3	50	38	4,037
3	50	45	4,292
3	50	46	1,599
3	50	51	9,474
3	50	62	13,51
3	50	63	7,529
3	50	72	7,94
3	50	75	1,474
3	50	78	16,567
3	50	81	2,535
3	50	83	6,914
3	50	85	1,928
3	50	87	1,896
3	50	88	1,009
3	50	90	2,288
3	50	91	1,618
3	50	99	1,932
3	50	100	8,822
3	51	5	3,873
3	51	9	3,334
3	51	20	2,135
3	51	32	9,903
3	51	38	1,697
3	51	45	2,782
3	51	46	5,819
3	51	50	2,972
3	51	62	17,15
3	51	63	15,366
3	51	72	1,235
3	51	75	6,822
3	51	78	2,718
3	51	81	23,276
3	51	83	19,085
3	51	85	2,968
3	51	87	9,503
3	51	88	0,828
3	51	90	13,375
3	51	91	3,922
3	51	99	3,366
3	51	100	2,817
3	62	5	1,292
3	62	9	13,457
3	62	20	4,331
3	62	32	1,638
3	62	38	10,068
3	62	45	8,84
3	62	46	2,283
3	62	50	1,912
3	62	51	1,909
3	62	63	1,12
3	62	72	30,76
3	62	75	5,997
3	62	78	1,749
3	62	81	7,227
3	62	83	0,806
3	62	85	12,168
3	62	87	5,647
3	62	88	5,144
3	62	90	3,365
3	62	91	4,512
3	62	99	3,237
3	62	100	1,744
3	63	5	4,451
3	63	9	7,125
3	63	20	4,496
3	63	32	2,026
3	63	38	0,872
3	63	45	13,971
3	63	46	0,806
3	63	50	10,121
3	63	51	16,285
3	63	62	6,568
3	63	72	6,23
3	63	75	15,234
3	63	78	1,274
3	63	81	5,103
3	63	83	2,169
3	63	85	1,825
3	63	87	1,207
3	63	88	10,874
3	63	90	7,516
3	63	91	6,755
3	63	99	1,592
3	63	100	13,532
3	72	5	14,916
3	72	9	5,617
3	72	20	1,352
3	72	32	3,383
3	72	38	36,268
3	72	45	6,456
3	72	46	6,279
3	72	50	0,74
3	72	51	17,117
3	72	62	2,916
3	72	63	4,498
3	72	75	7,007
3	72	78	7,711
3	72	81	3,262
3	72	83	2,747
3	72	85	1,612
3	72	87	17,027
3	72	88	5,37
3	72	90	25,78
3	72	91	1,237
3	72	99	2,995
3	72	100	2,779
3	75	5	7,003
3	75	9	0,587
3	75	20	3,982
3	75	32	6,158
3	75	38	12,922
3	75	45	2,858
3	75	46	0,927
3	75	50	1,354
3	75	51	0,572
3	75	62	0,756
3	75	63	6,37
3	75	72	9,029
3	75	78	5,918
3	75	81	21,978
3	75	83	11,42
3	75	85	16,27
3	75	87	1,774
3	75	88	0,719
3	75	90	1,254
3	75	91	18,054
3	75	99	3,886
3	75	100	4,728
3	78	5	7,13
3	78	9	2,413
3	78	20	4,936
3	78	32	11,464
3	78	38	9,449
3	78	45	6,3
3	78	46	2,906
3	78	50	13,726
3	78	51	8,941
3	78	62	3,042
3	78	63	6,846
3	78	72	1,291
3	78	75	11,235
3	78	81	12,641
3	78	83	0,858
3	78	85	3,649
3	78	87	7,599
3	78	88	15,508
3	78	90	3,011
3	78	91	6,985
3	78	99	6,629
3	78	100	14,447
3	81	5	8,487
3	81	9	1,903
3	81	20	0,526
3	81	32	11,492
3	81	38	5,624
3	81	45	6,608
3	81	46	1,029
3	81	50	2,142
3	81	51	2,139
3	81	62	2,423
3	81	63	0,541
3	81	72	7,904
3	81	75	4,367
3	81	78	3,582
3	81	83	7,832
3	81	85	7,512
3	81	87	9,075
3	81	88	17,734
3	81	90	2,666
3	81	91	1,161
3	81	99	5,549
3	81	100	0,905
3	83	5	9,177
3	83	9	2,36
3	83	20	5,628
3	83	32	3,76
3	83	38	2,09
3	83	45	8,712
3	83	46	13,248
3	83	50	1,778
3	83	51	7,49
3	83	62	2,712
3	83	63	3,856
3	83	72	2,022
3	83	75	6,938
3	83	78	6,608
3	83	81	5,676
3	83	85	8,563
3	83	87	14,298
3	83	88	1,343
3	83	90	1,753
3	83	91	2,455
3	83	99	1,791
3	83	100	12,362
3	85	5	5,824
3	85	9	2,871
3	85	20	18,208
3	85	32	1,847
3	85	38	0,742
3	85	45	0,994
3	85	46	6,366
3	85	50	0,93
3	85	51	0,662
3	85	62	2,736
3	85	63	9,839
3	85	72	13,611
3	85	75	1,442
3	85	78	2,395
3	85	81	6,17
3	85	83	7,861
3	85	87	6,983
3	85	88	1,12
3	85	90	6,897
3	85	91	1,509
3	85	99	1,362
3	85	100	5,379
3	87	5	1
3	87	9	22,266
3	87	20	5,573
3	87	32	0,507
3	87	38	3,551
3	87	45	3,515
3	87	46	2,193
3	87	50	12,266
3	87	51	2,553
3	87	62	0,613
3	87	63	3,407
3	87	72	4,959
3	87	75	3,866
3	87	78	14,156
3	87	81	1,461
3	87	83	8,138
3	87	85	4,906
3	87	88	5,776
3	87	90	6,217
3	87	91	3,629
3	87	99	2,445
3	87	100	2,15
3	88	5	5,641
3	88	9	2,076
3	88	20	9,277
3	88	32	6,875
3	88	38	0,917
3	88	45	2,807
3	88	46	2,935
3	88	50	1,57
3	88	51	11,399
3	88	62	7,617
3	88	63	1,986
3	88	72	17,655
3	88	75	0,739
3	88	78	7,355
3	88	81	8,614
3	88	83	3,657
3	88	85	1,259
3	88	87	0,61
3	88	90	2,425
3	88	91	5,809
3	88	99	6,812
3	88	100	6,016
3	90	5	9,269
3	90	9	13,741
3	90	20	4,039
3	90	32	0,83
3	90	38	1,267
3	90	45	3,903
3	90	46	7,225
3	90	50	26,371
3	90	51	1,273
3	90	62	1,724
3	90	63	3,32
3	90	72	5,063
3	90	75	2,6
3	90	78	8,305
3	90	81	50,304
3	90	83	3,369
3	90	85	1,046
3	90	87	2,972
3	90	88	7,886
3	90	91	1,595
3	90	99	0,827
3	90	100	3,599
3	91	5	3,157
3	91	9	1,289
3	91	20	14,143
3	91	32	1,66
3	91	38	5,227
3	91	45	2,442
3	91	46	2,899
3	91	50	24,84
3	91	51	6,437
3	91	62	7,248
3	91	63	9,145
3	91	72	9,312
3	91	75	8,346
3	91	78	3,707
3	91	81	10,985
3	91	83	14,291
3	91	85	2,815
3	91	87	1,222
3	91	88	1,783
3	91	90	0,918
3	91	99	1,608
3	91	100	14,149
3	99	5	16,813
3	99	9	9,014
3	99	20	3,58
3	99	32	7,586
3	99	38	0,78
3	99	45	1,528
3	99	46	2,943
3	99	50	3,738
3	99	51	0,507
3	99	62	10,833
3	99	63	9,148
3	99	72	6,445
3	99	75	2,024
3	99	78	15,432
3	99	81	0,582
3	99	83	5,13
3	99	85	1,079
3	99	87	4,782
3	99	88	0,95
3	99	90	2,427
3	99	91	1,254
3	99	100	5,721
3	100	5	3,627
3	100	9	10,492
3	100	20	1,094
3	100	32	4,962
3	100	38	16,793
3	100	45	6,476
3	100	46	7,69
3	100	50	1,082
3	100	51	1,366
3	100	62	20,184
3	100	63	1,154
3	100	72	2,32
3	100	75	1,271
3	100	78	21,659
3	100	81	1,456
3	100	83	5,585
3	100	85	0,704
3	100	87	2,517
3	100	88	26,159
3	100	90	36,866
3	100	91	5,461
3	100	99	1,034
4	8	21	7,355
4	8	23	6,627
4	8	26	32,408
4	8	30	5,918
4	8	37	24,98
4	8	44	4,952
4	8	50	3,785
4	8	68	3,335
4	8	75	0,899
4	8	81	5,051
4	8	82	5,158
4	8	84	2,006
4	8	90	7,599
4	8	94	6,576
4	8	99	5,915
4	21	8	2,601
4	21	23	0,814
4	21	26	2,504
4	21	30	3,355
4	21	37	16,188
4	21	44	3,653
4	21	50	12,959
4	21	68	3,601
4	21	75	0,822
4	21	81	22,658
4	21	82	15,303
4	21	84	2,292
4	21	90	3,029
4	21	94	0,56
4	21	99	2,81
4	23	8	0,528
4	23	21	14,674
4	23	26	3,046
4	23	30	1,864
4	23	37	4,294
4	23	44	6,078
4	23	50	7,864
4	23	68	3,587
4	23	75	17,4
4	23	81	2,416
4	23	82	4,743
4	23	84	10,366
4	23	90	0,837
4	23	94	34,251
4	23	99	25,41
4	26	8	12,648
4	26	21	5,008
4	26	23	4,263
4	26	30	1,535
4	26	37	23,27
4	26	44	10,073
4	26	50	6,827
4	26	68	2,643
4	26	75	1,845
4	26	81	9,759
4	26	82	21,862
4	26	84	6,112
4	26	90	12,261
4	26	94	0,643
4	26	99	18,5
4	30	8	2,323
4	30	21	1,229
4	30	23	6,58
4	30	26	5,839
4	30	37	5,121
4	30	44	2,535
4	30	50	17,645
4	30	68	13,17
4	30	75	10,461
4	30	81	2,715
4	30	82	1,397
4	30	84	0,695
4	30	90	3,815
4	30	94	11,633
4	30	99	6,696
4	37	8	5,213
4	37	21	17,063
4	37	23	12,677
4	37	26	10,89
4	37	30	9,308
4	37	44	1,214
4	37	50	6,594
4	37	68	5,179
4	37	75	1,525
4	37	81	9,533
4	37	82	7,371
4	37	84	14,785
4	37	90	11,489
4	37	94	2,899
4	37	99	6,059
4	44	8	2,473
4	44	21	4,717
4	44	23	2,138
4	44	26	1,259
4	44	30	2,238
4	44	37	8,536
4	44	50	5,539
4	44	68	1,67
4	44	75	1,102
4	44	81	4,614
4	44	82	5,394
4	44	84	1,078
4	44	90	2,252
4	44	94	0,689
4	44	99	1,23
4	50	8	0,795
4	50	21	22,015
4	50	23	12,73
4	50	26	4,215
4	50	30	7,341
4	50	37	8,952
4	50	44	1,775
4	50	68	4,663
4	50	75	0,819
4	50	81	3,506
4	50	82	3,407
4	50	84	4,442
4	50	90	2,557
4	50	94	5,936
4	50	99	2,491
4	68	8	2,759
4	68	21	11,193
4	68	23	3,395
4	68	26	2,138
4	68	30	2,359
4	68	37	6,265
4	68	44	3,06
4	68	50	9,479
4	68	75	1,345
4	68	81	12,108
4	68	82	12,278
4	68	84	13,706
4	68	90	17,74
4	68	94	2,291
4	68	99	5,109
4	75	8	9,358
4	75	21	8,894
4	75	23	11,886
4	75	26	3,06
4	75	30	15,362
4	75	37	1,781
4	75	44	3,781
4	75	50	0,889
4	75	68	15,119
4	75	81	2,337
4	75	82	9,944
4	75	84	2,357
4	75	90	4,141
4	75	94	17,942
4	75	99	36,229
4	81	8	6,891
4	81	21	1,373
4	81	23	0,565
4	81	26	2,18
4	81	30	4,101
4	81	37	47,243
4	81	44	12,827
4	81	50	5,477
4	81	68	11,497
4	81	75	2,802
4	81	82	12,491
4	81	84	5,617
4	81	90	1,184
4	81	94	0,78
4	81	99	12,83
4	82	8	0,539
4	82	21	2,359
4	82	23	14,177
4	82	26	1,647
4	82	30	5,878
4	82	37	1,128
4	82	44	7,317
4	82	50	19,131
4	82	68	23,315
4	82	75	15,849
4	82	81	1,728
4	82	84	0,9
4	82	90	9,183
4	82	94	9,161
4	82	99	2,041
4	84	8	2,021
4	84	21	1,364
4	84	23	11,152
4	84	26	5,213
4	84	30	3,218
4	84	37	2,611
4	84	44	6,268
4	84	50	3,719
4	84	68	3,347
4	84	75	6,848
4	84	81	25,073
4	84	82	2,78
4	84	90	5,613
4	84	94	13,569
4	84	99	4,256
4	90	8	0,846
4	90	21	11,019
4	90	23	4,634
4	90	26	8,173
4	90	30	5,815
4	90	37	2,987
4	90	44	5,804
4	90	50	6,335
4	90	68	0,708
4	90	75	36,08
4	90	81	1,462
4	90	82	12,157
4	90	84	1,032
4	90	94	6,691
4	90	99	0,926
4	94	8	1,407
4	94	21	1,1
4	94	23	7,125
4	94	26	17,316
4	94	30	0,755
4	94	37	1,981
4	94	44	4,804
4	94	50	10,424
4	94	68	3,623
4	94	75	2,107
4	94	81	2,342
4	94	82	12,391
4	94	84	1,414
4	94	90	10,051
4	94	99	3,795
4	99	8	3,65
4	99	21	18,883
4	99	23	8,472
4	99	26	2,124
4	99	30	4,057
4	99	37	4,452
4	99	44	3,803
4	99	50	5,023
4	99	68	0,958
4	99	75	2,06
4	99	81	8,879
4	99	82	31,941
4	99	84	1,813
4	99	90	11,981
4	99	94	15,597
5	2	12	12,145
5	2	14	6,289
5	2	15	14,886
5	2	21	3,683
5	2	26	0,602
5	2	28	2,805
5	2	29	7,411
5	2	33	6,348
5	2	42	17,402
5	2	47	1,3
5	2	53	2,905
5	2	61	4,467
5	2	62	5,088
5	2	66	4,347
5	2	67	13,847
5	2	72	9,833
5	2	73	6,061
5	2	76	1,217
5	2	78	2,446
5	2	84	8,414
5	2	85	2,742
5	2	93	0,887
5	2	100	1,315
5	12	2	9,419
5	12	14	2,231
5	12	15	11,363
5	12	21	2,201
5	12	26	13,901
5	12	28	6,508
5	12	29	1,422
5	12	33	2,036
5	12	42	4,872
5	12	47	2,979
5	12	53	2,16
5	12	61	1,359
5	12	62	0,727
5	12	66	3,932
5	12	67	0,709
5	12	72	6,328
5	12	73	10,661
5	12	76	1,478
5	12	78	8,465
5	12	84	1,29
5	12	85	5,328
5	12	93	2,745
5	12	100	7,141
5	14	2	5,246
5	14	12	5,032
5	14	15	1,081
5	14	21	7,821
5	14	26	5,712
5	14	28	5,127
5	14	29	11,009
5	14	33	1,543
5	14	42	4,284
5	14	47	4,302
5	14	53	12,131
5	14	61	9,463
5	14	62	6,746
5	14	66	14,879
5	14	67	15,922
5	14	72	1,268
5	14	73	5,817
5	14	76	6,036
5	14	78	9,184
5	14	84	5,711
5	14	85	7,419
5	14	93	0,97
5	14	100	1,86
5	15	2	1,595
5	15	12	26,298
5	15	14	5,569
5	15	21	4,157
5	15	26	8,938
5	15	28	0,546
5	15	29	2,073
5	15	33	1,209
5	15	42	7,983
5	15	47	1,535
5	15	53	2,928
5	15	61	0,568
5	15	62	1,441
5	15	66	5,262
5	15	67	4,652
5	15	72	3,13
5	15	73	1,944
5	15	76	2,786
5	15	78	1,926
5	15	84	5,289
5	15	85	6,963
5	15	93	6,44
5	15	100	6,634
5	21	2	12,429
5	21	12	4,219
5	21	14	3,749
5	21	15	6,984
5	21	26	3,428
5	21	28	4,157
5	21	29	4,097
5	21	33	5,4
5	21	42	17,26
5	21	47	7,83
5	21	53	12,363
5	21	61	1,903
5	21	62	2,247
5	21	66	12,115
5	21	67	7,778
5	21	72	8,802
5	21	73	11,578
5	21	76	4,518
5	21	78	3,207
5	21	84	1,929
5	21	85	2,028
5	21	93	4,07
5	21	100	16,221
5	26	2	9,763
5	26	12	3,2
5	26	14	1,855
5	26	15	9,898
5	26	21	10,471
5	26	28	9,961
5	26	29	15,801
5	26	33	9,757
5	26	42	1,09
5	26	47	0,555
5	26	53	6,032
5	26	61	7,356
5	26	62	1,771
5	26	66	11,908
5	26	67	11,083
5	26	72	13,538
5	26	73	9,879
5	26	76	6,569
5	26	78	10,244
5	26	84	28,716
5	26	85	7,2
5	26	93	6,727
5	26	100	8,289
5	28	2	3,473
5	28	12	17,911
5	28	14	2,474
5	28	15	5,085
5	28	21	1,278
5	28	26	6,606
5	28	29	12,559
5	28	33	7,63
5	28	42	8,471
5	28	47	5,906
5	28	53	24,609
5	28	61	2,713
5	28	62	6,785
5	28	66	1,869
5	28	67	2,44
5	28	72	2,662
5	28	73	2,422
5	28	76	1,534
5	28	78	0,792
5	28	84	1,332
5	28	85	1,04
5	28	93	3,089
5	28	100	11,22
5	29	2	9,213
5	29	12	4,143
5	29	14	4,485
5	29	15	3,249
5	29	21	6,372
5	29	26	14,934
5	29	28	1,042
5	29	33	0,736
5	29	42	6,001
5	29	47	3,982
5	29	53	0,772
5	29	61	3,795
5	29	62	8,632
5	29	66	1,841
5	29	67	0,751
5	29	72	0,618
5	29	73	3,906
5	29	76	7,074
5	29	78	2,662
5	29	84	11,793
5	29	85	2,339
5	29	93	18,891
5	29	100	7,517
5	33	2	23,299
5	33	12	5,214
5	33	14	2,032
5	33	15	3,194
5	33	21	3,382
5	33	26	14,874
5	33	28	1,226
5	33	29	0,943
5	33	42	4,962
5	33	47	44,81
5	33	53	1,533
5	33	61	1,418
5	33	62	3,465
5	33	66	16,452
5	33	67	7,087
5	33	72	2,668
5	33	73	3,221
5	33	76	7,689
5	33	78	3,601
5	33	84	11,919
5	33	85	0,975
5	33	93	9,908
5	33	100	22,74
5	42	2	2,359
5	42	12	19,373
5	42	14	1,359
5	42	15	1,432
5	42	21	1,972
5	42	26	1,32
5	42	28	17,149
5	42	29	7,035
5	42	33	1,525
5	42	47	1,511
5	42	53	33,685
5	42	61	1,147
5	42	62	21,397
5	42	66	7,242
5	42	67	2,779
5	42	72	0,985
5	42	73	1,748
5	42	76	15,666
5	42	78	4,251
5	42	84	1,696
5	42	85	1,268
5	42	93	1,061
5	42	100	9,244
5	47	2	8,964
5	47	12	8,062
5	47	14	3,543
5	47	15	0,557
5	47	21	20,621
5	47	26	14,96
5	47	28	17,933
5	47	29	7,437
5	47	33	17,761
5	47	42	38,138
5	47	53	1,623
5	47	61	1,233
5	47	62	3,829
5	47	66	12,325
5	47	67	4,04
5	47	72	7,11
5	47	73	3,115
5	47	76	0,981
5	47	78	11,761
5	47	84	1,35
5	47	85	22,35
5	47	93	4,528
5	47	100	51,82
5	53	2	11,94
5	53	12	1,892
5	53	14	1,555
5	53	15	6,263
5	53	21	11,636
5	53	26	6,99
5	53	28	7
5	53	29	13,18
5	53	33	13,442
5	53	42	10,476
5	53	47	3,346
5	53	61	1,747
5	53	62	8,022
5	53	66	4,533
5	53	67	1,717
5	53	72	18,227
5	53	73	9,365
5	53	76	4,705
5	53	78	0,562
5	53	84	7,29
5	53	85	11,363
5	53	93	0,932
5	53	100	1,715
5	61	2	4,615
5	61	12	4,004
5	61	14	23,518
5	61	15	5,531
5	61	21	2,417
5	61	26	7,326
5	61	28	10,773
5	61	29	15,914
5	61	33	3,351
5	61	42	3,028
5	61	47	1,493
5	61	53	4,439
5	61	62	8,722
5	61	66	3,131
5	61	67	5,411
5	61	72	17,641
5	61	73	5,875
5	61	76	1,723
5	61	78	1,518
5	61	84	3,004
5	61	85	1,211
5	61	93	3,782
5	61	100	2,096
5	62	2	1,031
5	62	12	2,716
5	62	14	2,96
5	62	15	3,317
5	62	21	7,954
5	62	26	5,558
5	62	28	3,622
5	62	29	0,796
5	62	33	31,911
5	62	42	15,04
5	62	47	9,685
5	62	53	2,018
5	62	61	10,676
5	62	66	1,294
5	62	67	11,276
5	62	72	4,117
5	62	73	6,697
5	62	76	12,626
5	62	78	1,888
5	62	84	2,202
5	62	85	0,655
5	62	93	1,094
5	62	100	10,497
5	66	2	5,265
5	66	12	3,749
5	66	14	1,835
5	66	15	9,468
5	66	21	10,244
5	66	26	0,5
5	66	28	0,618
5	66	29	3,594
5	66	33	3,312
5	66	42	1,124
5	66	47	13,539
5	66	53	1,302
5	66	61	9,97
5	66	62	3,217
5	66	67	1,953
5	66	72	13,657
5	66	73	7,106
5	66	76	10,702
5	66	78	3,505
5	66	84	8,261
5	66	85	0,677
5	66	93	2,806
5	66	100	1,285
5	67	2	7,768
5	67	12	17,366
5	67	14	24,672
5	67	15	4,335
5	67	21	8,266
5	67	26	1,85
5	67	28	2,377
5	67	29	3,228
5	67	33	8,589
5	67	42	1,819
5	67	47	1,33
5	67	53	1,329
5	67	61	1,121
5	67	62	0,639
5	67	66	8,35
5	67	72	17,389
5	67	73	9,305
5	67	76	4,654
5	67	78	5,782
5	67	84	3,711
5	67	85	1,262
5	67	93	3,848
5	67	100	4,979
5	72	2	3,759
5	72	12	2,434
5	72	14	16,275
5	72	15	4,871
5	72	21	2,063
5	72	26	1,431
5	72	28	3,151
5	72	29	2,533
5	72	33	2,393
5	72	42	2,96
5	72	47	8,498
5	72	53	3,73
5	72	61	6,137
5	72	62	19,648
5	72	66	1,919
5	72	67	2,989
5	72	73	1,074
5	72	76	1,781
5	72	78	1,147
5	72	84	2,333
5	72	85	11,026
5	72	93	1,385
5	72	100	17,005
5	73	2	2,887
5	73	12	1,922
5	73	14	2,847
5	73	15	1,445
5	73	21	1,32
5	73	26	2,599
5	73	28	1,408
5	73	29	0,519
5	73	33	4,794
5	73	42	4,647
5	73	47	1,518
5	73	53	1,057
5	73	61	23,976
5	73	62	2
5	73	66	0,579
5	73	67	8,149
5	73	72	3,073
5	73	76	6,536
5	73	78	3,666
5	73	84	1,34
5	73	85	3,832
5	73	93	0,912
5	73	100	17,962
5	76	2	9,856
5	76	12	25,312
5	76	14	3,983
5	76	15	1,095
5	76	21	1,437
5	76	26	0,67
5	76	28	0,926
5	76	29	6,995
5	76	33	7,208
5	76	42	10,737
5	76	47	5,91
5	76	53	2,061
5	76	61	3,616
5	76	62	5,767
5	76	66	0,985
5	76	67	1,02
5	76	72	1,166
5	76	73	4,844
5	76	78	3,383
5	76	84	2,21
5	76	85	7,496
5	76	93	1,287
5	76	100	9,497
5	78	2	1,102
5	78	12	8,774
5	78	14	7,417
5	78	15	10,955
5	78	21	4,326
5	78	26	1,226
5	78	28	4,604
5	78	29	9,547
5	78	33	2,413
5	78	42	1,027
5	78	47	0,83
5	78	53	3,957
5	78	61	2,98
5	78	62	1,235
5	78	66	10,007
5	78	67	7,804
5	78	72	3,273
5	78	73	2,028
5	78	76	2,618
5	78	84	0,918
5	78	85	5,885
5	78	93	2,849
5	78	100	8,165
5	84	2	4,719
5	84	12	4,933
5	84	14	7,213
5	84	15	3,048
5	84	21	1,699
5	84	26	6,753
5	84	28	2,521
5	84	29	4,867
5	84	33	6,009
5	84	42	1,826
5	84	47	3,2
5	84	53	12,633
5	84	61	7,3
5	84	62	2,48
5	84	66	23,28
5	84	67	12,989
5	84	72	0,948
5	84	73	1,073
5	84	76	17,776
5	84	78	17,699
5	84	85	3,371
5	84	93	24,427
5	84	100	10,087
5	85	2	1,041
5	85	12	13,028
5	85	14	0,856
5	85	15	3,136
5	85	21	1,901
5	85	26	2,348
5	85	28	32,117
5	85	29	3,756
5	85	33	1,925
5	85	42	0,541
5	85	47	12,394
5	85	53	22,518
5	85	61	3,364
5	85	62	18,075
5	85	66	17,705
5	85	67	3,086
5	85	72	4,43
5	85	73	9,687
5	85	76	9,925
5	85	78	2,469
5	85	84	4,097
5	85	93	4,511
5	85	100	6,996
5	93	2	1,234
5	93	12	4,534
5	93	14	22,359
5	93	15	2,906
5	93	21	4,536
5	93	26	0,735
5	93	28	12,505
5	93	29	4,814
5	93	33	3,856
5	93	42	10,045
5	93	47	7,929
5	93	53	0,555
5	93	61	14,529
5	93	62	4,615
5	93	66	2,623
5	93	67	0,772
5	93	72	14,033
5	93	73	3,09
5	93	76	8,134
5	93	78	1,896
5	93	84	1,324
5	93	85	9,862
5	93	100	2,082
5	100	2	10,99
5	100	12	12,021
5	100	14	1,908
5	100	15	1,155
5	100	21	24,815
5	100	26	1,189
5	100	28	10,279
5	100	29	5,889
5	100	33	6,891
5	100	42	4,104
5	100	47	3,378
5	100	53	1,55
5	100	61	3,243
5	100	62	10,156
5	100	66	6,346
5	100	67	12,977
5	100	72	14,227
5	100	73	7,524
5	100	76	8,694
5	100	78	18,728
5	100	84	17,091
5	100	85	8,128
5	100	93	7,058
6	1	9	3,418
6	1	10	5,917
6	1	16	11,078
6	1	24	9,343
6	1	25	0,994
6	1	26	5,198
6	1	32	20,294
6	1	48	6,824
6	1	51	2,027
6	1	55	5,381
6	1	58	4,03
6	1	59	7,75
6	1	61	31,581
6	1	62	3,294
6	1	74	0,879
6	1	75	3,487
6	1	79	0,77
6	1	90	10,55
6	1	93	19,465
6	1	95	3,147
6	1	96	22,975
6	1	98	2,516
6	1	100	1,739
6	9	1	0,616
6	9	10	14,455
6	9	16	8,529
6	9	24	2,743
6	9	25	14,117
6	9	26	0,969
6	9	32	3,378
6	9	48	0,79
6	9	51	1,611
6	9	55	2,068
6	9	58	0,888
6	9	59	1,558
6	9	61	5,626
6	9	62	3,016
6	9	74	3,344
6	9	75	1,056
6	9	79	6,162
6	9	90	6,945
6	9	93	0,566
6	9	95	6,593
6	9	96	15,958
6	9	98	1,278
6	9	100	16,169
6	10	1	11,295
6	10	9	2,978
6	10	16	3,78
6	10	24	9,322
6	10	25	5,159
6	10	26	8,895
6	10	32	9,327
6	10	48	5,754
6	10	51	14,984
6	10	55	14,898
6	10	58	1,327
6	10	59	3,809
6	10	61	12,214
6	10	62	0,596
6	10	74	3,249
6	10	75	9,569
6	10	79	8,453
6	10	90	1,44
6	10	93	9,825
6	10	95	3,152
6	10	96	14,889
6	10	98	9,396
6	10	100	7,172
6	16	1	15,146
6	16	9	11,112
6	16	10	11,087
6	16	24	15,424
6	16	25	0,642
6	16	26	9,922
6	16	32	1,953
6	16	48	5,86
6	16	51	4,286
6	16	55	2,488
6	16	58	4,114
6	16	59	5,484
6	16	61	3,085
6	16	62	6,803
6	16	74	4,276
6	16	75	2,244
6	16	79	15,085
6	16	90	5,508
6	16	93	26,206
6	16	95	4,319
6	16	96	3,813
6	16	98	3,316
6	16	100	2,563
6	24	1	0,903
6	24	9	11,822
6	24	10	2,007
6	24	16	2,225
6	24	25	2,433
6	24	26	2,566
6	24	32	2,953
6	24	48	3,357
6	24	51	0,628
6	24	55	4,343
6	24	58	12,395
6	24	59	2,914
6	24	61	35,615
6	24	62	8,125
6	24	74	19,325
6	24	75	19,347
6	24	79	1,521
6	24	90	4,578
6	24	93	5,453
6	24	95	1,416
6	24	96	5,582
6	24	98	9,169
6	24	100	9,684
6	25	1	2,354
6	25	9	2,444
6	25	10	1,727
6	25	16	13,414
6	25	24	1,466
6	25	26	0,918
6	25	32	18,625
6	25	48	10,379
6	25	51	2,77
6	25	55	5,759
6	25	58	1,483
6	25	59	7,704
6	25	61	13,588
6	25	62	3,949
6	25	74	2,685
6	25	75	3,151
6	25	79	7,624
6	25	90	4,954
6	25	93	2,391
6	25	95	0,761
6	25	96	2,631
6	25	98	1,592
6	25	100	1,435
6	26	1	5,917
6	26	9	15,687
6	26	10	2,23
6	26	16	3,541
6	26	24	3,957
6	26	25	4,877
6	26	32	1,039
6	26	48	2,529
6	26	51	0,805
6	26	55	4,641
6	26	58	6,131
6	26	59	11,838
6	26	61	3,104
6	26	62	129,098
6	26	74	9,452
6	26	75	10,918
6	26	79	0,555
6	26	90	11,514
6	26	93	12,258
6	26	95	23,961
6	26	96	14,378
6	26	98	13,901
6	26	100	16,903
6	32	1	12,781
6	32	9	12,049
6	32	10	8,013
6	32	16	0,956
6	32	24	5,784
6	32	25	14,952
6	32	26	4,811
6	32	48	7,949
6	32	51	14,395
6	32	55	3,769
6	32	58	1,186
6	32	59	14,544
6	32	61	2,032
6	32	62	19,615
6	32	74	12,06
6	32	75	7,283
6	32	79	3,411
6	32	90	4,388
6	32	93	5,413
6	32	95	6,462
6	32	96	0,631
6	32	98	0,666
6	32	100	10,112
6	48	1	12,814
6	48	9	17,29
6	48	10	1,262
6	48	16	10,776
6	48	24	0,735
6	48	25	3,345
6	48	26	23,712
6	48	32	2,547
6	48	51	4,973
6	48	55	2,728
6	48	58	1,431
6	48	59	3,224
6	48	61	3,291
6	48	62	3,601
6	48	74	3,419
6	48	75	3,517
6	48	79	9,795
6	48	90	9,134
6	48	93	18,001
6	48	95	3,975
6	48	96	8,544
6	48	98	1,513
6	48	100	2,331
6	51	1	5,588
6	51	9	2,036
6	51	10	0,765
6	51	16	4,016
6	51	24	1,217
6	51	25	6,93
6	51	26	4,44
6	51	32	3,028
6	51	48	0,911
6	51	55	34,144
6	51	58	3,848
6	51	59	2,515
6	51	61	2,243
6	51	62	4,801
6	51	74	5,284
6	51	75	1,377
6	51	79	8,37
6	51	90	8,068
6	51	93	6,202
6	51	95	3,993
6	51	96	5,882
6	51	98	11,204
6	51	100	1,692
6	55	1	3,62
6	55	9	4,552
6	55	10	11,807
6	55	16	1,059
6	55	24	13,068
6	55	25	2,088
6	55	26	4,731
6	55	32	4,127
6	55	48	14,713
6	55	51	3,234
6	55	58	1,387
6	55	59	0,891
6	55	61	2,444
6	55	62	0,792
6	55	74	7,363
6	55	75	1,51
6	55	79	1,957
6	55	90	1,519
6	55	93	16,784
6	55	95	3,151
6	55	96	1,714
6	55	98	1,647
6	55	100	5,776
6	58	1	0,881
6	58	9	16,124
6	58	10	3,445
6	58	16	11,1
6	58	24	13,681
6	58	25	5,54
6	58	26	4,442
6	58	32	5,551
6	58	48	2,2
6	58	51	3,449
6	58	55	5,246
6	58	59	2,17
6	58	61	1,063
6	58	62	4,38
6	58	74	1,51
6	58	75	2,036
6	58	79	14,338
6	58	90	3,302
6	58	93	6,772
6	58	95	7,823
6	58	96	2,049
6	58	98	2,848
6	58	100	2,272
6	59	1	2,069
6	59	9	15,201
6	59	10	4,361
6	59	16	7,914
6	59	24	2,063
6	59	25	8,837
6	59	26	4,203
6	59	32	3,677
6	59	48	6,461
6	59	51	8,355
6	59	55	1,162
6	59	58	25,962
6	59	61	11,441
6	59	62	0,582
6	59	74	16,369
6	59	75	19,043
6	59	79	2,65
6	59	90	13,619
6	59	93	28,83
6	59	95	13,088
6	59	96	1,711
6	59	98	1,862
6	59	100	2,123
6	61	1	5,938
6	61	9	9,505
6	61	10	8,779
6	61	16	3,637
6	61	24	9,786
6	61	25	0,66
6	61	26	11,825
6	61	32	3,682
6	61	48	4,509
6	61	51	10,865
6	61	55	28,65
6	61	58	3,226
6	61	59	21,086
6	61	62	6,109
6	61	74	3,918
6	61	75	10,223
6	61	79	2,511
6	61	90	4,81
6	61	93	3,316
6	61	95	3,276
6	61	96	6,419
6	61	98	3,207
6	61	100	3,969
6	62	1	6,092
6	62	9	2,852
6	62	10	18,652
6	62	16	9,989
6	62	24	3,06
6	62	25	0,768
6	62	26	2,842
6	62	32	1,785
6	62	48	1,373
6	62	51	3,382
6	62	55	0,64
6	62	58	9,986
6	62	59	1,255
6	62	61	7,22
6	62	74	0,647
6	62	75	15,363
6	62	79	4,031
6	62	90	4,825
6	62	93	5,626
6	62	95	7,698
6	62	96	4,874
6	62	98	1,104
6	62	100	4,596
6	74	1	2,138
6	74	9	13,792
6	74	10	5,098
6	74	16	2,083
6	74	24	5,935
6	74	25	8,039
6	74	26	4,741
6	74	32	3,666
6	74	48	5,009
6	74	51	3,364
6	74	55	3,017
6	74	58	0,759
6	74	59	13,589
6	74	61	3,49
6	74	62	1,284
6	74	75	2,121
6	74	79	2,795
6	74	90	6,259
6	74	93	11,305
6	74	95	7,508
6	74	96	4,023
6	74	98	7,187
6	74	100	2,982
6	75	1	2,131
6	75	9	1,959
6	75	10	1,506
6	75	16	10,366
6	75	24	1,614
6	75	25	8,805
6	75	26	2,276
6	75	32	11,09
6	75	48	6,408
6	75	51	0,513
6	75	55	1,293
6	75	58	3,28
6	75	59	1,959
6	75	61	3,274
6	75	62	11,709
6	75	74	2,816
6	75	79	8,46
6	75	90	1,019
6	75	93	4,269
6	75	95	1,224
6	75	96	8,938
6	75	98	3,149
6	75	100	1,187
6	79	1	5,357
6	79	9	10,713
6	79	10	0,71
6	79	16	2,243
6	79	24	26,401
6	79	25	2,244
6	79	26	1,911
6	79	32	5,664
6	79	48	2,874
6	79	51	13,087
6	79	55	0,627
6	79	58	1,148
6	79	59	0,642
6	79	61	1,656
6	79	62	3,134
6	79	74	5,284
6	79	75	3,621
6	79	90	1,133
6	79	93	17,11
6	79	95	6,318
6	79	96	4,236
6	79	98	9,6
6	79	100	3,974
6	90	1	3,639
6	90	9	6,531
6	90	10	9,563
6	90	16	4,82
6	90	24	0,727
6	90	25	3,14
6	90	26	16,669
6	90	32	1,531
6	90	48	11,065
6	90	51	7,871
6	90	55	2,026
6	90	58	2,973
6	90	59	1,251
6	90	61	12,345
6	90	62	4,332
6	90	74	7,849
6	90	75	5,914
6	90	79	4,869
6	90	93	0,987
6	90	95	1,739
6	90	96	3,689
6	90	98	1,242
6	90	100	4,502
6	93	1	24,106
6	93	9	9,989
6	93	10	7,369
6	93	16	0,881
6	93	24	5,145
6	93	25	2,296
6	93	26	5,262
6	93	32	0,599
6	93	48	6,044
6	93	51	2,801
6	93	55	1,159
6	93	58	4,468
6	93	59	3,726
6	93	61	9,198
6	93	62	11,924
6	93	74	17,053
6	93	75	1,61
6	93	79	4,174
6	93	90	1,034
6	93	95	9,624
6	93	96	2,063
6	93	98	6,374
6	93	100	2,133
6	95	1	1,078
6	95	9	6,919
6	95	10	6,958
6	95	16	7,316
6	95	24	0,928
6	95	25	0,907
6	95	26	4,495
6	95	32	0,665
6	95	48	2,603
6	95	51	3,762
6	95	55	8,908
6	95	58	11,534
6	95	59	4,9
6	95	61	8,756
6	95	62	10,263
6	95	74	0,855
6	95	75	2,997
6	95	79	0,78
6	95	90	2,838
6	95	93	2,127
6	95	96	5,999
6	95	98	12,275
6	95	100	1,702
6	96	1	0,641
6	96	9	13,616
6	96	10	1,194
6	96	16	7,766
6	96	24	2,996
6	96	25	0,673
6	96	26	2,052
6	96	32	10,568
6	96	48	6,291
6	96	51	1,657
6	96	55	10,029
6	96	58	4,259
6	96	59	7,19
6	96	61	2,962
6	96	62	2,725
6	96	74	9,218
6	96	75	4,836
6	96	79	0,827
6	96	90	4,871
6	96	93	4,932
6	96	95	6,022
6	96	98	18,638
6	96	100	12,682
6	98	1	10,027
6	98	9	4,687
6	98	10	1,016
6	98	16	0,678
6	98	24	1,182
6	98	25	8,505
6	98	26	4,547
6	98	32	6,549
6	98	48	22,212
6	98	51	7,142
6	98	55	3,206
6	98	58	4,725
6	98	59	7,842
6	98	61	12,059
6	98	62	1,079
6	98	74	2,13
6	98	75	2,136
6	98	79	3,929
6	98	90	5,177
6	98	93	18,131
6	98	95	5,379
6	98	96	4,361
6	98	100	8,881
6	100	1	0,946
6	100	9	3,154
6	100	10	1,085
6	100	16	14,34
6	100	24	0,632
6	100	25	1,266
6	100	26	6,158
6	100	32	5,614
6	100	48	2,999
6	100	51	5,076
6	100	55	4,235
6	100	58	3,191
6	100	59	0,781
6	100	61	3,273
6	100	62	11,105
6	100	74	1,203
6	100	75	4,791
6	100	79	21,805
6	100	90	8,898
6	100	93	6,11
6	100	95	0,568
6	100	96	2,051
6	100	98	5,105
7	1	4	2,802
7	1	11	7,857
7	1	15	7,398
7	1	28	6,902
7	1	37	2,412
7	1	40	2,47
7	1	44	20,345
7	1	48	1,738
7	1	52	5,91
7	1	57	0,785
7	1	59	7,119
7	1	61	0,991
7	1	72	1,157
7	1	73	8,583
7	1	74	10,92
7	1	86	36,916
7	1	94	3,259
7	1	97	6,211
7	1	98	6,313
7	4	1	5,919
7	4	11	5,923
7	4	15	6,147
7	4	28	12,007
7	4	37	1,327
7	4	40	3,775
7	4	44	1,637
7	4	48	1,943
7	4	52	6,487
7	4	57	9,914
7	4	59	5,409
7	4	61	2,967
7	4	72	1,03
7	4	73	11,544
7	4	74	0,652
7	4	86	4,135
7	4	94	13,683
7	4	97	0,967
7	4	98	1,82
7	11	1	0,878
7	11	4	5,407
7	11	15	1,225
7	11	28	3,827
7	11	37	4,215
7	11	40	12,569
7	11	44	0,808
7	11	48	7,581
7	11	52	4,894
7	11	57	6,256
7	11	59	4,562
7	11	61	2,277
7	11	72	2,517
7	11	73	0,645
7	11	74	5,585
7	11	86	3,911
7	11	94	4,403
7	11	97	5,266
7	11	98	7,34
7	15	1	2,452
7	15	4	2,563
7	15	11	1,215
7	15	28	2,734
7	15	37	1,609
7	15	40	29,991
7	15	44	18,281
7	15	48	3,352
7	15	52	4,962
7	15	57	7,018
7	15	59	3,933
7	15	61	1,805
7	15	72	8,443
7	15	73	28,625
7	15	74	1,463
7	15	86	3,465
7	15	94	6,61
7	15	97	13,625
7	15	98	4,684
7	28	1	14,033
7	28	4	2,525
7	28	11	7,623
7	28	15	8,976
7	28	37	8,889
7	28	40	9,344
7	28	44	0,655
7	28	48	1,39
7	28	52	2,784
7	28	57	15,027
7	28	59	0,51
7	28	61	3,427
7	28	72	1,636
7	28	73	0,889
7	28	74	12,558
7	28	86	0,557
7	28	94	11,397
7	28	97	1,43
7	28	98	5,96
7	37	1	4,499
7	37	4	17,448
7	37	11	0,609
7	37	15	14,325
7	37	28	3,74
7	37	40	7,799
7	37	44	3,232
7	37	48	5,81
7	37	52	8,986
7	37	57	3,965
7	37	59	8,848
7	37	61	3,95
7	37	72	1,729
7	37	73	5,015
7	37	74	2,392
7	37	86	2,952
7	37	94	1,32
7	37	97	5,076
7	37	98	7,036
7	40	1	2,582
7	40	4	8,869
7	40	11	2,162
7	40	15	3,198
7	40	28	10,149
7	40	37	2,245
7	40	44	0,569
7	40	48	2,685
7	40	52	8,397
7	40	57	1,78
7	40	59	4,01
7	40	61	12,264
7	40	72	8,084
7	40	73	4,708
7	40	74	8,583
7	40	86	2,034
7	40	94	1,906
7	40	97	1,917
7	40	98	13,782
7	44	1	8,123
7	44	4	2,167
7	44	11	8,665
7	44	15	5,862
7	44	28	1,933
7	44	37	0,616
7	44	40	0,989
7	44	48	0,577
7	44	52	11,927
7	44	57	1,298
7	44	59	3,569
7	44	61	6,303
7	44	72	1,805
7	44	73	20,223
7	44	74	7,277
7	44	86	3,067
7	44	94	0,955
7	44	97	9,301
7	44	98	0,548
7	48	1	7,361
7	48	4	3,174
7	48	11	22,483
7	48	15	2,795
7	48	28	4,013
7	48	37	3,017
7	48	40	5,501
7	48	44	2,665
7	48	52	1,505
7	48	57	6,395
7	48	59	0,603
7	48	61	3,298
7	48	72	6,846
7	48	73	3,089
7	48	74	1,005
7	48	86	2,167
7	48	94	3,276
7	48	97	1,449
7	48	98	3,035
7	52	1	1,07
7	52	4	6,944
7	52	11	9,147
7	52	15	4,569
7	52	28	26,144
7	52	37	4,724
7	52	40	24,777
7	52	44	2,216
7	52	48	1,812
7	52	57	1,081
7	52	59	7,161
7	52	61	3,27
7	52	72	4,209
7	52	73	17,811
7	52	74	3,506
7	52	86	1,737
7	52	94	8,599
7	52	97	5,152
7	52	98	5,113
7	57	1	8,138
7	57	4	1,716
7	57	11	7,12
7	57	15	6,009
7	57	28	23,638
7	57	37	10,618
7	57	40	3,274
7	57	44	4,685
7	57	48	3,063
7	57	52	3,959
7	57	59	1,337
7	57	61	10,434
7	57	72	3,782
7	57	73	9,942
7	57	74	1,702
7	57	86	4,872
7	57	94	1,715
7	57	97	3,826
7	57	98	3,89
7	59	1	5,799
7	59	4	5,087
7	59	11	5,062
7	59	15	3,848
7	59	28	5,29
7	59	37	1,464
7	59	40	8,009
7	59	44	2,548
7	59	48	1,964
7	59	52	11,175
7	59	57	2,832
7	59	61	5,211
7	59	72	17,626
7	59	73	5,766
7	59	74	3,569
7	59	86	4,534
7	59	94	2,031
7	59	97	1,632
7	59	98	17,219
7	61	1	7,071
7	61	4	9,501
7	61	11	3,528
7	61	15	6,83
7	61	28	1,29
7	61	37	1,528
7	61	40	5,546
7	61	44	5,904
7	61	48	4,812
7	61	52	3,839
7	61	57	3,481
7	61	59	1,507
7	61	72	2,932
7	61	73	7,69
7	61	74	9,835
7	61	86	5,248
7	61	94	1,31
7	61	97	10,069
7	61	98	1,514
7	72	1	2,124
7	72	4	1,146
7	72	11	22,261
7	72	15	1,399
7	72	28	24,063
7	72	37	3,869
7	72	40	19,019
7	72	44	29,417
7	72	48	3,012
7	72	52	12,388
7	72	57	2,415
7	72	59	11,882
7	72	61	2,908
7	72	73	1,745
7	72	74	33,892
7	72	86	1,43
7	72	94	2,653
7	72	97	6,686
7	72	98	6,605
7	73	1	4,255
7	73	4	24,206
7	73	11	0,716
7	73	15	6,078
7	73	28	2,415
7	73	37	13,953
7	73	40	0,93
7	73	44	18,14
7	73	48	3,2
7	73	52	1,38
7	73	57	3,477
7	73	59	5,946
7	73	61	2,485
7	73	72	3,223
7	73	74	3,461
7	73	86	5,631
7	73	94	4,27
7	73	97	8,09
7	73	98	7,129
7	74	1	3,05
7	74	4	20,597
7	74	11	5,555
7	74	15	3,377
7	74	28	0,877
7	74	37	13,262
7	74	40	3,881
7	74	44	2,427
7	74	48	1,846
7	74	52	7,841
7	74	57	8,634
7	74	59	8,988
7	74	61	6,126
7	74	72	7,526
7	74	73	4,207
7	74	86	11,543
7	74	94	10,771
7	74	97	4,007
7	74	98	5,258
7	86	1	4,041
7	86	4	3,728
7	86	11	8,641
7	86	15	8,819
7	86	28	6,163
7	86	37	1,916
7	86	40	4,391
7	86	44	9,803
7	86	48	4,099
7	86	52	16,247
7	86	57	6,879
7	86	59	1,635
7	86	61	4,503
7	86	72	8,221
7	86	73	34,055
7	86	74	2,809
7	86	94	5,018
7	86	97	19,599
7	86	98	6,803
7	94	1	3,878
7	94	4	1,869
7	94	11	5,196
7	94	15	1,218
7	94	28	11,547
7	94	37	5,981
7	94	40	6,874
7	94	44	4,832
7	94	48	3,646
7	94	52	4,688
7	94	57	9,51
7	94	59	0,895
7	94	61	5,817
7	94	72	3,623
7	94	73	10,189
7	94	74	2,922
7	94	86	14,641
7	94	97	7,348
7	94	98	8,305
7	97	1	10,642
7	97	4	16,7
7	97	11	13,035
7	97	15	11,217
7	97	28	6,083
7	97	37	2,389
7	97	40	6,823
7	97	44	3,989
7	97	48	6,709
7	97	52	13,701
7	97	57	3,439
7	97	59	4,224
7	97	61	2,56
7	97	72	1,526
7	97	73	2,854
7	97	74	5,828
7	97	86	12,485
7	97	94	2,141
7	97	98	3,97
7	98	1	1,444
7	98	4	3,959
7	98	11	7,366
7	98	15	1,054
7	98	28	7,877
7	98	37	2,633
7	98	40	2,93
7	98	44	0,92
7	98	48	1,904
7	98	52	9,122
7	98	57	0,904
7	98	59	0,658
7	98	61	3,153
7	98	72	3,482
7	98	73	0,975
7	98	74	5,663
7	98	86	10,226
7	98	94	2,123
7	98	97	3,826
8	8	14	4,802
8	8	17	6,137
8	8	26	7,865
8	8	30	4,341
8	8	33	2,326
8	8	34	4,364
8	8	40	5,07
8	8	42	4,231
8	8	62	2,613
8	8	64	11,308
8	8	65	4,197
8	8	68	27,208
8	8	75	9,1
8	8	80	14,064
8	8	81	10,375
8	8	93	0,587
8	8	100	2,973
8	14	8	0,724
8	14	17	5,073
8	14	26	7,439
8	14	30	4,405
8	14	33	7,244
8	14	34	1,778
8	14	40	2,596
8	14	42	7,624
8	14	62	19,119
8	14	64	1,563
8	14	65	0,785
8	14	68	1,123
8	14	75	7,074
8	14	80	9,545
8	14	81	15,795
8	14	93	2,589
8	14	100	6,932
8	17	8	6,258
8	17	14	7,658
8	17	26	0,668
8	17	30	19,939
8	17	33	0,631
8	17	34	1,501
8	17	40	4,571
8	17	42	3,368
8	17	62	1,337
8	17	64	13,157
8	17	65	6,194
8	17	68	5,233
8	17	75	17,093
8	17	80	5,078
8	17	81	8,278
8	17	93	8,845
8	17	100	2,953
8	26	8	2,274
8	26	14	10,619
8	26	17	4,257
8	26	30	0,742
8	26	33	9,803
8	26	34	0,935
8	26	40	2,923
8	26	42	24,194
8	26	62	0,774
8	26	64	5,187
8	26	65	1,938
8	26	68	1,948
8	26	75	9,283
8	26	80	16,98
8	26	81	1,006
8	26	93	1,257
8	26	100	2,991
8	30	8	7,175
8	30	14	3,867
8	30	17	43,82
8	30	26	2,625
8	30	33	3,515
8	30	34	1,918
8	30	40	3,909
8	30	42	1,4
8	30	62	3,754
8	30	64	1,674
8	30	65	1,796
8	30	68	6,728
8	30	75	3,862
8	30	80	8,834
8	30	81	1,237
8	30	93	0,954
8	30	100	5,432
8	33	8	1,217
8	33	14	1,546
8	33	17	11,106
8	33	26	29,023
8	33	30	41,913
8	33	34	1,501
8	33	40	8,393
8	33	42	6,769
8	33	62	0,933
8	33	64	1,748
8	33	65	12,106
8	33	68	11,296
8	33	75	3,774
8	33	80	3,501
8	33	81	2,323
8	33	93	2,24
8	33	100	3,175
8	34	8	5,901
8	34	14	16,874
8	34	17	1,063
8	34	26	0,89
8	34	30	12,524
8	34	33	2,02
8	34	40	4,803
8	34	42	4,94
8	34	62	1,639
8	34	64	3,945
8	34	65	3,597
8	34	68	6,063
8	34	75	7,217
8	34	80	21,594
8	34	81	4,706
8	34	93	5,661
8	34	100	3,439
8	40	8	5,144
8	40	14	0,822
8	40	17	1,049
8	40	26	1,988
8	40	30	22,49
8	40	33	9,754
8	40	34	1,5
8	40	42	4,99
8	40	62	21,863
8	40	64	1,014
8	40	65	8,283
8	40	68	0,831
8	40	75	5,811
8	40	80	11,941
8	40	81	12,46
8	40	93	1,603
8	40	100	1,955
8	42	8	0,57
8	42	14	0,967
8	42	17	9,452
8	42	26	0,67
8	42	30	2,678
8	42	33	2,764
8	42	34	19,988
8	42	40	2,622
8	42	62	13,321
8	42	64	4,562
8	42	65	11,004
8	42	68	16,184
8	42	75	1,436
8	42	80	4,822
8	42	81	5,579
8	42	93	12,409
8	42	100	5,046
8	62	8	10,989
8	62	14	0,824
8	62	17	5,743
8	62	26	0,959
8	62	30	34,183
8	62	33	3,767
8	62	34	0,64
8	62	40	12,652
8	62	42	1,324
8	62	64	1,14
8	62	65	1,285
8	62	68	6,426
8	62	75	2,101
8	62	80	4,685
8	62	81	3,054
8	62	93	7,708
8	62	100	2,737
8	64	8	2,323
8	64	14	2,659
8	64	17	5,65
8	64	26	1,824
8	64	30	2,069
8	64	33	10,575
8	64	34	1,025
8	64	40	1,576
8	64	42	9,868
8	64	62	0,759
8	64	65	0,863
8	64	68	2,702
8	64	75	2,316
8	64	80	4,21
8	64	81	3,237
8	64	93	8,886
8	64	100	3,075
8	65	8	3,764
8	65	14	1,344
8	65	17	3,058
8	65	26	7,719
8	65	30	4,512
8	65	33	44,544
8	65	34	5,208
8	65	40	9,898
8	65	42	5,494
8	65	62	1,258
8	65	64	7,014
8	65	68	0,532
8	65	75	0,774
8	65	80	0,551
8	65	81	6,707
8	65	93	6,842
8	65	100	0,875
8	68	8	2,896
8	68	14	25,316
8	68	17	4,445
8	68	26	15,028
8	68	30	4,867
8	68	33	2,023
8	68	34	3,032
8	68	40	2,439
8	68	42	0,555
8	68	62	1,279
8	68	64	5,552
8	68	65	4,574
8	68	75	8,66
8	68	80	5,685
8	68	81	3,379
8	68	93	4,784
8	68	100	8,339
8	75	8	2,992
8	75	14	2,257
8	75	17	2,587
8	75	26	10,234
8	75	30	6,987
8	75	33	11,324
8	75	34	2,317
8	75	40	10,456
8	75	42	6,28
8	75	62	3,422
8	75	64	1,844
8	75	65	1,264
8	75	68	1,939
8	75	80	10,984
8	75	81	5,339
8	75	93	5,396
8	75	100	8,017
8	80	8	3,262
8	80	14	12,434
8	80	17	5,842
8	80	26	11,908
8	80	30	4,828
8	80	33	1,847
8	80	34	3,58
8	80	40	9,4
8	80	42	1,851
8	80	62	0,67
8	80	64	4,709
8	80	65	0,558
8	80	68	2,96
8	80	75	12,69
8	80	81	1,134
8	80	93	2,422
8	80	100	11,644
8	81	8	11,663
8	81	14	6,621
8	81	17	1,208
8	81	26	4,99
8	81	30	5,513
8	81	33	7,2
8	81	34	2,951
8	81	40	4,599
8	81	42	3,86
8	81	62	8,996
8	81	64	0,978
8	81	65	1,344
8	81	68	0,753
8	81	75	5,19
8	81	80	9,608
8	81	93	2,736
8	81	100	2,7
8	93	8	4,475
8	93	14	1,861
8	93	17	6,867
8	93	26	9,388
8	93	30	6,279
8	93	33	6,817
8	93	34	1,45
8	93	40	26,999
8	93	42	4,837
8	93	62	2,186
8	93	64	5,36
8	93	65	4,467
8	93	68	1,586
8	93	75	3,356
8	93	80	4,667
8	93	81	1,416
8	93	100	7,812
8	100	8	20,944
8	100	14	3,993
8	100	17	1,12
8	100	26	5,777
8	100	30	4,586
8	100	33	10,869
8	100	34	16,651
8	100	40	3,008
8	100	42	56,973
8	100	62	15,789
8	100	64	1,569
8	100	65	5,81
8	100	68	10,185
8	100	75	6,375
8	100	80	7,047
8	100	81	2,898
8	100	93	5,453
9	5	9	3,68
9	5	11	19,306
9	5	17	3,329
9	5	18	11,516
9	5	21	1,434
9	5	22	2,708
9	5	26	1,13
9	5	30	11,19
9	5	31	0,783
9	5	37	5,514
9	5	44	3,467
9	5	47	9,497
9	5	51	6,559
9	5	56	0,869
9	5	62	1,619
9	5	70	2,227
9	5	71	1,362
9	5	84	8,032
9	5	85	3,526
9	5	99	3,462
9	5	100	0,701
9	9	5	6,772
9	9	11	7,95
9	9	17	4,635
9	9	18	8,307
9	9	21	4,786
9	9	22	5,225
9	9	26	1,326
9	9	30	9,734
9	9	31	3,464
9	9	37	4,179
9	9	44	4,556
9	9	47	5,724
9	9	51	2,403
9	9	56	4,384
9	9	62	8,042
9	9	70	15,834
9	9	71	10,023
9	9	84	3,856
9	9	85	6,985
9	9	99	19,07
9	9	100	2,345
9	11	5	3,222
9	11	9	1,007
9	11	17	1,822
9	11	18	39,543
9	11	21	4,363
9	11	22	12,967
9	11	26	20,16
9	11	30	1,209
9	11	31	0,853
9	11	37	15,013
9	11	44	9,803
9	11	47	1,1
9	11	51	18,88
9	11	56	12,073
9	11	62	12,184
9	11	70	31,123
9	11	71	4,574
9	11	84	11,196
9	11	85	5,349
9	11	99	4,694
9	11	100	0,782
9	17	5	6,03
9	17	9	2,905
9	17	11	37,789
9	17	18	17,221
9	17	21	1,915
9	17	22	8,506
9	17	26	12,497
9	17	30	1,335
9	17	31	3,854
9	17	37	5,088
9	17	44	0,65
9	17	47	4,306
9	17	51	7,464
9	17	56	5,704
9	17	62	4,038
9	17	70	2,013
9	17	71	6,324
9	17	84	9,375
9	17	85	28,28
9	17	99	1,718
9	17	100	10,201
9	18	5	13,983
9	18	9	0,946
9	18	11	38,907
9	18	17	1,762
9	18	21	3,655
9	18	22	4,632
9	18	26	10,502
9	18	30	17,342
9	18	31	12,887
9	18	37	3,394
9	18	44	1,373
9	18	47	16,523
9	18	51	19,649
9	18	56	1,709
9	18	62	8,977
9	18	70	10,524
9	18	71	3,746
9	18	84	4,21
9	18	85	21,797
9	18	99	1,058
9	18	100	5,064
9	21	5	8,032
9	21	9	2,361
9	21	11	1,266
9	21	17	8,368
9	21	18	4,267
9	21	22	3,548
9	21	26	0,951
9	21	30	14,228
9	21	31	26,32
9	21	37	6,401
9	21	44	0,837
9	21	47	7,197
9	21	51	2,83
9	21	56	8,625
9	21	62	2,869
9	21	70	9,911
9	21	71	5,635
9	21	84	2,684
9	21	85	6,266
9	21	99	9,281
9	21	100	7,864
9	22	5	5,552
9	22	9	2,389
9	22	11	7,653
9	22	17	9,477
9	22	18	9,903
9	22	21	1,094
9	22	26	5,38
9	22	30	0,738
9	22	31	4,307
9	22	37	9,362
9	22	44	2,529
9	22	47	4,37
9	22	51	0,757
9	22	56	4,277
9	22	62	4,408
9	22	70	2,44
9	22	71	0,596
9	22	84	8,568
9	22	85	4,414
9	22	99	2,488
9	22	100	3,938
9	26	5	2,386
9	26	9	4,953
9	26	11	16,514
9	26	17	1,328
9	26	18	5,672
9	26	21	13,507
9	26	22	9,56
9	26	30	0,552
9	26	31	8,536
9	26	37	1,469
9	26	44	2,475
9	26	47	7,719
9	26	51	9,931
9	26	56	6,091
9	26	62	27,468
9	26	70	10,059
9	26	71	0,653
9	26	84	1,093
9	26	85	1,823
9	26	99	6,452
9	26	100	5,104
9	30	5	2,218
9	30	9	1,063
9	30	11	1,504
9	30	17	1,483
9	30	18	9,87
9	30	21	16,859
9	30	22	1,931
9	30	26	0,852
9	30	31	27,948
9	30	37	2,577
9	30	44	1,505
9	30	47	12,4
9	30	51	1,702
9	30	56	0,994
9	30	62	2,477
9	30	70	4,176
9	30	71	4,511
9	30	84	6,429
9	30	85	0,615
9	30	99	3,795
9	30	100	7,316
9	31	5	1,365
9	31	9	8,803
9	31	11	4,789
9	31	17	6,576
9	31	18	2,297
9	31	21	1,889
9	31	22	1,585
9	31	26	9,084
9	31	30	5,44
9	31	37	3,984
9	31	44	6,895
9	31	47	7,005
9	31	51	12,786
9	31	56	7,815
9	31	62	3,358
9	31	70	11,753
9	31	71	5,339
9	31	84	4,379
9	31	85	3,596
9	31	99	4,066
9	31	100	6,059
9	37	5	1,715
9	37	9	3,2
9	37	11	8,95
9	37	17	2,503
9	37	18	3,524
9	37	21	5,654
9	37	22	2,599
9	37	26	20,227
9	37	30	9,079
9	37	31	0,567
9	37	44	3,114
9	37	47	4,352
9	37	51	7,463
9	37	56	1,141
9	37	62	4,034
9	37	70	6,933
9	37	71	2,07
9	37	84	1,114
9	37	85	15,928
9	37	99	4,505
9	37	100	6,825
9	44	5	4,864
9	44	9	6,346
9	44	11	11,897
9	44	17	2,225
9	44	18	9,504
9	44	21	2,77
9	44	22	1,276
9	44	26	6,144
9	44	30	4,633
9	44	31	16,051
9	44	37	6,272
9	44	47	5,9
9	44	51	5,108
9	44	56	7,982
9	44	62	4,768
9	44	70	8,254
9	44	71	0,522
9	44	84	9,002
9	44	85	2,711
9	44	99	1,418
9	44	100	2,201
9	47	5	1,985
9	47	9	9,089
9	47	11	0,626
9	47	17	15,575
9	47	18	1,137
9	47	21	9,047
9	47	22	6,449
9	47	26	17,646
9	47	30	1,697
9	47	31	18,133
9	47	37	3,686
9	47	44	4,11
9	47	51	19,314
9	47	56	1,179
9	47	62	0,914
9	47	70	5,616
9	47	71	4,253
9	47	84	1,399
9	47	85	7,671
9	47	99	1,297
9	47	100	4,257
9	51	5	0,607
9	51	9	4,964
9	51	11	3,65
9	51	17	0,584
9	51	18	8,269
9	51	21	4,414
9	51	22	0,799
9	51	26	25,505
9	51	30	2,874
9	51	31	1,061
9	51	37	3,591
9	51	44	1,423
9	51	47	3,416
9	51	56	36,807
9	51	62	3,711
9	51	70	4,938
9	51	71	3,035
9	51	84	6,151
9	51	85	3,952
9	51	99	5,761
9	51	100	6,732
9	56	5	11,548
9	56	9	22,316
9	56	11	1,001
9	56	17	1,598
9	56	18	15,117
9	56	21	3,363
9	56	22	5,605
9	56	26	10,722
9	56	30	7,017
9	56	31	6,063
9	56	37	8,089
9	56	44	16,049
9	56	47	0,668
9	56	51	20,356
9	56	62	2,323
9	56	70	2,993
9	56	71	5,094
9	56	84	7,044
9	56	85	2,708
9	56	99	3,441
9	56	100	5,444
9	62	5	0,671
9	62	9	0,615
9	62	11	10,326
9	62	17	6,887
9	62	18	1,484
9	62	21	12,782
9	62	22	1,462
9	62	26	1,778
9	62	30	0,82
9	62	31	5,826
9	62	37	6,86
9	62	44	9,728
9	62	47	7,411
9	62	51	10,176
9	62	56	16,064
9	62	70	4,494
9	62	71	6,514
9	62	84	9,021
9	62	85	0,808
9	62	99	11,05
9	62	100	9,941
9	70	5	2,711
9	70	9	8,053
9	70	11	2,999
9	70	17	10,459
9	70	18	2,158
9	70	21	10,331
9	70	22	10,181
9	70	26	5,541
9	70	30	3,337
9	70	31	2,7
9	70	37	2,384
9	70	44	1,451
9	70	47	9,008
9	70	51	2,21
9	70	56	10,961
9	70	62	5,839
9	70	71	15,21
9	70	84	0,876
9	70	85	0,912
9	70	99	7,289
9	70	100	26,763
9	71	5	1,022
9	71	9	3,195
9	71	11	3,704
9	71	17	17,818
9	71	18	4,53
9	71	21	4,078
9	71	22	9,272
9	71	26	4,64
9	71	30	2,993
9	71	31	3,01
9	71	37	5,917
9	71	44	2,891
9	71	47	23,824
9	71	51	5,063
9	71	56	1,305
9	71	62	0,776
9	71	70	14,726
9	71	84	7,695
9	71	85	2,248
9	71	99	3,999
9	71	100	8,402
9	84	5	5,896
9	84	9	2,608
9	84	11	10,669
9	84	17	5,3
9	84	18	1,674
9	84	21	9,788
9	84	22	11,839
9	84	26	1,613
9	84	30	10,131
9	84	31	5,364
9	84	37	7,387
9	84	44	0,683
9	84	47	0,597
9	84	51	10,244
9	84	56	9,519
9	84	62	28,966
9	84	70	3,169
9	84	71	4,461
9	84	85	7,132
9	84	99	3,15
9	84	100	15,578
9	85	5	6,316
9	85	9	3,029
9	85	11	25,028
9	85	17	3,585
9	85	18	1,602
9	85	21	4,913
9	85	22	2,322
9	85	26	4,271
9	85	30	23,802
9	85	31	8,079
9	85	37	1,854
9	85	44	2,105
9	85	47	3,855
9	85	51	3,798
9	85	56	7,169
9	85	62	11,82
9	85	70	4,715
9	85	71	0,679
9	85	84	18,098
9	85	99	27,093
9	85	100	4,06
9	99	5	1,62
9	99	9	7,182
9	99	11	2,787
9	99	17	2,679
9	99	18	0,563
9	99	21	2,303
9	99	22	15,088
9	99	26	4,945
9	99	30	5,613
9	99	31	2,424
9	99	37	1,746
9	99	44	3,147
9	99	47	8,961
9	99	51	15,145
9	99	56	0,91
9	99	62	13,805
9	99	70	1,647
9	99	71	6,137
9	99	84	12,538
9	99	85	13,064
9	99	100	0,659
9	100	5	10,347
9	100	9	2,274
9	100	11	6,684
9	100	17	6,854
9	100	18	2,943
9	100	21	8,704
9	100	22	6,998
9	100	26	2,951
9	100	30	2,579
9	100	31	6,664
9	100	37	5,651
9	100	44	6,084
9	100	47	0,774
9	100	51	1,62
9	100	56	19,746
9	100	62	13,286
9	100	70	0,718
9	100	71	4,918
9	100	84	7,427
9	100	85	0,775
9	100	99	5,573
10	4	6	6,36
10	4	14	15,9
10	4	19	6,462
10	4	21	1,344
10	4	23	0,78
10	4	28	1,813
10	4	30	3,406
10	4	32	7,422
10	4	36	1,968
10	4	39	0,62
10	4	41	1,51
10	4	43	2,801
10	4	59	2,977
10	4	69	2,258
10	4	74	0,522
10	4	76	5,314
10	4	79	3,929
10	4	80	2,896
10	4	87	7,214
10	4	88	16,243
10	4	89	14,234
10	4	92	1,542
10	6	4	1,705
10	6	14	9,315
10	6	19	2,833
10	6	21	1,968
10	6	23	6,844
10	6	28	9,285
10	6	30	2,561
10	6	32	3,476
10	6	36	4,645
10	6	39	1,39
10	6	41	6,745
10	6	43	4,372
10	6	59	3,806
10	6	69	26,509
10	6	74	1,504
10	6	76	8,204
10	6	79	20,82
10	6	80	1,289
10	6	87	7,53
10	6	88	21,672
10	6	89	5,651
10	6	92	2,38
10	14	4	12,812
10	14	6	6,419
10	14	19	11,546
10	14	21	12,097
10	14	23	6,231
10	14	28	22,459
10	14	30	5,164
10	14	32	2,318
10	14	36	0,793
10	14	39	9,515
10	14	41	1,87
10	14	43	5,009
10	14	59	3,671
10	14	69	3,836
10	14	74	13,03
10	14	76	5,76
10	14	79	20,572
10	14	80	14,066
10	14	87	0,98
10	14	88	1,248
10	14	89	9,385
10	14	92	8,282
10	19	4	8,45
10	19	6	7,948
10	19	14	2,069
10	19	21	16,046
10	19	23	11,079
10	19	28	2,236
10	19	30	2,336
10	19	32	6,885
10	19	36	2,434
10	19	39	1,588
10	19	41	2,902
10	19	43	45,004
10	19	59	1,214
10	19	69	4,642
10	19	74	1,26
10	19	76	2,058
10	19	79	6,561
10	19	80	12,074
10	19	87	3,269
10	19	88	8,121
10	19	89	2,144
10	19	92	1,803
10	21	4	7,964
10	21	6	2,583
10	21	14	1,609
10	21	19	1,141
10	21	23	4,267
10	21	28	6,131
10	21	30	1,619
10	21	32	5,131
10	21	36	10,633
10	21	39	1,726
10	21	41	0,544
10	21	43	10,369
10	21	59	1,626
10	21	69	2,587
10	21	74	1,266
10	21	76	1,652
10	21	79	7,374
10	21	80	11,222
10	21	87	2,907
10	21	88	0,518
10	21	89	2,111
10	21	92	0,777
10	23	4	17,506
10	23	6	0,857
10	23	14	1,696
10	23	19	7,487
10	23	21	0,865
10	23	28	7,106
10	23	30	5,735
10	23	32	11,847
10	23	36	1,016
10	23	39	9,313
10	23	41	1,004
10	23	43	1,249
10	23	59	2,643
10	23	69	1,811
10	23	74	7,88
10	23	76	1,703
10	23	79	6,938
10	23	80	9,599
10	23	87	2,892
10	23	88	2,716
10	23	89	19,877
10	23	92	0,605
10	28	4	5,839
10	28	6	1,044
10	28	14	6,176
10	28	19	6,053
10	28	21	5,026
10	28	23	2,292
10	28	30	14,103
10	28	32	15,207
10	28	36	18,652
10	28	39	10,299
10	28	41	4,99
10	28	43	2,585
10	28	59	10,142
10	28	69	3,371
10	28	74	1,987
10	28	76	13,736
10	28	79	4,637
10	28	80	2,219
10	28	87	8,826
10	28	88	7,35
10	28	89	12,117
10	28	92	1,142
10	30	4	1,412
10	30	6	2,219
10	30	14	1,539
10	30	19	0,671
10	30	21	11,662
10	30	23	3,198
10	30	28	4,532
10	30	32	20,456
10	30	36	10,928
10	30	39	3,669
10	30	41	2,635
10	30	43	12,294
10	30	59	14,916
10	30	69	5,298
10	30	74	6,815
10	30	76	7,908
10	30	79	14,786
10	30	80	0,554
10	30	87	3,394
10	30	88	11,012
10	30	89	9,136
10	30	92	5,421
10	32	4	9,775
10	32	6	24,178
10	32	14	4,332
10	32	19	6,557
10	32	21	0,946
10	32	23	1,301
10	32	28	4,838
10	32	30	2,227
10	32	36	3,463
10	32	39	15,174
10	32	41	7,617
10	32	43	7,262
10	32	59	16,186
10	32	69	4,792
10	32	74	9,579
10	32	76	25,984
10	32	79	2,153
10	32	80	15,417
10	32	87	3,751
10	32	88	30,5
10	32	89	6,733
10	32	92	20,313
10	36	4	7,673
10	36	6	12,333
10	36	14	20,693
10	36	19	10,878
10	36	21	3,279
10	36	23	3,07
10	36	28	27,386
10	36	30	15,572
10	36	32	1,763
10	36	39	3,749
10	36	41	3,152
10	36	43	0,729
10	36	59	6,527
10	36	69	2,506
10	36	74	5,044
10	36	76	11,993
10	36	79	3,308
10	36	80	19,502
10	36	87	7,152
10	36	88	6,294
10	36	89	2,975
10	36	92	5,923
10	39	4	3,237
10	39	6	2,034
10	39	14	11,041
10	39	19	7,633
10	39	21	0,725
10	39	23	1,394
10	39	28	6,618
10	39	30	1,619
10	39	32	8,83
10	39	36	6,798
10	39	41	1,765
10	39	43	0,698
10	39	59	2,917
10	39	69	2,123
10	39	74	3,445
10	39	76	4,574
10	39	79	4,336
10	39	80	3,065
10	39	87	9,827
10	39	88	11,488
10	39	89	2,208
10	39	92	1,573
10	41	4	0,504
10	41	6	5,004
10	41	14	4,386
10	41	19	20,204
10	41	21	0,922
10	41	23	33,244
10	41	28	3,623
10	41	30	9,308
10	41	32	9,179
10	41	36	1,636
10	41	39	4,871
10	41	43	1,018
10	41	59	7,658
10	41	69	1,139
10	41	74	2,51
10	41	76	1,32
10	41	79	24,169
10	41	80	10,768
10	41	87	1,309
10	41	88	0,555
10	41	89	9,249
10	41	92	5,085
10	43	4	11,919
10	43	6	8,479
10	43	14	3,196
10	43	19	8,409
10	43	21	0,797
10	43	23	9,627
10	43	28	2,132
10	43	30	13,639
10	43	32	5,912
10	43	36	14,749
10	43	39	0,841
10	43	41	2,196
10	43	59	5,604
10	43	69	39,175
10	43	74	1,606
10	43	76	4,708
10	43	79	20,468
10	43	80	22,862
10	43	87	2,083
10	43	88	1,706
10	43	89	3,305
10	43	92	15,346
10	59	4	15,337
10	59	6	8,325
10	59	14	9,184
10	59	19	0,862
10	59	21	3,346
10	59	23	1,93
10	59	28	12,473
10	59	30	9,179
10	59	32	7,63
10	59	36	13,79
10	59	39	2,745
10	59	41	4,679
10	59	43	9,022
10	59	69	2,017
10	59	74	1,424
10	59	76	4,627
10	59	79	1,151
10	59	80	10,761
10	59	87	0,673
10	59	88	2,741
10	59	89	3,678
10	59	92	10,981
10	69	4	5,101
10	69	6	7,692
10	69	14	22,148
10	69	19	13,963
10	69	21	1,562
10	69	23	8,771
10	69	28	10,248
10	69	30	6,16
10	69	32	2,143
10	69	36	2,107
10	69	39	1,108
10	69	41	7,609
10	69	43	1,633
10	69	59	5,38
10	69	74	2,373
10	69	76	1,106
10	69	79	7,879
10	69	80	14,76
10	69	87	5,478
10	69	88	15,878
10	69	89	3,362
10	69	92	10,393
10	74	4	3,375
10	74	6	3,763
10	74	14	20,649
10	74	19	3,423
10	74	21	12,117
10	74	23	1,783
10	74	28	3,549
10	74	30	0,765
10	74	32	0,519
10	74	36	4,062
10	74	39	2,077
10	74	41	6,114
10	74	43	3,063
10	74	59	13,351
10	74	69	2,193
10	74	76	7,351
10	74	79	3,529
10	74	80	2,301
10	74	87	0,875
10	74	88	1,476
10	74	89	9,771
10	74	92	2,989
10	76	4	42,714
10	76	6	1,716
10	76	14	20,943
10	76	19	5,184
10	76	21	2,261
10	76	23	4,312
10	76	28	11,262
10	76	30	3,083
10	76	32	31,775
10	76	36	29,248
10	76	39	0,622
10	76	41	14,443
10	76	43	8,197
10	76	59	3,082
10	76	69	5,636
10	76	74	1,526
10	76	79	1,488
10	76	80	5,7
10	76	87	9,93
10	76	88	2,422
10	76	89	1,162
10	76	92	0,906
10	79	4	3,875
10	79	6	13,624
10	79	14	3,786
10	79	19	3,642
10	79	21	12,749
10	79	23	26,728
10	79	28	6,991
10	79	30	10,976
10	79	32	1,013
10	79	36	0,715
10	79	39	6,767
10	79	41	7,447
10	79	43	1,993
10	79	59	1,377
10	79	69	12,186
10	79	74	0,793
10	79	76	9,507
10	79	80	0,551
10	79	87	3,691
10	79	88	7,868
10	79	89	5,855
10	79	92	4,694
10	80	4	6,438
10	80	6	1,153
10	80	14	4,126
10	80	19	7,522
10	80	21	0,602
10	80	23	15,513
10	80	28	7,503
10	80	30	26,372
10	80	32	0,847
10	80	36	9,293
10	80	39	1,321
10	80	41	2,825
10	80	43	7,888
10	80	59	1,621
10	80	69	6,791
10	80	74	5,802
10	80	76	5,164
10	80	79	5,02
10	80	87	3,943
10	80	88	1,646
10	80	89	4,061
10	80	92	18,93
10	87	4	3,325
10	87	6	5,932
10	87	14	1,556
10	87	19	2,605
10	87	21	8,68
10	87	23	10,956
10	87	28	1,184
10	87	30	2,766
10	87	32	4,095
10	87	36	0,783
10	87	39	1,938
10	87	41	9,71
10	87	43	1,186
10	87	59	3,32
10	87	69	5,178
10	87	74	1,751
10	87	76	0,887
10	87	79	21,574
10	87	80	13,501
10	87	88	8,632
10	87	89	2,682
10	87	92	3,056
10	88	4	14,771
10	88	6	6,468
10	88	14	8,337
10	88	19	7,558
10	88	21	2,263
10	88	23	7,466
10	88	28	12,048
10	88	30	6,304
10	88	32	3,779
10	88	36	2,312
10	88	39	6,216
10	88	41	5,137
10	88	43	9,6
10	88	59	1,039
10	88	69	0,593
10	88	74	0,68
10	88	76	3,328
10	88	79	0,899
10	88	80	4,962
10	88	87	1,933
10	88	89	13,378
10	88	92	4,711
10	89	4	7,433
10	89	6	1,836
10	89	14	9,364
10	89	19	2,979
10	89	21	4,015
10	89	23	0,963
10	89	28	2,883
10	89	30	16,689
10	89	32	1,161
10	89	36	7,085
10	89	39	4,882
10	89	41	1,832
10	89	43	5,235
10	89	59	3,499
10	89	69	1,121
10	89	74	2,317
10	89	76	4,156
10	89	79	0,546
10	89	80	0,746
10	89	87	2,215
10	89	88	12,724
10	89	92	0,525
10	92	4	32,323
10	92	6	11,577
10	92	14	8,841
10	92	19	1,961
10	92	21	10,549
10	92	23	18,957
10	92	28	1,155
10	92	30	6,693
10	92	32	2,91
10	92	36	13,157
10	92	39	16,387
10	92	41	3,278
10	92	43	17,361
10	92	59	3,598
10	92	69	3,118
10	92	74	1,526
10	92	76	1,855
10	92	79	9,733
10	92	80	5,598
10	92	87	51,591
10	92	88	7,204
10	92	89	2,541

