#num jobs
100
#num machines
10

#jobId machId procTime energyCons
1	1	4,32	48,7
1	2	4,03	49,99
1	5	3,22	32,15
1	6	8,48	115,13
2	8	66,04	283,01
2	7	74,3	953,5
3	2	20,44	253,64
3	3	25,31	268,21
3	5	13,49	134,82
3	10	12,55	62,1
4	3	0,19	2,02
4	10	9,38	46,4
5	4	7,01	71
5	10	13,79	68,23
6	1	10,5	118,39
6	2	112,39	1394,54
6	4	6,42	64,96
7	3	52,69	558,46
7	7	0,57	7,28
7	9	15,29	183,79
8	10	11,42	56,51
8	9	98,15	1179,77
8	7	36,17	464,19
8	5	28,33	283,23
8	3	2,44	25,81
9	6	29,4	399,28
10	4	22,28	225,52
10	10	18,61	92,08
11	5	33,34	333,29
12	3	7,47	79,14
12	8	4,39	18,8
13	6	397,39	5396,72
13	2	2,13	26,43
14	7	16,79	215,48
15	10	19,66	97,26
15	9	1,5	18,07
15	8	8,07	34,56
15	5	18,67	186,61
16	1	388,75	4382,38
17	6	1,42	19,22
17	4	5,89	59,65
18	4	3,25	32,91
18	2	105,71	1311,66
19	8	76,35	327,2
19	4	57,52	582,29
19	2	28,35	351,71
20	6	24,05	326,67
21	9	6,09	73,17
21	4	668,05	6762,76
22	4	14,92	151
23	6	14,25	193,5
24	8	7,72	33,06
24	6	21,83	296,41
24	5	0,13	1,35
25	2	1,45	18,05
25	8	16,66	71,39
25	10	21,57	106,76
26	10	8,71	43,1
26	8	9,61	41,16
26	6	108,42	1472,31
26	2	1,54	19,16
27	1	18,81	212,02
27	7	10,53	135,19
27	10	7,29	36,1
28	7	25,97	333,24
28	3	61,61	652,95
29	5	13,71	137,03
29	2	17,64	218,84
29	1	23,49	264,85
30	7	13,81	177,18
30	9	17,68	212,56
31	10	5,35	26,5
31	6	13,45	182,66
31	5	59,74	597,16
31	3	21,64	229,36
31	2	28	347,39
32	8	0,87	3,72
32	3	93,81	994,22
32	2	19,47	241,6
33	2	261,62	3246,17
33	3	7,15	75,82
33	8	2,85	12,21
34	9	13,27	159,46
34	8	8,5	36,42
34	7	14,53	186,54
34	2	6,43	79,84
35	7	2,24	28,69
35	5	2,74	27,38
35	4	48,11	487,07
36	7	1,77	22,77
36	8	11,31	48,47
36	10	4,39	21,72
37	4	3,87	39,21
37	5	144,7	1446,45
37	6	4595,26	62405,05
38	2	3,47	43,11
38	3	11,77	124,75
38	4	3,15	31,89
38	5	18,83	188,18
38	9	7,06	84,84
39	1	4,27	48,13
39	4	9,08	91,94
39	6	65,14	884,63
39	10	13,69	67,75
40	4	5114,09	51770,82
41	4	13,73	138,95
42	1	24,85	280,11
42	2	5,21	64,59
42	6	1,99	26,99
42	8	26,24	112,43
43	4	4,86	49,15
43	7	46,44	595,95
43	10	7,13	35,28
44	1	3,07	34,58
44	3	1,49	15,74
44	7	2,79	35,74
44	10	21,38	105,81
45	6	136,52	1853,98
45	4	33,27	336,84
45	3	73,77	781,84
46	4	116,57	1180,09
46	5	2,37	23,72
46	7	1,65	21,13
47	6	6,72	91,2
47	3	4,25	45,04
48	10	10,77	53,29
48	8	271,92	1165,26
48	7	1,41	18,15
48	2	20,7	256,83
49	10	7,68	37,98
49	8	5,99	25,65
49	7	9,08	116,53
49	3	4,97	52,7
50	2	14,92	185,17
51	10	38,15	188,78
51	7	257,87	3309,51
52	10	14,74	72,92
53	6	9,6	130,37
54	1	17,76	200,26
55	2	2,32	28,77
56	4	18,56	187,85
57	7	21,97	282,02
58	2	24,06	298,49
59	1	2,53	28,53
59	2	16,68	207,01
59	3	1127,4	11948,26
60	3	0,6	6,33
60	4	82,34	833,56
60	8	163,37	700,1
61	10	5,24	25,93
61	9	7,21	86,72
62	6	8,57	116,42
63	8	3,06	13,11
63	7	21,44	275,21
63	2	33,88	420,37
63	1	85,04	958,7
64	4	6,93	70,17
65	9	2,48	29,78
65	8	64,62	276,92
66	6	24,35	330,64
66	5	249,67	2495,71
66	1	5,82	65,62
67	3	3,56	37,69
67	4	9,83	99,53
67	7	2,82	36,25
67	9	27,12	325,98
68	7	20,05	257,27
68	1	2,22	24,99
69	6	5,66	76,81
69	1	4,85	54,65
70	9	19,32	232,23
70	7	1,9	24,33
70	4	7,07	71,56
71	2	8,48	105,19
71	3	8,59	91,05
71	10	34,1	168,74
72	2	7,79	96,68
72	5	8,51	85,1
72	8	5,07	21,73
72	9	8,81	105,89
72	10	2,32	11,47
73	10	3,56	17,63
73	8	22,9	98,14
74	5	13,9	138,92
74	8	143,38	614,42
75	7	12,74	163,53
75	1	13,38	150,81
76	5	123,98	1239,34
76	9	2,81	33,72
76	10	3,37	16,68
77	5	10,8	107,96
78	1	10,91	122,99
78	2	9,63	119,49
78	6	8,32	113,02
78	10	3055,36	15118,87
79	10	17,67	87,43
79	5	1,87	18,67
79	3	34,85	369,39
80	3	3,03	32,09
81	10	6,37	31,53
81	9	4,87	58,51
81	5	9,57	95,67
81	3	1,97	20,9
81	1	2,45	27,64
82	9	1,34	16,15
83	6	5,92	80,43
84	5	41,51	414,93
84	9	8,38	100,77
85	1	2,49	28,02
85	8	36,61	156,89
86	7	10,53	135,16
86	8	7,25	31,07
86	9	39,79	478,32
86	10	4,77	23,61
87	3	17,46	185,03
88	2	10,83	134,35
88	9	4,5	54,11
89	3	28,73	304,47
89	8	14,07	60,3
90	6	8,19	111,28
91	1	4,46	50,25
92	3	2,11	22,36
92	4	7,1	71,86
92	6	3,26	44,31
93	6	1,32	17,97
94	3	8,58	90,94
94	9	6,64	79,78
95	2	11,04	137
95	8	22,7	97,29
95	10	34,11	168,81
96	1	105,6	1190,42
96	6	184,55	2506,28
97	2	1,64	20,34
98	6	6,03	81,91
99	1	147,26	1660,05
99	4	57,3	580,02
99	7	56,99	731,37
99	8	15,94	68,29
99	9	5,21	62,61
99	10	11,77	58,25
100	7	6,45	82,74

#jobId ddate weight rdate
1	1248,942	26	397,857
2	1143,163	12	245,836
3	1292,573	3	367,447
4	887,339	25	223,927
5	536,036	21	97,54
6	38,667	2	116,247
7	1147,091	11	435,922
8	48,469	24	209,293
9	1374,224	23	22,195
10	1041,831	27	48,26
11	1653,236	4	252,122
12	671,58	39	383,489
13	365,591	40	21,715
14	542,58	9	290,98
15	319,49	12	94,217
16	1399,191	5	238,507
17	752,613	19	133,274
18	130,539	10	161,859
19	1127,793	22	300,118
20	72,985	26	379,333
21	1345,267	36	62,686
22	867,112	46	245,624
23	760,382	17	403,212
24	1107,418	11	355,367
25	368,231	17	151,128
26	43,364	13	369,343
27	420,086	25	430,856
28	641,269	40	72,305
29	291,076	11	380,674
30	1528,586	10	323,045
31	614,541	9	73,152
32	523,855	26	236,426
33	792,206	33	300,192
34	532,489	31	159,702
35	1303,034	25	348,397
36	287,995	2	377,675
37	1507,138	42	271,107
38	293,952	44	350,323
39	11,424	48	175,999
40	1616,799	34	144,009
41	1274,564	9	245,047
42	271,108	32	123,219
43	60,205	40	398,192
44	1414,979	8	249,888
45	1065,929	31	408,997
46	1541,96	19	271,657
47	548,316	1	0,77
48	318,122	6	5,362
49	610,381	18	80,147
50	524,017	7	128,108
51	951,656	18	230,949
52	1682,968	40	251,579
53	768,905	26	257,981
54	1479,551	47	56,947
55	384,12	3	23,04
56	1194,894	43	244,104
57	457,682	39	54,464
58	1065,891	17	267,121
59	1196,192	27	239,111
60	112,918	5	352,28
61	489,153	31	321,145
62	1165,491	3	115,831
63	1400,259	18	282,838
64	1425,994	2	193,264
65	1491,705	43	204,289
66	94,065	48	420,598
67	122,871	31	290,97
68	874,407	9	16,584
69	624,337	45	408,539
70	51,777	2	121,694
71	448,272	39	163,997
72	728,422	20	247,6
73	585,986	39	241,755
74	9,127	45	385,757
75	884,019	34	195,02
76	1311,06	8	330,644
77	797,664	29	275,532
78	1029,453	7	434,61
79	828,114	35	340,784
80	785,763	17	135,289
81	220,437	19	337,121
82	579,8	4	244,431
83	431,896	45	190,821
84	832,081	21	314,118
85	300,453	39	28,436
86	1247,505	29	434,695
87	849,773	9	265,417
88	1352,379	32	250,626
89	775,824	19	291,803
90	1125,957	39	412,175
91	1221,749	12	387,154
92	799,668	6	384,27
93	948,876	44	76,055
94	1076,124	16	219,791
95	424,569	45	428,494
96	307,068	46	182,25
97	624,389	39	332,25
98	183,596	35	421,096
99	265,981	10	154,113
100	1259,929	44	388,092

#machId jobPred jobSucc setupTime
1	1	6	5,149
1	1	16	4,485
1	1	27	22,361
1	1	29	4,764
1	1	39	13,846
1	1	42	3,834
1	1	44	4,9
1	1	54	21,401
1	1	59	5,771
1	1	63	3,638
1	1	66	21,062
1	1	68	7,046
1	1	69	4,388
1	1	75	8,377
1	1	78	16,756
1	1	81	4,145
1	1	85	8,248
1	1	91	1,531
1	1	96	6,212
1	1	99	3,599
1	6	1	1,572
1	6	16	5,503
1	6	27	1,736
1	6	29	7,489
1	6	39	8,402
1	6	42	2,268
1	6	44	10,331
1	6	54	6,497
1	6	59	11,612
1	6	63	1,642
1	6	66	0,705
1	6	68	1,133
1	6	69	1,118
1	6	75	10,083
1	6	78	2,676
1	6	81	9,507
1	6	85	6,986
1	6	91	3,435
1	6	96	5,705
1	6	99	5,023
1	16	1	0,906
1	16	6	3,537
1	16	27	4,522
1	16	29	14,317
1	16	39	4,488
1	16	42	3,677
1	16	44	16,566
1	16	54	0,578
1	16	59	7,955
1	16	63	0,888
1	16	66	1,79
1	16	68	1,53
1	16	69	17,187
1	16	75	12,439
1	16	78	3,259
1	16	81	8,857
1	16	85	1,654
1	16	91	1,123
1	16	96	18,064
1	16	99	5,267
1	27	1	11,865
1	27	6	12,515
1	27	16	1,93
1	27	29	5,191
1	27	39	3,003
1	27	42	3,199
1	27	44	3,609
1	27	54	2,213
1	27	59	0,849
1	27	63	2,261
1	27	66	0,922
1	27	68	4,675
1	27	69	0,728
1	27	75	7,209
1	27	78	1,287
1	27	81	13,306
1	27	85	16,644
1	27	91	5,742
1	27	96	3,905
1	27	99	11,313
1	29	1	1,811
1	29	6	0,825
1	29	16	1,335
1	29	27	15,194
1	29	39	3,606
1	29	42	8,133
1	29	44	6,001
1	29	54	1,02
1	29	59	2,825
1	29	63	4,126
1	29	66	1,748
1	29	68	2,39
1	29	69	7,757
1	29	75	1,566
1	29	78	4,209
1	29	81	2,303
1	29	85	4,505
1	29	91	4,481
1	29	96	3,359
1	29	99	11,102
1	39	1	1,631
1	39	6	9,453
1	39	16	4,104
1	39	27	1,693
1	39	29	10,162
1	39	42	31,132
1	39	44	1,482
1	39	54	10,674
1	39	59	1,271
1	39	63	0,944
1	39	66	4,07
1	39	68	5,719
1	39	69	0,94
1	39	75	0,875
1	39	78	2,674
1	39	81	25,611
1	39	85	0,791
1	39	91	18,913
1	39	96	5,146
1	39	99	6,831
1	42	1	2,983
1	42	6	7,905
1	42	16	19,637
1	42	27	2,011
1	42	29	3,544
1	42	39	4,455
1	42	44	6,427
1	42	54	15,062
1	42	59	33,389
1	42	63	7,234
1	42	66	1,884
1	42	68	8,487
1	42	69	2,031
1	42	75	4,584
1	42	78	8,718
1	42	81	2,423
1	42	85	1,925
1	42	91	1,773
1	42	96	6,424
1	42	99	4,894
1	44	1	0,924
1	44	6	19,49
1	44	16	17,812
1	44	27	23,204
1	44	29	1,643
1	44	39	5,958
1	44	42	10,918
1	44	54	1,664
1	44	59	2,842
1	44	63	0,597
1	44	66	1,604
1	44	68	0,792
1	44	69	2,819
1	44	75	2,184
1	44	78	0,734
1	44	81	1,464
1	44	85	8,289
1	44	91	0,953
1	44	96	13,081
1	44	99	3,52
1	54	1	3,296
1	54	6	13,15
1	54	16	5,459
1	54	27	9,426
1	54	29	3,902
1	54	39	0,642
1	54	42	2,601
1	54	44	1,589
1	54	59	1,711
1	54	63	2,709
1	54	66	1,732
1	54	68	8,634
1	54	69	22,288
1	54	75	4,752
1	54	78	3,598
1	54	81	6,725
1	54	85	18,384
1	54	91	1,555
1	54	96	2,418
1	54	99	6,06
1	59	1	1,147
1	59	6	4,691
1	59	16	4,355
1	59	27	2,651
1	59	29	1,295
1	59	39	8,992
1	59	42	8,052
1	59	44	5,177
1	59	54	23,21
1	59	63	6,697
1	59	66	4,169
1	59	68	2,321
1	59	69	0,51
1	59	75	2,79
1	59	78	9,52
1	59	81	5,651
1	59	85	1,082
1	59	91	16,421
1	59	96	3,717
1	59	99	1,433
1	63	1	6,32
1	63	6	2,985
1	63	16	3,831
1	63	27	4,962
1	63	29	6,89
1	63	39	4,269
1	63	42	8,714
1	63	44	11,345
1	63	54	2,142
1	63	59	3,033
1	63	66	4,751
1	63	68	31,64
1	63	69	5,328
1	63	75	0,716
1	63	78	3,934
1	63	81	28,08
1	63	85	0,79
1	63	91	24,558
1	63	96	15,464
1	63	99	9,378
1	66	1	1,629
1	66	6	3,299
1	66	16	1,872
1	66	27	0,605
1	66	29	1,496
1	66	39	3,218
1	66	42	0,546
1	66	44	4,909
1	66	54	9,097
1	66	59	6,818
1	66	63	4,133
1	66	68	0,989
1	66	69	9,049
1	66	75	0,672
1	66	78	0,709
1	66	81	16,624
1	66	85	4,446
1	66	91	5,2
1	66	96	11,758
1	66	99	1,639
1	68	1	24,038
1	68	6	4,963
1	68	16	4,554
1	68	27	5,311
1	68	29	0,681
1	68	39	20,214
1	68	42	2,95
1	68	44	40,878
1	68	54	7,431
1	68	59	2,144
1	68	63	4,144
1	68	66	0,791
1	68	69	1,442
1	68	75	6,262
1	68	78	10,98
1	68	81	4,864
1	68	85	8,691
1	68	91	4,249
1	68	96	2,251
1	68	99	2,001
1	69	1	2,672
1	69	6	1,324
1	69	16	1,431
1	69	27	12,507
1	69	29	14,508
1	69	39	0,72
1	69	42	7,165
1	69	44	5,321
1	69	54	14,209
1	69	59	1,809
1	69	63	1,629
1	69	66	10,719
1	69	68	0,686
1	69	75	1,723
1	69	78	10,767
1	69	81	0,959
1	69	85	3,231
1	69	91	30,675
1	69	96	7,352
1	69	99	14,371
1	75	1	2,428
1	75	6	1,803
1	75	16	8,832
1	75	27	1,235
1	75	29	0,662
1	75	39	6,273
1	75	42	4,239
1	75	44	8,489
1	75	54	5,006
1	75	59	3,524
1	75	63	8,711
1	75	66	2,994
1	75	68	1,221
1	75	69	10,472
1	75	78	13,822
1	75	81	3,56
1	75	85	5,607
1	75	91	0,795
1	75	96	2,028
1	75	99	3,953
1	78	1	0,527
1	78	6	7,872
1	78	16	10,553
1	78	27	4,337
1	78	29	5,245
1	78	39	4,932
1	78	42	1,489
1	78	44	3,681
1	78	54	0,941
1	78	59	4,251
1	78	63	4,529
1	78	66	39,558
1	78	68	17,932
1	78	69	1,582
1	78	75	11,176
1	78	81	5,922
1	78	85	3,744
1	78	91	0,612
1	78	96	3,162
1	78	99	5,934
1	81	1	4,877
1	81	6	9,72
1	81	16	16,509
1	81	27	1,25
1	81	29	5,295
1	81	39	6,645
1	81	42	7,547
1	81	44	1,581
1	81	54	2,64
1	81	59	4,585
1	81	63	1,165
1	81	66	6,78
1	81	68	4,323
1	81	69	2,745
1	81	75	11,789
1	81	78	10,01
1	81	85	1,41
1	81	91	1,498
1	81	96	23,226
1	81	99	6,148
1	85	1	1,759
1	85	6	14,473
1	85	16	2,792
1	85	27	6,32
1	85	29	4,821
1	85	39	1,123
1	85	42	3,162
1	85	44	7,535
1	85	54	6,276
1	85	59	2,185
1	85	63	2,451
1	85	66	13,249
1	85	68	0,837
1	85	69	2,535
1	85	75	5,337
1	85	78	2,235
1	85	81	4,722
1	85	91	2,182
1	85	96	1,228
1	85	99	1,84
1	91	1	4,974
1	91	6	14,851
1	91	16	14,117
1	91	27	9,422
1	91	29	21,355
1	91	39	5,13
1	91	42	20,887
1	91	44	34,418
1	91	54	5,289
1	91	59	15,25
1	91	63	11,179
1	91	66	1,158
1	91	68	4,35
1	91	69	7,093
1	91	75	12,99
1	91	78	3,207
1	91	81	0,535
1	91	85	1,516
1	91	96	9,394
1	91	99	6,976
1	96	1	7,522
1	96	6	0,951
1	96	16	3,399
1	96	27	1,327
1	96	29	1,952
1	96	39	0,976
1	96	42	9,626
1	96	44	4,51
1	96	54	4,639
1	96	59	5,19
1	96	63	14,35
1	96	66	1,306
1	96	68	2,115
1	96	69	8,092
1	96	75	8,106
1	96	78	8,243
1	96	81	6,326
1	96	85	1,337
1	96	91	4,574
1	96	99	1,381
1	99	1	12,572
1	99	6	16,362
1	99	16	21,484
1	99	27	1,373
1	99	29	3,3
1	99	39	1,264
1	99	42	1,956
1	99	44	5,37
1	99	54	1,423
1	99	59	6,773
1	99	63	9,976
1	99	66	14,065
1	99	68	0,53
1	99	69	1,423
1	99	75	1,853
1	99	78	3,564
1	99	81	1,606
1	99	85	0,591
1	99	91	7,431
1	99	96	20,24
2	1	3	4,011
2	1	6	6,216
2	1	13	1,674
2	1	18	4,706
2	1	19	11,71
2	1	25	3,072
2	1	26	4,53
2	1	29	1,465
2	1	31	1,484
2	1	32	1,197
2	1	33	3,571
2	1	34	3,432
2	1	38	9,722
2	1	42	2,097
2	1	48	9,311
2	1	50	3,093
2	1	55	1,795
2	1	58	2,56
2	1	59	3,953
2	1	63	7,557
2	1	71	9,424
2	1	72	4,474
2	1	78	5,677
2	1	88	10,663
2	1	95	3,643
2	1	97	6,737
2	3	1	13,885
2	3	6	1,981
2	3	13	6,957
2	3	18	7,726
2	3	19	0,71
2	3	25	0,866
2	3	26	7,035
2	3	29	1,295
2	3	31	0,752
2	3	32	2,385
2	3	33	2,474
2	3	34	12,268
2	3	38	2,249
2	3	42	10,529
2	3	48	24,536
2	3	50	1,684
2	3	55	0,935
2	3	58	2,102
2	3	59	8,693
2	3	63	0,647
2	3	71	6,665
2	3	72	6,796
2	3	78	2,011
2	3	88	4,06
2	3	95	17,967
2	3	97	9,223
2	6	1	21,563
2	6	3	3,117
2	6	13	3,771
2	6	18	3,327
2	6	19	3,268
2	6	25	3,574
2	6	26	7,327
2	6	29	0,622
2	6	31	24,396
2	6	32	8,778
2	6	33	3,585
2	6	34	1,202
2	6	38	8,294
2	6	42	12,917
2	6	48	9,265
2	6	50	9,336
2	6	55	6,531
2	6	58	5,12
2	6	59	2,5
2	6	63	3,838
2	6	71	1,906
2	6	72	11,906
2	6	78	13,144
2	6	88	1,62
2	6	95	3,18
2	6	97	3,297
2	13	1	4,829
2	13	3	4,898
2	13	6	8,665
2	13	18	8,118
2	13	19	2,05
2	13	25	6,348
2	13	26	1,818
2	13	29	19,618
2	13	31	26,286
2	13	32	7,023
2	13	33	9,228
2	13	34	1,566
2	13	38	1,643
2	13	42	1,196
2	13	48	9,407
2	13	50	4,064
2	13	55	0,733
2	13	58	1,229
2	13	59	6,831
2	13	63	3,691
2	13	71	0,753
2	13	72	3,136
2	13	78	20,984
2	13	88	3,743
2	13	95	1,155
2	13	97	7,909
2	18	1	9,958
2	18	3	16,811
2	18	6	1,594
2	18	13	7,869
2	18	19	2,119
2	18	25	7,228
2	18	26	0,838
2	18	29	15,416
2	18	31	6,126
2	18	32	10,095
2	18	33	3,125
2	18	34	1,33
2	18	38	8,308
2	18	42	12,801
2	18	48	0,565
2	18	50	5,073
2	18	55	3,714
2	18	58	4,244
2	18	59	1,371
2	18	63	1,091
2	18	71	16,607
2	18	72	6,724
2	18	78	2,312
2	18	88	6,088
2	18	95	31,275
2	18	97	4,146
2	19	1	14,985
2	19	3	1,571
2	19	6	0,863
2	19	13	6,834
2	19	18	11,757
2	19	25	2,312
2	19	26	4,292
2	19	29	6,209
2	19	31	12,181
2	19	32	33,415
2	19	33	4,983
2	19	34	3,334
2	19	38	0,995
2	19	42	4,473
2	19	48	12,234
2	19	50	2,479
2	19	55	4,577
2	19	58	1,478
2	19	59	8,036
2	19	63	8,924
2	19	71	0,714
2	19	72	1,088
2	19	78	12,196
2	19	88	4,224
2	19	95	6,696
2	19	97	8,453
2	25	1	2,554
2	25	3	14,815
2	25	6	33,9
2	25	13	20,731
2	25	18	5,855
2	25	19	11,248
2	25	26	1,197
2	25	29	8,068
2	25	31	3,811
2	25	32	3,459
2	25	33	2,519
2	25	34	13,331
2	25	38	8,424
2	25	42	3,105
2	25	48	6,673
2	25	50	9,14
2	25	55	4,506
2	25	58	3,193
2	25	59	1,699
2	25	63	0,815
2	25	71	4,228
2	25	72	3,356
2	25	78	5,234
2	25	88	3,029
2	25	95	6,978
2	25	97	1,774
2	26	1	0,841
2	26	3	5,586
2	26	6	7,055
2	26	13	2,475
2	26	18	5,094
2	26	19	2,02
2	26	25	3,871
2	26	29	0,88
2	26	31	1,622
2	26	32	1,646
2	26	33	4,698
2	26	34	16,058
2	26	38	5,061
2	26	42	5,227
2	26	48	4,785
2	26	50	41,105
2	26	55	6,195
2	26	58	2,555
2	26	59	9,926
2	26	63	2,211
2	26	71	10,174
2	26	72	1,874
2	26	78	5,767
2	26	88	2,814
2	26	95	3,785
2	26	97	0,999
2	29	1	14,958
2	29	3	4,867
2	29	6	3,473
2	29	13	9,574
2	29	18	1,604
2	29	19	4,826
2	29	25	2,307
2	29	26	1,246
2	29	31	1,317
2	29	32	16,649
2	29	33	4,361
2	29	34	4,698
2	29	38	3,322
2	29	42	11,657
2	29	48	7,929
2	29	50	9,201
2	29	55	0,562
2	29	58	6,623
2	29	59	1,386
2	29	63	8,693
2	29	71	2,062
2	29	72	2,088
2	29	78	3,634
2	29	88	16,839
2	29	95	4,437
2	29	97	24,377
2	31	1	7,832
2	31	3	3,301
2	31	6	2,759
2	31	13	0,652
2	31	18	2,385
2	31	19	13,596
2	31	25	2,445
2	31	26	3,767
2	31	29	0,6
2	31	32	5,744
2	31	33	1,265
2	31	34	14,298
2	31	38	4,264
2	31	42	1,167
2	31	48	9,309
2	31	50	3,374
2	31	55	4,16
2	31	58	1,491
2	31	59	7,131
2	31	63	3,505
2	31	71	12,057
2	31	72	2,958
2	31	78	9,209
2	31	88	3,537
2	31	95	2,555
2	31	97	15,391
2	32	1	26,564
2	32	3	3,528
2	32	6	0,751
2	32	13	6,589
2	32	18	12,946
2	32	19	17,449
2	32	25	3,886
2	32	26	1,996
2	32	29	4,105
2	32	31	4,391
2	32	33	18,791
2	32	34	3,311
2	32	38	14,73
2	32	42	0,858
2	32	48	3,067
2	32	50	2,606
2	32	55	0,535
2	32	58	1,44
2	32	59	9,66
2	32	63	0,626
2	32	71	11,701
2	32	72	2,339
2	32	78	1,134
2	32	88	16,369
2	32	95	2,301
2	32	97	2,465
2	33	1	1,876
2	33	3	1,691
2	33	6	2,513
2	33	13	4,989
2	33	18	4,259
2	33	19	1,443
2	33	25	0,869
2	33	26	3,019
2	33	29	5,383
2	33	31	2,373
2	33	32	2,886
2	33	34	6,673
2	33	38	1,41
2	33	42	25,753
2	33	48	5,5
2	33	50	7,04
2	33	55	0,644
2	33	58	10,658
2	33	59	0,866
2	33	63	3,889
2	33	71	1,424
2	33	72	6,16
2	33	78	7,845
2	33	88	3,269
2	33	95	5,861
2	33	97	3,765
2	34	1	0,758
2	34	3	5,353
2	34	6	8,122
2	34	13	3,064
2	34	18	2,924
2	34	19	18,525
2	34	25	0,541
2	34	26	4,489
2	34	29	0,846
2	34	31	1,225
2	34	32	0,556
2	34	33	5,752
2	34	38	8,318
2	34	42	2,72
2	34	48	4,79
2	34	50	2,424
2	34	55	5,399
2	34	58	31,492
2	34	59	10,062
2	34	63	12,944
2	34	71	2,065
2	34	72	1,031
2	34	78	4,919
2	34	88	1,354
2	34	95	1,928
2	34	97	1,46
2	38	1	5,63
2	38	3	9,988
2	38	6	17,085
2	38	13	1,097
2	38	18	10,055
2	38	19	11,179
2	38	25	2,743
2	38	26	13,153
2	38	29	1,298
2	38	31	13,173
2	38	32	13,928
2	38	33	7,4
2	38	34	8,316
2	38	42	2,556
2	38	48	2,925
2	38	50	1,529
2	38	55	5,394
2	38	58	2,144
2	38	59	0,878
2	38	63	5,067
2	38	71	12,577
2	38	72	1,192
2	38	78	2,059
2	38	88	1,568
2	38	95	2,395
2	38	97	3,848
2	42	1	11,351
2	42	3	21,949
2	42	6	9,678
2	42	13	3,954
2	42	18	3,279
2	42	19	12,58
2	42	25	9,658
2	42	26	0,648
2	42	29	10,409
2	42	31	0,872
2	42	32	3,932
2	42	33	1,865
2	42	34	0,938
2	42	38	6,816
2	42	48	15,126
2	42	50	2,223
2	42	55	2,298
2	42	58	28,533
2	42	59	4,153
2	42	63	2,405
2	42	71	2,515
2	42	72	7,144
2	42	78	9,32
2	42	88	4,251
2	42	95	3,84
2	42	97	6,534
2	48	1	18,769
2	48	3	8,346
2	48	6	11,77
2	48	13	2,585
2	48	18	1,739
2	48	19	17,57
2	48	25	2,139
2	48	26	9,31
2	48	29	0,661
2	48	31	3,345
2	48	32	4,203
2	48	33	0,77
2	48	34	1,057
2	48	38	3,91
2	48	42	16,436
2	48	50	10,018
2	48	55	1,621
2	48	58	3,336
2	48	59	1,849
2	48	63	6,618
2	48	71	4,859
2	48	72	29,067
2	48	78	9,469
2	48	88	0,868
2	48	95	2,254
2	48	97	1,754
2	50	1	13,512
2	50	3	0,605
2	50	6	0,749
2	50	13	19,89
2	50	18	2,094
2	50	19	3,814
2	50	25	3,327
2	50	26	2,966
2	50	29	1,13
2	50	31	5,668
2	50	32	12,095
2	50	33	3,343
2	50	34	14,162
2	50	38	21,418
2	50	42	10,898
2	50	48	8,322
2	50	55	1,863
2	50	58	8,114
2	50	59	8,37
2	50	63	1,315
2	50	71	27,648
2	50	72	4,432
2	50	78	3,964
2	50	88	7,344
2	50	95	9,025
2	50	97	1,376
2	55	1	0,859
2	55	3	0,957
2	55	6	2,423
2	55	13	1,511
2	55	18	0,709
2	55	19	1,218
2	55	25	5,01
2	55	26	4,918
2	55	29	5,363
2	55	31	8,57
2	55	32	3,783
2	55	33	1,161
2	55	34	1,249
2	55	38	1,062
2	55	42	2,024
2	55	48	1,655
2	55	50	0,76
2	55	58	1,618
2	55	59	9,36
2	55	63	1,583
2	55	71	1,476
2	55	72	1,595
2	55	78	5,349
2	55	88	7,147
2	55	95	6,63
2	55	97	13,787
2	58	1	10,46
2	58	3	1,937
2	58	6	38,521
2	58	13	1,128
2	58	18	2,845
2	58	19	11,937
2	58	25	9,682
2	58	26	0,549
2	58	29	0,556
2	58	31	8,703
2	58	32	7,329
2	58	33	5,705
2	58	34	1,652
2	58	38	5,177
2	58	42	4,005
2	58	48	0,614
2	58	50	5,665
2	58	55	3,703
2	58	59	10,697
2	58	63	1,177
2	58	71	3,104
2	58	72	18,653
2	58	78	1,621
2	58	88	1,705
2	58	95	3,706
2	58	97	2,103
2	59	1	3,293
2	59	3	1,626
2	59	6	9,128
2	59	13	4,241
2	59	18	2,966
2	59	19	6,728
2	59	25	3,968
2	59	26	19,081
2	59	29	3,52
2	59	31	6,887
2	59	32	2,55
2	59	33	7,561
2	59	34	4,52
2	59	38	1,828
2	59	42	16,282
2	59	48	1,944
2	59	50	5,258
2	59	55	7,102
2	59	58	1,156
2	59	63	14,249
2	59	71	0,549
2	59	72	4,139
2	59	78	3,077
2	59	88	1,76
2	59	95	7,182
2	59	97	2,339
2	63	1	4,5
2	63	3	15,421
2	63	6	0,99
2	63	13	11,371
2	63	18	5,729
2	63	19	19,787
2	63	25	1,671
2	63	26	18,936
2	63	29	0,93
2	63	31	3,016
2	63	32	3,731
2	63	33	4,315
2	63	34	3,532
2	63	38	2,243
2	63	42	7,743
2	63	48	12,562
2	63	50	5,143
2	63	55	8,896
2	63	58	13,547
2	63	59	7,715
2	63	71	2,019
2	63	72	3,186
2	63	78	2,406
2	63	88	8,528
2	63	95	4,086
2	63	97	2,806
2	71	1	2,787
2	71	3	6,548
2	71	6	2,045
2	71	13	0,86
2	71	18	2,117
2	71	19	1,231
2	71	25	0,886
2	71	26	18,866
2	71	29	5,949
2	71	31	9,59
2	71	32	3,516
2	71	33	1,012
2	71	34	2,348
2	71	38	9,02
2	71	42	0,555
2	71	48	5,841
2	71	50	3,763
2	71	55	12,36
2	71	58	4,053
2	71	59	5,269
2	71	63	1,242
2	71	72	2,589
2	71	78	16,232
2	71	88	0,516
2	71	95	0,658
2	71	97	3,008
2	72	1	8,409
2	72	3	1,218
2	72	6	12,212
2	72	13	4,876
2	72	18	0,904
2	72	19	2,555
2	72	25	1,256
2	72	26	2,949
2	72	29	13,484
2	72	31	5,445
2	72	32	4,864
2	72	33	8,548
2	72	34	3,991
2	72	38	4,058
2	72	42	3,505
2	72	48	3,501
2	72	50	15,84
2	72	55	3,626
2	72	58	1,623
2	72	59	8,659
2	72	63	3,139
2	72	71	22,993
2	72	78	0,908
2	72	88	2,987
2	72	95	1,795
2	72	97	6,786
2	78	1	1,061
2	78	3	10,41
2	78	6	7,616
2	78	13	0,962
2	78	18	9,417
2	78	19	3,292
2	78	25	1,633
2	78	26	0,817
2	78	29	4,454
2	78	31	5,134
2	78	32	5,234
2	78	33	2,482
2	78	34	9,368
2	78	38	21,427
2	78	42	1,867
2	78	48	4,297
2	78	50	4,889
2	78	55	1,847
2	78	58	3,678
2	78	59	2,211
2	78	63	1,865
2	78	71	3,591
2	78	72	2,84
2	78	88	2,631
2	78	95	2,334
2	78	97	3,91
2	88	1	7,029
2	88	3	1,229
2	88	6	3,02
2	88	13	1,798
2	88	18	1,256
2	88	19	0,724
2	88	25	2,712
2	88	26	2,504
2	88	29	9,065
2	88	31	3,645
2	88	32	1,099
2	88	33	2,835
2	88	34	18,345
2	88	38	3,704
2	88	42	15,35
2	88	48	11,194
2	88	50	0,715
2	88	55	4,223
2	88	58	5,539
2	88	59	12,604
2	88	63	1,85
2	88	71	22,453
2	88	72	3,762
2	88	78	1,803
2	88	95	9,935
2	88	97	2,493
2	95	1	0,787
2	95	3	8
2	95	6	8,392
2	95	13	9,544
2	95	18	5,316
2	95	19	5,152
2	95	25	1,205
2	95	26	1,985
2	95	29	8,127
2	95	31	13,035
2	95	32	20,294
2	95	33	11,849
2	95	34	4,361
2	95	38	6,154
2	95	42	4,806
2	95	48	12,835
2	95	50	5,215
2	95	55	7,008
2	95	58	17,428
2	95	59	7,461
2	95	63	7,481
2	95	71	11,403
2	95	72	1,896
2	95	78	1,31
2	95	88	15,243
2	95	97	3,186
2	97	1	28,023
2	97	3	4,491
2	97	6	4,785
2	97	13	7,61
2	97	18	3,393
2	97	19	0,914
2	97	25	6,824
2	97	26	6,996
2	97	29	5,998
2	97	31	8,273
2	97	32	1,394
2	97	33	5,226
2	97	34	1,544
2	97	38	0,953
2	97	42	18,792
2	97	48	13,394
2	97	50	17,093
2	97	55	0,894
2	97	58	11,944
2	97	59	1,132
2	97	63	5,121
2	97	71	1,286
2	97	72	1,538
2	97	78	0,535
2	97	88	0,664
2	97	95	4,533
3	3	4	9,962
3	3	7	9,512
3	3	8	3,869
3	3	12	12,147
3	3	28	2,724
3	3	31	7,733
3	3	32	1,162
3	3	33	2,673
3	3	38	3,69
3	3	44	14,867
3	3	45	4,086
3	3	47	14,23
3	3	49	1,619
3	3	59	4,626
3	3	60	1,463
3	3	67	8,772
3	3	71	24,939
3	3	79	1,669
3	3	80	1,32
3	3	81	0,951
3	3	87	9,603
3	3	89	1,541
3	3	92	2,635
3	3	94	5,486
3	4	3	2,047
3	4	7	2,227
3	4	8	4,104
3	4	12	11,32
3	4	28	0,693
3	4	31	3,955
3	4	32	2,321
3	4	33	1,705
3	4	38	1,429
3	4	44	19,07
3	4	45	13,392
3	4	47	5,627
3	4	49	0,826
3	4	59	1,606
3	4	60	0,772
3	4	67	9,441
3	4	71	2,224
3	4	79	2,807
3	4	80	1,01
3	4	81	0,934
3	4	87	7,899
3	4	89	22,035
3	4	92	19,547
3	4	94	8,594
3	7	3	4,856
3	7	4	4,14
3	7	8	2,209
3	7	12	1,818
3	7	28	6,668
3	7	31	10,962
3	7	32	2,873
3	7	33	4,607
3	7	38	14,035
3	7	44	2,589
3	7	45	15,67
3	7	47	13,284
3	7	49	0,941
3	7	59	10,917
3	7	60	3,002
3	7	67	0,924
3	7	71	1,114
3	7	79	1,623
3	7	80	8,943
3	7	81	7,346
3	7	87	1,752
3	7	89	1,954
3	7	92	0,726
3	7	94	0,935
3	8	3	1,048
3	8	4	5,264
3	8	7	1,473
3	8	12	5,86
3	8	28	2,643
3	8	31	0,989
3	8	32	1,753
3	8	33	4,923
3	8	38	1,507
3	8	44	4,421
3	8	45	15,817
3	8	47	0,595
3	8	49	9,801
3	8	59	6,455
3	8	60	0,845
3	8	67	2,02
3	8	71	3,615
3	8	79	1,437
3	8	80	5,052
3	8	81	3,341
3	8	87	0,726
3	8	89	4,52
3	8	92	4,666
3	8	94	0,653
3	12	3	13,278
3	12	4	6,8
3	12	7	20,107
3	12	8	7,447
3	12	28	1,431
3	12	31	6,544
3	12	32	1,987
3	12	33	1,564
3	12	38	19,563
3	12	44	2,628
3	12	45	9,849
3	12	47	24,094
3	12	49	11,853
3	12	59	6,511
3	12	60	1,453
3	12	67	8,392
3	12	71	0,8
3	12	79	5,722
3	12	80	2,968
3	12	81	6,709
3	12	87	4,373
3	12	89	0,666
3	12	92	22,887
3	12	94	24,786
3	28	3	8,889
3	28	4	5,971
3	28	7	5,851
3	28	8	3,793
3	28	12	8,151
3	28	31	17,599
3	28	32	7,938
3	28	33	2,078
3	28	38	4,986
3	28	44	0,651
3	28	45	4,6
3	28	47	16,721
3	28	49	10,019
3	28	59	4,273
3	28	60	2,645
3	28	67	5,362
3	28	71	2,583
3	28	79	1,727
3	28	80	10,731
3	28	81	1,984
3	28	87	19,827
3	28	89	5,932
3	28	92	4,651
3	28	94	2,631
3	31	3	4,197
3	31	4	7,465
3	31	7	2,383
3	31	8	3,179
3	31	12	2,429
3	31	28	2,093
3	31	32	4,714
3	31	33	1,653
3	31	38	4,819
3	31	44	2,749
3	31	45	4,673
3	31	47	13,964
3	31	49	5,053
3	31	59	13,854
3	31	60	1,725
3	31	67	21,422
3	31	71	19,292
3	31	79	5,14
3	31	80	0,537
3	31	81	1,928
3	31	87	2,874
3	31	89	6,203
3	31	92	3,575
3	31	94	4,252
3	32	3	14,03
3	32	4	7,386
3	32	7	6,724
3	32	8	1,979
3	32	12	3,538
3	32	28	5,729
3	32	31	2,011
3	32	33	8,156
3	32	38	1,529
3	32	44	3,236
3	32	45	11,032
3	32	47	0,589
3	32	49	1,509
3	32	59	6,078
3	32	60	6,966
3	32	67	3,65
3	32	71	4,413
3	32	79	4,887
3	32	80	28,121
3	32	81	1,238
3	32	87	4,151
3	32	89	5,394
3	32	92	10,209
3	32	94	18,397
3	33	3	4,655
3	33	4	4,477
3	33	7	4,375
3	33	8	7,84
3	33	12	5,331
3	33	28	19,679
3	33	31	7,626
3	33	32	4,232
3	33	38	3,282
3	33	44	9,454
3	33	45	3,324
3	33	47	6,174
3	33	49	2,672
3	33	59	2,605
3	33	60	5,618
3	33	67	2,558
3	33	71	1,786
3	33	79	8,183
3	33	80	7,139
3	33	81	1,4
3	33	87	5,816
3	33	89	0,654
3	33	92	13,814
3	33	94	14,103
3	38	3	14,698
3	38	4	9,018
3	38	7	1,402
3	38	8	74,396
3	38	12	3,141
3	38	28	6,247
3	38	31	2,959
3	38	32	1,111
3	38	33	2,114
3	38	44	2,421
3	38	45	1,96
3	38	47	4,746
3	38	49	9,661
3	38	59	2,405
3	38	60	1,055
3	38	67	3,768
3	38	71	14,378
3	38	79	4,761
3	38	80	0,926
3	38	81	0,918
3	38	87	1,872
3	38	89	2,238
3	38	92	10,898
3	38	94	3,851
3	44	3	8,009
3	44	4	1,347
3	44	7	2,561
3	44	8	2,204
3	44	12	10,77
3	44	28	0,883
3	44	31	8,083
3	44	32	2,432
3	44	33	7,939
3	44	38	10,535
3	44	45	8,444
3	44	47	6,514
3	44	49	6,299
3	44	59	2,13
3	44	60	5,011
3	44	67	1,086
3	44	71	4,401
3	44	79	11,213
3	44	80	0,954
3	44	81	3,257
3	44	87	4,827
3	44	89	3,429
3	44	92	3,147
3	44	94	3,776
3	45	3	0,697
3	45	4	9,487
3	45	7	5,964
3	45	8	5,34
3	45	12	6,272
3	45	28	4,644
3	45	31	1,329
3	45	32	4,483
3	45	33	8,088
3	45	38	7,061
3	45	44	5,596
3	45	47	0,905
3	45	49	4,662
3	45	59	0,55
3	45	60	3,816
3	45	67	3,469
3	45	71	6,718
3	45	79	12,489
3	45	80	1,945
3	45	81	8,003
3	45	87	3,184
3	45	89	1,442
3	45	92	8,554
3	45	94	2,813
3	47	3	20,213
3	47	4	4,396
3	47	7	1,688
3	47	8	1,653
3	47	12	0,754
3	47	28	3,045
3	47	31	14,354
3	47	32	3,353
3	47	33	16,494
3	47	38	4,728
3	47	44	4,393
3	47	45	5,149
3	47	49	32,116
3	47	59	3,051
3	47	60	2,717
3	47	67	7,259
3	47	71	26,99
3	47	79	2,651
3	47	80	15,289
3	47	81	5,059
3	47	87	2,238
3	47	89	3,181
3	47	92	10,903
3	47	94	7,452
3	49	3	5,168
3	49	4	10,469
3	49	7	6,647
3	49	8	6,69
3	49	12	0,752
3	49	28	6,939
3	49	31	2,519
3	49	32	1,712
3	49	33	6,319
3	49	38	2,551
3	49	44	24,051
3	49	45	2,554
3	49	47	1,754
3	49	59	3,272
3	49	60	7,144
3	49	67	7,427
3	49	71	3,098
3	49	79	0,801
3	49	80	4,53
3	49	81	6,766
3	49	87	1,515
3	49	89	9,736
3	49	92	0,906
3	49	94	6,755
3	59	3	1,199
3	59	4	2,07
3	59	7	1,172
3	59	8	1,175
3	59	12	5,935
3	59	28	9,167
3	59	31	2,226
3	59	32	1,6
3	59	33	2,209
3	59	38	8,136
3	59	44	4,505
3	59	45	1,662
3	59	47	3,035
3	59	49	13,629
3	59	60	9,076
3	59	67	1,044
3	59	71	13,606
3	59	79	0,812
3	59	80	3,435
3	59	81	3,629
3	59	87	1,463
3	59	89	9,282
3	59	92	17,804
3	59	94	0,674
3	60	3	2,171
3	60	4	6,639
3	60	7	7,555
3	60	8	1,623
3	60	12	4,106
3	60	28	3,412
3	60	31	8,777
3	60	32	1,898
3	60	33	4,908
3	60	38	1,864
3	60	44	3,549
3	60	45	21,783
3	60	47	7,138
3	60	49	12,394
3	60	59	0,628
3	60	67	46,325
3	60	71	25,851
3	60	79	2,055
3	60	80	7,78
3	60	81	0,799
3	60	87	4,372
3	60	89	4,711
3	60	92	4,364
3	60	94	24,509
3	67	3	10,771
3	67	4	2,621
3	67	7	2,713
3	67	8	2,126
3	67	12	3,832
3	67	28	2,122
3	67	31	9,266
3	67	32	2,394
3	67	33	2,612
3	67	38	1,26
3	67	44	2,834
3	67	45	4,541
3	67	47	20,726
3	67	49	0,921
3	67	59	6,259
3	67	60	11,866
3	67	71	0,656
3	67	79	6,205
3	67	80	53,965
3	67	81	4,067
3	67	87	17,827
3	67	89	14,585
3	67	92	13,787
3	67	94	3,933
3	71	3	3,687
3	71	4	9,079
3	71	7	1,647
3	71	8	1,792
3	71	12	0,62
3	71	28	23,38
3	71	31	3,06
3	71	32	3,817
3	71	33	3,841
3	71	38	6,937
3	71	44	1,005
3	71	45	1,426
3	71	47	1,202
3	71	49	6,062
3	71	59	25,096
3	71	60	4,465
3	71	67	4,511
3	71	79	2,038
3	71	80	1,025
3	71	81	1,494
3	71	87	0,967
3	71	89	3,887
3	71	92	1,083
3	71	94	1,362
3	79	3	7,428
3	79	4	20,714
3	79	7	6,757
3	79	8	7,078
3	79	12	1,799
3	79	28	9,282
3	79	31	9,306
3	79	32	25,588
3	79	33	3,4
3	79	38	11,316
3	79	44	2,6
3	79	45	4,263
3	79	47	7,955
3	79	49	3,247
3	79	59	2,859
3	79	60	1,347
3	79	67	3,87
3	79	71	4,202
3	79	80	1,368
3	79	81	18,326
3	79	87	5,837
3	79	89	0,774
3	79	92	1,49
3	79	94	11,408
3	80	3	7,587
3	80	4	6,633
3	80	7	2,302
3	80	8	0,735
3	80	12	10,46
3	80	28	2,141
3	80	31	5,46
3	80	32	2,235
3	80	33	3,05
3	80	38	1,217
3	80	44	4,708
3	80	45	8,905
3	80	47	3,472
3	80	49	3,901
3	80	59	1,289
3	80	60	2,739
3	80	67	1,811
3	80	71	7,224
3	80	79	3,508
3	80	81	7,713
3	80	87	1,83
3	80	89	11,702
3	80	92	2,113
3	80	94	18,679
3	81	3	2,797
3	81	4	1,684
3	81	7	3,872
3	81	8	4,684
3	81	12	9,267
3	81	28	2,623
3	81	31	5,8
3	81	32	3,076
3	81	33	1,119
3	81	38	3,229
3	81	44	5,459
3	81	45	7,501
3	81	47	0,838
3	81	49	2,404
3	81	59	3,932
3	81	60	6,11
3	81	67	2,96
3	81	71	2,884
3	81	79	7,864
3	81	80	7,03
3	81	87	10,017
3	81	89	0,658
3	81	92	0,931
3	81	94	9,13
3	87	3	5,582
3	87	4	5,51
3	87	7	17,703
3	87	8	8,335
3	87	12	1,788
3	87	28	2,66
3	87	31	0,642
3	87	32	17,584
3	87	33	1,306
3	87	38	5,82
3	87	44	30,95
3	87	45	1,499
3	87	47	3,645
3	87	49	3,799
3	87	59	3,652
3	87	60	14,182
3	87	67	22,874
3	87	71	21,623
3	87	79	4,008
3	87	80	1,404
3	87	81	3,156
3	87	89	0,519
3	87	92	5,91
3	87	94	12,616
3	89	3	2,93
3	89	4	4,454
3	89	7	1,22
3	89	8	13,952
3	89	12	9,385
3	89	28	7,394
3	89	31	1,941
3	89	32	3,679
3	89	33	2,69
3	89	38	8,547
3	89	44	0,561
3	89	45	1,996
3	89	47	0,931
3	89	49	1,034
3	89	59	1,408
3	89	60	4,849
3	89	67	6,153
3	89	71	17,498
3	89	79	4,854
3	89	80	1,665
3	89	81	4,676
3	89	87	7,979
3	89	92	9,632
3	89	94	3,687
3	92	3	0,699
3	92	4	1,458
3	92	7	1,78
3	92	8	10,569
3	92	12	0,894
3	92	28	8,909
3	92	31	1,67
3	92	32	2,274
3	92	33	13,713
3	92	38	9,921
3	92	44	4,518
3	92	45	5,849
3	92	47	10,285
3	92	49	0,923
3	92	59	7,238
3	92	60	12,12
3	92	67	4,265
3	92	71	4,018
3	92	79	4,432
3	92	80	2,118
3	92	81	9,992
3	92	87	0,781
3	92	89	2,3
3	92	94	4,076
3	94	3	1,997
3	94	4	1,4
3	94	7	16,343
3	94	8	3,474
3	94	12	1,904
3	94	28	9,945
3	94	31	1,586
3	94	32	2,006
3	94	33	0,536
3	94	38	7,267
3	94	44	15,187
3	94	45	5,62
3	94	47	23,63
3	94	49	10,307
3	94	59	2,161
3	94	60	56,714
3	94	67	5,619
3	94	71	2,006
3	94	79	0,748
3	94	80	3,621
3	94	81	8,236
3	94	87	0,949
3	94	89	1,245
3	94	92	1,624
4	5	6	8,497
4	5	10	6,846
4	5	17	2,505
4	5	18	1,981
4	5	19	0,606
4	5	21	5,512
4	5	22	0,582
4	5	35	3,819
4	5	37	13,481
4	5	38	4,747
4	5	39	0,983
4	5	40	10,768
4	5	41	25,252
4	5	43	2,406
4	5	45	13,798
4	5	46	10,763
4	5	56	1,953
4	5	60	9,073
4	5	64	2,125
4	5	67	4,274
4	5	70	7,097
4	5	92	0,797
4	5	99	7,418
4	6	5	6,464
4	6	10	2,418
4	6	17	8,377
4	6	18	5,473
4	6	19	3,136
4	6	21	2,895
4	6	22	14,558
4	6	35	1,326
4	6	37	3,157
4	6	38	3,064
4	6	39	2,103
4	6	40	1,216
4	6	41	0,689
4	6	43	4,316
4	6	45	5,189
4	6	46	1,153
4	6	56	0,547
4	6	60	3,057
4	6	64	12,075
4	6	67	1,876
4	6	70	2,083
4	6	92	20,838
4	6	99	7,954
4	10	5	1,867
4	10	6	0,58
4	10	17	5,394
4	10	18	3,984
4	10	19	7,007
4	10	21	7,697
4	10	22	8,501
4	10	35	6,188
4	10	37	2,961
4	10	38	3,93
4	10	39	20,18
4	10	40	15,13
4	10	41	1,905
4	10	43	10,672
4	10	45	4,237
4	10	46	7,742
4	10	56	6,294
4	10	60	4,719
4	10	64	2,939
4	10	67	4,714
4	10	70	4,432
4	10	92	2,862
4	10	99	8,245
4	17	5	2,855
4	17	6	0,788
4	17	10	18,21
4	17	18	7,948
4	17	19	2,801
4	17	21	2,473
4	17	22	3,014
4	17	35	1,589
4	17	37	3,909
4	17	38	2,117
4	17	39	2,323
4	17	40	3,819
4	17	41	11,847
4	17	43	8,117
4	17	45	12,698
4	17	46	4,455
4	17	56	19,392
4	17	60	17,333
4	17	64	6,156
4	17	67	0,58
4	17	70	1,741
4	17	92	3,194
4	17	99	27,218
4	18	5	5,6
4	18	6	16,651
4	18	10	5,497
4	18	17	1,291
4	18	19	6,249
4	18	21	9,456
4	18	22	1,638
4	18	35	20,533
4	18	37	4,109
4	18	38	11,778
4	18	39	3,094
4	18	40	2,999
4	18	41	1,357
4	18	43	7,63
4	18	45	5,267
4	18	46	5,991
4	18	56	3,009
4	18	60	9,839
4	18	64	3,579
4	18	67	2,489
4	18	70	3,025
4	18	92	6,671
4	18	99	9,838
4	19	5	2,109
4	19	6	0,904
4	19	10	10,306
4	19	17	2,611
4	19	18	6,518
4	19	21	12,462
4	19	22	5,314
4	19	35	15,53
4	19	37	3,129
4	19	38	7,663
4	19	39	2,695
4	19	40	8,386
4	19	41	18,491
4	19	43	1,296
4	19	45	3,524
4	19	46	3,308
4	19	56	10,05
4	19	60	8,594
4	19	64	1,416
4	19	67	1,576
4	19	70	21,159
4	19	92	1,435
4	19	99	6,223
4	21	5	5,11
4	21	6	24,967
4	21	10	5,726
4	21	17	13,272
4	21	18	5,591
4	21	19	7,925
4	21	22	14,167
4	21	35	10,074
4	21	37	8,718
4	21	38	1,236
4	21	39	4,548
4	21	40	10,776
4	21	41	8,471
4	21	43	3,915
4	21	45	4,869
4	21	46	1,795
4	21	56	10,422
4	21	60	9,19
4	21	64	32,492
4	21	67	9,382
4	21	70	14,342
4	21	92	5,93
4	21	99	4,496
4	22	5	11,644
4	22	6	13,07
4	22	10	3,549
4	22	17	1,284
4	22	18	5,454
4	22	19	14,929
4	22	21	7,691
4	22	35	5,001
4	22	37	8,468
4	22	38	6,749
4	22	39	10,09
4	22	40	7,284
4	22	41	3,021
4	22	43	4,134
4	22	45	1,642
4	22	46	8,266
4	22	56	1,408
4	22	60	9,819
4	22	64	1,422
4	22	67	7,781
4	22	70	2,776
4	22	92	2,016
4	22	99	4,379
4	35	5	2,006
4	35	6	10,934
4	35	10	8,78
4	35	17	1,712
4	35	18	8,064
4	35	19	0,574
4	35	21	1,882
4	35	22	3,393
4	35	37	2,901
4	35	38	3,902
4	35	39	1,343
4	35	40	1,473
4	35	41	7,087
4	35	43	8,028
4	35	45	14,851
4	35	46	10,378
4	35	56	13,959
4	35	60	4,986
4	35	64	15,855
4	35	67	2,031
4	35	70	8,526
4	35	92	4,09
4	35	99	8,225
4	37	5	7,776
4	37	6	15,237
4	37	10	15,181
4	37	17	1,128
4	37	18	4,805
4	37	19	6,469
4	37	21	2,967
4	37	22	3,663
4	37	35	2,965
4	37	38	24,598
4	37	39	5,474
4	37	40	0,913
4	37	41	4,049
4	37	43	2,678
4	37	45	1,691
4	37	46	0,632
4	37	56	0,846
4	37	60	0,958
4	37	64	3,671
4	37	67	6,123
4	37	70	0,561
4	37	92	1,335
4	37	99	0,561
4	38	5	9,182
4	38	6	1,256
4	38	10	4,597
4	38	17	0,702
4	38	18	0,994
4	38	19	0,585
4	38	21	4,049
4	38	22	2,714
4	38	35	2,877
4	38	37	7,696
4	38	39	22,197
4	38	40	13,102
4	38	41	3,423
4	38	43	5,067
4	38	45	13,306
4	38	46	3,257
4	38	56	8,147
4	38	60	3,683
4	38	64	8,707
4	38	67	8,127
4	38	70	1,172
4	38	92	16,086
4	38	99	5,99
4	39	5	4,062
4	39	6	10,301
4	39	10	27,913
4	39	17	1,046
4	39	18	16,75
4	39	19	3,409
4	39	21	4,125
4	39	22	7,942
4	39	35	23,32
4	39	37	9,312
4	39	38	3,53
4	39	40	2,049
4	39	41	3,907
4	39	43	4,893
4	39	45	3,08
4	39	46	3,66
4	39	56	1,53
4	39	60	17,805
4	39	64	0,576
4	39	67	2,207
4	39	70	1,454
4	39	92	6,603
4	39	99	6,073
4	40	5	10,597
4	40	6	0,556
4	40	10	2,023
4	40	17	1,211
4	40	18	11,935
4	40	19	7,168
4	40	21	2,655
4	40	22	2,556
4	40	35	1,287
4	40	37	27,139
4	40	38	1,417
4	40	39	1,527
4	40	41	1,676
4	40	43	5,117
4	40	45	5,493
4	40	46	1,896
4	40	56	6,678
4	40	60	1,92
4	40	64	23,182
4	40	67	4,34
4	40	70	11,613
4	40	92	2,296
4	40	99	17,067
4	41	5	8,763
4	41	6	1,815
4	41	10	0,962
4	41	17	0,73
4	41	18	2,172
4	41	19	3,769
4	41	21	7,564
4	41	22	4,549
4	41	35	2,256
4	41	37	2,907
4	41	38	11,976
4	41	39	7,296
4	41	40	1,376
4	41	43	6,889
4	41	45	5,581
4	41	46	0,844
4	41	56	1,551
4	41	60	1,174
4	41	64	0,655
4	41	67	1,19
4	41	70	1,597
4	41	92	9,029
4	41	99	4,026
4	43	5	8,777
4	43	6	11,222
4	43	10	0,65
4	43	17	33,607
4	43	18	6,297
4	43	19	6,348
4	43	21	14,122
4	43	22	10,143
4	43	35	5,473
4	43	37	3,385
4	43	38	7,888
4	43	39	2,034
4	43	40	11,804
4	43	41	4,635
4	43	45	2,247
4	43	46	4,568
4	43	56	16,208
4	43	60	15,009
4	43	64	9,551
4	43	67	10,74
4	43	70	11,232
4	43	92	0,819
4	43	99	5,281
4	45	5	6,483
4	45	6	18,253
4	45	10	13,829
4	45	17	2,822
4	45	18	2,753
4	45	19	13,664
4	45	21	1,161
4	45	22	1,115
4	45	35	1,624
4	45	37	19,494
4	45	38	14,873
4	45	39	4,452
4	45	40	6,085
4	45	41	5,502
4	45	43	9,488
4	45	46	19,732
4	45	56	7,825
4	45	60	0,933
4	45	64	6,823
4	45	67	4,179
4	45	70	5,474
4	45	92	8,409
4	45	99	6,529
4	46	5	4,477
4	46	6	2,571
4	46	10	4,587
4	46	17	7,382
4	46	18	2,434
4	46	19	1,652
4	46	21	1,29
4	46	22	8,843
4	46	35	0,854
4	46	37	9,987
4	46	38	10,485
4	46	39	1,817
4	46	40	7,484
4	46	41	9,29
4	46	43	1,169
4	46	45	0,825
4	46	56	5,761
4	46	60	3,737
4	46	64	6,688
4	46	67	4,211
4	46	70	14,441
4	46	92	2,784
4	46	99	6,053
4	56	5	3,027
4	56	6	3,306
4	56	10	0,525
4	56	17	2,846
4	56	18	3,605
4	56	19	2,503
4	56	21	8,548
4	56	22	0,564
4	56	35	8,497
4	56	37	9,531
4	56	38	0,858
4	56	39	4,129
4	56	40	7,364
4	56	41	11,272
4	56	43	3,184
4	56	45	1,229
4	56	46	6,598
4	56	60	2,491
4	56	64	3,105
4	56	67	10,967
4	56	70	0,535
4	56	92	19,225
4	56	99	8,601
4	60	5	5,282
4	60	6	1,344
4	60	10	1,08
4	60	17	3,71
4	60	18	17,455
4	60	19	0,916
4	60	21	4,61
4	60	22	5,36
4	60	35	27,164
4	60	37	15,606
4	60	38	3,015
4	60	39	4,731
4	60	40	4,776
4	60	41	6,202
4	60	43	10,952
4	60	45	10,289
4	60	46	19,012
4	60	56	1,433
4	60	64	4,291
4	60	67	12,269
4	60	70	4,846
4	60	92	9,169
4	60	99	1,34
4	64	5	3,005
4	64	6	0,822
4	64	10	2,119
4	64	17	4,228
4	64	18	2,149
4	64	19	1,142
4	64	21	3,693
4	64	22	1,977
4	64	35	21,936
4	64	37	10,005
4	64	38	8,688
4	64	39	1,107
4	64	40	1,764
4	64	41	5,775
4	64	43	9,3
4	64	45	2,186
4	64	46	6,339
4	64	56	4,175
4	64	60	0,99
4	64	67	5,14
4	64	70	5,427
4	64	92	9,972
4	64	99	0,918
4	67	5	23,209
4	67	6	0,555
4	67	10	15,027
4	67	17	14,035
4	67	18	16,203
4	67	19	3,814
4	67	21	0,995
4	67	22	12,623
4	67	35	6,446
4	67	37	2,141
4	67	38	7,579
4	67	39	8,75
4	67	40	1,751
4	67	41	4,824
4	67	43	3,389
4	67	45	6,544
4	67	46	2,556
4	67	56	5,662
4	67	60	6,46
4	67	64	5,573
4	67	70	19,417
4	67	92	18,313
4	67	99	5,96
4	70	5	3,687
4	70	6	3,958
4	70	10	12,409
4	70	17	2,974
4	70	18	3,587
4	70	19	11,944
4	70	21	0,708
4	70	22	1,221
4	70	35	8,185
4	70	37	2,074
4	70	38	2,841
4	70	39	0,984
4	70	40	1,542
4	70	41	1,464
4	70	43	2,635
4	70	45	6,284
4	70	46	4,845
4	70	56	34,422
4	70	60	0,507
4	70	64	3,107
4	70	67	1,14
4	70	92	6,207
4	70	99	1,329
4	92	5	4,26
4	92	6	4,031
4	92	10	8,732
4	92	17	2,605
4	92	18	0,889
4	92	19	9,565
4	92	21	5,337
4	92	22	13,031
4	92	35	4,05
4	92	37	8,352
4	92	38	2,443
4	92	39	4,127
4	92	40	3,494
4	92	41	2,392
4	92	43	12,329
4	92	45	3,13
4	92	46	7,921
4	92	56	5,989
4	92	60	1,615
4	92	64	3,824
4	92	67	12,338
4	92	70	7,706
4	92	99	13,139
4	99	5	0,908
4	99	6	8,3
4	99	10	0,71
4	99	17	4,01
4	99	18	4,374
4	99	19	6,254
4	99	21	1,078
4	99	22	23,128
4	99	35	9,489
4	99	37	0,702
4	99	38	12,84
4	99	39	1,185
4	99	40	4,504
4	99	41	8,829
4	99	43	10,179
4	99	45	4,745
4	99	46	5,402
4	99	56	0,55
4	99	60	14,244
4	99	64	9,815
4	99	67	3,275
4	99	70	12,566
4	99	92	3,309
5	1	3	7,321
5	1	8	3,388
5	1	11	1,116
5	1	15	4,715
5	1	24	4,716
5	1	29	4,503
5	1	31	14,2
5	1	35	6,54
5	1	37	6,721
5	1	38	7,523
5	1	46	3,556
5	1	66	6,714
5	1	72	9,619
5	1	74	3,654
5	1	76	4,545
5	1	77	2,782
5	1	79	3,57
5	1	81	25,833
5	1	84	20,52
5	3	1	2,403
5	3	8	3,097
5	3	11	4,151
5	3	15	1,33
5	3	24	5,029
5	3	29	2,48
5	3	31	5,4
5	3	35	6,832
5	3	37	8,425
5	3	38	1,133
5	3	46	3,149
5	3	66	0,735
5	3	72	3,673
5	3	74	4,567
5	3	76	4,102
5	3	77	3,172
5	3	79	1,374
5	3	81	9,942
5	3	84	2,818
5	8	1	5,632
5	8	3	1,455
5	8	11	9,232
5	8	15	8,936
5	8	24	0,691
5	8	29	0,869
5	8	31	5,521
5	8	35	12,884
5	8	37	2,022
5	8	38	0,555
5	8	46	1,599
5	8	66	5,997
5	8	72	4,373
5	8	74	0,742
5	8	76	1,314
5	8	77	23,034
5	8	79	2,644
5	8	81	0,565
5	8	84	18,207
5	11	1	46,034
5	11	3	7,201
5	11	8	13,183
5	11	15	7,529
5	11	24	21,71
5	11	29	9,931
5	11	31	9,545
5	11	35	6,317
5	11	37	5,877
5	11	38	14,409
5	11	46	2,436
5	11	66	21,629
5	11	72	0,968
5	11	74	5,754
5	11	76	3,547
5	11	77	2,849
5	11	79	15,587
5	11	81	4,624
5	11	84	1,893
5	15	1	7,247
5	15	3	6,613
5	15	8	0,726
5	15	11	11,135
5	15	24	8,79
5	15	29	3,056
5	15	31	2,653
5	15	35	7,23
5	15	37	2,257
5	15	38	0,925
5	15	46	1,237
5	15	66	2,722
5	15	72	2,415
5	15	74	6,825
5	15	76	3,156
5	15	77	8,566
5	15	79	1,685
5	15	81	2,702
5	15	84	1,267
5	24	1	8,07
5	24	3	2,413
5	24	8	7,885
5	24	11	6,841
5	24	15	2,584
5	24	29	5,447
5	24	31	3,18
5	24	35	14,276
5	24	37	11,497
5	24	38	2,773
5	24	46	4,094
5	24	66	2,821
5	24	72	3,844
5	24	74	17,841
5	24	76	7,391
5	24	77	6,416
5	24	79	0,553
5	24	81	4,212
5	24	84	2,129
5	29	1	6,728
5	29	3	30,524
5	29	8	37,619
5	29	11	17,332
5	29	15	8,068
5	29	24	9,192
5	29	31	9,969
5	29	35	13,078
5	29	37	0,734
5	29	38	5,51
5	29	46	9,461
5	29	66	28,911
5	29	72	10,818
5	29	74	7,747
5	29	76	8,722
5	29	77	10,332
5	29	79	3,358
5	29	81	6,181
5	29	84	0,579
5	31	1	8,131
5	31	3	3,13
5	31	8	15,186
5	31	11	16,918
5	31	15	13,454
5	31	24	5,622
5	31	29	7,614
5	31	35	4,865
5	31	37	1,072
5	31	38	3,607
5	31	46	19,057
5	31	66	5,43
5	31	72	12,196
5	31	74	6,217
5	31	76	1,191
5	31	77	3,245
5	31	79	1,169
5	31	81	2,185
5	31	84	5,631
5	35	1	1,535
5	35	3	0,728
5	35	8	8,589
5	35	11	4,47
5	35	15	16,318
5	35	24	1,789
5	35	29	11,955
5	35	31	4,234
5	35	37	8,824
5	35	38	3,849
5	35	46	27,566
5	35	66	11,727
5	35	72	0,772
5	35	74	1,848
5	35	76	8,719
5	35	77	1,815
5	35	79	6,913
5	35	81	3,351
5	35	84	25,1
5	37	1	5,682
5	37	3	2,477
5	37	8	1,545
5	37	11	10,039
5	37	15	36,992
5	37	24	3,857
5	37	29	5,23
5	37	31	1,01
5	37	35	22,575
5	37	38	6,416
5	37	46	5,684
5	37	66	13,194
5	37	72	1,199
5	37	74	1,11
5	37	76	3,808
5	37	77	6,344
5	37	79	0,627
5	37	81	9,125
5	37	84	2,102
5	38	1	6,111
5	38	3	1,097
5	38	8	0,732
5	38	11	1,641
5	38	15	10,076
5	38	24	14,919
5	38	29	1,632
5	38	31	2,317
5	38	35	7,116
5	38	37	5,758
5	38	46	11,956
5	38	66	1,717
5	38	72	4,788
5	38	74	7,322
5	38	76	1,036
5	38	77	1,165
5	38	79	9,264
5	38	81	8,148
5	38	84	0,639
5	46	1	6,872
5	46	3	6,791
5	46	8	8,233
5	46	11	2,531
5	46	15	4,398
5	46	24	2,199
5	46	29	9,402
5	46	31	2,937
5	46	35	1,374
5	46	37	2,693
5	46	38	4,556
5	46	66	1,566
5	46	72	4,842
5	46	74	1,755
5	46	76	12,387
5	46	77	2,458
5	46	79	10,47
5	46	81	1,769
5	46	84	9,108
5	66	1	14,189
5	66	3	2,215
5	66	8	9,583
5	66	11	6,097
5	66	15	2,567
5	66	24	8,739
5	66	29	10,234
5	66	31	9,305
5	66	35	0,637
5	66	37	10,522
5	66	38	18,496
5	66	46	5,241
5	66	72	19,667
5	66	74	2,434
5	66	76	2,968
5	66	77	6,906
5	66	79	0,72
5	66	81	1,083
5	66	84	2,027
5	72	1	20,984
5	72	3	6,611
5	72	8	3,155
5	72	11	0,627
5	72	15	3,479
5	72	24	3,218
5	72	29	1,16
5	72	31	9,673
5	72	35	3,55
5	72	37	11,734
5	72	38	9,212
5	72	46	9,65
5	72	66	4,924
5	72	74	4,971
5	72	76	16,575
5	72	77	6,153
5	72	79	2,108
5	72	81	23,897
5	72	84	7,759
5	74	1	6,417
5	74	3	4,396
5	74	8	12,092
5	74	11	7,459
5	74	15	4,61
5	74	24	21,293
5	74	29	2,876
5	74	31	0,847
5	74	35	0,588
5	74	37	2,399
5	74	38	0,937
5	74	46	3,538
5	74	66	24,783
5	74	72	17,434
5	74	76	0,783
5	74	77	2,525
5	74	79	6,87
5	74	81	1,754
5	74	84	1,948
5	76	1	6,54
5	76	3	10,903
5	76	8	1,382
5	76	11	0,765
5	76	15	6,828
5	76	24	10,075
5	76	29	1,803
5	76	31	3,604
5	76	35	1,93
5	76	37	1,479
5	76	38	0,935
5	76	46	9,993
5	76	66	0,514
5	76	72	0,951
5	76	74	24,38
5	76	77	0,698
5	76	79	2,18
5	76	81	9,541
5	76	84	2,424
5	77	1	5,023
5	77	3	22,971
5	77	8	7,795
5	77	11	7,781
5	77	15	6,755
5	77	24	6,085
5	77	29	13,365
5	77	31	0,983
5	77	35	6,353
5	77	37	2,078
5	77	38	4,231
5	77	46	0,928
5	77	66	2,464
5	77	72	2,85
5	77	74	4,16
5	77	76	8,194
5	77	79	2,355
5	77	81	3,132
5	77	84	4,603
5	79	1	8,314
5	79	3	3,886
5	79	8	24,079
5	79	11	2,17
5	79	15	2,918
5	79	24	7,83
5	79	29	6,355
5	79	31	29,975
5	79	35	1,016
5	79	37	1,625
5	79	38	3,206
5	79	46	1,643
5	79	66	10,337
5	79	72	0,766
5	79	74	9,695
5	79	76	13,617
5	79	77	1,848
5	79	81	3,786
5	79	84	1,61
5	81	1	4,825
5	81	3	13,651
5	81	8	0,903
5	81	11	2,224
5	81	15	2,254
5	81	24	1,747
5	81	29	5,023
5	81	31	7,577
5	81	35	34,194
5	81	37	0,861
5	81	38	14,045
5	81	46	2,015
5	81	66	1,031
5	81	72	13,523
5	81	74	2,425
5	81	76	1,326
5	81	77	3,928
5	81	79	4,353
5	81	84	17,078
5	84	1	1,795
5	84	3	3,777
5	84	8	3,955
5	84	11	1,894
5	84	15	6,86
5	84	24	4,059
5	84	29	2,215
5	84	31	17,201
5	84	35	14,31
5	84	37	4,769
5	84	38	2,599
5	84	46	7,36
5	84	66	6,661
5	84	72	73,556
5	84	74	1,525
5	84	76	11,245
5	84	77	9,302
5	84	79	1,976
5	84	81	2,32
6	1	9	8,736
6	1	13	5,648
6	1	17	3,816
6	1	20	0,82
6	1	23	1,118
6	1	24	0,822
6	1	26	3,37
6	1	31	12,767
6	1	37	6,477
6	1	39	15,28
6	1	42	1,597
6	1	45	15,038
6	1	47	26,866
6	1	53	7,545
6	1	62	8,088
6	1	66	8,638
6	1	69	1,459
6	1	78	5,009
6	1	83	3,816
6	1	90	4,222
6	1	92	6,972
6	1	93	9,474
6	1	96	1,426
6	1	98	11,5
6	9	1	3,61
6	9	13	2,948
6	9	17	4,902
6	9	20	12,139
6	9	23	3,614
6	9	24	21,842
6	9	26	6,073
6	9	31	0,791
6	9	37	3,21
6	9	39	11,764
6	9	42	6,116
6	9	45	3,477
6	9	47	9,26
6	9	53	0,666
6	9	62	9,471
6	9	66	11,852
6	9	69	5,331
6	9	78	8,235
6	9	83	14,181
6	9	90	16,766
6	9	92	42,367
6	9	93	8,831
6	9	96	3,462
6	9	98	8,088
6	13	1	10,718
6	13	9	3,881
6	13	17	2,523
6	13	20	0,595
6	13	23	4,163
6	13	24	1,641
6	13	26	4,863
6	13	31	3,306
6	13	37	8,252
6	13	39	3,796
6	13	42	1,341
6	13	45	21,251
6	13	47	6,588
6	13	53	5,066
6	13	62	15,325
6	13	66	11,992
6	13	69	10,378
6	13	78	4,16
6	13	83	5,54
6	13	90	4,389
6	13	92	0,725
6	13	93	2,762
6	13	96	5,523
6	13	98	0,741
6	17	1	22,63
6	17	9	1,195
6	17	13	0,542
6	17	20	6,403
6	17	23	24,927
6	17	24	15,715
6	17	26	7,939
6	17	31	11,861
6	17	37	1,947
6	17	39	1,606
6	17	42	0,843
6	17	45	9,476
6	17	47	6,223
6	17	53	4,653
6	17	62	13,624
6	17	66	0,574
6	17	69	1,8
6	17	78	2,412
6	17	83	3,625
6	17	90	2,51
6	17	92	5,439
6	17	93	13,262
6	17	96	2,945
6	17	98	5,143
6	20	1	1,225
6	20	9	5,162
6	20	13	8,215
6	20	17	3,146
6	20	23	5,584
6	20	24	6,196
6	20	26	6,188
6	20	31	7,608
6	20	37	11,336
6	20	39	11,251
6	20	42	3,835
6	20	45	4,246
6	20	47	5,101
6	20	53	7,818
6	20	62	6,791
6	20	66	1,064
6	20	69	5,528
6	20	78	0,716
6	20	83	5,454
6	20	90	40,98
6	20	92	7,955
6	20	93	17,123
6	20	96	18,687
6	20	98	0,574
6	23	1	1,541
6	23	9	14,757
6	23	13	5,877
6	23	17	11,062
6	23	20	16,151
6	23	24	1,41
6	23	26	0,577
6	23	31	8,378
6	23	37	5,046
6	23	39	2,086
6	23	42	3,688
6	23	45	1,904
6	23	47	1,595
6	23	53	13,731
6	23	62	3,237
6	23	66	7,658
6	23	69	4,594
6	23	78	44,746
6	23	83	1,319
6	23	90	5,174
6	23	92	3,358
6	23	93	4,968
6	23	96	1,289
6	23	98	3,935
6	24	1	1,285
6	24	9	1,813
6	24	13	1,739
6	24	17	6,678
6	24	20	10,982
6	24	23	44,763
6	24	26	0,855
6	24	31	3,361
6	24	37	1,668
6	24	39	6,944
6	24	42	1,794
6	24	45	3,38
6	24	47	13,54
6	24	53	31,922
6	24	62	7,1
6	24	66	3,349
6	24	69	14,075
6	24	78	3,637
6	24	83	4,325
6	24	90	14,202
6	24	92	19,898
6	24	93	9,308
6	24	96	16,378
6	24	98	5,296
6	26	1	10,94
6	26	9	4,117
6	26	13	1,148
6	26	17	2,439
6	26	20	22,983
6	26	23	5,737
6	26	24	6,084
6	26	31	2,05
6	26	37	19,846
6	26	39	2,984
6	26	42	10,697
6	26	45	7,398
6	26	47	1,442
6	26	53	3,752
6	26	62	2,879
6	26	66	7,739
6	26	69	0,697
6	26	78	3,057
6	26	83	0,888
6	26	90	2,246
6	26	92	0,878
6	26	93	0,777
6	26	96	5,863
6	26	98	2,235
6	31	1	10,208
6	31	9	11,127
6	31	13	18,567
6	31	17	2,637
6	31	20	6,404
6	31	23	16,169
6	31	24	5,91
6	31	26	6,372
6	31	37	12,253
6	31	39	5,016
6	31	42	0,971
6	31	45	1,744
6	31	47	2,653
6	31	53	6,015
6	31	62	2,745
6	31	66	2,9
6	31	69	4,304
6	31	78	2,806
6	31	83	9,65
6	31	90	6,135
6	31	92	4,474
6	31	93	7,109
6	31	96	3,337
6	31	98	1,744
6	37	1	9,523
6	37	9	0,846
6	37	13	8,367
6	37	17	3,342
6	37	20	2,387
6	37	23	32,282
6	37	24	2,101
6	37	26	1,057
6	37	31	1,375
6	37	39	11,49
6	37	42	9,919
6	37	45	4,934
6	37	47	3,283
6	37	53	2,25
6	37	62	1,88
6	37	66	1,833
6	37	69	2,698
6	37	78	5,638
6	37	83	7,691
6	37	90	1,154
6	37	92	4,94
6	37	93	5,031
6	37	96	3,401
6	37	98	14,333
6	39	1	11,25
6	39	9	3,384
6	39	13	1,02
6	39	17	1,194
6	39	20	1,426
6	39	23	1,581
6	39	24	1,746
6	39	26	6,739
6	39	31	31,811
6	39	37	0,869
6	39	42	2,728
6	39	45	1,394
6	39	47	18,762
6	39	53	1,129
6	39	62	1,952
6	39	66	0,751
6	39	69	4,398
6	39	78	2,518
6	39	83	1,937
6	39	90	2,419
6	39	92	5,348
6	39	93	3,996
6	39	96	5,499
6	39	98	10,103
6	42	1	9,423
6	42	9	5,557
6	42	13	1,46
6	42	17	1,956
6	42	20	6,655
6	42	23	3,313
6	42	24	3,61
6	42	26	8,647
6	42	31	5,043
6	42	37	11,206
6	42	39	19,088
6	42	45	3,425
6	42	47	2,403
6	42	53	24,894
6	42	62	56,162
6	42	66	9,464
6	42	69	0,626
6	42	78	5,121
6	42	83	3,023
6	42	90	0,518
6	42	92	3,934
6	42	93	8,398
6	42	96	3,995
6	42	98	2,878
6	45	1	11,894
6	45	9	4,968
6	45	13	18,033
6	45	17	2,812
6	45	20	4,242
6	45	23	4,544
6	45	24	2,991
6	45	26	2,998
6	45	31	2,033
6	45	37	1,976
6	45	39	1,761
6	45	42	10,646
6	45	47	0,562
6	45	53	0,717
6	45	62	4,466
6	45	66	6,317
6	45	69	16,56
6	45	78	13,187
6	45	83	4,216
6	45	90	1,919
6	45	92	4,003
6	45	93	11,228
6	45	96	7,604
6	45	98	9,823
6	47	1	5,279
6	47	9	20,172
6	47	13	9,757
6	47	17	5,581
6	47	20	3,849
6	47	23	5,126
6	47	24	2,123
6	47	26	0,571
6	47	31	11,261
6	47	37	21,818
6	47	39	6,1
6	47	42	1,236
6	47	45	0,504
6	47	53	1,326
6	47	62	5,486
6	47	66	5,874
6	47	69	12,982
6	47	78	3,531
6	47	83	2,125
6	47	90	3,955
6	47	92	5,2
6	47	93	2,147
6	47	96	6,331
6	47	98	3,91
6	53	1	0,635
6	53	9	0,791
6	53	13	1,404
6	53	17	2,635
6	53	20	46,287
6	53	23	1,951
6	53	24	5,573
6	53	26	11,162
6	53	31	5,751
6	53	37	3,219
6	53	39	16,209
6	53	42	0,599
6	53	45	9,602
6	53	47	6,101
6	53	62	3,139
6	53	66	3,233
6	53	69	0,797
6	53	78	1,34
6	53	83	13,176
6	53	90	8,201
6	53	92	8,682
6	53	93	3,181
6	53	96	1,49
6	53	98	5,444
6	62	1	5,895
6	62	9	6,557
6	62	13	5,235
6	62	17	1,732
6	62	20	4,785
6	62	23	6,683
6	62	24	22,671
6	62	26	4,851
6	62	31	4,551
6	62	37	1,855
6	62	39	2,27
6	62	42	6,404
6	62	45	17,451
6	62	47	3,472
6	62	53	1,963
6	62	66	2,133
6	62	69	1,629
6	62	78	5,071
6	62	83	1,732
6	62	90	3,909
6	62	92	10,333
6	62	93	4,266
6	62	96	4,287
6	62	98	2,519
6	66	1	20,377
6	66	9	10,878
6	66	13	22,708
6	66	17	12,487
6	66	20	0,992
6	66	23	0,723
6	66	24	12,576
6	66	26	1,427
6	66	31	2,928
6	66	37	1,612
6	66	39	5,442
6	66	42	17,021
6	66	45	8,228
6	66	47	8,914
6	66	53	2,474
6	66	62	19,668
6	66	69	10,035
6	66	78	3,969
6	66	83	11,564
6	66	90	6,173
6	66	92	5,964
6	66	93	5,041
6	66	96	3,093
6	66	98	14,794
6	69	1	5,457
6	69	9	14,215
6	69	13	1,51
6	69	17	0,618
6	69	20	2,637
6	69	23	1,89
6	69	24	1,995
6	69	26	4,443
6	69	31	2,129
6	69	37	6,485
6	69	39	2,543
6	69	42	0,619
6	69	45	3,561
6	69	47	12,139
6	69	53	2,74
6	69	62	7,781
6	69	66	4,955
6	69	78	18,788
6	69	83	4,317
6	69	90	3,287
6	69	92	9,542
6	69	93	6,553
6	69	96	0,862
6	69	98	18,121
6	78	1	1,928
6	78	9	8,087
6	78	13	2,852
6	78	17	7,668
6	78	20	5,72
6	78	23	0,524
6	78	24	25,418
6	78	26	7,757
6	78	31	0,547
6	78	37	21,393
6	78	39	3,179
6	78	42	1,662
6	78	45	0,876
6	78	47	2,179
6	78	53	4,539
6	78	62	0,501
6	78	66	0,873
6	78	69	5,772
6	78	83	1,7
6	78	90	3,118
6	78	92	0,618
6	78	93	0,893
6	78	96	4,464
6	78	98	41,751
6	83	1	7,205
6	83	9	1,102
6	83	13	1,456
6	83	17	14,677
6	83	20	6,749
6	83	23	11,459
6	83	24	5,322
6	83	26	14,206
6	83	31	10,898
6	83	37	1,047
6	83	39	5,185
6	83	42	1,635
6	83	45	1,135
6	83	47	4,142
6	83	53	8,782
6	83	62	1,92
6	83	66	7,098
6	83	69	1,774
6	83	78	9,892
6	83	90	1,31
6	83	92	6,711
6	83	93	10,141
6	83	96	23,096
6	83	98	1,217
6	90	1	6,2
6	90	9	11,523
6	90	13	1,282
6	90	17	0,718
6	90	20	0,908
6	90	23	3,871
6	90	24	19,423
6	90	26	6,253
6	90	31	8,647
6	90	37	28,357
6	90	39	5,612
6	90	42	14,648
6	90	45	5,043
6	90	47	8,291
6	90	53	3,641
6	90	62	1,917
6	90	66	1,234
6	90	69	1,839
6	90	78	6,974
6	90	83	7,312
6	90	92	5,901
6	90	93	1,554
6	90	96	23,687
6	90	98	7,115
6	92	1	5,182
6	92	9	3,843
6	92	13	8,015
6	92	17	5,812
6	92	20	3,997
6	92	23	2,078
6	92	24	11,628
6	92	26	0,564
6	92	31	6,884
6	92	37	9,316
6	92	39	10,691
6	92	42	3,925
6	92	45	2,507
6	92	47	2,443
6	92	53	3,904
6	92	62	3,57
6	92	66	9,142
6	92	69	9,651
6	92	78	4,589
6	92	83	6,776
6	92	90	6,602
6	92	93	16,097
6	92	96	1,466
6	92	98	2,07
6	93	1	8,514
6	93	9	1,804
6	93	13	3,792
6	93	17	9,929
6	93	20	1,682
6	93	23	6,413
6	93	24	14,852
6	93	26	4,723
6	93	31	0,578
6	93	37	14,606
6	93	39	13,836
6	93	42	5,234
6	93	45	3,185
6	93	47	0,581
6	93	53	2,679
6	93	62	1,499
6	93	66	6,09
6	93	69	0,974
6	93	78	9,7
6	93	83	13,05
6	93	90	2,574
6	93	92	5,285
6	93	96	5,978
6	93	98	0,604
6	96	1	7,199
6	96	9	1,843
6	96	13	1,199
6	96	17	0,769
6	96	20	4,456
6	96	23	4,575
6	96	24	45,447
6	96	26	31,131
6	96	31	19,624
6	96	37	1,81
6	96	39	7,175
6	96	42	6,751
6	96	45	0,787
6	96	47	3,364
6	96	53	6,624
6	96	62	9,31
6	96	66	11,292
6	96	69	14,963
6	96	78	0,533
6	96	83	1,456
6	96	90	2,542
6	96	92	12,607
6	96	93	47,857
6	96	98	8,889
6	98	1	4,163
6	98	9	3,808
6	98	13	5,72
6	98	17	1,649
6	98	20	9,565
6	98	23	1,594
6	98	24	1,168
6	98	26	11,886
6	98	31	0,674
6	98	37	8,651
6	98	39	2,413
6	98	42	22,295
6	98	45	1,683
6	98	47	1,865
6	98	53	2,336
6	98	62	4,301
6	98	66	3,036
6	98	69	17,114
6	98	78	7,723
6	98	83	21,433
6	98	90	18,063
6	98	92	0,973
6	98	93	8,442
6	98	96	30,073
7	2	7	7,799
7	2	8	19,416
7	2	14	4,617
7	2	27	10,484
7	2	28	6,285
7	2	30	0,841
7	2	34	2,086
7	2	35	2,032
7	2	36	1,887
7	2	43	5,811
7	2	44	7,457
7	2	46	5,998
7	2	48	40,867
7	2	49	16,943
7	2	51	0,649
7	2	57	2,184
7	2	63	1,227
7	2	67	3,265
7	2	68	8,245
7	2	70	2,023
7	2	75	4,06
7	2	86	3,414
7	2	99	3,851
7	2	100	1,073
7	7	2	1,182
7	7	8	0,786
7	7	14	5,154
7	7	27	25,593
7	7	28	14,676
7	7	30	0,755
7	7	34	24,244
7	7	35	2,794
7	7	36	1,481
7	7	43	2,971
7	7	44	6,907
7	7	46	2,931
7	7	48	1,472
7	7	49	2,82
7	7	51	3,123
7	7	57	0,804
7	7	63	2,395
7	7	67	10,24
7	7	68	6,108
7	7	70	3,805
7	7	75	5,175
7	7	86	12,38
7	7	99	3,367
7	7	100	4,341
7	8	2	1,774
7	8	7	1,136
7	8	14	1,068
7	8	27	1,602
7	8	28	5,986
7	8	30	1,483
7	8	34	10,343
7	8	35	4,83
7	8	36	3,094
7	8	43	10,984
7	8	44	0,925
7	8	46	2,643
7	8	48	5,485
7	8	49	1,324
7	8	51	5,972
7	8	57	2,951
7	8	63	6,21
7	8	67	17,884
7	8	68	1,908
7	8	70	3,546
7	8	75	13,241
7	8	86	3,475
7	8	99	8,907
7	8	100	1,392
7	14	2	17,34
7	14	7	16,701
7	14	8	2,35
7	14	27	4,474
7	14	28	1,232
7	14	30	10,738
7	14	34	2,029
7	14	35	0,568
7	14	36	15,965
7	14	43	9,613
7	14	44	14,023
7	14	46	2,64
7	14	48	1,009
7	14	49	0,653
7	14	51	13,427
7	14	57	3,967
7	14	63	2,008
7	14	67	2,208
7	14	68	1,247
7	14	70	8,637
7	14	75	2,012
7	14	86	9,868
7	14	99	10,531
7	14	100	6,559
7	27	2	1,439
7	27	7	3,605
7	27	8	1,935
7	27	14	11,759
7	27	28	26,363
7	27	30	9,874
7	27	34	5,148
7	27	35	0,652
7	27	36	3,388
7	27	43	3,858
7	27	44	7,593
7	27	46	3,639
7	27	48	2,981
7	27	49	10,22
7	27	51	10,475
7	27	57	16,158
7	27	63	2,172
7	27	67	8,281
7	27	68	4,849
7	27	70	2,675
7	27	75	4,986
7	27	86	2,751
7	27	99	6,859
7	27	100	4,059
7	28	2	50,751
7	28	7	18,439
7	28	8	2,17
7	28	14	1,591
7	28	27	3,438
7	28	30	2,247
7	28	34	2,35
7	28	35	4,324
7	28	36	2,18
7	28	43	1,051
7	28	44	12,718
7	28	46	5,753
7	28	48	16,909
7	28	49	2,352
7	28	51	2,879
7	28	57	9,024
7	28	63	2,203
7	28	67	12,622
7	28	68	0,682
7	28	70	1,06
7	28	75	19,442
7	28	86	5,822
7	28	99	4,899
7	28	100	12,036
7	30	2	3,83
7	30	7	6,871
7	30	8	2,359
7	30	14	8,918
7	30	27	0,705
7	30	28	6,127
7	30	34	4,587
7	30	35	1,128
7	30	36	1,822
7	30	43	1,802
7	30	44	1,161
7	30	46	23,597
7	30	48	2,681
7	30	49	4,154
7	30	51	3,156
7	30	57	0,712
7	30	63	3,855
7	30	67	2,432
7	30	68	10,546
7	30	70	7,061
7	30	75	3,358
7	30	86	1,253
7	30	99	7,956
7	30	100	17,337
7	34	2	1,453
7	34	7	2,719
7	34	8	6,061
7	34	14	3,813
7	34	27	2,988
7	34	28	15,416
7	34	30	5,038
7	34	35	5,819
7	34	36	2,546
7	34	43	4,286
7	34	44	1,228
7	34	46	1,085
7	34	48	5,861
7	34	49	7,537
7	34	51	1,683
7	34	57	1,566
7	34	63	7,633
7	34	67	3,578
7	34	68	7,733
7	34	70	3,832
7	34	75	2,172
7	34	86	6,438
7	34	99	5,88
7	34	100	6,78
7	35	2	2,085
7	35	7	2,961
7	35	8	6,405
7	35	14	3,207
7	35	27	5,423
7	35	28	6,113
7	35	30	0,662
7	35	34	16,814
7	35	36	5,42
7	35	43	17,617
7	35	44	8,294
7	35	46	2,17
7	35	48	1,021
7	35	49	4,742
7	35	51	3,699
7	35	57	0,909
7	35	63	2,566
7	35	67	37,558
7	35	68	16,721
7	35	70	4,766
7	35	75	5,253
7	35	86	1,119
7	35	99	1,436
7	35	100	7,132
7	36	2	2,042
7	36	7	3,946
7	36	8	1,082
7	36	14	4,249
7	36	27	13,374
7	36	28	0,973
7	36	30	5,546
7	36	34	6,056
7	36	35	5,214
7	36	43	2,609
7	36	44	1,771
7	36	46	1,379
7	36	48	1,614
7	36	49	0,599
7	36	51	10,151
7	36	57	2,94
7	36	63	0,998
7	36	67	7,412
7	36	68	5,428
7	36	70	4,03
7	36	75	26,907
7	36	86	1,495
7	36	99	15,901
7	36	100	32,406
7	43	2	8,065
7	43	7	4,336
7	43	8	4,23
7	43	14	11,856
7	43	27	3,49
7	43	28	7,435
7	43	30	0,822
7	43	34	4,695
7	43	35	4,092
7	43	36	9,345
7	43	44	8,183
7	43	46	19,288
7	43	48	5,337
7	43	49	5,309
7	43	51	7,48
7	43	57	6,727
7	43	63	2,939
7	43	67	6,415
7	43	68	7,225
7	43	70	9,505
7	43	75	5,957
7	43	86	3,752
7	43	99	4,085
7	43	100	1,568
7	44	2	1,204
7	44	7	5,694
7	44	8	13,596
7	44	14	3,255
7	44	27	6,075
7	44	28	4,646
7	44	30	4,976
7	44	34	6,742
7	44	35	1,798
7	44	36	3,203
7	44	43	3,906
7	44	46	36,941
7	44	48	0,606
7	44	49	4,324
7	44	51	2,515
7	44	57	15,32
7	44	63	14,724
7	44	67	3,596
7	44	68	3,916
7	44	70	6,213
7	44	75	4,181
7	44	86	5,652
7	44	99	7,958
7	44	100	3,331
7	46	2	6,612
7	46	7	4,198
7	46	8	2,663
7	46	14	3,334
7	46	27	4,215
7	46	28	1,002
7	46	30	2,983
7	46	34	6,637
7	46	35	1,714
7	46	36	4,407
7	46	43	12,407
7	46	44	13,953
7	46	48	4,856
7	46	49	7,101
7	46	51	7,332
7	46	57	4,29
7	46	63	3,458
7	46	67	8,438
7	46	68	8,594
7	46	70	4,677
7	46	75	2,467
7	46	86	8,048
7	46	99	3,954
7	46	100	1,229
7	48	2	0,574
7	48	7	3,08
7	48	8	12,805
7	48	14	3,924
7	48	27	1,719
7	48	28	8,581
7	48	30	2,581
7	48	34	1,21
7	48	35	13,483
7	48	36	6,309
7	48	43	1,977
7	48	44	6,124
7	48	46	1,292
7	48	49	4,775
7	48	51	7,662
7	48	57	1,635
7	48	63	8,975
7	48	67	9,084
7	48	68	0,687
7	48	70	9,062
7	48	75	7,556
7	48	86	0,572
7	48	99	12,218
7	48	100	5,279
7	49	2	4,138
7	49	7	1,699
7	49	8	17,479
7	49	14	2,11
7	49	27	5,389
7	49	28	16,33
7	49	30	0,631
7	49	34	4,33
7	49	35	6,252
7	49	36	6,684
7	49	43	11,667
7	49	44	0,736
7	49	46	6,904
7	49	48	4,143
7	49	51	3,588
7	49	57	8,055
7	49	63	0,695
7	49	67	9,03
7	49	68	5,718
7	49	70	0,688
7	49	75	17,062
7	49	86	14,543
7	49	99	4,51
7	49	100	11,038
7	51	2	0,673
7	51	7	2,293
7	51	8	3,593
7	51	14	11,355
7	51	27	5,772
7	51	28	2,767
7	51	30	3,781
7	51	34	1,288
7	51	35	0,801
7	51	36	1,848
7	51	43	3,671
7	51	44	9,617
7	51	46	8,509
7	51	48	1,713
7	51	49	8,318
7	51	57	17,094
7	51	63	20,64
7	51	67	6,884
7	51	68	3,536
7	51	70	5,771
7	51	75	0,564
7	51	86	3,789
7	51	99	11,003
7	51	100	3,131
7	57	2	0,86
7	57	7	1,643
7	57	8	2,352
7	57	14	0,826
7	57	27	10,84
7	57	28	2,607
7	57	30	1,983
7	57	34	1,052
7	57	35	10,834
7	57	36	1,627
7	57	43	13,068
7	57	44	3,758
7	57	46	2,197
7	57	48	1,437
7	57	49	32,169
7	57	51	6,198
7	57	63	3,753
7	57	67	5,306
7	57	68	5,679
7	57	70	12,945
7	57	75	16,675
7	57	86	31,792
7	57	99	2,717
7	57	100	2,844
7	63	2	10,978
7	63	7	0,631
7	63	8	7,348
7	63	14	4,352
7	63	27	5,29
7	63	28	2,973
7	63	30	4,293
7	63	34	5,683
7	63	35	1,555
7	63	36	1,387
7	63	43	5,903
7	63	44	1,765
7	63	46	2,465
7	63	48	4,812
7	63	49	2,71
7	63	51	0,831
7	63	57	2,265
7	63	67	6,984
7	63	68	15,786
7	63	70	1,442
7	63	75	2,605
7	63	86	1,313
7	63	99	16,916
7	63	100	9,906
7	67	2	4,091
7	67	7	3,587
7	67	8	12,061
7	67	14	1,679
7	67	27	3,545
7	67	28	2,815
7	67	30	3,075
7	67	34	3,356
7	67	35	8,135
7	67	36	3,11
7	67	43	12,666
7	67	44	24,122
7	67	46	2,422
7	67	48	1,024
7	67	49	1,968
7	67	51	5,708
7	67	57	1,019
7	67	63	2,527
7	67	68	3,346
7	67	70	3,342
7	67	75	1,349
7	67	86	16,574
7	67	99	6,198
7	67	100	1,384
7	68	2	3,549
7	68	7	0,899
7	68	8	11,042
7	68	14	4,421
7	68	27	1,243
7	68	28	5,268
7	68	30	11,4
7	68	34	1,764
7	68	35	13,678
7	68	36	7,644
7	68	43	3,262
7	68	44	2,687
7	68	46	7,322
7	68	48	0,528
7	68	49	2,656
7	68	51	5,044
7	68	57	3,994
7	68	63	2,885
7	68	67	2,669
7	68	70	2,124
7	68	75	6,523
7	68	86	1,08
7	68	99	5,793
7	68	100	4,371
7	70	2	0,614
7	70	7	4,78
7	70	8	6,285
7	70	14	1,793
7	70	27	0,887
7	70	28	1,213
7	70	30	6,285
7	70	34	14,465
7	70	35	6,925
7	70	36	8,796
7	70	43	0,822
7	70	44	7,248
7	70	46	39,637
7	70	48	5,028
7	70	49	0,888
7	70	51	18,084
7	70	57	4,707
7	70	63	5,852
7	70	67	0,55
7	70	68	2,445
7	70	75	2,177
7	70	86	8,917
7	70	99	6,541
7	70	100	10,049
7	75	2	1,613
7	75	7	4,236
7	75	8	3,4
7	75	14	6,846
7	75	27	1,729
7	75	28	3,161
7	75	30	3,124
7	75	34	1,58
7	75	35	5,411
7	75	36	2,143
7	75	43	2,099
7	75	44	5,247
7	75	46	2,653
7	75	48	1,005
7	75	49	5,737
7	75	51	3,747
7	75	57	3,918
7	75	63	1,202
7	75	67	6,772
7	75	68	1,132
7	75	70	5,613
7	75	86	1,86
7	75	99	9,615
7	75	100	1,354
7	86	2	16,125
7	86	7	1,843
7	86	8	1,709
7	86	14	4,635
7	86	27	19,27
7	86	28	6,462
7	86	30	0,8
7	86	34	0,718
7	86	35	31,012
7	86	36	15,411
7	86	43	9,279
7	86	44	1,964
7	86	46	4,198
7	86	48	9,02
7	86	49	2,01
7	86	51	7,576
7	86	57	0,96
7	86	63	0,703
7	86	67	6,707
7	86	68	2,646
7	86	70	2,026
7	86	75	5,67
7	86	99	2,468
7	86	100	2,678
7	99	2	16,851
7	99	7	5,455
7	99	8	0,593
7	99	14	5,42
7	99	27	5,919
7	99	28	5,153
7	99	30	6,688
7	99	34	4,031
7	99	35	2,281
7	99	36	1,048
7	99	43	6,952
7	99	44	6,448
7	99	46	4,679
7	99	48	2,937
7	99	49	0,661
7	99	51	2,603
7	99	57	4,877
7	99	63	2,95
7	99	67	3,379
7	99	68	3,124
7	99	70	1,303
7	99	75	1,243
7	99	86	10,782
7	99	100	2,954
7	100	2	17,252
7	100	7	3,251
7	100	8	11,09
7	100	14	1,715
7	100	27	2,083
7	100	28	3,315
7	100	30	1,543
7	100	34	2,093
7	100	35	2,209
7	100	36	9,291
7	100	43	12,947
7	100	44	4,791
7	100	46	12,758
7	100	48	1,624
7	100	49	1,434
7	100	51	9,039
7	100	57	4,543
7	100	63	3,712
7	100	67	1,458
7	100	68	7,904
7	100	70	7,055
7	100	75	0,962
7	100	86	3,045
7	100	99	2,98
8	2	12	4,263
8	2	15	9,916
8	2	19	1,85
8	2	24	1,29
8	2	25	1,151
8	2	26	1,584
8	2	32	10,326
8	2	33	4,048
8	2	34	1,846
8	2	36	5,873
8	2	42	8,955
8	2	48	14,194
8	2	49	2,295
8	2	60	1,017
8	2	63	0,783
8	2	65	1,244
8	2	72	1,611
8	2	73	3,606
8	2	74	9,289
8	2	85	2,467
8	2	86	1,783
8	2	89	2,124
8	2	95	0,973
8	2	99	8,051
8	12	2	2,057
8	12	15	1,662
8	12	19	6,11
8	12	24	1,436
8	12	25	1,546
8	12	26	4,72
8	12	32	4,248
8	12	33	8,328
8	12	34	8,799
8	12	36	1,008
8	12	42	11,452
8	12	48	14,331
8	12	49	5,201
8	12	60	5,834
8	12	63	5,931
8	12	65	15,991
8	12	72	4,369
8	12	73	14,229
8	12	74	16,809
8	12	85	34,28
8	12	86	1,06
8	12	89	15,418
8	12	95	3,485
8	12	99	3,665
8	15	2	14,969
8	15	12	4,443
8	15	19	2,882
8	15	24	5,171
8	15	25	4,459
8	15	26	17,002
8	15	32	16,769
8	15	33	38,715
8	15	34	13,282
8	15	36	4,129
8	15	42	1,042
8	15	48	0,868
8	15	49	5,208
8	15	60	3,79
8	15	63	4,053
8	15	65	11,672
8	15	72	2,008
8	15	73	1,791
8	15	74	1,129
8	15	85	4,113
8	15	86	1,151
8	15	89	1,257
8	15	95	7,433
8	15	99	7,823
8	19	2	10,782
8	19	12	1,079
8	19	15	11,196
8	19	24	1,206
8	19	25	1,694
8	19	26	20,215
8	19	32	7,993
8	19	33	3,179
8	19	34	0,945
8	19	36	7,419
8	19	42	10,888
8	19	48	3,718
8	19	49	1,798
8	19	60	7,265
8	19	63	22,867
8	19	65	3,539
8	19	72	7,827
8	19	73	1,68
8	19	74	10,259
8	19	85	3,439
8	19	86	2,182
8	19	89	1,386
8	19	95	3,682
8	19	99	5,545
8	24	2	6,277
8	24	12	16,072
8	24	15	2,756
8	24	19	1,906
8	24	25	15,407
8	24	26	4,431
8	24	32	17,535
8	24	33	11,36
8	24	34	20,359
8	24	36	1,627
8	24	42	2,814
8	24	48	9,534
8	24	49	2,123
8	24	60	2,158
8	24	63	4,188
8	24	65	0,742
8	24	72	5,129
8	24	73	3,532
8	24	74	1,362
8	24	85	1,605
8	24	86	1,446
8	24	89	1,764
8	24	95	5,824
8	24	99	7,018
8	25	2	5,179
8	25	12	9,22
8	25	15	3,097
8	25	19	1,85
8	25	24	8,413
8	25	26	8,921
8	25	32	16,474
8	25	33	7,271
8	25	34	5,245
8	25	36	1,128
8	25	42	6,113
8	25	48	28,399
8	25	49	1,968
8	25	60	1,519
8	25	63	0,814
8	25	65	2,793
8	25	72	3,322
8	25	73	11,86
8	25	74	17,845
8	25	85	2,163
8	25	86	14,785
8	25	89	7,067
8	25	95	6,142
8	25	99	5,786
8	26	2	2,574
8	26	12	5,915
8	26	15	6,065
8	26	19	5,335
8	26	24	0,708
8	26	25	9,179
8	26	32	0,969
8	26	33	2,554
8	26	34	5,863
8	26	36	11,804
8	26	42	21,42
8	26	48	2,131
8	26	49	5,595
8	26	60	14,997
8	26	63	7,839
8	26	65	16,309
8	26	72	0,747
8	26	73	0,578
8	26	74	25,779
8	26	85	14,068
8	26	86	4,032
8	26	89	3,56
8	26	95	2,077
8	26	99	1,844
8	32	2	8,149
8	32	12	5,241
8	32	15	0,96
8	32	19	3,206
8	32	24	8,521
8	32	25	1,376
8	32	26	23,538
8	32	33	3,66
8	32	34	2,436
8	32	36	6,923
8	32	42	13,035
8	32	48	1,527
8	32	49	2,867
8	32	60	3,239
8	32	63	9,916
8	32	65	2,342
8	32	72	5,384
8	32	73	11,529
8	32	74	1,838
8	32	85	1,855
8	32	86	3,58
8	32	89	2,377
8	32	95	3,717
8	32	99	5,068
8	33	2	2,058
8	33	12	3,399
8	33	15	12,514
8	33	19	1,294
8	33	24	2,914
8	33	25	0,682
8	33	26	2,806
8	33	32	2,348
8	33	34	9,484
8	33	36	1,974
8	33	42	1,41
8	33	48	0,628
8	33	49	2,017
8	33	60	11,047
8	33	63	26,127
8	33	65	5,281
8	33	72	8,759
8	33	73	0,596
8	33	74	1,278
8	33	85	1,63
8	33	86	8,592
8	33	89	10,953
8	33	95	4,321
8	33	99	21,007
8	34	2	6,162
8	34	12	1,149
8	34	15	10,927
8	34	19	2,559
8	34	24	1,431
8	34	25	4,79
8	34	26	1,227
8	34	32	4,178
8	34	33	25,999
8	34	36	0,512
8	34	42	1,083
8	34	48	0,868
8	34	49	15,011
8	34	60	2,61
8	34	63	3,484
8	34	65	2,177
8	34	72	3,436
8	34	73	2,551
8	34	74	1,424
8	34	85	3,841
8	34	86	5,696
8	34	89	3,84
8	34	95	22,681
8	34	99	4,28
8	36	2	14,039
8	36	12	7,176
8	36	15	3,867
8	36	19	1,727
8	36	24	0,627
8	36	25	3,699
8	36	26	1,433
8	36	32	5,346
8	36	33	3,072
8	36	34	0,916
8	36	42	12,903
8	36	48	16,767
8	36	49	2,37
8	36	60	10,61
8	36	63	1,818
8	36	65	2,552
8	36	72	1,179
8	36	73	13,694
8	36	74	6,692
8	36	85	2,639
8	36	86	2,571
8	36	89	12,406
8	36	95	9,466
8	36	99	1,159
8	42	2	3,635
8	42	12	1,147
8	42	15	5,99
8	42	19	7,227
8	42	24	10,537
8	42	25	3,859
8	42	26	7,623
8	42	32	8,309
8	42	33	4,527
8	42	34	1,016
8	42	36	6,469
8	42	48	1,296
8	42	49	3,546
8	42	60	2,318
8	42	63	8,2
8	42	65	22,205
8	42	72	5,756
8	42	73	6,443
8	42	74	3,892
8	42	85	5,376
8	42	86	0,85
8	42	89	12,196
8	42	95	0,822
8	42	99	1,499
8	48	2	5,819
8	48	12	10,195
8	48	15	1,372
8	48	19	3,41
8	48	24	4,477
8	48	25	9,45
8	48	26	5,709
8	48	32	4,972
8	48	33	26,38
8	48	34	1,209
8	48	36	3,95
8	48	42	31,176
8	48	49	6,477
8	48	60	2,744
8	48	63	0,747
8	48	65	9,946
8	48	72	0,615
8	48	73	14,902
8	48	74	9,657
8	48	85	14,489
8	48	86	2,761
8	48	89	0,786
8	48	95	2,576
8	48	99	5,97
8	49	2	0,728
8	49	12	8,382
8	49	15	3,971
8	49	19	8,109
8	49	24	3,547
8	49	25	14,358
8	49	26	3,049
8	49	32	4,169
8	49	33	3,816
8	49	34	3,378
8	49	36	2,21
8	49	42	3,536
8	49	48	4,439
8	49	60	5,883
8	49	63	1,204
8	49	65	1,029
8	49	72	1,989
8	49	73	0,581
8	49	74	6,774
8	49	85	2,971
8	49	86	2,849
8	49	89	14,34
8	49	95	4,527
8	49	99	4,57
8	60	2	6,132
8	60	12	8,559
8	60	15	8,279
8	60	19	5,86
8	60	24	1,792
8	60	25	1,307
8	60	26	5,56
8	60	32	2,523
8	60	33	2,426
8	60	34	0,739
8	60	36	2,756
8	60	42	3,557
8	60	48	5,414
8	60	49	1,484
8	60	63	2,694
8	60	65	0,753
8	60	72	7,538
8	60	73	7,674
8	60	74	0,652
8	60	85	8,767
8	60	86	11,219
8	60	89	1,634
8	60	95	0,552
8	60	99	1,787
8	63	2	1,403
8	63	12	1,041
8	63	15	5,173
8	63	19	6,334
8	63	24	4,636
8	63	25	9,375
8	63	26	17,633
8	63	32	4,093
8	63	33	1,271
8	63	34	4,686
8	63	36	6,814
8	63	42	5,899
8	63	48	6,155
8	63	49	0,981
8	63	60	13,94
8	63	65	2,374
8	63	72	3,166
8	63	73	6,394
8	63	74	17,416
8	63	85	2,666
8	63	86	30,93
8	63	89	6,303
8	63	95	18,9
8	63	99	1,731
8	65	2	7,85
8	65	12	2,866
8	65	15	5,568
8	65	19	2,37
8	65	24	6,122
8	65	25	4,195
8	65	26	4,458
8	65	32	6,621
8	65	33	1,403
8	65	34	8,575
8	65	36	1,45
8	65	42	2,066
8	65	48	15,578
8	65	49	25,994
8	65	60	4,323
8	65	63	6,07
8	65	72	7,344
8	65	73	3,431
8	65	74	5,43
8	65	85	12,409
8	65	86	15,393
8	65	89	3,79
8	65	95	3,625
8	65	99	5,605
8	72	2	4,348
8	72	12	3,509
8	72	15	12,619
8	72	19	12,351
8	72	24	8,578
8	72	25	12,008
8	72	26	2,214
8	72	32	4,473
8	72	33	14,255
8	72	34	22,381
8	72	36	1,007
8	72	42	85,505
8	72	48	3,89
8	72	49	10,605
8	72	60	18,986
8	72	63	9,184
8	72	65	10,661
8	72	73	0,533
8	72	74	5,859
8	72	85	1,347
8	72	86	1,697
8	72	89	1,247
8	72	95	6,813
8	72	99	12,518
8	73	2	1,196
8	73	12	4,481
8	73	15	7,398
8	73	19	3,184
8	73	24	0,809
8	73	25	1,43
8	73	26	6,503
8	73	32	3,113
8	73	33	2,982
8	73	34	2,873
8	73	36	9,254
8	73	42	26,27
8	73	48	2,651
8	73	49	2,041
8	73	60	6,36
8	73	63	21,008
8	73	65	8,511
8	73	72	3,333
8	73	74	2,673
8	73	85	4,867
8	73	86	1,104
8	73	89	3,162
8	73	95	11,718
8	73	99	5,198
8	74	2	7,516
8	74	12	0,927
8	74	15	2,69
8	74	19	2,817
8	74	24	13,346
8	74	25	6,125
8	74	26	14,566
8	74	32	0,935
8	74	33	11,22
8	74	34	4,33
8	74	36	17,038
8	74	42	5,316
8	74	48	0,844
8	74	49	6,753
8	74	60	7,017
8	74	63	0,711
8	74	65	1,495
8	74	72	2,384
8	74	73	4,082
8	74	85	3,688
8	74	86	2,804
8	74	89	1,74
8	74	95	1,584
8	74	99	9,109
8	85	2	1,711
8	85	12	29,999
8	85	15	3,237
8	85	19	18,043
8	85	24	6,309
8	85	25	0,507
8	85	26	3,479
8	85	32	3,015
8	85	33	5,441
8	85	34	9,659
8	85	36	1,014
8	85	42	0,619
8	85	48	18,936
8	85	49	5,842
8	85	60	0,988
8	85	63	2,988
8	85	65	15,214
8	85	72	2,383
8	85	73	1,499
8	85	74	0,702
8	85	86	3,727
8	85	89	9,343
8	85	95	14,074
8	85	99	1,983
8	86	2	27,896
8	86	12	1,161
8	86	15	9,637
8	86	19	6,061
8	86	24	12,457
8	86	25	4,525
8	86	26	40,439
8	86	32	2,628
8	86	33	1,423
8	86	34	8,316
8	86	36	5,013
8	86	42	4,979
8	86	48	1,444
8	86	49	0,894
8	86	60	12,929
8	86	63	0,773
8	86	65	5,59
8	86	72	5,554
8	86	73	8,681
8	86	74	7,135
8	86	85	2,585
8	86	89	17,495
8	86	95	0,828
8	86	99	5,139
8	89	2	5,02
8	89	12	9,711
8	89	15	0,757
8	89	19	18,247
8	89	24	17,065
8	89	25	10,663
8	89	26	1,594
8	89	32	6,879
8	89	33	36,286
8	89	34	21,138
8	89	36	8,91
8	89	42	0,562
8	89	48	11,085
8	89	49	1,381
8	89	60	6,267
8	89	63	19,712
8	89	65	6,7
8	89	72	6,489
8	89	73	2,242
8	89	74	1,103
8	89	85	1,556
8	89	86	6,898
8	89	95	5,091
8	89	99	3,954
8	95	2	0,891
8	95	12	1,274
8	95	15	4,596
8	95	19	2,57
8	95	24	0,503
8	95	25	4,781
8	95	26	5,88
8	95	32	8,94
8	95	33	1,41
8	95	34	14,205
8	95	36	8,859
8	95	42	4,528
8	95	48	2,086
8	95	49	7,298
8	95	60	0,735
8	95	63	1,785
8	95	65	5,997
8	95	72	8,215
8	95	73	2,351
8	95	74	1,414
8	95	85	6,767
8	95	86	12,268
8	95	89	1,313
8	95	99	1,774
8	99	2	3,478
8	99	12	4,249
8	99	15	1,935
8	99	19	1,291
8	99	24	5,957
8	99	25	3,693
8	99	26	36,036
8	99	32	9,705
8	99	33	10,085
8	99	34	2,685
8	99	36	3,202
8	99	42	1,782
8	99	48	28,867
8	99	49	4,658
8	99	60	20,524
8	99	63	1,505
8	99	65	16,033
8	99	72	1,42
8	99	73	12,655
8	99	74	3,982
8	99	85	1,133
8	99	86	13,323
8	99	89	10,279
8	99	95	29,152
9	7	8	0,626
9	7	15	3,806
9	7	21	10,557
9	7	30	6,572
9	7	34	21,497
9	7	38	3,649
9	7	61	8,274
9	7	65	2,434
9	7	67	6,435
9	7	70	4,043
9	7	72	5,353
9	7	76	9,07
9	7	81	2,964
9	7	82	2,078
9	7	84	3,15
9	7	86	1,02
9	7	88	17,589
9	7	94	16,517
9	7	99	10,138
9	8	7	2,315
9	8	15	32,324
9	8	21	15,358
9	8	30	2,878
9	8	34	5,835
9	8	38	1,569
9	8	61	10,515
9	8	65	2,341
9	8	67	2,826
9	8	70	3,763
9	8	72	18,661
9	8	76	5,492
9	8	81	9
9	8	82	4,279
9	8	84	3,126
9	8	86	2,175
9	8	88	5,003
9	8	94	0,779
9	8	99	2,891
9	15	7	0,568
9	15	8	6,563
9	15	21	2,952
9	15	30	7,95
9	15	34	16,859
9	15	38	17,167
9	15	61	2,043
9	15	65	2,315
9	15	67	16,335
9	15	70	4,121
9	15	72	1,934
9	15	76	9,362
9	15	81	9,017
9	15	82	6,491
9	15	84	21,951
9	15	86	3,499
9	15	88	2,29
9	15	94	0,988
9	15	99	9,359
9	21	7	4,077
9	21	8	0,621
9	21	15	2,337
9	21	30	2,333
9	21	34	14,132
9	21	38	2,276
9	21	61	12,517
9	21	65	16,177
9	21	67	2,776
9	21	70	7,603
9	21	72	3,696
9	21	76	6,949
9	21	81	14,98
9	21	82	1,675
9	21	84	0,566
9	21	86	8,127
9	21	88	5,407
9	21	94	22,789
9	21	99	1,805
9	30	7	3,339
9	30	8	11,738
9	30	15	5,309
9	30	21	2,701
9	30	34	1,47
9	30	38	23,104
9	30	61	3,558
9	30	65	1,999
9	30	67	2,336
9	30	70	5,321
9	30	72	43,379
9	30	76	6,955
9	30	81	0,917
9	30	82	7,564
9	30	84	5,68
9	30	86	6,268
9	30	88	14,695
9	30	94	15,553
9	30	99	6,834
9	34	7	2,54
9	34	8	9,263
9	34	15	8,003
9	34	21	0,915
9	34	30	0,77
9	34	38	0,984
9	34	61	14,766
9	34	65	6,347
9	34	67	2,723
9	34	70	1,874
9	34	72	5,721
9	34	76	4,317
9	34	81	1,497
9	34	82	1,524
9	34	84	2,147
9	34	86	12,13
9	34	88	5,444
9	34	94	2,205
9	34	99	1,251
9	38	7	6,657
9	38	8	1,497
9	38	15	2,968
9	38	21	12,409
9	38	30	9,067
9	38	34	0,772
9	38	61	6,844
9	38	65	5,342
9	38	67	1,391
9	38	70	23,87
9	38	72	21,664
9	38	76	1,745
9	38	81	5,391
9	38	82	1,11
9	38	84	8,173
9	38	86	1,113
9	38	88	1,525
9	38	94	2,833
9	38	99	3,599
9	61	7	9,845
9	61	8	4,573
9	61	15	7,798
9	61	21	1,846
9	61	30	8,365
9	61	34	12,133
9	61	38	3,051
9	61	65	1,294
9	61	67	14,876
9	61	70	1,001
9	61	72	6,328
9	61	76	6,186
9	61	81	4,835
9	61	82	1,377
9	61	84	3,481
9	61	86	4,934
9	61	88	6,215
9	61	94	2,867
9	61	99	12,955
9	65	7	4,521
9	65	8	5,357
9	65	15	13,722
9	65	21	9,69
9	65	30	66,647
9	65	34	3,267
9	65	38	5,169
9	65	61	11,31
9	65	67	8,101
9	65	70	1,176
9	65	72	2,825
9	65	76	8,81
9	65	81	2,03
9	65	82	3,353
9	65	84	13,311
9	65	86	8,925
9	65	88	12,449
9	65	94	15,265
9	65	99	9,471
9	67	7	11,681
9	67	8	3,476
9	67	15	3,268
9	67	21	1,151
9	67	30	6,156
9	67	34	10,371
9	67	38	0,726
9	67	61	1,035
9	67	65	7,815
9	67	70	4,696
9	67	72	6,733
9	67	76	8,342
9	67	81	2,749
9	67	82	1,847
9	67	84	5,257
9	67	86	0,578
9	67	88	2,269
9	67	94	1,811
9	67	99	13,825
9	70	7	16,626
9	70	8	5,528
9	70	15	15,259
9	70	21	3,206
9	70	30	5,028
9	70	34	10,879
9	70	38	1,135
9	70	61	2,159
9	70	65	0,837
9	70	67	8,271
9	70	72	28,654
9	70	76	18,415
9	70	81	3,366
9	70	82	5,801
9	70	84	2,365
9	70	86	0,9
9	70	88	6,903
9	70	94	2,19
9	70	99	2,266
9	72	7	3,622
9	72	8	1,668
9	72	15	11,516
9	72	21	6,378
9	72	30	5,952
9	72	34	9,204
9	72	38	18,727
9	72	61	14,158
9	72	65	0,731
9	72	67	6,572
9	72	70	12,107
9	72	76	1,49
9	72	81	0,581
9	72	82	3,325
9	72	84	5,962
9	72	86	3,73
9	72	88	6,145
9	72	94	0,876
9	72	99	6,193
9	76	7	1,395
9	76	8	37,16
9	76	15	2,26
9	76	21	40,71
9	76	30	1,024
9	76	34	5,171
9	76	38	6,47
9	76	61	2,221
9	76	65	4,881
9	76	67	9,716
9	76	70	0,59
9	76	72	2,759
9	76	81	6,486
9	76	82	12,012
9	76	84	8,094
9	76	86	6,339
9	76	88	3,473
9	76	94	9,087
9	76	99	21,37
9	81	7	8,014
9	81	8	6,004
9	81	15	3,537
9	81	21	9,855
9	81	30	8,87
9	81	34	0,826
9	81	38	1,139
9	81	61	29,287
9	81	65	17,612
9	81	67	12,016
9	81	70	4,09
9	81	72	3,853
9	81	76	1,639
9	81	82	7,656
9	81	84	1,701
9	81	86	5,203
9	81	88	2,985
9	81	94	7,28
9	81	99	19,948
9	82	7	14,376
9	82	8	4,133
9	82	15	3,672
9	82	21	3,133
9	82	30	1,5
9	82	34	1,249
9	82	38	1,416
9	82	61	5,753
9	82	65	2,003
9	82	67	3,286
9	82	70	14,462
9	82	72	2,678
9	82	76	9,927
9	82	81	4,712
9	82	84	18,277
9	82	86	19,189
9	82	88	1,111
9	82	94	17,674
9	82	99	1,893
9	84	7	6,167
9	84	8	1,483
9	84	15	6,24
9	84	21	2,594
9	84	30	3,313
9	84	34	1,708
9	84	38	5,314
9	84	61	4,755
9	84	65	0,655
9	84	67	22,388
9	84	70	11,898
9	84	72	1,826
9	84	76	4,176
9	84	81	0,805
9	84	82	2,054
9	84	86	0,534
9	84	88	0,602
9	84	94	0,611
9	84	99	14,929
9	86	7	26,072
9	86	8	0,632
9	86	15	9,935
9	86	21	0,756
9	86	30	7,623
9	86	34	4,463
9	86	38	26,403
9	86	61	5,544
9	86	65	25,315
9	86	67	4,169
9	86	70	2,254
9	86	72	6,518
9	86	76	5,484
9	86	81	5,975
9	86	82	1,062
9	86	84	0,604
9	86	88	25,013
9	86	94	2,45
9	86	99	1,136
9	88	7	3,63
9	88	8	0,985
9	88	15	1,478
9	88	21	5,216
9	88	30	1,512
9	88	34	3,831
9	88	38	3,694
9	88	61	1,749
9	88	65	12,04
9	88	67	22,364
9	88	70	2,999
9	88	72	2,274
9	88	76	7,786
9	88	81	13,712
9	88	82	2,087
9	88	84	2,845
9	88	86	26,561
9	88	94	22,082
9	88	99	19,177
9	94	7	5,506
9	94	8	6,717
9	94	15	0,941
9	94	21	7,304
9	94	30	7,771
9	94	34	6,147
9	94	38	0,721
9	94	61	3,103
9	94	65	4,61
9	94	67	0,69
9	94	70	19,242
9	94	72	2,145
9	94	76	8,901
9	94	81	0,506
9	94	82	19,605
9	94	84	6,584
9	94	86	16,607
9	94	88	6,028
9	94	99	1,182
9	99	7	3,973
9	99	8	1,678
9	99	15	11,053
9	99	21	0,699
9	99	30	0,723
9	99	34	12,746
9	99	38	5,036
9	99	61	1,275
9	99	65	6,674
9	99	67	1,988
9	99	70	10,029
9	99	72	2,19
9	99	76	1,854
9	99	81	8,204
9	99	82	1,554
9	99	84	3,871
9	99	86	1,731
9	99	88	3,463
9	99	94	40,266
10	3	4	9,429
10	3	5	12,456
10	3	8	0,768
10	3	10	2,718
10	3	15	9,981
10	3	25	14,738
10	3	26	5,334
10	3	27	1,81
10	3	31	42,991
10	3	36	8,261
10	3	39	2,621
10	3	43	8,52
10	3	44	24,733
10	3	48	10,14
10	3	49	3,749
10	3	51	6,547
10	3	52	8,721
10	3	61	1,636
10	3	71	14,752
10	3	72	18,304
10	3	73	1,402
10	3	76	5,031
10	3	78	7,244
10	3	79	1,812
10	3	81	7,458
10	3	86	7,979
10	3	95	2,307
10	3	99	0,914
10	4	3	0,624
10	4	5	6,255
10	4	8	17,02
10	4	10	11,782
10	4	15	16,795
10	4	25	3,396
10	4	26	3,872
10	4	27	3,801
10	4	31	4,799
10	4	36	4,936
10	4	39	15,755
10	4	43	8,409
10	4	44	0,645
10	4	48	1,997
10	4	49	1,087
10	4	51	10,793
10	4	52	1,625
10	4	61	3,72
10	4	71	4,934
10	4	72	5,708
10	4	73	0,926
10	4	76	1,891
10	4	78	5,577
10	4	79	2,831
10	4	81	3,272
10	4	86	3,282
10	4	95	8,221
10	4	99	3,255
10	5	3	6,896
10	5	4	9,245
10	5	8	1,334
10	5	10	12,483
10	5	15	22,945
10	5	25	1,212
10	5	26	2,461
10	5	27	2,09
10	5	31	5,641
10	5	36	2,591
10	5	39	2,992
10	5	43	2,995
10	5	44	6,404
10	5	48	1,678
10	5	49	2,57
10	5	51	8,032
10	5	52	4,127
10	5	61	10,013
10	5	71	2,896
10	5	72	5,971
10	5	73	7,884
10	5	76	17,771
10	5	78	9,221
10	5	79	6,442
10	5	81	6,716
10	5	86	4,067
10	5	95	2,893
10	5	99	0,823
10	8	3	2,48
10	8	4	2,281
10	8	5	0,802
10	8	10	13,959
10	8	15	1,771
10	8	25	1,041
10	8	26	1,495
10	8	27	0,759
10	8	31	1,432
10	8	36	5,656
10	8	39	15,26
10	8	43	2,816
10	8	44	6,197
10	8	48	4,505
10	8	49	2,191
10	8	51	1,404
10	8	52	21,147
10	8	61	5,172
10	8	71	3,226
10	8	72	8,983
10	8	73	1,238
10	8	76	3,71
10	8	78	6,834
10	8	79	2,086
10	8	81	19,298
10	8	86	9,786
10	8	95	3,971
10	8	99	16,474
10	10	3	2,469
10	10	4	1,837
10	10	5	1,473
10	10	8	19,757
10	10	15	3,847
10	10	25	2,656
10	10	26	10,355
10	10	27	4,706
10	10	31	7,965
10	10	36	1,822
10	10	39	2,194
10	10	43	1,736
10	10	44	4,517
10	10	48	3,062
10	10	49	26,675
10	10	51	18,828
10	10	52	0,761
10	10	61	3,268
10	10	71	4,863
10	10	72	13,08
10	10	73	8,889
10	10	76	7,522
10	10	78	0,691
10	10	79	4,014
10	10	81	0,603
10	10	86	1,255
10	10	95	4,238
10	10	99	2,613
10	15	3	1,669
10	15	4	8,934
10	15	5	1,639
10	15	8	3,857
10	15	10	8,263
10	15	25	1,373
10	15	26	19,099
10	15	27	11,828
10	15	31	7,048
10	15	36	3,557
10	15	39	4,047
10	15	43	1,951
10	15	44	8,692
10	15	48	7,339
10	15	49	1,454
10	15	51	8,612
10	15	52	6,446
10	15	61	9,759
10	15	71	7,752
10	15	72	3,013
10	15	73	4,925
10	15	76	2,03
10	15	78	14,998
10	15	79	6,551
10	15	81	4,941
10	15	86	1,862
10	15	95	2,436
10	15	99	6,37
10	25	3	7,599
10	25	4	1,552
10	25	5	4,72
10	25	8	46,476
10	25	10	2,64
10	25	15	1,608
10	25	26	8,384
10	25	27	4,61
10	25	31	2,319
10	25	36	7,649
10	25	39	23,708
10	25	43	4,993
10	25	44	1,151
10	25	48	0,646
10	25	49	10,284
10	25	51	0,591
10	25	52	6,074
10	25	61	13,614
10	25	71	8,763
10	25	72	90
10	25	73	4,928
10	25	76	6,052
10	25	78	3,743
10	25	79	8,083
10	25	81	2,968
10	25	86	4,93
10	25	95	2,808
10	25	99	0,547
10	26	3	8,55
10	26	4	2,456
10	26	5	11,929
10	26	8	14,206
10	26	10	10,441
10	26	15	0,721
10	26	25	3,004
10	26	27	29,485
10	26	31	14,274
10	26	36	3,091
10	26	39	6,51
10	26	43	6,911
10	26	44	4,177
10	26	48	15,275
10	26	49	3
10	26	51	2,005
10	26	52	10,16
10	26	61	6,588
10	26	71	6,374
10	26	72	10,486
10	26	73	6,394
10	26	76	2,1
10	26	78	19,173
10	26	79	16,877
10	26	81	4,261
10	26	86	4,45
10	26	95	2,745
10	26	99	9,126
10	27	3	3,081
10	27	4	10,814
10	27	5	10,382
10	27	8	0,712
10	27	10	2,853
10	27	15	1,191
10	27	25	3,811
10	27	26	7,124
10	27	31	1,884
10	27	36	9,274
10	27	39	1,862
10	27	43	1,571
10	27	44	10,037
10	27	48	11,26
10	27	49	1,06
10	27	51	5,22
10	27	52	7,011
10	27	61	2,649
10	27	71	12,333
10	27	72	0,568
10	27	73	1,563
10	27	76	4,306
10	27	78	7,003
10	27	79	9,893
10	27	81	4,634
10	27	86	0,913
10	27	95	10,005
10	27	99	0,751
10	31	3	39,256
10	31	4	2,57
10	31	5	7,907
10	31	8	1,087
10	31	10	5,048
10	31	15	1,908
10	31	25	19,901
10	31	26	2,812
10	31	27	4,799
10	31	36	2,082
10	31	39	2,651
10	31	43	0,508
10	31	44	12,145
10	31	48	6,06
10	31	49	12,616
10	31	51	3,505
10	31	52	2,773
10	31	61	4,06
10	31	71	3,072
10	31	72	2,926
10	31	73	19,424
10	31	76	2,101
10	31	78	9,399
10	31	79	2,152
10	31	81	20,6
10	31	86	2,028
10	31	95	0,963
10	31	99	1,855
10	36	3	1,309
10	36	4	2,425
10	36	5	2,095
10	36	8	4,846
10	36	10	4,023
10	36	15	7,829
10	36	25	8,258
10	36	26	1,402
10	36	27	2,691
10	36	31	1,855
10	36	39	1,107
10	36	43	0,534
10	36	44	2,898
10	36	48	11,461
10	36	49	4,768
10	36	51	2,122
10	36	52	4,976
10	36	61	5,311
10	36	71	5,006
10	36	72	0,71
10	36	73	4,872
10	36	76	2,525
10	36	78	0,569
10	36	79	5,183
10	36	81	3,164
10	36	86	9,209
10	36	95	6,449
10	36	99	4,574
10	39	3	4,583
10	39	4	8,414
10	39	5	3,937
10	39	8	1,953
10	39	10	6,033
10	39	15	5,954
10	39	25	0,773
10	39	26	1,231
10	39	27	16,221
10	39	31	7,244
10	39	36	14,826
10	39	43	1,116
10	39	44	8,497
10	39	48	17,995
10	39	49	4,764
10	39	51	10,465
10	39	52	2,636
10	39	61	2,638
10	39	71	4,435
10	39	72	1,532
10	39	73	2,018
10	39	76	2,194
10	39	78	3,969
10	39	79	2,247
10	39	81	3,626
10	39	86	1,721
10	39	95	2,343
10	39	99	0,617
10	43	3	0,874
10	43	4	1,611
10	43	5	2,282
10	43	8	5,979
10	43	10	3,654
10	43	15	5,155
10	43	25	27,52
10	43	26	5,154
10	43	27	3,349
10	43	31	3,086
10	43	36	11,378
10	43	39	9,891
10	43	44	1,958
10	43	48	4,782
10	43	49	17,405
10	43	51	2,269
10	43	52	6,106
10	43	61	2,503
10	43	71	15,641
10	43	72	0,743
10	43	73	4,676
10	43	76	2,592
10	43	78	1,115
10	43	79	1,054
10	43	81	1,264
10	43	86	6,637
10	43	95	4,538
10	43	99	5,228
10	44	3	6,968
10	44	4	7,628
10	44	5	7,911
10	44	8	5,04
10	44	10	9,078
10	44	15	8,918
10	44	25	3,68
10	44	26	14,993
10	44	27	2,61
10	44	31	1,837
10	44	36	0,66
10	44	39	22,529
10	44	43	8,709
10	44	48	7,415
10	44	49	0,972
10	44	51	15,44
10	44	52	2,769
10	44	61	2,838
10	44	71	4,467
10	44	72	2,096
10	44	73	1,843
10	44	76	6,323
10	44	78	1,141
10	44	79	2,005
10	44	81	4,092
10	44	86	5,606
10	44	95	0,776
10	44	99	7,113
10	48	3	1,356
10	48	4	6,7
10	48	5	0,966
10	48	8	5,712
10	48	10	1,875
10	48	15	7,884
10	48	25	1,601
10	48	26	6,768
10	48	27	1,298
10	48	31	11,329
10	48	36	8,222
10	48	39	2,006
10	48	43	5,76
10	48	44	0,872
10	48	49	8,741
10	48	51	2,495
10	48	52	14,939
10	48	61	6,456
10	48	71	20,545
10	48	72	6,577
10	48	73	0,629
10	48	76	8,391
10	48	78	2,491
10	48	79	3,392
10	48	81	10,283
10	48	86	28,635
10	48	95	6,835
10	48	99	5,04
10	49	3	1,121
10	49	4	2,144
10	49	5	18,72
10	49	8	6,496
10	49	10	1,048
10	49	15	18,776
10	49	25	3,811
10	49	26	8,423
10	49	27	10,567
10	49	31	3,063
10	49	36	2,026
10	49	39	3,452
10	49	43	7,236
10	49	44	9,715
10	49	48	10,109
10	49	51	1,413
10	49	52	4,265
10	49	61	0,757
10	49	71	1,188
10	49	72	2,176
10	49	73	5,283
10	49	76	5,757
10	49	78	3,804
10	49	79	16,283
10	49	81	1,362
10	49	86	8,59
10	49	95	15,488
10	49	99	15,182
10	51	3	4,586
10	51	4	2,309
10	51	5	1,745
10	51	8	6,111
10	51	10	8,168
10	51	15	6,219
10	51	25	3,928
10	51	26	6,142
10	51	27	2,928
10	51	31	17,443
10	51	36	17,07
10	51	39	8,757
10	51	43	9,091
10	51	44	7,657
10	51	48	28,149
10	51	49	7,471
10	51	52	5,462
10	51	61	4,242
10	51	71	3,237
10	51	72	10,439
10	51	73	6,918
10	51	76	6,921
10	51	78	6,265
10	51	79	11,167
10	51	81	5,557
10	51	86	7,048
10	51	95	1,162
10	51	99	6,312
10	52	3	2,348
10	52	4	4,065
10	52	5	0,924
10	52	8	3,1
10	52	10	5,949
10	52	15	2,991
10	52	25	1,966
10	52	26	8,352
10	52	27	4,773
10	52	31	2,128
10	52	36	2,632
10	52	39	9,151
10	52	43	6,592
10	52	44	28,115
10	52	48	3,556
10	52	49	2,655
10	52	51	11,031
10	52	61	9,326
10	52	71	4,816
10	52	72	7,533
10	52	73	12,602
10	52	76	4,38
10	52	78	5,575
10	52	79	1,55
10	52	81	12,799
10	52	86	0,614
10	52	95	7,531
10	52	99	1,65
10	61	3	1,031
10	61	4	0,791
10	61	5	0,896
10	61	8	1,667
10	61	10	12,47
10	61	15	1,419
10	61	25	9,347
10	61	26	9,974
10	61	27	3,665
10	61	31	10,451
10	61	36	1,236
10	61	39	1,774
10	61	43	1,17
10	61	44	4,288
10	61	48	1,211
10	61	49	15,449
10	61	51	9,317
10	61	52	3,574
10	61	71	0,766
10	61	72	4,954
10	61	73	12,15
10	61	76	5,398
10	61	78	7,102
10	61	79	2,058
10	61	81	4,804
10	61	86	4,687
10	61	95	1,336
10	61	99	4,644
10	71	3	3,853
10	71	4	6,631
10	71	5	4,505
10	71	8	2,834
10	71	10	11,259
10	71	15	4,149
10	71	25	9,576
10	71	26	3,155
10	71	27	0,977
10	71	31	3,425
10	71	36	8,3
10	71	39	1,225
10	71	43	7,306
10	71	44	4,89
10	71	48	10,907
10	71	49	7,9
10	71	51	5,591
10	71	52	3,424
10	71	61	2,166
10	71	72	2,738
10	71	73	6,977
10	71	76	0,559
10	71	78	3,561
10	71	79	12,376
10	71	81	1,697
10	71	86	29,426
10	71	95	4,396
10	71	99	0,642
10	72	3	1,13
10	72	4	3,531
10	72	5	5,102
10	72	8	6,91
10	72	10	5,102
10	72	15	0,823
10	72	25	4,5
10	72	26	2,007
10	72	27	5,983
10	72	31	3,458
10	72	36	2,856
10	72	39	9,2
10	72	43	28,969
10	72	44	2,737
10	72	48	12,095
10	72	49	2,861
10	72	51	6,167
10	72	52	7,326
10	72	61	0,516
10	72	71	1,594
10	72	73	3,303
10	72	76	11,232
10	72	78	4,75
10	72	79	1,03
10	72	81	9,158
10	72	86	5,066
10	72	95	0,553
10	72	99	8,284
10	73	3	6,974
10	73	4	7,084
10	73	5	4,019
10	73	8	1,304
10	73	10	2,213
10	73	15	4,244
10	73	25	13,203
10	73	26	6,499
10	73	27	4,117
10	73	31	2,128
10	73	36	14,039
10	73	39	5,157
10	73	43	11,45
10	73	44	0,681
10	73	48	27,87
10	73	49	1,426
10	73	51	5,328
10	73	52	1,236
10	73	61	28,379
10	73	71	3,253
10	73	72	13,027
10	73	76	4,69
10	73	78	1,981
10	73	79	8,405
10	73	81	6,831
10	73	86	2,903
10	73	95	1,074
10	73	99	4,23
10	76	3	8,653
10	76	4	9,435
10	76	5	11,169
10	76	8	0,714
10	76	10	8,024
10	76	15	5,853
10	76	25	2,473
10	76	26	24,37
10	76	27	1,38
10	76	31	3,912
10	76	36	3,698
10	76	39	0,545
10	76	43	23,123
10	76	44	12,099
10	76	48	1,403
10	76	49	1,488
10	76	51	10,705
10	76	52	16,533
10	76	61	9,145
10	76	71	7,334
10	76	72	9,179
10	76	73	15,78
10	76	78	2,312
10	76	79	0,681
10	76	81	6,144
10	76	86	2,498
10	76	95	18,443
10	76	99	2,157
10	78	3	3,556
10	78	4	9,642
10	78	5	8,613
10	78	8	5,676
10	78	10	0,788
10	78	15	8,256
10	78	25	0,776
10	78	26	1,356
10	78	27	0,655
10	78	31	2,431
10	78	36	0,531
10	78	39	6,522
10	78	43	6,602
10	78	44	8,315
10	78	48	3,182
10	78	49	1,934
10	78	51	1,41
10	78	52	1,166
10	78	61	11,654
10	78	71	4,427
10	78	72	1,484
10	78	73	22,788
10	78	76	3,705
10	78	79	6,38
10	78	81	2,32
10	78	86	2,802
10	78	95	1,148
10	78	99	10,947
10	79	3	1,611
10	79	4	4,105
10	79	5	16,266
10	79	8	6,312
10	79	10	1,73
10	79	15	7,954
10	79	25	2,492
10	79	26	6,74
10	79	27	7,166
10	79	31	4,349
10	79	36	0,623
10	79	39	2,762
10	79	43	4,446
10	79	44	3,617
10	79	48	3,757
10	79	49	2,368
10	79	51	2,115
10	79	52	8,332
10	79	61	0,925
10	79	71	1,636
10	79	72	1,97
10	79	73	6,265
10	79	76	3,495
10	79	78	14,508
10	79	81	1,222
10	79	86	0,779
10	79	95	1,013
10	79	99	3,436
10	81	3	6,704
10	81	4	0,978
10	81	5	3,76
10	81	8	10,279
10	81	10	0,717
10	81	15	7,422
10	81	25	4,029
10	81	26	3,231
10	81	27	47,203
10	81	31	13,534
10	81	36	1,489
10	81	39	0,994
10	81	43	6,202
10	81	44	3,958
10	81	48	3,688
10	81	49	3,993
10	81	51	2,14
10	81	52	1,518
10	81	61	10,831
10	81	71	11,27
10	81	72	14,343
10	81	73	0,883
10	81	76	28,207
10	81	78	5,56
10	81	79	4,103
10	81	86	17,024
10	81	95	10,699
10	81	99	1,754
10	86	3	13,389
10	86	4	8,452
10	86	5	5,367
10	86	8	2,203
10	86	10	7,25
10	86	15	2,983
10	86	25	6,51
10	86	26	19,99
10	86	27	3,094
10	86	31	3,472
10	86	36	1,44
10	86	39	11,513
10	86	43	9,006
10	86	44	1,017
10	86	48	3,656
10	86	49	8,024
10	86	51	1,41
10	86	52	1,874
10	86	61	0,815
10	86	71	5,746
10	86	72	6,544
10	86	73	5,098
10	86	76	14,747
10	86	78	6,311
10	86	79	2,599
10	86	81	4,279
10	86	95	6,976
10	86	99	2,218
10	95	3	3,452
10	95	4	2,536
10	95	5	1,333
10	95	8	1,941
10	95	10	3,469
10	95	15	19,915
10	95	25	0,835
10	95	26	1,263
10	95	27	0,974
10	95	31	5,396
10	95	36	2,189
10	95	39	3,943
10	95	43	4,624
10	95	44	11,644
10	95	48	1,053
10	95	49	4,122
10	95	51	3,943
10	95	52	1,353
10	95	61	3,675
10	95	71	4,487
10	95	72	1,436
10	95	73	3,409
10	95	76	4,755
10	95	78	1,255
10	95	79	5,683
10	95	81	0,737
10	95	86	3,133
10	95	99	9,301
10	99	3	15,728
10	99	4	13,797
10	99	5	2,098
10	99	8	0,503
10	99	10	7,829
10	99	15	3,781
10	99	25	1,962
10	99	26	1,595
10	99	27	2,022
10	99	31	5,692
10	99	36	5,592
10	99	39	8,397
10	99	43	8,947
10	99	44	1,042
10	99	48	5,03
10	99	49	10,099
10	99	51	3,255
10	99	52	8,822
10	99	61	2,48
10	99	71	2,398
10	99	72	3,907
10	99	73	25,628
10	99	76	2,247
10	99	78	7,299
10	99	79	7,077
10	99	81	6,834
10	99	86	14,847
10	99	95	10,217

