#num jobs
100
#num machines
10

#jobId machId procTime energyCons
1	10	7,29	19,24
2	10	2,58	6,81
2	8	82,85	329,42
2	2	20,5	71,11
3	7	7,19	65,69
3	3	2,69	18,37
4	10	5,08	13,4
4	5	28,42	286,68
4	2	3,25	11,29
5	7	3,45	31,53
5	6	14,88	171,61
5	1	7,08	72,21
6	6	96,14	1109,09
6	7	1,41	12,91
7	10	4,51	11,91
8	3	6,77	46,3
8	4	2,46	7,89
8	10	3,6	9,51
9	4	2,57	8,26
10	4	1,36	4,36
10	5	10,06	101,52
10	8	29,58	117,6
10	10	4,6	12,13
11	5	5,8	58,49
12	3	7,89	54
12	8	5,67	22,55
12	10	6,03	15,92
13	9	37,25	71,48
13	8	67,88	269,89
13	7	70,84	646,78
13	6	41,54	479,26
14	4	8,61	27,6
15	8	14,63	58,18
15	6	4,43	51,05
16	9	8,48	16,28
16	4	35,61	114,18
16	1	2,14	21,8
17	1	2,22	22,6
18	2	1,53	5,32
19	6	66,89	771,7
19	5	7,59	76,57
20	3	8,65	59,18
20	8	90,55	360,06
21	1	1,45	14,74
21	8	1,41	5,6
21	10	16,88	44,54
22	6	1,17	13,45
22	4	3,33	10,68
23	3	16,35	111,84
24	9	7,51	14,41
24	5	74,5	751,45
25	10	129,27	341,18
25	7	2,18	19,86
25	5	14,61	147,37
26	5	22,6	228,01
27	10	10,77	28,43
28	9	6,89	13,23
28	8	13,54	53,83
28	4	7,1	22,77
28	1	0,36	3,69
29	2	1,57	5,46
29	8	6,1	24,24
30	6	26,53	306,08
31	1	15,83	161,42
32	4	5,21	16,7
32	3	11,76	80,44
33	2	9,29	32,24
33	4	20,26	64,96
33	7	23,48	214,41
33	8	28,35	112,7
33	9	139,43	267,59
34	8	8,85	35,19
35	4	7,71	24,73
35	8	35,04	139,34
36	2	6,98	24,2
37	6	14,05	162,11
37	4	65,23	209,16
37	1	2,81	28,7
38	9	11,96	22,94
38	5	1,93	19,44
38	4	9,09	29,15
39	10	4,5	11,87
40	10	52,31	138,07
40	6	0,69	7,97
40	2	15,08	52,32
41	5	10,65	107,48
41	8	42,3	168,2
42	9	2,68	5,13
43	5	11,47	115,7
44	4	15,06	48,31
44	7	4,42	40,38
45	10	157,01	414,41
45	7	6,49	59,29
45	4	13,72	44
45	1	21,86	222,91
46	3	15,86	108,48
47	8	36,63	145,66
47	1	30,65	312,5
48	10	4,28	11,31
48	6	8,17	94,3
48	5	0,24	2,4
48	2	4,44	15,41
49	5	0,5	4,99
50	8	16,51	65,63
51	3	4,91	33,56
51	7	1,08	9,9
52	1	1,89	19,3
52	5	7,82	78,93
52	6	10,55	121,73
53	3	430,57	2945,51
54	10	7282,89	19222,4
55	3	455,18	3113,86
55	4	13,22	42,4
55	6	7,95	91,66
56	9	4,38	8,41
56	5	44,8	451,86
56	4	7,88	25,26
56	2	271,42	941,66
57	10	2,08	5,5
57	6	1,61	18,6
58	6	16,3	188,09
58	8	206,03	819,21
59	1	22,04	224,75
59	6	11,14	128,54
59	10	2,5	6,61
60	5	2,84	28,68
60	1	7,26	74,04
61	8	28,74	114,25
62	9	3,49	6,69
63	8	10,82	43,04
63	1	2147,58	21898,15
64	6	53,69	619,39
64	1	252,99	2579,63
65	6	0,21	2,38
65	1	4,04	41,16
66	7	32,49	296,68
67	7	27,34	249,67
67	6	3,03	34,94
68	9	9,84	18,88
69	3	34,06	233,01
69	9	1,13	2,17
70	4	7,22	23,16
71	5	7,05	71,13
71	3	35,01	239,49
71	1	33,11	337,63
72	5	95,64	964,74
73	5	2,19	22,09
73	7	8,03	73,31
74	1	20,4	208
74	2	10,99	38,12
75	7	2,66	24,29
75	9	304,06	583,53
76	4	5	16,04
77	1	461,46	4705,33
77	3	21,62	147,91
77	5	280,1	2825,38
78	3	2,23	15,24
78	5	2,54	25,61
78	6	19,83	228,73
78	7	3,74	34,19
78	8	72,95	290,06
79	1	5,31	54,18
79	2	11,49	39,86
79	5	181,9	1834,86
79	10	12,62	33,3
80	4	19,12	61,32
80	6	140,69	1623,02
80	8	2,38	9,47
81	3	2,77	18,93
82	1	67,98	693,14
82	2	7,26	25,19
82	5	22,91	231,1
82	7	8,62	78,73
83	4	10,32	33,08
83	10	42	110,85
84	10	5,45	14,39
84	5	4,4	44,34
85	3	1,9	12,98
85	4	4,92	15,79
85	8	3,68	14,64
86	3	95,21	651,32
87	6	4,26	49,17
87	4	0,35	1,11
88	1	9,48	96,64
89	10	5,45	14,39
90	2	3,65	12,68
91	7	3,61	32,98
91	6	6,26	72,21
91	5	11,67	117,75
91	3	87,73	600,15
92	2	17	58,96
92	7	20,23	184,7
93	7	7,02	64,11
93	4	23,29	74,69
93	2	0,78	2,71
94	2	25,35	87,94
95	3	3,97	27,15
96	9	6,58	12,62
97	4	6,48	20,78
97	7	22,75	207,69
97	9	59,7	114,57
98	8	27,47	109,21
98	6	3,57	41,15
98	1	31,03	316,36
99	3	26,27	179,69
99	4	12,33	39,54
99	5	3,66	36,89
99	6	31,59	364,47
100	7	1,3	11,91
100	3	31,71	216,92
100	1	9,3	94,85

#jobId ddate weight rdate
1	205,253	40	423,352
2	340,839	23	66,107
3	518,249	46	872,392
4	30,03	44	919,96
5	391,789	32	934,448
6	499,866	5	592,738
7	469,188	46	289,801
8	298,229	31	701,891
9	354,39	38	858,567
10	265,785	34	120,303
11	329,943	22	971,447
12	210,395	23	173,533
13	134,47	12	566,399
14	113,961	13	835,738
15	275,984	30	746,798
16	367,103	22	575,702
17	144,808	30	133,293
18	635,277	25	481,792
19	183,671	36	842,071
20	111,993	10	961,208
21	452,811	38	378,695
22	168,717	47	531,665
23	295,081	38	272,091
24	128,277	2	548,094
25	563,216	22	532,841
26	447,384	47	33,368
27	18,953	15	962,466
28	222,148	49	181,466
29	50,986	25	523,533
30	606,56	16	40,086
31	479,642	30	33,716
32	22,371	23	473,259
33	316,929	11	160,9
34	425,092	16	108,032
35	431,355	29	24,796
36	374,949	47	108,092
37	40,446	41	585,966
38	498,602	49	139,559
39	591,828	10	345,994
40	510,053	1	176,596
41	293,595	12	514,316
42	298,612	26	454,486
43	280,766	3	811,267
44	640,06	43	195,681
45	480,996	43	372,326
46	640,527	8	667,724
47	267,873	21	495,59
48	360,469	22	849,171
49	323,886	44	953,095
50	391,989	7	127,349
51	173,209	49	691,849
52	138,001	29	197,247
53	47,737	28	199,115
54	34,904	14	141,276
55	580,603	20	82,113
56	624,157	38	26,409
57	83,895	33	908,487
58	27,039	34	363,269
59	382,817	33	881,223
60	518,59	25	943,624
61	413,481	35	814,7
62	609,233	25	700,276
63	579,798	9	514,493
64	186,122	24	889,185
65	390,907	18	349,454
66	91,388	39	651,333
67	30,246	47	531,128
68	84,615	11	462,14
69	299,331	17	219,255
70	202,199	15	614,31
71	606,736	12	275,254
72	45,946	16	413,669
73	383,983	19	938,589
74	590,968	25	66,537
75	382,459	1	828,194
76	127,464	1	435,732
77	205,484	12	437,143
78	574,105	21	732,516
79	358,516	18	493,299
80	322,349	25	464,854
81	104,524	45	566,399
82	572,704	31	350,613
83	154,389	46	517,442
84	30,802	35	542,642
85	269,124	24	140,451
86	288,824	31	534,769
87	120,729	39	257,8
88	209,844	9	976,606
89	45,112	27	48,947
90	537,375	46	512,679
91	624,723	24	92,451
92	575,923	25	729,666
93	395,512	24	696,166
94	257,937	45	941,146
95	52,019	44	262,023
96	344,765	30	457,471
97	619,627	47	104,538
98	479,076	11	302,43
99	464,999	29	823,555
100	469,7	16	791,388

#machId jobPred jobSucc setupTime
1	5	16	3,551
1	5	17	7,531
1	5	21	0,99
1	5	28	1,759
1	5	31	7,189
1	5	37	2,788
1	5	45	2,087
1	5	47	15,834
1	5	52	0,838
1	5	59	5,883
1	5	60	4,565
1	5	63	3,262
1	5	64	0,886
1	5	65	8,731
1	5	71	19,579
1	5	74	0,7
1	5	77	4,776
1	5	79	3,105
1	5	82	4,735
1	5	88	2,979
1	5	98	1,268
1	5	100	4,241
1	16	5	1,444
1	16	17	7,403
1	16	21	11,498
1	16	28	16,218
1	16	31	1,528
1	16	37	0,653
1	16	45	4,437
1	16	47	6,368
1	16	52	1,773
1	16	59	0,786
1	16	60	6,95
1	16	63	7,148
1	16	64	2,212
1	16	65	1,24
1	16	71	7,474
1	16	74	2,715
1	16	77	2,946
1	16	79	3,838
1	16	82	5,427
1	16	88	1,582
1	16	98	18,625
1	16	100	11,15
1	17	5	2,744
1	17	16	3,376
1	17	21	11,559
1	17	28	0,954
1	17	31	1,007
1	17	37	5,751
1	17	45	20,172
1	17	47	12,91
1	17	52	5,131
1	17	59	3,929
1	17	60	1,203
1	17	63	1,758
1	17	64	6,16
1	17	65	1,788
1	17	71	0,502
1	17	74	13,709
1	17	77	4,33
1	17	79	4,918
1	17	82	5,434
1	17	88	7,934
1	17	98	1,984
1	17	100	2,313
1	21	5	4,342
1	21	16	4,042
1	21	17	8,293
1	21	28	7,148
1	21	31	3,308
1	21	37	20,439
1	21	45	5,613
1	21	47	10,246
1	21	52	2,861
1	21	59	19,786
1	21	60	9,235
1	21	63	2,639
1	21	64	2,159
1	21	65	2,117
1	21	71	5,976
1	21	74	5,777
1	21	77	2,977
1	21	79	14,461
1	21	82	8,344
1	21	88	12,05
1	21	98	1,113
1	21	100	3,375
1	28	5	6,539
1	28	16	12,51
1	28	17	13,086
1	28	21	9,485
1	28	31	3,617
1	28	37	16,286
1	28	45	2,444
1	28	47	4,403
1	28	52	0,926
1	28	59	23,799
1	28	60	3,035
1	28	63	2,595
1	28	64	1,131
1	28	65	13,408
1	28	71	6,083
1	28	74	1,587
1	28	77	3,161
1	28	79	7,066
1	28	82	4,854
1	28	88	0,519
1	28	98	4,798
1	28	100	2,461
1	31	5	5,476
1	31	16	7,426
1	31	17	17,664
1	31	21	5,428
1	31	28	2,613
1	31	37	1,335
1	31	45	4,809
1	31	47	3,935
1	31	52	1,83
1	31	59	1,223
1	31	60	10,209
1	31	63	2,576
1	31	64	3,756
1	31	65	9,586
1	31	71	10,127
1	31	74	4,775
1	31	77	15,434
1	31	79	4,307
1	31	82	1,067
1	31	88	25,973
1	31	98	7,374
1	31	100	1,435
1	37	5	6,663
1	37	16	12,446
1	37	17	1,816
1	37	21	2,44
1	37	28	7,929
1	37	31	5,125
1	37	45	12,982
1	37	47	1,449
1	37	52	8,07
1	37	59	4,237
1	37	60	9,757
1	37	63	4,679
1	37	64	2,253
1	37	65	23,787
1	37	71	14,438
1	37	74	3,743
1	37	77	2,241
1	37	79	10,979
1	37	82	1,97
1	37	88	1,539
1	37	98	1,345
1	37	100	9,694
1	45	5	3,13
1	45	16	0,746
1	45	17	1,106
1	45	21	3,056
1	45	28	3,215
1	45	31	2,113
1	45	37	7,662
1	45	47	4,204
1	45	52	21,908
1	45	59	8,939
1	45	60	7,58
1	45	63	13,139
1	45	64	3,095
1	45	65	5,507
1	45	71	0,581
1	45	74	7,974
1	45	77	11,084
1	45	79	1,758
1	45	82	4,327
1	45	88	11,44
1	45	98	6,328
1	45	100	4,695
1	47	5	0,53
1	47	16	4,203
1	47	17	4,711
1	47	21	15,494
1	47	28	1,095
1	47	31	0,735
1	47	37	3,979
1	47	45	4,466
1	47	52	4,98
1	47	59	4,248
1	47	60	5,031
1	47	63	1,73
1	47	64	0,837
1	47	65	1,505
1	47	71	4,453
1	47	74	0,842
1	47	77	1,117
1	47	79	5,678
1	47	82	3,984
1	47	88	1,547
1	47	98	7,497
1	47	100	10,468
1	52	5	8,072
1	52	16	3,911
1	52	17	5,146
1	52	21	1,685
1	52	28	3,72
1	52	31	3,603
1	52	37	5,437
1	52	45	15,107
1	52	47	2,696
1	52	59	2,291
1	52	60	0,627
1	52	63	6,138
1	52	64	11,087
1	52	65	6,949
1	52	71	4,173
1	52	74	0,871
1	52	77	4,566
1	52	79	1,734
1	52	82	1,029
1	52	88	2,568
1	52	98	10,467
1	52	100	2,651
1	59	5	3,812
1	59	16	0,502
1	59	17	7,707
1	59	21	1,54
1	59	28	6,453
1	59	31	7,85
1	59	37	11,129
1	59	45	1,911
1	59	47	0,573
1	59	52	4,241
1	59	60	7,149
1	59	63	1,354
1	59	64	2,797
1	59	65	13,325
1	59	71	7,572
1	59	74	2,23
1	59	77	18,711
1	59	79	1,238
1	59	82	16,631
1	59	88	1,79
1	59	98	10,124
1	59	100	24,147
1	60	5	8,147
1	60	16	8,777
1	60	17	13,108
1	60	21	10,07
1	60	28	5,479
1	60	31	6,654
1	60	37	9,502
1	60	45	5,24
1	60	47	2,611
1	60	52	23,382
1	60	59	3,782
1	60	63	4,541
1	60	64	8,509
1	60	65	7,709
1	60	71	0,796
1	60	74	6,51
1	60	77	11,318
1	60	79	3,216
1	60	82	4,947
1	60	88	2,835
1	60	98	6,591
1	60	100	2,845
1	63	5	5,889
1	63	16	1,127
1	63	17	1,612
1	63	21	21,555
1	63	28	3,48
1	63	31	2,793
1	63	37	1,872
1	63	45	3,926
1	63	47	21,508
1	63	52	4,25
1	63	59	1,774
1	63	60	10,08
1	63	64	4,09
1	63	65	11,955
1	63	71	5,642
1	63	74	4,653
1	63	77	3,583
1	63	79	17,849
1	63	82	1,846
1	63	88	0,858
1	63	98	2,036
1	63	100	13,329
1	64	5	0,542
1	64	16	3,061
1	64	17	1,701
1	64	21	0,902
1	64	28	1,925
1	64	31	12,509
1	64	37	6,983
1	64	45	5,246
1	64	47	20,771
1	64	52	2,078
1	64	59	2,091
1	64	60	4,594
1	64	63	2,205
1	64	65	2,592
1	64	71	4,168
1	64	74	1,254
1	64	77	4,126
1	64	79	3,536
1	64	82	5,569
1	64	88	3,851
1	64	98	12,379
1	64	100	4,214
1	65	5	5,301
1	65	16	5,391
1	65	17	1,002
1	65	21	2,334
1	65	28	4,872
1	65	31	9,864
1	65	37	15,819
1	65	45	0,897
1	65	47	4,166
1	65	52	5,955
1	65	59	11,306
1	65	60	9,079
1	65	63	2,054
1	65	64	5,927
1	65	71	11,61
1	65	74	5,979
1	65	77	1,246
1	65	79	1,736
1	65	82	5,864
1	65	88	1,737
1	65	98	21,559
1	65	100	12,61
1	71	5	20,032
1	71	16	1,21
1	71	17	3,65
1	71	21	2,487
1	71	28	9,862
1	71	31	5,968
1	71	37	15,294
1	71	45	2,375
1	71	47	1,899
1	71	52	1,064
1	71	59	9,069
1	71	60	2,089
1	71	63	3,155
1	71	64	3,152
1	71	65	5,202
1	71	74	0,627
1	71	77	5,422
1	71	79	26,514
1	71	82	3,36
1	71	88	0,548
1	71	98	1,382
1	71	100	0,705
1	74	5	3,675
1	74	16	6,979
1	74	17	4,124
1	74	21	3,354
1	74	28	0,973
1	74	31	2,554
1	74	37	9,41
1	74	45	5,9
1	74	47	0,885
1	74	52	4,505
1	74	59	4,124
1	74	60	4,789
1	74	63	6,872
1	74	64	1,363
1	74	65	11,075
1	74	71	17,442
1	74	77	16,575
1	74	79	3,411
1	74	82	9,962
1	74	88	1,886
1	74	98	5,298
1	74	100	5,159
1	77	5	2,995
1	77	16	3,554
1	77	17	48,506
1	77	21	2,584
1	77	28	0,617
1	77	31	1,317
1	77	37	4,84
1	77	45	2,327
1	77	47	4,315
1	77	52	2,319
1	77	59	11,777
1	77	60	0,861
1	77	63	12,189
1	77	64	1,393
1	77	65	3,01
1	77	71	1,949
1	77	74	3,313
1	77	79	12,122
1	77	82	6,493
1	77	88	5,871
1	77	98	3,202
1	77	100	1,78
1	79	5	4,199
1	79	16	8,799
1	79	17	1,278
1	79	21	3,495
1	79	28	5,906
1	79	31	20,51
1	79	37	16,425
1	79	45	2,257
1	79	47	14,563
1	79	52	1,593
1	79	59	31,485
1	79	60	0,867
1	79	63	5,609
1	79	64	8,404
1	79	65	1,543
1	79	71	28,751
1	79	74	12,736
1	79	77	6,654
1	79	82	4,955
1	79	88	4,449
1	79	98	1,509
1	79	100	21,286
1	82	5	9,292
1	82	16	8,859
1	82	17	8,125
1	82	21	13,292
1	82	28	1,646
1	82	31	7,616
1	82	37	13,127
1	82	45	8,417
1	82	47	0,948
1	82	52	5,719
1	82	59	1,758
1	82	60	3,45
1	82	63	5,816
1	82	64	1,257
1	82	65	1,444
1	82	71	2,086
1	82	74	5,707
1	82	77	0,654
1	82	79	11,245
1	82	88	8,53
1	82	98	6,06
1	82	100	2,26
1	88	5	6,491
1	88	16	0,707
1	88	17	0,836
1	88	21	3,9
1	88	28	11,665
1	88	31	0,506
1	88	37	1,385
1	88	45	8,903
1	88	47	9,9
1	88	52	5,012
1	88	59	4,672
1	88	60	2,579
1	88	63	16,656
1	88	64	7,327
1	88	65	1,589
1	88	71	4,127
1	88	74	1,726
1	88	77	14,778
1	88	79	2,626
1	88	82	0,66
1	88	98	1,564
1	88	100	7,12
1	98	5	12,047
1	98	16	13,082
1	98	17	5,661
1	98	21	3,734
1	98	28	7,552
1	98	31	5
1	98	37	3,469
1	98	45	6,838
1	98	47	2,251
1	98	52	0,783
1	98	59	2,972
1	98	60	1,009
1	98	63	2,466
1	98	64	0,752
1	98	65	8,711
1	98	71	3,013
1	98	74	4,203
1	98	77	1,462
1	98	79	11,492
1	98	82	1,123
1	98	88	15,764
1	98	100	1,938
1	100	5	9,242
1	100	16	3,827
1	100	17	12,337
1	100	21	15,25
1	100	28	22,984
1	100	31	3,206
1	100	37	6,27
1	100	45	2,618
1	100	47	2,696
1	100	52	0,951
1	100	59	2,903
1	100	60	30,938
1	100	63	11,966
1	100	64	4,327
1	100	65	6,226
1	100	71	5,209
1	100	74	10,678
1	100	77	0,728
1	100	79	3,642
1	100	82	3,32
1	100	88	3,891
1	100	98	4,847
2	2	4	1,498
2	2	18	4,953
2	2	29	8,376
2	2	33	3,998
2	2	36	5,083
2	2	40	1,174
2	2	48	3,666
2	2	56	3,81
2	2	74	1,603
2	2	79	9,703
2	2	82	6,114
2	2	90	25,664
2	2	92	0,572
2	2	93	2,224
2	2	94	9,218
2	4	2	13,246
2	4	18	4,341
2	4	29	7,097
2	4	33	17,089
2	4	36	3,914
2	4	40	9,214
2	4	48	1,44
2	4	56	4,273
2	4	74	3,673
2	4	79	2,322
2	4	82	13,647
2	4	90	1,337
2	4	92	6,525
2	4	93	3,197
2	4	94	9,118
2	18	2	1,216
2	18	4	20,931
2	18	29	0,59
2	18	33	1,913
2	18	36	15,403
2	18	40	3,791
2	18	48	1,955
2	18	56	18,62
2	18	74	4,407
2	18	79	4,687
2	18	82	0,527
2	18	90	2,48
2	18	92	1,206
2	18	93	2,223
2	18	94	0,737
2	29	2	1,037
2	29	4	18,3
2	29	18	1,136
2	29	33	13,274
2	29	36	15,324
2	29	40	0,929
2	29	48	17,029
2	29	56	5,224
2	29	74	4,595
2	29	79	13,426
2	29	82	39,248
2	29	90	39,747
2	29	92	2,388
2	29	93	5,206
2	29	94	3,549
2	33	2	3,536
2	33	4	7,278
2	33	18	12,793
2	33	29	4,72
2	33	36	3,696
2	33	40	15,845
2	33	48	1,302
2	33	56	6,038
2	33	74	4,391
2	33	79	1,574
2	33	82	5,554
2	33	90	9,782
2	33	92	1,63
2	33	93	3,372
2	33	94	12,646
2	36	2	2,66
2	36	4	1,576
2	36	18	3,008
2	36	29	0,523
2	36	33	3,777
2	36	40	13,282
2	36	48	1,357
2	36	56	18,93
2	36	74	1,703
2	36	79	3,697
2	36	82	1,596
2	36	90	0,614
2	36	92	2,454
2	36	93	8,702
2	36	94	4,745
2	40	2	6,224
2	40	4	1,744
2	40	18	7,651
2	40	29	7,683
2	40	33	2,967
2	40	36	2,43
2	40	48	4,762
2	40	56	11,08
2	40	74	4,739
2	40	79	1,962
2	40	82	4,982
2	40	90	3,56
2	40	92	1,945
2	40	93	6,496
2	40	94	7,513
2	48	2	8,901
2	48	4	6,737
2	48	18	13,696
2	48	29	1,982
2	48	33	1,211
2	48	36	3,115
2	48	40	14,251
2	48	56	7,157
2	48	74	0,757
2	48	79	13,502
2	48	82	1,75
2	48	90	2,228
2	48	92	5,084
2	48	93	1,929
2	48	94	9,441
2	56	2	5,425
2	56	4	3,491
2	56	18	2,73
2	56	29	6,177
2	56	33	9,058
2	56	36	15,01
2	56	40	11,049
2	56	48	7,612
2	56	74	2,077
2	56	79	1,608
2	56	82	7,315
2	56	90	5,389
2	56	92	3,461
2	56	93	1,811
2	56	94	9,113
2	74	2	28,619
2	74	4	2,778
2	74	18	1,168
2	74	29	6,44
2	74	33	0,509
2	74	36	2,024
2	74	40	5,516
2	74	48	2,055
2	74	56	23,6
2	74	79	8,004
2	74	82	1,936
2	74	90	1,322
2	74	92	2,202
2	74	93	6,688
2	74	94	2,584
2	79	2	5,509
2	79	4	3,559
2	79	18	6,134
2	79	29	0,849
2	79	33	3,438
2	79	36	10,99
2	79	40	0,987
2	79	48	1,1
2	79	56	7,318
2	79	74	2,418
2	79	82	40,313
2	79	90	4,282
2	79	92	1,447
2	79	93	8,965
2	79	94	13,642
2	82	2	3,966
2	82	4	11,245
2	82	18	2,337
2	82	29	3,447
2	82	33	6,163
2	82	36	8,188
2	82	40	2,62
2	82	48	2,045
2	82	56	0,809
2	82	74	2,62
2	82	79	5,596
2	82	90	5,227
2	82	92	3,083
2	82	93	15,575
2	82	94	1,773
2	90	2	1,879
2	90	4	9,606
2	90	18	1,126
2	90	29	2,127
2	90	33	0,594
2	90	36	3,626
2	90	40	7,003
2	90	48	13,31
2	90	56	1,383
2	90	74	3,708
2	90	79	9,361
2	90	82	5,451
2	90	92	1,862
2	90	93	1,748
2	90	94	2,05
2	92	2	16,65
2	92	4	0,536
2	92	18	0,66
2	92	29	4,366
2	92	33	0,714
2	92	36	13,107
2	92	40	10,56
2	92	48	28,9
2	92	56	6,719
2	92	74	10,71
2	92	79	22,003
2	92	82	2,363
2	92	90	0,565
2	92	93	5,114
2	92	94	3,007
2	93	2	11,492
2	93	4	1,752
2	93	18	2,787
2	93	29	4,016
2	93	33	0,568
2	93	36	1,677
2	93	40	2,475
2	93	48	1,363
2	93	56	1,135
2	93	74	4,13
2	93	79	3,805
2	93	82	2,514
2	93	90	1,768
2	93	92	3,189
2	93	94	10,91
2	94	2	0,619
2	94	4	2,929
2	94	18	2,893
2	94	29	3,183
2	94	33	7,588
2	94	36	6,353
2	94	40	4,518
2	94	48	4,092
2	94	56	2,125
2	94	74	0,697
2	94	79	1,578
2	94	82	11,402
2	94	90	4,792
2	94	92	10,448
2	94	93	6,144
3	3	8	2,956
3	3	12	0,571
3	3	20	2,207
3	3	23	0,837
3	3	32	13,767
3	3	46	9,766
3	3	51	10,675
3	3	53	3,881
3	3	55	1,442
3	3	69	1,025
3	3	71	1,043
3	3	77	9,43
3	3	78	4,959
3	3	81	2,748
3	3	85	4,427
3	3	86	17,554
3	3	91	2,762
3	3	95	12,58
3	3	99	10,314
3	3	100	2,101
3	8	3	4,085
3	8	12	1,434
3	8	20	0,675
3	8	23	1,754
3	8	32	10,043
3	8	46	0,513
3	8	51	4,814
3	8	53	13,878
3	8	55	12,644
3	8	69	7,927
3	8	71	6,92
3	8	77	8,478
3	8	78	3,952
3	8	81	9,808
3	8	85	3,162
3	8	86	10,446
3	8	91	4,614
3	8	95	1,637
3	8	99	1,568
3	8	100	23,234
3	12	3	9,379
3	12	8	2,371
3	12	20	1,626
3	12	23	1,787
3	12	32	11,188
3	12	46	1,221
3	12	51	4,465
3	12	53	9,443
3	12	55	2,068
3	12	69	1,493
3	12	71	2,032
3	12	77	1,699
3	12	78	1,034
3	12	81	4,428
3	12	85	9,06
3	12	86	11,421
3	12	91	0,743
3	12	95	4,296
3	12	99	6,81
3	12	100	4,383
3	20	3	10,885
3	20	8	2,136
3	20	12	2,743
3	20	23	3,389
3	20	32	11,68
3	20	46	11,458
3	20	51	26,415
3	20	53	2,114
3	20	55	4,95
3	20	69	4,344
3	20	71	3,199
3	20	77	5,73
3	20	78	0,516
3	20	81	8,601
3	20	85	4,091
3	20	86	11,485
3	20	91	21,502
3	20	95	1,455
3	20	99	11,774
3	20	100	59,574
3	23	3	6,746
3	23	8	0,838
3	23	12	20,096
3	23	20	8,282
3	23	32	21,394
3	23	46	3,048
3	23	51	6,422
3	23	53	1,534
3	23	55	10,295
3	23	69	4,803
3	23	71	2,137
3	23	77	0,873
3	23	78	11,167
3	23	81	8,63
3	23	85	10,344
3	23	86	10,677
3	23	91	20,672
3	23	95	3,699
3	23	99	1,993
3	23	100	0,992
3	32	3	6,703
3	32	8	2,697
3	32	12	4,153
3	32	20	3,79
3	32	23	3,544
3	32	46	0,598
3	32	51	1,169
3	32	53	10,484
3	32	55	14,161
3	32	69	2,114
3	32	71	3,011
3	32	77	2,086
3	32	78	0,523
3	32	81	8,774
3	32	85	20,065
3	32	86	2,273
3	32	91	1,258
3	32	95	2,164
3	32	99	9,428
3	32	100	4,355
3	46	3	2,343
3	46	8	19,44
3	46	12	3,389
3	46	20	9,166
3	46	23	5,716
3	46	32	4,75
3	46	51	2,072
3	46	53	4,411
3	46	55	3,578
3	46	69	6,399
3	46	71	2,966
3	46	77	5,827
3	46	78	2,926
3	46	81	4,27
3	46	85	9,956
3	46	86	8,915
3	46	91	5,217
3	46	95	16,411
3	46	99	3,456
3	46	100	1,175
3	51	3	7,478
3	51	8	5,949
3	51	12	1,771
3	51	20	0,743
3	51	23	1,396
3	51	32	1,342
3	51	46	8,922
3	51	53	2,786
3	51	55	5,288
3	51	69	10,304
3	51	71	7,332
3	51	77	0,985
3	51	78	1,216
3	51	81	5,587
3	51	85	20,423
3	51	86	13,418
3	51	91	7,045
3	51	95	2,413
3	51	99	5,669
3	51	100	3,976
3	53	3	6,874
3	53	8	2,436
3	53	12	1,025
3	53	20	7,616
3	53	23	1,736
3	53	32	5,683
3	53	46	2,209
3	53	51	1,13
3	53	55	9,449
3	53	69	17,65
3	53	71	4,491
3	53	77	2,437
3	53	78	0,971
3	53	81	2,4
3	53	85	1,695
3	53	86	3,907
3	53	91	9,891
3	53	95	0,585
3	53	99	0,595
3	53	100	2,206
3	55	3	2,793
3	55	8	4,29
3	55	12	7,865
3	55	20	0,913
3	55	23	7,931
3	55	32	7,522
3	55	46	5,91
3	55	51	8,112
3	55	53	18,092
3	55	69	8,493
3	55	71	4,19
3	55	77	12,908
3	55	78	3,234
3	55	81	2,842
3	55	85	3,4
3	55	86	2,998
3	55	91	29,024
3	55	95	10,224
3	55	99	11,563
3	55	100	1,082
3	69	3	7,881
3	69	8	1,706
3	69	12	1,327
3	69	20	3,328
3	69	23	10,926
3	69	32	4,569
3	69	46	4,352
3	69	51	11,915
3	69	53	6,463
3	69	55	7,42
3	69	71	3,11
3	69	77	11,539
3	69	78	4,851
3	69	81	2,955
3	69	85	4,386
3	69	86	4,2
3	69	91	3,014
3	69	95	5,21
3	69	99	5,369
3	69	100	1,77
3	71	3	1,533
3	71	8	13,343
3	71	12	1,253
3	71	20	0,66
3	71	23	8,281
3	71	32	2,729
3	71	46	4,336
3	71	51	24,361
3	71	53	1,675
3	71	55	8,357
3	71	69	8,526
3	71	77	26,763
3	71	78	1,648
3	71	81	1,518
3	71	85	3,34
3	71	86	26,651
3	71	91	17,311
3	71	95	23,049
3	71	99	4,161
3	71	100	18,541
3	77	3	1,338
3	77	8	2,298
3	77	12	3,354
3	77	20	1,923
3	77	23	3,522
3	77	32	2,049
3	77	46	11,375
3	77	51	4,659
3	77	53	13,754
3	77	55	4,762
3	77	69	6,444
3	77	71	5,643
3	77	78	2,191
3	77	81	9,039
3	77	85	37,557
3	77	86	12,906
3	77	91	1,603
3	77	95	10,706
3	77	99	1,036
3	77	100	6,902
3	78	3	4,982
3	78	8	6,985
3	78	12	1,395
3	78	20	1,888
3	78	23	14,251
3	78	32	6,052
3	78	46	5,302
3	78	51	0,871
3	78	53	8,631
3	78	55	31,381
3	78	69	0,588
3	78	71	3,439
3	78	77	2,753
3	78	81	2,177
3	78	85	3,475
3	78	86	7,365
3	78	91	1,178
3	78	95	9,646
3	78	99	1,996
3	78	100	1,573
3	81	3	0,724
3	81	8	1,58
3	81	12	10,96
3	81	20	4,387
3	81	23	21,052
3	81	32	6,243
3	81	46	8,114
3	81	51	3,186
3	81	53	2,816
3	81	55	11,954
3	81	69	2,097
3	81	71	2,185
3	81	77	3,997
3	81	78	5,195
3	81	85	10,083
3	81	86	26,476
3	81	91	8,89
3	81	95	1,039
3	81	99	24,371
3	81	100	1,291
3	85	3	6,629
3	85	8	12,101
3	85	12	4,257
3	85	20	3,584
3	85	23	8,276
3	85	32	4,801
3	85	46	4,994
3	85	51	4,187
3	85	53	10,365
3	85	55	2,85
3	85	69	5,826
3	85	71	9,443
3	85	77	5,98
3	85	78	3,133
3	85	81	3,695
3	85	86	3,54
3	85	91	5,274
3	85	95	2,63
3	85	99	5,03
3	85	100	2,172
3	86	3	0,669
3	86	8	7,479
3	86	12	6,265
3	86	20	9,692
3	86	23	8,606
3	86	32	1,187
3	86	46	1,99
3	86	51	4,855
3	86	53	14,135
3	86	55	1,663
3	86	69	1,481
3	86	71	1,298
3	86	77	22,799
3	86	78	20,403
3	86	81	12,74
3	86	85	0,887
3	86	91	1,396
3	86	95	2,716
3	86	99	2,862
3	86	100	1,284
3	91	3	4,309
3	91	8	8,186
3	91	12	2,699
3	91	20	4,459
3	91	23	1,38
3	91	32	7,078
3	91	46	2,082
3	91	51	8,536
3	91	53	11,785
3	91	55	3,737
3	91	69	4,257
3	91	71	7,385
3	91	77	3,271
3	91	78	3,246
3	91	81	3,624
3	91	85	2,046
3	91	86	18,552
3	91	95	7,437
3	91	99	1,706
3	91	100	20,098
3	95	3	2,225
3	95	8	7,496
3	95	12	1,855
3	95	20	1,109
3	95	23	6,975
3	95	32	9,168
3	95	46	16,791
3	95	51	6,972
3	95	53	1,131
3	95	55	5,262
3	95	69	4,099
3	95	71	3,008
3	95	77	4,014
3	95	78	4,765
3	95	81	2,93
3	95	85	13,958
3	95	86	3,956
3	95	91	5,35
3	95	99	1,887
3	95	100	5,962
3	99	3	6,421
3	99	8	1,239
3	99	12	1,328
3	99	20	5,545
3	99	23	2,755
3	99	32	1,993
3	99	46	5,5
3	99	51	5,775
3	99	53	9,304
3	99	55	6,862
3	99	69	0,799
3	99	71	7,995
3	99	77	2,864
3	99	78	3,951
3	99	81	7,383
3	99	85	2,724
3	99	86	2,195
3	99	91	16,754
3	99	95	5,226
3	99	100	0,995
3	100	3	5,207
3	100	8	14,17
3	100	12	1,394
3	100	20	1,013
3	100	23	8,395
3	100	32	5,126
3	100	46	13,32
3	100	51	8,543
3	100	53	5,29
3	100	55	11,303
3	100	69	11,808
3	100	71	21,204
3	100	77	9,992
3	100	78	0,713
3	100	81	3,785
3	100	85	0,502
3	100	86	3,141
3	100	91	4,184
3	100	95	27,312
3	100	99	1,236
4	8	9	74,544
4	8	10	10,76
4	8	14	9,053
4	8	16	6,924
4	8	22	0,584
4	8	28	5,593
4	8	32	2,752
4	8	33	2,472
4	8	35	16,035
4	8	37	3,47
4	8	38	4,821
4	8	44	6,245
4	8	45	0,543
4	8	55	3,009
4	8	56	0,918
4	8	70	9,774
4	8	76	7,721
4	8	80	0,785
4	8	83	1,694
4	8	85	1,928
4	8	87	0,539
4	8	93	10,177
4	8	97	11,291
4	8	99	2,131
4	9	8	1,781
4	9	10	2,118
4	9	14	0,989
4	9	16	1,91
4	9	22	8,171
4	9	28	7,053
4	9	32	1,781
4	9	33	6,1
4	9	35	2,875
4	9	37	0,546
4	9	38	29,463
4	9	44	2,806
4	9	45	6,518
4	9	55	3,902
4	9	56	3,887
4	9	70	4,016
4	9	76	7,387
4	9	80	1,359
4	9	83	2,539
4	9	85	27,644
4	9	87	11,162
4	9	93	8,174
4	9	97	5,361
4	9	99	0,538
4	10	8	7,41
4	10	9	19,139
4	10	14	2,164
4	10	16	2,948
4	10	22	5,552
4	10	28	3,633
4	10	32	1,681
4	10	33	2,2
4	10	35	0,723
4	10	37	1,102
4	10	38	1,48
4	10	44	1,226
4	10	45	4,902
4	10	55	3,671
4	10	56	1,032
4	10	70	0,887
4	10	76	1,643
4	10	80	4,391
4	10	83	3,216
4	10	85	3,96
4	10	87	6,589
4	10	93	4,798
4	10	97	2,182
4	10	99	12,228
4	14	8	0,774
4	14	9	6,333
4	14	10	2,571
4	14	16	4,598
4	14	22	1,964
4	14	28	8,795
4	14	32	4,902
4	14	33	2,308
4	14	35	4,77
4	14	37	7,282
4	14	38	4,522
4	14	44	0,528
4	14	45	4,138
4	14	55	4,691
4	14	56	20,832
4	14	70	3,118
4	14	76	1,016
4	14	80	5,823
4	14	83	0,584
4	14	85	15,506
4	14	87	2,029
4	14	93	12,075
4	14	97	3,3
4	14	99	1,472
4	16	8	4,135
4	16	9	1,491
4	16	10	3,251
4	16	14	2,385
4	16	22	2,697
4	16	28	1,346
4	16	32	2,316
4	16	33	2,042
4	16	35	15,661
4	16	37	1,844
4	16	38	0,98
4	16	44	16,092
4	16	45	2,376
4	16	55	1,556
4	16	56	2,59
4	16	70	4,058
4	16	76	1,878
4	16	80	15,832
4	16	83	2,058
4	16	85	0,82
4	16	87	2,692
4	16	93	3,505
4	16	97	2,372
4	16	99	0,998
4	22	8	0,773
4	22	9	1,58
4	22	10	17,319
4	22	14	12,97
4	22	16	7,082
4	22	28	8,993
4	22	32	2,065
4	22	33	4,978
4	22	35	2,349
4	22	37	7,334
4	22	38	1,749
4	22	44	5,146
4	22	45	2,031
4	22	55	5,433
4	22	56	1,093
4	22	70	10,052
4	22	76	1,909
4	22	80	1,477
4	22	83	7,913
4	22	85	3,277
4	22	87	7,305
4	22	93	6,704
4	22	97	4,937
4	22	99	3,36
4	28	8	1,597
4	28	9	21,219
4	28	10	2,332
4	28	14	15,814
4	28	16	4,01
4	28	22	11,686
4	28	32	6,599
4	28	33	11,779
4	28	35	2,178
4	28	37	11,582
4	28	38	15,376
4	28	44	7,347
4	28	45	3,446
4	28	55	0,595
4	28	56	1,914
4	28	70	0,74
4	28	76	1,386
4	28	80	1,442
4	28	83	7,591
4	28	85	0,6
4	28	87	1,303
4	28	93	10,261
4	28	97	4,732
4	28	99	2,583
4	32	8	1,13
4	32	9	15,479
4	32	10	1,292
4	32	14	2,794
4	32	16	2,415
4	32	22	0,828
4	32	28	2,893
4	32	33	16,272
4	32	35	4,856
4	32	37	1,813
4	32	38	2,962
4	32	44	2,467
4	32	45	3,708
4	32	55	0,811
4	32	56	3,889
4	32	70	3,053
4	32	76	3,278
4	32	80	1,274
4	32	83	4,041
4	32	85	1,223
4	32	87	30,499
4	32	93	10,208
4	32	97	2,173
4	32	99	4,323
4	33	8	1,023
4	33	9	5,528
4	33	10	10,307
4	33	14	10,133
4	33	16	2,789
4	33	22	6,335
4	33	28	1,391
4	33	32	3,817
4	33	35	6,874
4	33	37	1,494
4	33	38	4,721
4	33	44	5,785
4	33	45	3,832
4	33	55	2,772
4	33	56	17,491
4	33	70	6,845
4	33	76	4,188
4	33	80	9,983
4	33	83	23,407
4	33	85	5,286
4	33	87	0,718
4	33	93	1,956
4	33	97	2,516
4	33	99	9,547
4	35	8	9,708
4	35	9	30,311
4	35	10	2,269
4	35	14	18,069
4	35	16	1,145
4	35	22	4,285
4	35	28	6,397
4	35	32	3,644
4	35	33	2,405
4	35	37	6,628
4	35	38	6,376
4	35	44	8,969
4	35	45	1,034
4	35	55	3,982
4	35	56	1,067
4	35	70	2,243
4	35	76	4,174
4	35	80	2,616
4	35	83	6,566
4	35	85	7,651
4	35	87	6,387
4	35	93	5,955
4	35	97	16,776
4	35	99	8,748
4	37	8	2,654
4	37	9	1,739
4	37	10	2,548
4	37	14	13,914
4	37	16	2,456
4	37	22	4,317
4	37	28	4,569
4	37	32	6,488
4	37	33	7,992
4	37	35	0,77
4	37	38	2,973
4	37	44	0,728
4	37	45	18,001
4	37	55	16,214
4	37	56	1,039
4	37	70	2,636
4	37	76	0,509
4	37	80	3,671
4	37	83	14,609
4	37	85	1,448
4	37	87	15,82
4	37	93	5,025
4	37	97	5,322
4	37	99	25,963
4	38	8	3,223
4	38	9	1,931
4	38	10	33,535
4	38	14	29,827
4	38	16	4,267
4	38	22	7,848
4	38	28	2,425
4	38	32	26,716
4	38	33	3,356
4	38	35	4,519
4	38	37	8,021
4	38	44	1,104
4	38	45	12,073
4	38	55	16,885
4	38	56	0,602
4	38	70	6,257
4	38	76	1,606
4	38	80	1,74
4	38	83	5,213
4	38	85	0,861
4	38	87	1,262
4	38	93	0,878
4	38	97	14,158
4	38	99	22,957
4	44	8	2,19
4	44	9	4,522
4	44	10	6,942
4	44	14	8,431
4	44	16	4,397
4	44	22	0,782
4	44	28	33,134
4	44	32	8,086
4	44	33	2,813
4	44	35	22,473
4	44	37	0,959
4	44	38	16,959
4	44	45	3,08
4	44	55	2,187
4	44	56	0,612
4	44	70	1,827
4	44	76	10,458
4	44	80	11,717
4	44	83	5,635
4	44	85	0,846
4	44	87	7,257
4	44	93	25,683
4	44	97	2,981
4	44	99	1,03
4	45	8	20,389
4	45	9	5,137
4	45	10	0,751
4	45	14	4,846
4	45	16	1,242
4	45	22	8,688
4	45	28	2,469
4	45	32	2,29
4	45	33	14,739
4	45	35	3,203
4	45	37	0,606
4	45	38	9,217
4	45	44	15,978
4	45	55	1,448
4	45	56	4,56
4	45	70	5,967
4	45	76	2,725
4	45	80	0,994
4	45	83	6,079
4	45	85	9,865
4	45	87	8,695
4	45	93	11,014
4	45	97	8,425
4	45	99	2,479
4	55	8	5,939
4	55	9	4,905
4	55	10	3,96
4	55	14	2,014
4	55	16	15,688
4	55	22	40,638
4	55	28	19,198
4	55	32	2,068
4	55	33	15,014
4	55	35	15,329
4	55	37	5,864
4	55	38	7,012
4	55	44	3,367
4	55	45	17,245
4	55	56	18,466
4	55	70	1,031
4	55	76	0,747
4	55	80	5,054
4	55	83	17,214
4	55	85	0,782
4	55	87	8,698
4	55	93	3,434
4	55	97	2,515
4	55	99	8,755
4	56	8	10,663
4	56	9	1,475
4	56	10	15,091
4	56	14	3,052
4	56	16	28,142
4	56	22	8,513
4	56	28	4,051
4	56	32	1,981
4	56	33	6,055
4	56	35	6,391
4	56	37	10,054
4	56	38	7,82
4	56	44	1,604
4	56	45	4,855
4	56	55	4,767
4	56	70	2,302
4	56	76	16,604
4	56	80	1,202
4	56	83	4,773
4	56	85	1,656
4	56	87	9,843
4	56	93	12,968
4	56	97	7,612
4	56	99	3,825
4	70	8	6,701
4	70	9	2,259
4	70	10	3,845
4	70	14	5,483
4	70	16	3,856
4	70	22	2,604
4	70	28	3,892
4	70	32	1,247
4	70	33	6,746
4	70	35	12,2
4	70	37	1,539
4	70	38	6,823
4	70	44	7,356
4	70	45	25,796
4	70	55	4,605
4	70	56	8,034
4	70	76	4,615
4	70	80	0,735
4	70	83	4,294
4	70	85	11,702
4	70	87	19,121
4	70	93	2,461
4	70	97	2,15
4	70	99	5,335
4	76	8	8,764
4	76	9	2,504
4	76	10	3,384
4	76	14	2,276
4	76	16	4,723
4	76	22	7,731
4	76	28	0,55
4	76	32	14,627
4	76	33	36,941
4	76	35	3,31
4	76	37	5,965
4	76	38	7,538
4	76	44	5,613
4	76	45	37,653
4	76	55	1,523
4	76	56	9,228
4	76	70	0,648
4	76	80	1,382
4	76	83	3,609
4	76	85	4,405
4	76	87	10,095
4	76	93	9,841
4	76	97	1,363
4	76	99	17,064
4	80	8	9,88
4	80	9	10,617
4	80	10	12,486
4	80	14	4,438
4	80	16	21,264
4	80	22	6,71
4	80	28	4,577
4	80	32	0,567
4	80	33	3,878
4	80	35	10,662
4	80	37	4,619
4	80	38	2,275
4	80	44	14,423
4	80	45	5,189
4	80	55	0,511
4	80	56	6,455
4	80	70	34,486
4	80	76	6,94
4	80	83	0,708
4	80	85	5,179
4	80	87	2,704
4	80	93	14,408
4	80	97	9,896
4	80	99	4,187
4	83	8	11,548
4	83	9	9,944
4	83	10	1,539
4	83	14	8,336
4	83	16	2,503
4	83	22	21,866
4	83	28	6,186
4	83	32	21,185
4	83	33	12,121
4	83	35	4,317
4	83	37	1,209
4	83	38	6,19
4	83	44	7,703
4	83	45	11,007
4	83	55	1,347
4	83	56	7,968
4	83	70	14,961
4	83	76	16,347
4	83	80	6,373
4	83	85	3,515
4	83	87	27,741
4	83	93	2,225
4	83	97	20,663
4	83	99	1,604
4	85	8	1,924
4	85	9	0,874
4	85	10	4,523
4	85	14	13,177
4	85	16	4,175
4	85	22	1,358
4	85	28	17,503
4	85	32	5,745
4	85	33	5,131
4	85	35	5,149
4	85	37	10,697
4	85	38	12,471
4	85	44	6,278
4	85	45	10,438
4	85	55	1,396
4	85	56	5,423
4	85	70	10,34
4	85	76	1,062
4	85	80	2,328
4	85	83	2,956
4	85	87	7,155
4	85	93	3,21
4	85	97	6,228
4	85	99	2,379
4	87	8	2,552
4	87	9	1,564
4	87	10	4,692
4	87	14	8,953
4	87	16	4,584
4	87	22	1,015
4	87	28	13,096
4	87	32	2,125
4	87	33	6,836
4	87	35	2,965
4	87	37	2,504
4	87	38	6,717
4	87	44	7,729
4	87	45	3,091
4	87	55	7,113
4	87	56	3,588
4	87	70	26,414
4	87	76	13,627
4	87	80	7,572
4	87	83	0,989
4	87	85	4,022
4	87	93	1,963
4	87	97	14,718
4	87	99	2,732
4	93	8	2,014
4	93	9	7,676
4	93	10	13,426
4	93	14	2,127
4	93	16	6,48
4	93	22	1,413
4	93	28	8,219
4	93	32	3,943
4	93	33	5,159
4	93	35	2,17
4	93	37	9,642
4	93	38	13,698
4	93	44	3,691
4	93	45	1,827
4	93	55	5,758
4	93	56	6,762
4	93	70	0,579
4	93	76	0,888
4	93	80	8,779
4	93	83	4,476
4	93	85	28,853
4	93	87	1,57
4	93	97	4,986
4	93	99	20,702
4	97	8	4,11
4	97	9	7,835
4	97	10	11,91
4	97	14	1,846
4	97	16	15,299
4	97	22	6,726
4	97	28	3,122
4	97	32	12,263
4	97	33	18,409
4	97	35	1,453
4	97	37	3,106
4	97	38	2,309
4	97	44	1,59
4	97	45	6,388
4	97	55	2,006
4	97	56	3,357
4	97	70	7,656
4	97	76	13,43
4	97	80	6,515
4	97	83	8,399
4	97	85	1,326
4	97	87	28,363
4	97	93	6,519
4	97	99	38,453
4	99	8	5,022
4	99	9	1,428
4	99	10	8,399
4	99	14	6,275
4	99	16	15,13
4	99	22	0,604
4	99	28	0,819
4	99	32	5,27
4	99	33	2,799
4	99	35	4,296
4	99	37	0,587
4	99	38	5,94
4	99	44	10,341
4	99	45	1,899
4	99	55	5,498
4	99	56	5,464
4	99	70	14,341
4	99	76	10,529
4	99	80	6,031
4	99	83	9,475
4	99	85	5,014
4	99	87	4,43
4	99	93	3,73
4	99	97	2,048
5	4	10	6,888
5	4	11	6,637
5	4	19	10,039
5	4	24	0,88
5	4	25	2,308
5	4	26	1,577
5	4	38	2,865
5	4	41	2,554
5	4	43	13,859
5	4	48	0,86
5	4	49	0,657
5	4	52	4,289
5	4	56	2,83
5	4	60	6,07
5	4	71	17,622
5	4	72	0,662
5	4	73	5,696
5	4	77	3,816
5	4	78	5,855
5	4	79	0,938
5	4	82	4,246
5	4	84	0,794
5	4	91	1,901
5	4	99	9,242
5	10	4	6,569
5	10	11	2,336
5	10	19	7,756
5	10	24	2,172
5	10	25	2,94
5	10	26	1,502
5	10	38	1,562
5	10	41	1,556
5	10	43	6,487
5	10	48	2,32
5	10	49	0,816
5	10	52	0,579
5	10	56	0,812
5	10	60	0,513
5	10	71	1,576
5	10	72	7,429
5	10	73	5,461
5	10	77	3,132
5	10	78	1,395
5	10	79	2,503
5	10	82	6,709
5	10	84	3,012
5	10	91	14,415
5	10	99	15,106
5	11	4	4,622
5	11	10	2,338
5	11	19	5,746
5	11	24	30,733
5	11	25	12,496
5	11	26	2,059
5	11	38	8,54
5	11	41	2,1
5	11	43	0,637
5	11	48	11,745
5	11	49	6,318
5	11	52	7,107
5	11	56	11,561
5	11	60	8,594
5	11	71	1,788
5	11	72	16,476
5	11	73	0,893
5	11	77	9,9
5	11	78	2,163
5	11	79	11,666
5	11	82	5,592
5	11	84	1,629
5	11	91	3,984
5	11	99	1,051
5	19	4	8,669
5	19	10	12,299
5	19	11	9,71
5	19	24	10,681
5	19	25	4,616
5	19	26	1,913
5	19	38	5,682
5	19	41	12,31
5	19	43	4,871
5	19	48	6,755
5	19	49	1,321
5	19	52	4,826
5	19	56	12,759
5	19	60	52,395
5	19	71	17,62
5	19	72	3,91
5	19	73	2,732
5	19	77	2,323
5	19	78	2,18
5	19	79	5,957
5	19	82	7,664
5	19	84	3,729
5	19	91	3,248
5	19	99	6,044
5	24	4	3,76
5	24	10	1,311
5	24	11	14,667
5	24	19	5,352
5	24	25	0,613
5	24	26	2,515
5	24	38	2,525
5	24	41	3,952
5	24	43	14,175
5	24	48	11,136
5	24	49	6,527
5	24	52	3,965
5	24	56	1,796
5	24	60	4,333
5	24	71	11,45
5	24	72	0,511
5	24	73	33,887
5	24	77	13,705
5	24	78	12,263
5	24	79	3,044
5	24	82	3,768
5	24	84	6,087
5	24	91	3,581
5	24	99	3,757
5	25	4	17,388
5	25	10	0,583
5	25	11	11,419
5	25	19	56,654
5	25	24	30,742
5	25	26	3,458
5	25	38	3,121
5	25	41	6,059
5	25	43	3,886
5	25	48	1,597
5	25	49	5,641
5	25	52	6,672
5	25	56	5,381
5	25	60	1,208
5	25	71	5,337
5	25	72	3,032
5	25	73	3,882
5	25	77	10,321
5	25	78	5,881
5	25	79	2,868
5	25	82	2,791
5	25	84	4,243
5	25	91	3,393
5	25	99	0,897
5	26	4	1,621
5	26	10	2,796
5	26	11	2,122
5	26	19	6,025
5	26	24	2,101
5	26	25	12,097
5	26	38	17,057
5	26	41	6,573
5	26	43	22,683
5	26	48	4,716
5	26	49	0,633
5	26	52	9,076
5	26	56	8,83
5	26	60	6
5	26	71	4,253
5	26	72	6,472
5	26	73	2,483
5	26	77	6,42
5	26	78	2,56
5	26	79	4,425
5	26	82	6,389
5	26	84	6,647
5	26	91	7,494
5	26	99	0,543
5	38	4	32,758
5	38	10	5,011
5	38	11	11,716
5	38	19	5,443
5	38	24	3,977
5	38	25	4,947
5	38	26	12,019
5	38	41	3,788
5	38	43	2,414
5	38	48	1,393
5	38	49	4,441
5	38	52	0,54
5	38	56	1,305
5	38	60	3,886
5	38	71	0,745
5	38	72	1,636
5	38	73	1,976
5	38	77	22,281
5	38	78	5,429
5	38	79	2,874
5	38	82	16,651
5	38	84	12,776
5	38	91	4,407
5	38	99	1,219
5	41	4	3,437
5	41	10	2,984
5	41	11	8,202
5	41	19	6,864
5	41	24	1,437
5	41	25	5,964
5	41	26	4,361
5	41	38	3,634
5	41	43	2,091
5	41	48	9,062
5	41	49	7,543
5	41	52	4,663
5	41	56	2,422
5	41	60	4,228
5	41	71	3,773
5	41	72	3,286
5	41	73	3,529
5	41	77	8,288
5	41	78	8,237
5	41	79	1,258
5	41	82	8,885
5	41	84	1,458
5	41	91	2,181
5	41	99	11,389
5	43	4	8,075
5	43	10	5,825
5	43	11	7,909
5	43	19	2,168
5	43	24	0,602
5	43	25	8,564
5	43	26	1,058
5	43	38	1,832
5	43	41	2,035
5	43	48	12,808
5	43	49	7,124
5	43	52	5,977
5	43	56	4,903
5	43	60	6,422
5	43	71	21,737
5	43	72	1,303
5	43	73	23,869
5	43	77	5,757
5	43	78	4,619
5	43	79	15,997
5	43	82	1,823
5	43	84	4,08
5	43	91	3,157
5	43	99	4,922
5	48	4	0,91
5	48	10	7,15
5	48	11	1,612
5	48	19	10,144
5	48	24	13,594
5	48	25	2,264
5	48	26	0,836
5	48	38	2,658
5	48	41	10,566
5	48	43	20,901
5	48	49	7,884
5	48	52	4,297
5	48	56	0,834
5	48	60	9,896
5	48	71	3,882
5	48	72	8,037
5	48	73	5,248
5	48	77	2,752
5	48	78	14,682
5	48	79	0,791
5	48	82	1,625
5	48	84	0,814
5	48	91	2,378
5	48	99	6,466
5	49	4	1,195
5	49	10	21,793
5	49	11	2,032
5	49	19	7,517
5	49	24	6,315
5	49	25	1,89
5	49	26	0,622
5	49	38	2,703
5	49	41	8,881
5	49	43	0,658
5	49	48	4,462
5	49	52	4,647
5	49	56	3,861
5	49	60	15,62
5	49	71	1,834
5	49	72	3,112
5	49	73	4,371
5	49	77	1,145
5	49	78	13,358
5	49	79	1,027
5	49	82	4,445
5	49	84	1,536
5	49	91	5,964
5	49	99	1,213
5	52	4	4,1
5	52	10	2,151
5	52	11	2,313
5	52	19	12,022
5	52	24	4,591
5	52	25	3,442
5	52	26	4,713
5	52	38	5,285
5	52	41	6,137
5	52	43	4,643
5	52	48	3,838
5	52	49	1,442
5	52	56	11,475
5	52	60	2,692
5	52	71	2,689
5	52	72	2,806
5	52	73	7,033
5	52	77	3,571
5	52	78	1,725
5	52	79	3,888
5	52	82	5,311
5	52	84	13,764
5	52	91	3,673
5	52	99	5,551
5	56	4	23,071
5	56	10	2,076
5	56	11	4,268
5	56	19	1,454
5	56	24	11,97
5	56	25	4,497
5	56	26	4,053
5	56	38	2,278
5	56	41	6,367
5	56	43	8,639
5	56	48	2,993
5	56	49	23,876
5	56	52	0,615
5	56	60	0,564
5	56	71	0,699
5	56	72	3,974
5	56	73	2,48
5	56	77	0,506
5	56	78	3,158
5	56	79	18,39
5	56	82	1,242
5	56	84	2,848
5	56	91	4,43
5	56	99	1,827
5	60	4	1,83
5	60	10	1,979
5	60	11	14,571
5	60	19	2,793
5	60	24	0,667
5	60	25	1,17
5	60	26	4,599
5	60	38	4,548
5	60	41	13,75
5	60	43	0,924
5	60	48	13,631
5	60	49	4,277
5	60	52	0,717
5	60	56	1,112
5	60	71	0,606
5	60	72	1,057
5	60	73	5,814
5	60	77	8,141
5	60	78	0,681
5	60	79	2,327
5	60	82	2,234
5	60	84	2,426
5	60	91	0,989
5	60	99	6,004
5	71	4	2,875
5	71	10	21,784
5	71	11	0,5
5	71	19	10,134
5	71	24	4,426
5	71	25	3,464
5	71	26	2,026
5	71	38	5,284
5	71	41	4,878
5	71	43	0,777
5	71	48	4,021
5	71	49	4,876
5	71	52	0,719
5	71	56	5,347
5	71	60	6,418
5	71	72	2,855
5	71	73	28,596
5	71	77	1,302
5	71	78	1,43
5	71	79	18,937
5	71	82	4,481
5	71	84	4,594
5	71	91	5,49
5	71	99	7,435
5	72	4	10,936
5	72	10	1,663
5	72	11	1,875
5	72	19	3,761
5	72	24	1,879
5	72	25	1,308
5	72	26	9,384
5	72	38	5,933
5	72	41	3,759
5	72	43	2,497
5	72	48	7,588
5	72	49	8,479
5	72	52	1,895
5	72	56	7,153
5	72	60	22,342
5	72	71	2,322
5	72	73	3,499
5	72	77	6,444
5	72	78	5,06
5	72	79	4,768
5	72	82	8,221
5	72	84	0,612
5	72	91	9,231
5	72	99	3,949
5	73	4	11,614
5	73	10	9,45
5	73	11	7,089
5	73	19	7,65
5	73	24	6,277
5	73	25	7,068
5	73	26	8,053
5	73	38	14,82
5	73	41	9,83
5	73	43	3,794
5	73	48	6,878
5	73	49	1,655
5	73	52	1,172
5	73	56	2,594
5	73	60	2,485
5	73	71	11,809
5	73	72	2,714
5	73	77	1,442
5	73	78	4,648
5	73	79	2,913
5	73	82	3,698
5	73	84	5,893
5	73	91	8,56
5	73	99	10,97
5	77	4	3,005
5	77	10	2,259
5	77	11	5,916
5	77	19	4,459
5	77	24	5,266
5	77	25	10,473
5	77	26	2,607
5	77	38	1,646
5	77	41	7,741
5	77	43	0,993
5	77	48	2,264
5	77	49	3,164
5	77	52	8,17
5	77	56	1,589
5	77	60	8,337
5	77	71	2,103
5	77	72	15,983
5	77	73	0,88
5	77	78	3,238
5	77	79	4,796
5	77	82	34,328
5	77	84	5,935
5	77	91	4,747
5	77	99	3,841
5	78	4	21,053
5	78	10	2,223
5	78	11	0,629
5	78	19	0,599
5	78	24	7,777
5	78	25	19,006
5	78	26	6,516
5	78	38	8,263
5	78	41	4,522
5	78	43	0,614
5	78	48	1,737
5	78	49	5,237
5	78	52	31,521
5	78	56	1,961
5	78	60	0,987
5	78	71	15,36
5	78	72	1,809
5	78	73	5,153
5	78	77	17,034
5	78	79	27,881
5	78	82	0,525
5	78	84	4,113
5	78	91	1,852
5	78	99	11,398
5	79	4	17,94
5	79	10	1,943
5	79	11	3,271
5	79	19	21,606
5	79	24	0,925
5	79	25	1,959
5	79	26	2,944
5	79	38	5,25
5	79	41	16,456
5	79	43	8,003
5	79	48	3,482
5	79	49	3,712
5	79	52	10,944
5	79	56	2,384
5	79	60	4,444
5	79	71	2,643
5	79	72	8,555
5	79	73	6,685
5	79	77	3,271
5	79	78	16,035
5	79	82	0,808
5	79	84	0,59
5	79	91	9,73
5	79	99	20,447
5	82	4	11,134
5	82	10	6,241
5	82	11	12,443
5	82	19	5,381
5	82	24	10,055
5	82	25	14,292
5	82	26	12,379
5	82	38	3,836
5	82	41	3,256
5	82	43	6,945
5	82	48	8,544
5	82	49	7,096
5	82	52	7,573
5	82	56	5,358
5	82	60	6,088
5	82	71	7,175
5	82	72	8,488
5	82	73	22,412
5	82	77	3,025
5	82	78	4,695
5	82	79	6,449
5	82	84	0,691
5	82	91	2,347
5	82	99	1,678
5	84	4	1,334
5	84	10	10,173
5	84	11	12,849
5	84	19	11,209
5	84	24	7,557
5	84	25	13,58
5	84	26	5,947
5	84	38	6,602
5	84	41	0,828
5	84	43	18,907
5	84	48	1,679
5	84	49	7,254
5	84	52	2,521
5	84	56	4,058
5	84	60	7,33
5	84	71	3,75
5	84	72	4,011
5	84	73	6,877
5	84	77	3,586
5	84	78	3,356
5	84	79	12,83
5	84	82	3,331
5	84	91	11,73
5	84	99	17,054
5	91	4	7,666
5	91	10	5,446
5	91	11	2,266
5	91	19	7,292
5	91	24	2,089
5	91	25	6,235
5	91	26	2,839
5	91	38	3,299
5	91	41	3,823
5	91	43	7,82
5	91	48	0,987
5	91	49	1,267
5	91	52	1,757
5	91	56	2,303
5	91	60	17,885
5	91	71	10,467
5	91	72	1,695
5	91	73	6,648
5	91	77	3,791
5	91	78	1,74
5	91	79	33,941
5	91	82	3,51
5	91	84	1,066
5	91	99	5,238
5	99	4	3,913
5	99	10	0,581
5	99	11	5,869
5	99	19	9,941
5	99	24	2,719
5	99	25	3,926
5	99	26	8,7
5	99	38	12,625
5	99	41	2,643
5	99	43	4,835
5	99	48	9,782
5	99	49	1,825
5	99	52	1,636
5	99	56	18,765
5	99	60	5,031
5	99	71	1,827
5	99	72	3,763
5	99	73	12,785
5	99	77	1,761
5	99	78	2,909
5	99	79	9,515
5	99	82	14,069
5	99	84	2,504
5	99	91	6,812
6	5	6	0,525
6	5	13	21,615
6	5	15	1,197
6	5	19	5,878
6	5	22	4,506
6	5	30	2,11
6	5	37	0,78
6	5	40	1,535
6	5	48	0,761
6	5	52	10,23
6	5	55	4,246
6	5	57	10,641
6	5	58	2,473
6	5	59	25,36
6	5	64	2,278
6	5	65	3,014
6	5	67	5,93
6	5	78	1,771
6	5	80	13,644
6	5	87	3,487
6	5	91	2,085
6	5	98	7,086
6	5	99	1,105
6	6	5	1,39
6	6	13	8,571
6	6	15	1,277
6	6	19	1,299
6	6	22	1,265
6	6	30	5,22
6	6	37	1,245
6	6	40	11,182
6	6	48	0,546
6	6	52	22,391
6	6	55	7,452
6	6	57	3,044
6	6	58	5,693
6	6	59	4,312
6	6	64	6,104
6	6	65	26,766
6	6	67	11,963
6	6	78	1,584
6	6	80	1,141
6	6	87	14,542
6	6	91	1,081
6	6	98	1,577
6	6	99	5,528
6	13	5	6,459
6	13	6	10,014
6	13	15	5,222
6	13	19	15,382
6	13	22	2,665
6	13	30	10,921
6	13	37	9,845
6	13	40	13,97
6	13	48	1,397
6	13	52	2,927
6	13	55	1,345
6	13	57	5,658
6	13	58	6,195
6	13	59	5,358
6	13	64	15,541
6	13	65	4,967
6	13	67	3,456
6	13	78	5,829
6	13	80	2,995
6	13	87	2,762
6	13	91	0,692
6	13	98	18,623
6	13	99	18,902
6	15	5	0,948
6	15	6	1,001
6	15	13	6,959
6	15	19	4,452
6	15	22	8,221
6	15	30	0,679
6	15	37	12,719
6	15	40	5,997
6	15	48	1,555
6	15	52	12,567
6	15	55	2,616
6	15	57	2,096
6	15	58	5,621
6	15	59	13,306
6	15	64	5,474
6	15	65	15,86
6	15	67	1,167
6	15	78	0,765
6	15	80	14,168
6	15	87	1,63
6	15	91	34,388
6	15	98	27,271
6	15	99	10,99
6	19	5	2,095
6	19	6	1,362
6	19	13	5,376
6	19	15	14,533
6	19	22	0,761
6	19	30	9,081
6	19	37	4,754
6	19	40	0,954
6	19	48	3,085
6	19	52	13,173
6	19	55	5,978
6	19	57	3,218
6	19	58	0,677
6	19	59	2,188
6	19	64	2,713
6	19	65	1,051
6	19	67	1,672
6	19	78	9,091
6	19	80	3,653
6	19	87	9,983
6	19	91	18,085
6	19	98	1,808
6	19	99	9,312
6	22	5	1,98
6	22	6	4,427
6	22	13	0,895
6	22	15	18,66
6	22	19	0,524
6	22	30	4,399
6	22	37	0,92
6	22	40	1,788
6	22	48	2,289
6	22	52	14,87
6	22	55	12,593
6	22	57	13,209
6	22	58	4,165
6	22	59	4,96
6	22	64	2,105
6	22	65	3,17
6	22	67	2,358
6	22	78	1,439
6	22	80	8,912
6	22	87	9,982
6	22	91	4,256
6	22	98	23,183
6	22	99	4,026
6	30	5	3,327
6	30	6	1,831
6	30	13	1,813
6	30	15	1,321
6	30	19	22,332
6	30	22	6,635
6	30	37	5,349
6	30	40	0,908
6	30	48	3,066
6	30	52	2,154
6	30	55	9,481
6	30	57	0,601
6	30	58	12,18
6	30	59	3,031
6	30	64	11,424
6	30	65	5,566
6	30	67	6,063
6	30	78	4,245
6	30	80	1,86
6	30	87	15,036
6	30	91	1,718
6	30	98	1,961
6	30	99	0,868
6	37	5	7,117
6	37	6	3,269
6	37	13	1,602
6	37	15	12,058
6	37	19	5,26
6	37	22	5,666
6	37	30	3,839
6	37	40	6,779
6	37	48	5,684
6	37	52	0,95
6	37	55	9,269
6	37	57	6,981
6	37	58	2,23
6	37	59	25,351
6	37	64	20,873
6	37	65	6,18
6	37	67	3,45
6	37	78	2,636
6	37	80	0,677
6	37	87	1,166
6	37	91	14,767
6	37	98	4,95
6	37	99	2,648
6	40	5	4,187
6	40	6	6,88
6	40	13	1,992
6	40	15	3,311
6	40	19	5,34
6	40	22	19,306
6	40	30	7,803
6	40	37	1,128
6	40	48	2,89
6	40	52	14,279
6	40	55	2,57
6	40	57	13,166
6	40	58	6,938
6	40	59	4,838
6	40	64	0,51
6	40	65	14,871
6	40	67	10,46
6	40	78	18,845
6	40	80	2,001
6	40	87	7,301
6	40	91	1,254
6	40	98	16,098
6	40	99	9,816
6	48	5	1,21
6	48	6	3,266
6	48	13	21,248
6	48	15	0,868
6	48	19	1,499
6	48	22	10,806
6	48	30	10,368
6	48	37	0,69
6	48	40	1,437
6	48	52	2,659
6	48	55	3,661
6	48	57	10,255
6	48	58	7,207
6	48	59	18,051
6	48	64	17,825
6	48	65	0,705
6	48	67	1,235
6	48	78	6,145
6	48	80	1,521
6	48	87	4,376
6	48	91	6,448
6	48	98	5,858
6	48	99	3,746
6	52	5	6,451
6	52	6	0,619
6	52	13	1,021
6	52	15	8,871
6	52	19	2,748
6	52	22	4,976
6	52	30	2,223
6	52	37	26,612
6	52	40	2,617
6	52	48	4,245
6	52	55	5,942
6	52	57	11,849
6	52	58	6,543
6	52	59	5,805
6	52	64	5,303
6	52	65	2,581
6	52	67	3,208
6	52	78	1,971
6	52	80	10,444
6	52	87	23,824
6	52	91	0,603
6	52	98	5,072
6	52	99	6,024
6	55	5	8,8
6	55	6	0,546
6	55	13	1,919
6	55	15	16,155
6	55	19	12,961
6	55	22	2,94
6	55	30	6,325
6	55	37	1,63
6	55	40	33,901
6	55	48	12,819
6	55	52	1,477
6	55	57	10,909
6	55	58	3,413
6	55	59	1,284
6	55	64	0,621
6	55	65	2,859
6	55	67	1,904
6	55	78	2,953
6	55	80	2,691
6	55	87	6,423
6	55	91	4,073
6	55	98	2,624
6	55	99	2,95
6	57	5	34,033
6	57	6	0,744
6	57	13	5,206
6	57	15	5,233
6	57	19	3,752
6	57	22	5,755
6	57	30	0,546
6	57	37	3,024
6	57	40	3,125
6	57	48	3,152
6	57	52	17,802
6	57	55	5,696
6	57	58	1,001
6	57	59	10,159
6	57	64	6,93
6	57	65	8,517
6	57	67	13,962
6	57	78	7,329
6	57	80	1,781
6	57	87	4,201
6	57	91	11,184
6	57	98	5,544
6	57	99	5,151
6	58	5	1,345
6	58	6	3,67
6	58	13	5,684
6	58	15	1,153
6	58	19	7,654
6	58	22	3,26
6	58	30	4,394
6	58	37	2,393
6	58	40	9,66
6	58	48	17,757
6	58	52	12,501
6	58	55	11,587
6	58	57	3,768
6	58	59	2,621
6	58	64	1,174
6	58	65	0,541
6	58	67	3,767
6	58	78	7,132
6	58	80	5,933
6	58	87	5,293
6	58	91	1,773
6	58	98	0,772
6	58	99	8,184
6	59	5	16,208
6	59	6	20,284
6	59	13	23,336
6	59	15	8,294
6	59	19	7,636
6	59	22	2,132
6	59	30	2,982
6	59	37	1,605
6	59	40	2,345
6	59	48	3,107
6	59	52	5,344
6	59	55	0,753
6	59	57	14,095
6	59	58	7,161
6	59	64	0,886
6	59	65	1,658
6	59	67	4,316
6	59	78	0,695
6	59	80	1,578
6	59	87	1,742
6	59	91	1,597
6	59	98	9,894
6	59	99	3,665
6	64	5	4,27
6	64	6	0,789
6	64	13	1,64
6	64	15	17,099
6	64	19	5,666
6	64	22	7,515
6	64	30	3,574
6	64	37	6,214
6	64	40	1,795
6	64	48	7,512
6	64	52	7,432
6	64	55	5,796
6	64	57	9,814
6	64	58	2,68
6	64	59	2,304
6	64	65	1,657
6	64	67	1,405
6	64	78	3,617
6	64	80	6,295
6	64	87	1,634
6	64	91	5,709
6	64	98	6,658
6	64	99	12,415
6	65	5	2,98
6	65	6	0,73
6	65	13	19,645
6	65	15	0,939
6	65	19	7,652
6	65	22	2,57
6	65	30	3,627
6	65	37	1,561
6	65	40	28,607
6	65	48	8,059
6	65	52	1,711
6	65	55	5,69
6	65	57	3,322
6	65	58	1,298
6	65	59	1,187
6	65	64	3,648
6	65	67	8,585
6	65	78	1,222
6	65	80	6,565
6	65	87	3,952
6	65	91	1,564
6	65	98	8,789
6	65	99	3,702
6	67	5	3,311
6	67	6	4,357
6	67	13	2,039
6	67	15	3,081
6	67	19	5,956
6	67	22	5,12
6	67	30	8,134
6	67	37	2,668
6	67	40	5,496
6	67	48	20,923
6	67	52	7,023
6	67	55	5,224
6	67	57	5,208
6	67	58	7,784
6	67	59	2,17
6	67	64	1,649
6	67	65	3,616
6	67	78	24,875
6	67	80	4,572
6	67	87	1,849
6	67	91	1,202
6	67	98	2,846
6	67	99	5,609
6	78	5	3,379
6	78	6	3,241
6	78	13	11,926
6	78	15	0,957
6	78	19	4,593
6	78	22	16,257
6	78	30	10,123
6	78	37	8,673
6	78	40	1,358
6	78	48	1,822
6	78	52	8,047
6	78	55	5,615
6	78	57	4,732
6	78	58	0,607
6	78	59	7,218
6	78	64	1,128
6	78	65	3,458
6	78	67	3,552
6	78	80	5,797
6	78	87	15,052
6	78	91	4,121
6	78	98	6,877
6	78	99	7,921
6	80	5	18,076
6	80	6	1,718
6	80	13	1,623
6	80	15	4,281
6	80	19	8,777
6	80	22	2,381
6	80	30	5,495
6	80	37	4,31
6	80	40	17,52
6	80	48	10,931
6	80	52	0,872
6	80	55	28,834
6	80	57	8,745
6	80	58	20,809
6	80	59	4,527
6	80	64	12,361
6	80	65	20,937
6	80	67	15,25
6	80	78	9,7
6	80	87	1,401
6	80	91	2,927
6	80	98	2,562
6	80	99	4,704
6	87	5	4,939
6	87	6	1,53
6	87	13	13,036
6	87	15	1,726
6	87	19	23,102
6	87	22	10,89
6	87	30	36,543
6	87	37	4,701
6	87	40	0,954
6	87	48	0,559
6	87	52	8,613
6	87	55	1,042
6	87	57	2,367
6	87	58	0,621
6	87	59	7,431
6	87	64	3,389
6	87	65	3,274
6	87	67	3,846
6	87	78	3,002
6	87	80	0,764
6	87	91	2,932
6	87	98	4,7
6	87	99	3,111
6	91	5	19,352
6	91	6	1,01
6	91	13	8,174
6	91	15	4,851
6	91	19	1,333
6	91	22	10,028
6	91	30	1,083
6	91	37	4,039
6	91	40	21,204
6	91	48	9,879
6	91	52	12,988
6	91	55	7,914
6	91	57	5,381
6	91	58	9,569
6	91	59	2,988
6	91	64	5,071
6	91	65	15,263
6	91	67	0,745
6	91	78	1,144
6	91	80	4,462
6	91	87	13,621
6	91	98	7,694
6	91	99	2,066
6	98	5	0,592
6	98	6	13,914
6	98	13	2,721
6	98	15	14,604
6	98	19	6,363
6	98	22	2,027
6	98	30	10,798
6	98	37	7,173
6	98	40	3,633
6	98	48	14,452
6	98	52	25,745
6	98	55	11,246
6	98	57	13,618
6	98	58	1,739
6	98	59	4,488
6	98	64	3,442
6	98	65	1,851
6	98	67	18,812
6	98	78	8,671
6	98	80	1,199
6	98	87	4,299
6	98	91	1,215
6	98	99	9,985
6	99	5	3,985
6	99	6	1,979
6	99	13	1,428
6	99	15	1,062
6	99	19	4,408
6	99	22	2,667
6	99	30	4,065
6	99	37	5,722
6	99	40	3,966
6	99	48	3,273
6	99	52	3,222
6	99	55	11,061
6	99	57	1,303
6	99	58	5,092
6	99	59	15,142
6	99	64	1,735
6	99	65	5,979
6	99	67	1,654
6	99	78	6,035
6	99	80	1,173
6	99	87	6,044
6	99	91	5,509
6	99	98	2,366
7	3	5	4,66
7	3	6	1,31
7	3	13	3,871
7	3	25	11,023
7	3	33	1,088
7	3	44	14,88
7	3	45	11,727
7	3	51	3,973
7	3	66	18,32
7	3	67	4,091
7	3	73	11,439
7	3	75	4,083
7	3	78	3,342
7	3	82	2,04
7	3	91	14,104
7	3	92	1,265
7	3	93	9,187
7	3	97	14,752
7	3	100	0,549
7	5	3	5,486
7	5	6	9,18
7	5	13	2,287
7	5	25	5,154
7	5	33	6,926
7	5	44	15,953
7	5	45	3,627
7	5	51	9,27
7	5	66	3,787
7	5	67	24,249
7	5	73	0,824
7	5	75	4,421
7	5	78	3,187
7	5	82	5,776
7	5	91	3,252
7	5	92	10,86
7	5	93	18,395
7	5	97	12,65
7	5	100	19,312
7	6	3	10,181
7	6	5	5,189
7	6	13	2,149
7	6	25	1,033
7	6	33	5,375
7	6	44	9,757
7	6	45	3,252
7	6	51	1,303
7	6	66	3,126
7	6	67	18,307
7	6	73	19,911
7	6	75	11,388
7	6	78	0,814
7	6	82	5,103
7	6	91	8,169
7	6	92	2,168
7	6	93	5,963
7	6	97	6,092
7	6	100	3,634
7	13	3	2,069
7	13	5	7,849
7	13	6	4,369
7	13	25	4,743
7	13	33	5,686
7	13	44	1,811
7	13	45	1,15
7	13	51	1,007
7	13	66	4,924
7	13	67	1,615
7	13	73	14,206
7	13	75	2,397
7	13	78	4,084
7	13	82	8,086
7	13	91	5,401
7	13	92	11,13
7	13	93	5,174
7	13	97	10,607
7	13	100	1,934
7	25	3	7,189
7	25	5	7,392
7	25	6	0,904
7	25	13	2,78
7	25	33	10,687
7	25	44	6,539
7	25	45	3,295
7	25	51	8,62
7	25	66	1,784
7	25	67	2,86
7	25	73	7,266
7	25	75	13,163
7	25	78	5,707
7	25	82	4,669
7	25	91	2,996
7	25	92	24,998
7	25	93	8,634
7	25	97	16,291
7	25	100	6,109
7	33	3	4,479
7	33	5	1,639
7	33	6	10,711
7	33	13	3,197
7	33	25	0,744
7	33	44	3,693
7	33	45	0,841
7	33	51	18,071
7	33	66	0,953
7	33	67	2,861
7	33	73	2,136
7	33	75	6,796
7	33	78	3,592
7	33	82	4,301
7	33	91	13,128
7	33	92	1,039
7	33	93	4,011
7	33	97	1,386
7	33	100	42,038
7	44	3	0,693
7	44	5	1,043
7	44	6	1,136
7	44	13	5,316
7	44	25	9,223
7	44	33	12,394
7	44	45	7,164
7	44	51	5,708
7	44	66	8,868
7	44	67	3,531
7	44	73	2,023
7	44	75	8,824
7	44	78	0,919
7	44	82	7,779
7	44	91	36,552
7	44	92	0,503
7	44	93	0,778
7	44	97	9,818
7	44	100	1,159
7	45	3	10,006
7	45	5	8,361
7	45	6	1,732
7	45	13	37,984
7	45	25	18,174
7	45	33	1,634
7	45	44	3,496
7	45	51	11,002
7	45	66	9,018
7	45	67	11,967
7	45	73	5,295
7	45	75	37,08
7	45	78	15,406
7	45	82	10,593
7	45	91	6,553
7	45	92	2,358
7	45	93	2,433
7	45	97	9,762
7	45	100	1,205
7	51	3	6,167
7	51	5	4,814
7	51	6	4,067
7	51	13	3,819
7	51	25	3,817
7	51	33	11,86
7	51	44	2,388
7	51	45	13,509
7	51	66	0,674
7	51	67	22,501
7	51	73	5,892
7	51	75	12,175
7	51	78	4,444
7	51	82	7,717
7	51	91	8,585
7	51	92	8,75
7	51	93	0,516
7	51	97	5,075
7	51	100	0,618
7	66	3	1,827
7	66	5	4,089
7	66	6	3,751
7	66	13	2,664
7	66	25	2,665
7	66	33	30,189
7	66	44	1,197
7	66	45	4,352
7	66	51	1,066
7	66	67	1,882
7	66	73	3,263
7	66	75	39,542
7	66	78	1,591
7	66	82	7,074
7	66	91	16,286
7	66	92	0,719
7	66	93	4,698
7	66	97	13,731
7	66	100	2,685
7	67	3	12,12
7	67	5	4,135
7	67	6	29,216
7	67	13	2,721
7	67	25	1,329
7	67	33	12,299
7	67	44	19,765
7	67	45	4,822
7	67	51	2,203
7	67	66	2,324
7	67	73	9,543
7	67	75	7,134
7	67	78	10,332
7	67	82	6,413
7	67	91	1,804
7	67	92	9,988
7	67	93	27,424
7	67	97	4,029
7	67	100	2,004
7	73	3	1,556
7	73	5	9,77
7	73	6	0,731
7	73	13	6,05
7	73	25	2,375
7	73	33	5,246
7	73	44	1,015
7	73	45	3,249
7	73	51	12,124
7	73	66	9,758
7	73	67	22,43
7	73	75	3,077
7	73	78	9,611
7	73	82	2,185
7	73	91	7,566
7	73	92	8,662
7	73	93	0,773
7	73	97	13,134
7	73	100	4,959
7	75	3	1,816
7	75	5	1,791
7	75	6	9,671
7	75	13	2,407
7	75	25	6,723
7	75	33	3,507
7	75	44	5,614
7	75	45	19,459
7	75	51	6,528
7	75	66	5,486
7	75	67	3,173
7	75	73	2,802
7	75	78	4,568
7	75	82	0,792
7	75	91	1,605
7	75	92	20,407
7	75	93	3,601
7	75	97	3,086
7	75	100	3,552
7	78	3	1,096
7	78	5	1,48
7	78	6	7,74
7	78	13	5,899
7	78	25	14,26
7	78	33	11,79
7	78	44	39,206
7	78	45	7,985
7	78	51	1,844
7	78	66	7,968
7	78	67	0,833
7	78	73	9,463
7	78	75	9,673
7	78	82	0,59
7	78	91	5,107
7	78	92	4,312
7	78	93	1,526
7	78	97	1,527
7	78	100	1,445
7	82	3	18,339
7	82	5	23,327
7	82	6	14,899
7	82	13	16,752
7	82	25	3,751
7	82	33	2,82
7	82	44	0,636
7	82	45	36,844
7	82	51	2,601
7	82	66	8,566
7	82	67	0,602
7	82	73	2,273
7	82	75	1,372
7	82	78	3,1
7	82	91	2,218
7	82	92	3,483
7	82	93	0,826
7	82	97	5,924
7	82	100	6,588
7	91	3	0,994
7	91	5	5,572
7	91	6	9,232
7	91	13	50,791
7	91	25	2,641
7	91	33	1,933
7	91	44	19,911
7	91	45	2,42
7	91	51	5,033
7	91	66	8,967
7	91	67	6,527
7	91	73	9,746
7	91	75	3,94
7	91	78	18,059
7	91	82	1,374
7	91	92	1,688
7	91	93	1,307
7	91	97	0,63
7	91	100	0,767
7	92	3	7,685
7	92	5	2,222
7	92	6	1,806
7	92	13	3,172
7	92	25	9,02
7	92	33	3,077
7	92	44	0,986
7	92	45	15,467
7	92	51	5,6
7	92	66	10,462
7	92	67	5,451
7	92	73	7,796
7	92	75	1,703
7	92	78	4,111
7	92	82	1,932
7	92	91	0,703
7	92	93	3,965
7	92	97	8,057
7	92	100	3,504
7	93	3	1,335
7	93	5	15,819
7	93	6	20,738
7	93	13	2,378
7	93	25	2,369
7	93	33	3,302
7	93	44	3,982
7	93	45	2,634
7	93	51	3,078
7	93	66	14,721
7	93	67	5,583
7	93	73	1,82
7	93	75	6,676
7	93	78	2,597
7	93	82	0,913
7	93	91	3,679
7	93	92	4,806
7	93	97	5,375
7	93	100	3,073
7	97	3	1,031
7	97	5	0,675
7	97	6	6,487
7	97	13	4,546
7	97	25	3,419
7	97	33	11,026
7	97	44	1,794
7	97	45	2,004
7	97	51	2,123
7	97	66	13,143
7	97	67	14,792
7	97	73	2,101
7	97	75	4,724
7	97	78	5,428
7	97	82	6,215
7	97	91	7,653
7	97	92	3,095
7	97	93	5,185
7	97	100	15,708
7	100	3	5,869
7	100	5	19,399
7	100	6	4,012
7	100	13	3,182
7	100	25	2,276
7	100	33	4,575
7	100	44	4,1
7	100	45	11,56
7	100	51	1,169
7	100	66	13,566
7	100	67	0,824
7	100	73	12,68
7	100	75	3,464
7	100	78	0,646
7	100	82	2,684
7	100	91	4,31
7	100	92	5,083
7	100	93	2,114
7	100	97	4,332
8	2	10	5,592
8	2	12	7,059
8	2	13	4,518
8	2	15	1,149
8	2	20	2,035
8	2	21	8,767
8	2	28	1,962
8	2	29	13,107
8	2	33	18,957
8	2	34	14,301
8	2	35	1,621
8	2	41	4,976
8	2	47	0,669
8	2	50	12,973
8	2	58	4,355
8	2	61	3,758
8	2	63	3,548
8	2	78	3,55
8	2	80	2,224
8	2	85	2,748
8	2	98	8,961
8	10	2	3,643
8	10	12	3,942
8	10	13	5,925
8	10	15	5,744
8	10	20	2,516
8	10	21	1,813
8	10	28	1,094
8	10	29	1,203
8	10	33	1,295
8	10	34	2,753
8	10	35	0,888
8	10	41	5,041
8	10	47	0,628
8	10	50	1,157
8	10	58	6,997
8	10	61	3,477
8	10	63	2,405
8	10	78	2,836
8	10	80	7,298
8	10	85	10,018
8	10	98	3,57
8	12	2	15,563
8	12	10	4,487
8	12	13	7,734
8	12	15	0,961
8	12	20	8,513
8	12	21	2,538
8	12	28	9,155
8	12	29	3,907
8	12	33	12,127
8	12	34	11,337
8	12	35	16,582
8	12	41	0,938
8	12	47	1,292
8	12	50	3,892
8	12	58	10,797
8	12	61	2,353
8	12	63	6,387
8	12	78	1,13
8	12	80	4,5
8	12	85	7,308
8	12	98	5,421
8	13	2	2,463
8	13	10	16,888
8	13	12	5,184
8	13	15	0,885
8	13	20	2,377
8	13	21	0,939
8	13	28	24,618
8	13	29	12,754
8	13	33	11,975
8	13	34	1,403
8	13	35	16,816
8	13	41	20,518
8	13	47	0,73
8	13	50	2,43
8	13	58	16,317
8	13	61	4,406
8	13	63	2,861
8	13	78	19,872
8	13	80	0,764
8	13	85	1,648
8	13	98	4,572
8	15	2	7,24
8	15	10	2,77
8	15	12	1,698
8	15	13	8,246
8	15	20	1,55
8	15	21	2,784
8	15	28	0,517
8	15	29	1,828
8	15	33	5,125
8	15	34	6,203
8	15	35	2,743
8	15	41	1,008
8	15	47	1,29
8	15	50	7,481
8	15	58	4,204
8	15	61	8,813
8	15	63	23,988
8	15	78	0,878
8	15	80	4,936
8	15	85	3,291
8	15	98	1,138
8	20	2	6,364
8	20	10	41,683
8	20	12	34,526
8	20	13	7,068
8	20	15	22,898
8	20	21	13,713
8	20	28	1,873
8	20	29	5,639
8	20	33	0,603
8	20	34	8,473
8	20	35	4,178
8	20	41	26,998
8	20	47	1,199
8	20	50	4,021
8	20	58	4,148
8	20	61	5,157
8	20	63	1,083
8	20	78	10,69
8	20	80	8,354
8	20	85	31,368
8	20	98	2,266
8	21	2	2,887
8	21	10	8,388
8	21	12	1,278
8	21	13	6,631
8	21	15	12,58
8	21	20	1,039
8	21	28	3,851
8	21	29	9,473
8	21	33	1,278
8	21	34	17,857
8	21	35	4,671
8	21	41	6,575
8	21	47	1,695
8	21	50	3,31
8	21	58	12,171
8	21	61	1,934
8	21	63	4,274
8	21	78	4,323
8	21	80	22,712
8	21	85	4,389
8	21	98	2,385
8	28	2	10,351
8	28	10	7,255
8	28	12	18,015
8	28	13	4,809
8	28	15	8,322
8	28	20	2,926
8	28	21	19,205
8	28	29	13,215
8	28	33	3,951
8	28	34	3,685
8	28	35	1,002
8	28	41	18,875
8	28	47	11,471
8	28	50	2,352
8	28	58	2,571
8	28	61	11,536
8	28	63	3,611
8	28	78	4,037
8	28	80	3,289
8	28	85	14,165
8	28	98	8,12
8	29	2	3,259
8	29	10	1,013
8	29	12	0,855
8	29	13	5,129
8	29	15	33,31
8	29	20	1,615
8	29	21	3,739
8	29	28	3,714
8	29	33	16,549
8	29	34	8,276
8	29	35	1,317
8	29	41	9,735
8	29	47	1,163
8	29	50	5,536
8	29	58	2,046
8	29	61	3,389
8	29	63	6,463
8	29	78	2,656
8	29	80	4,957
8	29	85	3,108
8	29	98	9,25
8	33	2	7,151
8	33	10	1,173
8	33	12	4,886
8	33	13	10,849
8	33	15	4,442
8	33	20	6,086
8	33	21	2,086
8	33	28	9,986
8	33	29	10,889
8	33	34	11,286
8	33	35	0,858
8	33	41	9,601
8	33	47	2,088
8	33	50	8,711
8	33	58	4,311
8	33	61	1,126
8	33	63	3,468
8	33	78	3,048
8	33	80	17,688
8	33	85	3,357
8	33	98	9,328
8	34	2	4,585
8	34	10	3,678
8	34	12	3,647
8	34	13	4,877
8	34	15	0,883
8	34	20	0,614
8	34	21	18,016
8	34	28	11,932
8	34	29	2,194
8	34	33	6,074
8	34	35	11,837
8	34	41	2,353
8	34	47	1,168
8	34	50	21,337
8	34	58	1,083
8	34	61	7,429
8	34	63	1,537
8	34	78	3,626
8	34	80	6,922
8	34	85	2,557
8	34	98	4,939
8	35	2	20,856
8	35	10	12,317
8	35	12	1,706
8	35	13	2,417
8	35	15	2,598
8	35	20	5,302
8	35	21	0,77
8	35	28	7,754
8	35	29	45,462
8	35	33	0,692
8	35	34	3,372
8	35	41	5,154
8	35	47	6,327
8	35	50	2,401
8	35	58	2,611
8	35	61	4,055
8	35	63	1,561
8	35	78	4,642
8	35	80	13,726
8	35	85	15,709
8	35	98	2,85
8	41	2	15,733
8	41	10	0,794
8	41	12	1,151
8	41	13	0,84
8	41	15	1,327
8	41	20	7,961
8	41	21	5,291
8	41	28	2,228
8	41	29	20,355
8	41	33	2,794
8	41	34	5,79
8	41	35	1,296
8	41	47	12,788
8	41	50	4,456
8	41	58	10,115
8	41	61	3,347
8	41	63	4,849
8	41	78	16,076
8	41	80	2,717
8	41	85	6,552
8	41	98	0,552
8	47	2	30,112
8	47	10	1,29
8	47	12	2,332
8	47	13	1,528
8	47	15	5,141
8	47	20	24,456
8	47	21	5,052
8	47	28	19,621
8	47	29	2,09
8	47	33	13,645
8	47	34	1,553
8	47	35	5,461
8	47	41	1,131
8	47	50	1,727
8	47	58	1,272
8	47	61	9,069
8	47	63	1,812
8	47	78	1,738
8	47	80	5,254
8	47	85	14,386
8	47	98	1,023
8	50	2	15,469
8	50	10	8,389
8	50	12	6,97
8	50	13	4,667
8	50	15	2,135
8	50	20	0,578
8	50	21	1,427
8	50	28	14,068
8	50	29	3,406
8	50	33	1,685
8	50	34	2,276
8	50	35	7,646
8	50	41	15,163
8	50	47	4,512
8	50	58	8,97
8	50	61	0,679
8	50	63	7,351
8	50	78	8,62
8	50	80	2,148
8	50	85	6,548
8	50	98	2,173
8	58	2	1,519
8	58	10	3,577
8	58	12	1,139
8	58	13	8,906
8	58	15	17,465
8	58	20	15,289
8	58	21	1,116
8	58	28	1,748
8	58	29	4,452
8	58	33	6,965
8	58	34	1,872
8	58	35	7,241
8	58	41	4,523
8	58	47	5,121
8	58	50	12,497
8	58	61	2,375
8	58	63	1,13
8	58	78	20,713
8	58	80	1,043
8	58	85	1,516
8	58	98	4,627
8	61	2	26,285
8	61	10	12,681
8	61	12	6,949
8	61	13	3,876
8	61	15	1,575
8	61	20	2,658
8	61	21	15,795
8	61	28	2,84
8	61	29	4,136
8	61	33	2,611
8	61	34	5,354
8	61	35	6,469
8	61	41	5,67
8	61	47	10,81
8	61	50	1,187
8	61	58	1,836
8	61	63	7,609
8	61	78	3,045
8	61	80	3,003
8	61	85	7,195
8	61	98	8,893
8	63	2	4,773
8	63	10	12,333
8	63	12	1,861
8	63	13	2,574
8	63	15	3,511
8	63	20	2,471
8	63	21	8,281
8	63	28	3,617
8	63	29	3,116
8	63	33	1,352
8	63	34	16,594
8	63	35	0,731
8	63	41	2,568
8	63	47	3,76
8	63	50	10,743
8	63	58	0,775
8	63	61	9,179
8	63	78	6,886
8	63	80	12,182
8	63	85	8,386
8	63	98	1,833
8	78	2	1,563
8	78	10	8,378
8	78	12	1,442
8	78	13	1,513
8	78	15	1,371
8	78	20	3,708
8	78	21	14,245
8	78	28	31,347
8	78	29	8,863
8	78	33	7,074
8	78	34	0,945
8	78	35	3,102
8	78	41	1,756
8	78	47	0,994
8	78	50	2,353
8	78	58	22,195
8	78	61	7,372
8	78	63	3,265
8	78	80	4,709
8	78	85	11,832
8	78	98	5,208
8	80	2	9,932
8	80	10	2,339
8	80	12	12,631
8	80	13	6,171
8	80	15	8,664
8	80	20	0,532
8	80	21	1,282
8	80	28	3,376
8	80	29	4,536
8	80	33	4,562
8	80	34	17,119
8	80	35	0,601
8	80	41	1,329
8	80	47	5,082
8	80	50	0,778
8	80	58	2,935
8	80	61	0,524
8	80	63	6,816
8	80	78	2,305
8	80	85	1,133
8	80	98	1,54
8	85	2	1,084
8	85	10	3,775
8	85	12	5,211
8	85	13	11,515
8	85	15	0,899
8	85	20	2,576
8	85	21	6,854
8	85	28	0,766
8	85	29	9,513
8	85	33	1,4
8	85	34	1,856
8	85	35	1,51
8	85	41	6,259
8	85	47	0,693
8	85	50	13,76
8	85	58	0,886
8	85	61	1,587
8	85	63	1,598
8	85	78	4,774
8	85	80	5,878
8	85	98	14,015
8	98	2	1,066
8	98	10	4,651
8	98	12	10,008
8	98	13	2,142
8	98	15	4,218
8	98	20	1,811
8	98	21	9,689
8	98	28	2,101
8	98	29	3,43
8	98	33	6,497
8	98	34	4,023
8	98	35	5,594
8	98	41	0,638
8	98	47	2,626
8	98	50	8,86
8	98	58	0,845
8	98	61	0,548
8	98	63	4,121
8	98	78	6,123
8	98	80	12,121
8	98	85	11,156
9	13	16	8,48
9	13	24	17,273
9	13	28	1,183
9	13	33	2,681
9	13	38	6,837
9	13	42	1,811
9	13	56	1,814
9	13	62	1,033
9	13	68	8,995
9	13	69	11,234
9	13	75	1,824
9	13	96	3,006
9	13	97	2,175
9	16	13	0,709
9	16	24	6,566
9	16	28	0,797
9	16	33	15,437
9	16	38	0,958
9	16	42	1,973
9	16	56	6,259
9	16	62	1,231
9	16	68	0,637
9	16	69	0,868
9	16	75	2,547
9	16	96	3,132
9	16	97	0,921
9	24	13	0,705
9	24	16	7,071
9	24	28	2,181
9	24	33	6,253
9	24	38	6,025
9	24	42	5,467
9	24	56	6,439
9	24	62	1,934
9	24	68	1,6
9	24	69	1,162
9	24	75	3,301
9	24	96	6,868
9	24	97	8,929
9	28	13	12,573
9	28	16	18,952
9	28	24	3,238
9	28	33	4,248
9	28	38	8,291
9	28	42	13,53
9	28	56	7,198
9	28	62	4,08
9	28	68	0,684
9	28	69	16,936
9	28	75	7,502
9	28	96	6,072
9	28	97	0,647
9	33	13	1,419
9	33	16	3,407
9	33	24	2,894
9	33	28	1,631
9	33	38	1,253
9	33	42	15,804
9	33	56	1,419
9	33	62	5,773
9	33	68	7,268
9	33	69	8,886
9	33	75	3,709
9	33	96	1,51
9	33	97	1,317
9	38	13	9,141
9	38	16	2,464
9	38	24	9,166
9	38	28	9,854
9	38	33	1,865
9	38	42	10,855
9	38	56	4,594
9	38	62	17,706
9	38	68	1,12
9	38	69	12,488
9	38	75	3,446
9	38	96	2,524
9	38	97	17,654
9	42	13	14,717
9	42	16	10,073
9	42	24	2,071
9	42	28	7,778
9	42	33	1,756
9	42	38	19,964
9	42	56	3,889
9	42	62	0,513
9	42	68	27,775
9	42	69	5,399
9	42	75	11,051
9	42	96	1,215
9	42	97	8,882
9	56	13	8,687
9	56	16	7,017
9	56	24	4,705
9	56	28	2,44
9	56	33	3,068
9	56	38	2,768
9	56	42	10,399
9	56	62	1,434
9	56	68	7,18
9	56	69	4,139
9	56	75	9,358
9	56	96	1,911
9	56	97	8,256
9	62	13	7,597
9	62	16	3,696
9	62	24	11,43
9	62	28	4,538
9	62	33	0,68
9	62	38	5,26
9	62	42	10,396
9	62	56	5,535
9	62	68	2,128
9	62	69	6,768
9	62	75	7,96
9	62	96	6,506
9	62	97	1,521
9	68	13	4,61
9	68	16	1,353
9	68	24	6,913
9	68	28	2,524
9	68	33	2,409
9	68	38	0,822
9	68	42	33,399
9	68	56	3,508
9	68	62	0,512
9	68	69	7,19
9	68	75	9,144
9	68	96	5,941
9	68	97	22,698
9	69	13	8,158
9	69	16	0,731
9	69	24	3,928
9	69	28	12,405
9	69	33	2,213
9	69	38	1,534
9	69	42	1,266
9	69	56	11,551
9	69	62	6,328
9	69	68	14,631
9	69	75	1,569
9	69	96	5,875
9	69	97	4,886
9	75	13	13,016
9	75	16	8,819
9	75	24	17,152
9	75	28	5,13
9	75	33	4,816
9	75	38	7,763
9	75	42	7,749
9	75	56	4,065
9	75	62	2,215
9	75	68	2,542
9	75	69	1,8
9	75	96	7,17
9	75	97	14,388
9	96	13	16,367
9	96	16	13,247
9	96	24	0,966
9	96	28	5,874
9	96	33	0,509
9	96	38	4,827
9	96	42	0,705
9	96	56	18,065
9	96	62	8,662
9	96	68	2,699
9	96	69	7,217
9	96	75	3,719
9	96	97	11,875
9	97	13	16,425
9	97	16	1,001
9	97	24	19,551
9	97	28	0,977
9	97	33	3,318
9	97	38	8,216
9	97	42	4,651
9	97	56	4,545
9	97	62	1,568
9	97	68	1,329
9	97	69	3,451
9	97	75	5,085
9	97	96	6,213
10	1	2	3,173
10	1	4	4,518
10	1	7	5,627
10	1	8	8,766
10	1	10	13,501
10	1	12	0,879
10	1	21	2,226
10	1	25	1,719
10	1	27	3,744
10	1	39	9,247
10	1	40	7,457
10	1	45	33,59
10	1	48	4,762
10	1	54	2,85
10	1	57	8,333
10	1	59	4,157
10	1	79	11,497
10	1	83	6,472
10	1	84	1,719
10	1	89	16,231
10	2	1	1,483
10	2	4	0,663
10	2	7	4,213
10	2	8	26,988
10	2	10	9,291
10	2	12	0,593
10	2	21	16,252
10	2	25	8,583
10	2	27	3,263
10	2	39	6,737
10	2	40	0,668
10	2	45	1,558
10	2	48	0,966
10	2	54	6,94
10	2	57	11,723
10	2	59	1,144
10	2	79	4,289
10	2	83	6,591
10	2	84	3,191
10	2	89	6,306
10	4	1	1,77
10	4	2	0,993
10	4	7	3,684
10	4	8	3,996
10	4	10	8,183
10	4	12	2,428
10	4	21	4,7
10	4	25	2,621
10	4	27	3,524
10	4	39	12,538
10	4	40	27,673
10	4	45	9,759
10	4	48	30,186
10	4	54	6,372
10	4	57	1,367
10	4	59	5,306
10	4	79	8,249
10	4	83	1,684
10	4	84	10,032
10	4	89	29,032
10	7	1	1,741
10	7	2	0,75
10	7	4	1,73
10	7	8	7,696
10	7	10	1,048
10	7	12	6,877
10	7	21	1,53
10	7	25	14,304
10	7	27	15,623
10	7	39	6,563
10	7	40	7,246
10	7	45	13,497
10	7	48	1,104
10	7	54	0,945
10	7	57	2,523
10	7	59	4,014
10	7	79	5,961
10	7	83	5,716
10	7	84	1,366
10	7	89	0,878
10	8	1	0,794
10	8	2	3,287
10	8	4	26,42
10	8	7	1,571
10	8	10	14,265
10	8	12	3,374
10	8	21	13,205
10	8	25	0,763
10	8	27	8,82
10	8	39	0,802
10	8	40	1,783
10	8	45	6,851
10	8	48	15,447
10	8	54	1,445
10	8	57	1,861
10	8	59	12,521
10	8	79	8,39
10	8	83	5,884
10	8	84	5,229
10	8	89	1,094
10	10	1	8,795
10	10	2	11,616
10	10	4	5,509
10	10	7	0,559
10	10	8	0,908
10	10	12	5,24
10	10	21	5,292
10	10	25	4,09
10	10	27	30,975
10	10	39	12,048
10	10	40	6,11
10	10	45	7,074
10	10	48	2,574
10	10	54	1,995
10	10	57	7,274
10	10	59	6,638
10	10	79	12,109
10	10	83	4,324
10	10	84	1,239
10	10	89	4,374
10	12	1	9,161
10	12	2	26,674
10	12	4	31,148
10	12	7	7,454
10	12	8	4,168
10	12	10	0,752
10	12	21	2,129
10	12	25	7,016
10	12	27	4,153
10	12	39	10,252
10	12	40	1,978
10	12	45	5,828
10	12	48	7,557
10	12	54	2,677
10	12	57	2,48
10	12	59	19,601
10	12	79	9,894
10	12	83	3,446
10	12	84	1,367
10	12	89	2,817
10	21	1	3,512
10	21	2	3,532
10	21	4	23,363
10	21	7	3,145
10	21	8	0,823
10	21	10	5,028
10	21	12	8,13
10	21	25	1,608
10	21	27	1,972
10	21	39	1,323
10	21	40	2,805
10	21	45	6,121
10	21	48	5,464
10	21	54	3,978
10	21	57	4,287
10	21	59	4,128
10	21	79	1,449
10	21	83	0,716
10	21	84	6,839
10	21	89	1,004
10	25	1	4,829
10	25	2	9,188
10	25	4	13,311
10	25	7	7,501
10	25	8	1,977
10	25	10	4,784
10	25	12	7,157
10	25	21	2,385
10	25	27	6,822
10	25	39	5,181
10	25	40	16,638
10	25	45	3,734
10	25	48	3,142
10	25	54	3,84
10	25	57	0,503
10	25	59	0,515
10	25	79	10,947
10	25	83	4,54
10	25	84	1,021
10	25	89	1,493
10	27	1	14,457
10	27	2	5,527
10	27	4	2,977
10	27	7	21,894
10	27	8	12,991
10	27	10	2,15
10	27	12	13,754
10	27	21	3,2
10	27	25	18,646
10	27	39	0,8
10	27	40	13,006
10	27	45	8,7
10	27	48	8,201
10	27	54	3,295
10	27	57	8,991
10	27	59	3,889
10	27	79	1,74
10	27	83	3,943
10	27	84	21,052
10	27	89	9,551
10	39	1	18,712
10	39	2	7,203
10	39	4	30,771
10	39	7	14,372
10	39	8	3,641
10	39	10	0,582
10	39	12	1,287
10	39	21	3,139
10	39	25	20,089
10	39	27	0,596
10	39	40	11,871
10	39	45	1,099
10	39	48	0,634
10	39	54	1,001
10	39	57	2,127
10	39	59	0,676
10	39	79	11,098
10	39	83	0,669
10	39	84	3,76
10	39	89	0,516
10	40	1	12,161
10	40	2	3,531
10	40	4	2,598
10	40	7	2,773
10	40	8	16,756
10	40	10	2,133
10	40	12	6,811
10	40	21	2,276
10	40	25	4,033
10	40	27	4,205
10	40	39	5,866
10	40	45	11,435
10	40	48	4,266
10	40	54	6,237
10	40	57	1,454
10	40	59	2,497
10	40	79	5,635
10	40	83	8,601
10	40	84	6,859
10	40	89	1,801
10	45	1	3,69
10	45	2	6,442
10	45	4	15,735
10	45	7	5,353
10	45	8	6,29
10	45	10	10,582
10	45	12	8,587
10	45	21	3,438
10	45	25	3,854
10	45	27	8,394
10	45	39	2,833
10	45	40	11,713
10	45	48	3,279
10	45	54	8,588
10	45	57	3,498
10	45	59	1,488
10	45	79	18,269
10	45	83	8,778
10	45	84	6,754
10	45	89	2,797
10	48	1	1,571
10	48	2	5,23
10	48	4	2,203
10	48	7	20,595
10	48	8	5,198
10	48	10	1,032
10	48	12	1,177
10	48	21	7,097
10	48	25	1,908
10	48	27	1,387
10	48	39	16,634
10	48	40	1,933
10	48	45	0,604
10	48	54	2,868
10	48	57	0,713
10	48	59	12,743
10	48	79	10,607
10	48	83	3,076
10	48	84	5,011
10	48	89	5,12
10	54	1	5,587
10	54	2	1,154
10	54	4	6,135
10	54	7	4,2
10	54	8	8,923
10	54	10	2,477
10	54	12	1,275
10	54	21	14,058
10	54	25	8,447
10	54	27	20,688
10	54	39	6,634
10	54	40	8,768
10	54	45	2,81
10	54	48	7,134
10	54	57	2,265
10	54	59	8,682
10	54	79	2,058
10	54	83	8,874
10	54	84	9,294
10	54	89	2,28
10	57	1	7,819
10	57	2	4,73
10	57	4	5,232
10	57	7	0,679
10	57	8	0,701
10	57	10	5,917
10	57	12	15,884
10	57	21	7,824
10	57	25	1,647
10	57	27	12,23
10	57	39	24,171
10	57	40	0,519
10	57	45	7,167
10	57	48	5,644
10	57	54	1,823
10	57	59	4,398
10	57	79	3,072
10	57	83	2,742
10	57	84	1,186
10	57	89	1,172
10	59	1	14,14
10	59	2	1,385
10	59	4	7,369
10	59	7	3,693
10	59	8	0,76
10	59	10	9,249
10	59	12	1,49
10	59	21	3,173
10	59	25	0,868
10	59	27	14,7
10	59	39	3,43
10	59	40	5,899
10	59	45	5,405
10	59	48	4,569
10	59	54	1,461
10	59	57	10,657
10	59	79	2,473
10	59	83	10,35
10	59	84	1,343
10	59	89	8,408
10	79	1	4,395
10	79	2	2,568
10	79	4	1,321
10	79	7	4,942
10	79	8	1,753
10	79	10	4,609
10	79	12	2,175
10	79	21	15,766
10	79	25	1,93
10	79	27	5,675
10	79	39	2,74
10	79	40	5,381
10	79	45	0,504
10	79	48	0,766
10	79	54	8,808
10	79	57	2,24
10	79	59	2,756
10	79	83	1,168
10	79	84	2,834
10	79	89	24,816
10	83	1	2,825
10	83	2	1,127
10	83	4	5,719
10	83	7	8,665
10	83	8	5,83
10	83	10	13,66
10	83	12	1,778
10	83	21	4,233
10	83	25	2,196
10	83	27	3,246
10	83	39	1,075
10	83	40	0,714
10	83	45	6,263
10	83	48	7,225
10	83	54	3,069
10	83	57	13,095
10	83	59	0,844
10	83	79	3,802
10	83	84	0,557
10	83	89	2,515
10	84	1	46,887
10	84	2	0,645
10	84	4	3,125
10	84	7	0,712
10	84	8	5,317
10	84	10	2,361
10	84	12	10,808
10	84	21	2,673
10	84	25	6,957
10	84	27	5,74
10	84	39	1,027
10	84	40	3,624
10	84	45	7,599
10	84	48	0,754
10	84	54	4,243
10	84	57	3,044
10	84	59	0,994
10	84	79	3,205
10	84	83	13,506
10	84	89	5,032
10	89	1	1,926
10	89	2	5,904
10	89	4	0,835
10	89	7	1,606
10	89	8	11,355
10	89	10	18,321
10	89	12	7,95
10	89	21	1,171
10	89	25	9,994
10	89	27	3,919
10	89	39	1,177
10	89	40	14,746
10	89	45	2,922
10	89	48	12,304
10	89	54	1,649
10	89	57	5,005
10	89	59	5,83
10	89	79	1,061
10	89	83	18,526
10	89	84	1,689

