#num jobs
100
#num machines
10

#jobId machId procTime energyCons
1	1	20,29	207,66
1	4	4,7	36,52
1	8	9,48	123,55
1	9	138,49	678,85
2	3	19,42	86,08
2	5	2,76	19,88
3	8	1,13	14,75
4	3	6,37	28,26
4	9	84,49	414,16
4	10	36,32	381,47
5	10	81,45	855,51
5	7	16,9	36,42
5	4	39,12	304,07
6	2	37,5	403,52
6	6	11,53	93,82
7	9	46,23	226,6
7	6	52,62	427,99
7	3	2,56	11,34
8	5	273,57	1967,42
8	7	4,73	10,18
9	8	8,28	107,9
10	6	20,6	167,54
10	1	12,33	126,23
11	9	3,3	16,15
11	10	15,95	167,53
12	2	27,56	296,48
12	4	4,28	33,28
13	2	1,22	13,08
13	4	18,16	141,14
13	6	5,98	48,66
13	8	8,47	110,39
14	6	18,76	152,56
14	5	173,35	1246,71
15	6	17,03	138,52
15	1	7,58	77,59
16	2	8,83	94,96
16	5	13,86	99,67
17	5	3,52	25,3
18	3	5,67	25,12
19	2	4,85	52,15
20	7	5,83	12,55
20	8	11,96	155,87
21	9	24,33	119,27
21	8	20,22	263,59
21	6	48,81	396,98
22	6	3,66	29,79
23	1	21,76	222,7
23	3	3,73	16,52
23	7	13,6	29,29
23	8	107,23	1398,11
24	2	25,33	272,51
24	3	40,63	180,12
25	5	3,7	26,61
26	10	3,07	32,22
26	8	5,21	67,88
26	5	35,36	254,31
27	10	41,89	439,96
28	7	1,2	2,58
28	10	4,52	47,47
29	8	12,56	163,76
29	5	92,92	668,27
29	2	3,04	32,69
29	1	18,7	191,41
30	7	8,49	18,28
31	6	1,57	12,75
32	9	81,66	400,27
33	9	7,92	38,81
33	6	5,64	45,85
34	3	2,46	10,9
34	5	3,59	25,79
35	10	2,83	29,77
35	6	15,82	128,71
35	4	8,48	65,91
36	6	6,74	54,8
37	8	160,21	2088,84
37	4	213,06	1655,92
37	3	8,75	38,77
38	7	15,38	33,13
38	5	5,43	39,03
38	1	8,44	86,42
39	10	28,2	296,16
40	7	6	12,92
40	2	25,25	271,69
41	10	5,18	54,36
41	6	15,75	128,14
42	8	3,23	42,18
43	2	23,1	248,58
43	5	4,94	35,51
44	3	3,16	14,03
45	10	1,39	14,58
45	3	6,49	28,79
45	2	101,1	1087,83
46	10	18,29	192,14
46	5	43,01	309,3
47	9	3,62	17,73
47	8	2,99	39,02
47	4	32,2	250,23
48	5	5,14	37
48	8	12,95	168,87
48	10	1,95	20,49
49	5	471,03	3387,54
49	2	504	5422,83
49	1	9,97	102,1
50	5	11,88	85,46
51	3	18,59	82,41
51	5	31,14	223,95
51	6	0,16	1,29
51	9	5,59	27,42
52	7	164,09	353,52
52	10	1361,44	14300,15
53	9	16,98	83,23
53	4	19,76	153,57
54	4	16,05	124,72
54	5	6,42	46,16
54	10	3161,29	33205,25
55	5	3,73	26,81
55	2	4,94	53,11
56	10	1,94	20,33
56	8	63,35	825,97
56	1	1,57	16,07
57	8	3,2	41,67
58	2	10,73	115,45
58	6	5,21	42,4
58	8	2,28	29,72
59	9	23,47	115,05
59	2	88,69	954,27
60	10	5,23	54,98
60	8	34,95	455,65
60	6	26,34	214,24
61	10	6,24	65,53
62	4	60,98	473,94
62	5	54,31	390,55
62	9	13,21	64,74
63	5	15,79	113,54
63	9	57,29	280,84
63	10	4,96	52,12
64	9	4,97	24,36
65	3	3,57	15,81
65	6	3,47	28,21
65	8	-0,07	-0,95
66	10	41,91	440,24
66	1	17,66	180,8
67	10	12,08	126,85
67	9	5,13	25,12
67	5	37,2	267,53
68	10	34,14	358,63
69	6	14,82	120,51
70	8	9,19	119,85
70	6	9,36	76,11
71	7	43,53	93,78
71	10	5,5	57,8
72	5	8,83	63,53
73	10	27,91	293,2
73	4	7,96	61,86
74	1	135,98	1391,93
74	3	10,34	45,83
74	6	4,77	38,78
74	8	7,92	103,23
75	10	60,2	632,28
76	4	5,86	45,58
76	1	5,73	58,61
77	6	3,34	27,18
78	9	24,72	121,15
78	10	18,78	197,28
79	2	4,15	44,63
79	3	17,73	78,62
80	1	2,9	29,65
80	4	8,26	64,22
80	5	5,26	37,83
80	7	78,46	169,04
80	10	1,81	19,03
81	6	1,57	12,76
82	5	41,85	300,96
82	8	6,93	90,29
83	8	6,35	82,81
83	3	5,77	25,58
84	3	1,13	5
84	6	691,92	5627,98
84	9	19,79	97,01
85	7	60,85	131,09
85	2	4,05	43,62
86	1	7,07	72,36
86	6	95,18	774,17
86	10	17,19	180,61
87	10	6,94	72,88
87	5	45,16	324,79
88	3	29,43	130,49
89	3	12,47	55,28
89	7	16,79	36,18
90	8	4,55	59,33
91	4	52,73	409,81
92	2	3,48	37,47
93	1	4,9	50,17
93	6	2,91	23,71
94	3	6,03	26,71
94	1	4,49	45,96
95	6	5,13	41,7
95	2	165,9	1785
95	1	27,18	278,22
96	9	8,56	41,98
96	8	17,59	229,38
96	6	3,53	28,73
96	2	7,81	84,06
97	5	3,54	25,45
98	2	22,07	237,44
98	5	3,3	23,71
98	7	89,34	192,49
99	9	18,12	88,83
99	3	2,66	11,81
100	3	3,35	14,85

#jobId ddate weight rdate
1	10,714	38	210,554
2	42,49	29	96,472
3	320,054	32	157,728
4	344,305	49	154,203
5	520,995	10	173,606
6	8,161	17	71,839
7	126,489	44	165,171
8	448,692	13	143,387
9	541,3	19	68,938
10	107,908	2	1,597
11	284,228	34	139,86
12	404,137	31	47,269
13	279,84	5	177,005
14	315,701	10	207,611
15	56,231	46	101,677
16	495,115	23	23,633
17	413,946	40	221,013
18	552,111	41	189,463
19	536,522	15	55,133
20	299,719	6	30,8
21	115,558	34	84,858
22	348,511	4	24,031
23	173,718	27	46,743
24	330,338	27	121,652
25	131,106	40	154,639
26	393,127	9	156,984
27	186,442	10	18,474
28	530,727	3	107,909
29	136,035	39	123,17
30	500,065	48	177,37
31	190,915	32	222,372
32	565,154	27	80,057
33	299,503	17	113,412
34	499,901	45	128,559
35	526,361	22	33,443
36	149,683	8	168,402
37	3,34	28	57,358
38	63,642	3	45,311
39	531,385	45	64,256
40	363,059	28	84,99
41	159,863	22	99,785
42	335,502	28	55,769
43	523,191	16	56,704
44	162,827	10	37,45
45	485,97	26	104,94
46	171,038	16	1,746
47	354,674	40	224,865
48	364,741	26	198,69
49	234,969	38	50,909
50	334,698	4	13,508
51	364,508	7	204,901
52	441,964	7	136,015
53	268,789	45	76,343
54	500,204	24	80,921
55	476,416	5	166,529
56	212,248	37	61,393
57	306,026	14	144,139
58	332,02	20	3,354
59	441,041	28	148,373
60	525,024	2	40,213
61	457,165	10	75,397
62	146,953	14	149,652
63	37,879	43	17,602
64	228,664	34	191,223
65	241,977	31	172,112
66	183,485	7	185,654
67	250,258	47	9,088
68	15,917	22	11,469
69	459,036	43	12,995
70	420,738	47	0,369
71	319,197	8	127,83
72	507,846	2	17,216
73	171,253	4	131,785
74	468,4	10	69,748
75	504,424	39	30,945
76	342,767	14	36,017
77	442,074	42	103,023
78	248,143	7	109,906
79	38,358	14	176,499
80	434,569	30	105,491
81	229,121	4	77,18
82	529,015	14	194,11
83	298,992	33	123,976
84	346,05	12	4,893
85	38,21	37	143,067
86	440,125	45	34,921
87	366,945	45	46,507
88	349,953	28	221,789
89	62,31	4	28,422
90	12,513	16	187,795
91	429,797	6	124,997
92	276,362	48	95,711
93	66,392	15	220,487
94	299,613	31	17,51
95	342,486	21	38,409
96	347,934	42	83,974
97	229,46	31	69,617
98	208,513	13	27,05
99	399,196	19	181,991
100	299,718	36	186,682

#machId jobPred jobSucc setupTime
1	1	10	5,95
1	1	15	9,026
1	1	23	19,01
1	1	29	2,599
1	1	38	13,423
1	1	49	1,964
1	1	56	24,258
1	1	66	4,221
1	1	74	1,031
1	1	76	59,012
1	1	80	27,898
1	1	86	3,288
1	1	93	5,397
1	1	94	2,55
1	1	95	13,47
1	10	1	4,996
1	10	15	4,211
1	10	23	5,39
1	10	29	2,849
1	10	38	4,767
1	10	49	4,942
1	10	56	5,231
1	10	66	1,583
1	10	74	7,195
1	10	76	21,648
1	10	80	3,064
1	10	86	10,924
1	10	93	1,496
1	10	94	6,707
1	10	95	2,402
1	15	1	10,062
1	15	10	4,659
1	15	23	10,623
1	15	29	7,308
1	15	38	46,052
1	15	49	1,392
1	15	56	59,159
1	15	66	14,174
1	15	74	5,733
1	15	76	1,87
1	15	80	5,144
1	15	86	2,559
1	15	93	7,104
1	15	94	16,259
1	15	95	0,728
1	23	1	2,253
1	23	10	4,094
1	23	15	0,855
1	23	29	0,967
1	23	38	2,209
1	23	49	2,386
1	23	56	1,764
1	23	66	0,97
1	23	74	2,74
1	23	76	1,265
1	23	80	11,154
1	23	86	1,277
1	23	93	1,19
1	23	94	7,947
1	23	95	1,25
1	29	1	5,18
1	29	10	7,73
1	29	15	2,192
1	29	23	11,32
1	29	38	0,856
1	29	49	2,308
1	29	56	0,693
1	29	66	2,399
1	29	74	14,471
1	29	76	5,05
1	29	80	13,238
1	29	86	2,659
1	29	93	2,485
1	29	94	12,009
1	29	95	7,962
1	38	1	9,293
1	38	10	5,967
1	38	15	1,214
1	38	23	1,796
1	38	29	1,329
1	38	49	1,825
1	38	56	6,152
1	38	66	4,51
1	38	74	2,605
1	38	76	3,366
1	38	80	9,85
1	38	86	2,632
1	38	93	7,899
1	38	94	15,014
1	38	95	4,902
1	49	1	2,5
1	49	10	3,493
1	49	15	5,736
1	49	23	1,911
1	49	29	3,338
1	49	38	3,464
1	49	56	8,729
1	49	66	3,383
1	49	74	5,452
1	49	76	7,903
1	49	80	5,583
1	49	86	2,974
1	49	93	5,21
1	49	94	12,988
1	49	95	18,773
1	56	1	1,396
1	56	10	10,166
1	56	15	5,801
1	56	23	8,945
1	56	29	1,3
1	56	38	8,49
1	56	49	1,686
1	56	66	0,88
1	56	74	0,855
1	56	76	1,01
1	56	80	8,716
1	56	86	8,519
1	56	93	8,571
1	56	94	7,326
1	56	95	1,214
1	66	1	1,773
1	66	10	3,513
1	66	15	0,952
1	66	23	8,141
1	66	29	0,641
1	66	38	16,394
1	66	49	3,704
1	66	56	5,291
1	66	74	0,777
1	66	76	1,5
1	66	80	13,983
1	66	86	0,655
1	66	93	0,608
1	66	94	31,443
1	66	95	0,72
1	74	1	3,846
1	74	10	10,314
1	74	15	1,826
1	74	23	4,695
1	74	29	1,004
1	74	38	4,55
1	74	49	6,625
1	74	56	1,14
1	74	66	13,361
1	74	76	6,328
1	74	80	0,545
1	74	86	0,56
1	74	93	8,774
1	74	94	0,954
1	74	95	5,724
1	76	1	7,212
1	76	10	16,62
1	76	15	9,882
1	76	23	11,324
1	76	29	0,916
1	76	38	1,125
1	76	49	1,078
1	76	56	9,805
1	76	66	4,615
1	76	74	9,74
1	76	80	19,799
1	76	86	18,592
1	76	93	4,85
1	76	94	5,255
1	76	95	7,939
1	80	1	5,024
1	80	10	22,604
1	80	15	7,285
1	80	23	1,527
1	80	29	0,7
1	80	38	2,19
1	80	49	3,108
1	80	56	0,5
1	80	66	3,301
1	80	74	0,57
1	80	76	4,329
1	80	86	7,82
1	80	93	2,424
1	80	94	1,741
1	80	95	17,244
1	86	1	8,826
1	86	10	1,891
1	86	15	3,107
1	86	23	4,482
1	86	29	0,975
1	86	38	5,874
1	86	49	1,404
1	86	56	6,3
1	86	66	1,369
1	86	74	17,149
1	86	76	4,935
1	86	80	32,553
1	86	93	7,227
1	86	94	2,376
1	86	95	4,808
1	93	1	1,453
1	93	10	2,094
1	93	15	0,573
1	93	23	7,3
1	93	29	2,635
1	93	38	0,584
1	93	49	1,327
1	93	56	2,864
1	93	66	8,091
1	93	74	0,781
1	93	76	0,559
1	93	80	0,856
1	93	86	2,401
1	93	94	11,698
1	93	95	1,615
1	94	1	9,982
1	94	10	7,846
1	94	15	2,139
1	94	23	0,947
1	94	29	0,522
1	94	38	2,653
1	94	49	15,293
1	94	56	51,652
1	94	66	1,7
1	94	74	3,323
1	94	76	17,65
1	94	80	1,827
1	94	86	4,605
1	94	93	1,151
1	94	95	14,13
1	95	1	5,415
1	95	10	2,513
1	95	15	1,073
1	95	23	3,439
1	95	29	2,621
1	95	38	0,955
1	95	49	7,349
1	95	56	19,185
1	95	66	0,84
1	95	74	16,052
1	95	76	1,813
1	95	80	0,868
1	95	86	9,262
1	95	93	0,626
1	95	94	0,644
2	6	12	2,593
2	6	13	0,9
2	6	16	5,999
2	6	19	2,751
2	6	24	16,493
2	6	29	40,485
2	6	40	0,928
2	6	43	3,756
2	6	45	13,972
2	6	49	2,578
2	6	55	1,241
2	6	58	3,49
2	6	59	3,085
2	6	79	1,422
2	6	85	11,157
2	6	92	8,484
2	6	95	5,15
2	6	96	5,57
2	6	98	7,256
2	12	6	1,815
2	12	13	0,607
2	12	16	1,157
2	12	19	13,96
2	12	24	2,992
2	12	29	1,763
2	12	40	2,596
2	12	43	1,292
2	12	45	18,412
2	12	49	2,581
2	12	55	0,662
2	12	58	18,8
2	12	59	3,899
2	12	79	4,048
2	12	85	0,724
2	12	92	13,985
2	12	95	4,01
2	12	96	1,428
2	12	98	1,328
2	13	6	21,368
2	13	12	1,162
2	13	16	9,079
2	13	19	3,706
2	13	24	5,186
2	13	29	10,638
2	13	40	2,529
2	13	43	0,617
2	13	45	2,124
2	13	49	14,625
2	13	55	2,459
2	13	58	1,816
2	13	59	5,174
2	13	79	7,144
2	13	85	1,302
2	13	92	4,17
2	13	95	7,766
2	13	96	2,312
2	13	98	19,427
2	16	6	7,617
2	16	12	2,001
2	16	13	3,923
2	16	19	1,797
2	16	24	4,448
2	16	29	0,97
2	16	40	2,745
2	16	43	5,263
2	16	45	0,826
2	16	49	4,445
2	16	55	1,699
2	16	58	13,895
2	16	59	0,96
2	16	79	5,881
2	16	85	29,346
2	16	92	0,86
2	16	95	6,994
2	16	96	0,613
2	16	98	0,997
2	19	6	5,922
2	19	12	6,244
2	19	13	0,679
2	19	16	0,599
2	19	24	3,121
2	19	29	0,992
2	19	40	4,523
2	19	43	0,947
2	19	45	0,832
2	19	49	4,049
2	19	55	1,403
2	19	58	8,63
2	19	59	2,867
2	19	79	4,031
2	19	85	1,436
2	19	92	3,333
2	19	95	7,819
2	19	96	2,096
2	19	98	5,981
2	24	6	1,659
2	24	12	2,595
2	24	13	3,937
2	24	16	0,881
2	24	19	1,826
2	24	29	2,836
2	24	40	18,118
2	24	43	0,826
2	24	45	15,323
2	24	49	1,002
2	24	55	13,131
2	24	58	6,881
2	24	59	1,281
2	24	79	6,511
2	24	85	1,606
2	24	92	1,382
2	24	95	0,841
2	24	96	2,343
2	24	98	5,378
2	29	6	1,373
2	29	12	31,552
2	29	13	5,003
2	29	16	2,457
2	29	19	3,3
2	29	24	26,977
2	29	40	0,969
2	29	43	5,263
2	29	45	1,024
2	29	49	0,853
2	29	55	6,414
2	29	58	14,709
2	29	59	13,883
2	29	79	4,371
2	29	85	17,562
2	29	92	2,028
2	29	95	5,661
2	29	96	11,901
2	29	98	5,545
2	40	6	7,432
2	40	12	0,831
2	40	13	6,263
2	40	16	0,883
2	40	19	3,658
2	40	24	11,431
2	40	29	43,49
2	40	43	6,801
2	40	45	7,797
2	40	49	2,403
2	40	55	3,176
2	40	58	2,531
2	40	59	1,912
2	40	79	5,942
2	40	85	17,583
2	40	92	3,3
2	40	95	3,74
2	40	96	1,92
2	40	98	14,321
2	43	6	9,376
2	43	12	19,771
2	43	13	2,104
2	43	16	1,018
2	43	19	11,889
2	43	24	6,474
2	43	29	10,577
2	43	40	5,543
2	43	45	1,768
2	43	49	4,866
2	43	55	8,248
2	43	58	1,469
2	43	59	7,718
2	43	79	4,288
2	43	85	5,268
2	43	92	1,186
2	43	95	8,02
2	43	96	19,061
2	43	98	0,592
2	45	6	5,642
2	45	12	2,246
2	45	13	7,399
2	45	16	0,513
2	45	19	7,907
2	45	24	0,993
2	45	29	2,302
2	45	40	6,627
2	45	43	18,077
2	45	49	19,51
2	45	55	4,579
2	45	58	1,11
2	45	59	2,728
2	45	79	9,106
2	45	85	2,015
2	45	92	1,55
2	45	95	5,772
2	45	96	1,997
2	45	98	3,416
2	49	6	3,147
2	49	12	3,397
2	49	13	1,483
2	49	16	0,881
2	49	19	1,812
2	49	24	10,019
2	49	29	1,086
2	49	40	1,929
2	49	43	6,057
2	49	45	5,616
2	49	55	28,112
2	49	58	20,29
2	49	59	7,612
2	49	79	1,056
2	49	85	1,761
2	49	92	1,335
2	49	95	9,645
2	49	96	2,508
2	49	98	1,206
2	55	6	1,668
2	55	12	12,541
2	55	13	1,261
2	55	16	3,146
2	55	19	6,825
2	55	24	1,549
2	55	29	3,605
2	55	40	1,957
2	55	43	3,662
2	55	45	4,161
2	55	49	0,756
2	55	58	1,18
2	55	59	4,879
2	55	79	5,449
2	55	85	8,098
2	55	92	18,283
2	55	95	2,896
2	55	96	0,719
2	55	98	4,061
2	58	6	1,82
2	58	12	3,567
2	58	13	2,24
2	58	16	4,306
2	58	19	9,601
2	58	24	5,437
2	58	29	0,933
2	58	40	0,626
2	58	43	7,687
2	58	45	9
2	58	49	0,693
2	58	55	3,802
2	58	59	30,98
2	58	79	32,19
2	58	85	9,069
2	58	92	22,718
2	58	95	5,552
2	58	96	10,439
2	58	98	1,484
2	59	6	18,791
2	59	12	14,186
2	59	13	1,722
2	59	16	3,206
2	59	19	4,424
2	59	24	7,377
2	59	29	1,366
2	59	40	18,438
2	59	43	2,962
2	59	45	3,891
2	59	49	0,523
2	59	55	1,577
2	59	58	2,5
2	59	79	1,512
2	59	85	1,209
2	59	92	3,895
2	59	95	2,908
2	59	96	0,676
2	59	98	5,322
2	79	6	17,732
2	79	12	0,579
2	79	13	5,289
2	79	16	8,571
2	79	19	3,455
2	79	24	5,43
2	79	29	6,852
2	79	40	1,128
2	79	43	0,779
2	79	45	8,92
2	79	49	1,4
2	79	55	2,246
2	79	58	13,885
2	79	59	1,706
2	79	85	4,009
2	79	92	0,668
2	79	95	3,525
2	79	96	1,328
2	79	98	0,542
2	85	6	5,842
2	85	12	2,36
2	85	13	10,056
2	85	16	4,021
2	85	19	2,976
2	85	24	2,749
2	85	29	5,75
2	85	40	0,795
2	85	43	3,438
2	85	45	7,925
2	85	49	0,964
2	85	55	1,203
2	85	58	3,984
2	85	59	12,796
2	85	79	1,469
2	85	92	5,515
2	85	95	1,288
2	85	96	1,294
2	85	98	5,031
2	92	6	1,545
2	92	12	12,226
2	92	13	1,075
2	92	16	15,335
2	92	19	13,441
2	92	24	0,864
2	92	29	3,074
2	92	40	8,053
2	92	43	19,37
2	92	45	8,085
2	92	49	14,483
2	92	55	3,289
2	92	58	2,989
2	92	59	1,256
2	92	79	0,915
2	92	85	1,313
2	92	95	1,509
2	92	96	9,176
2	92	98	10,746
2	95	6	0,527
2	95	12	5,532
2	95	13	0,747
2	95	16	3,28
2	95	19	4,365
2	95	24	16,361
2	95	29	0,897
2	95	40	1,536
2	95	43	13,861
2	95	45	5,707
2	95	49	31,866
2	95	55	2,789
2	95	58	1,585
2	95	59	5,774
2	95	79	4,596
2	95	85	3,429
2	95	92	4,335
2	95	96	4,339
2	95	98	1,658
2	96	6	11,014
2	96	12	5,738
2	96	13	27,928
2	96	16	8,868
2	96	19	4,511
2	96	24	23,38
2	96	29	8,246
2	96	40	1,149
2	96	43	8,244
2	96	45	2,444
2	96	49	0,643
2	96	55	4,429
2	96	58	19,344
2	96	59	30,648
2	96	79	2,517
2	96	85	1,245
2	96	92	5,261
2	96	95	3,989
2	96	98	2,006
2	98	6	6,183
2	98	12	3,874
2	98	13	9,234
2	98	16	20,208
2	98	19	0,544
2	98	24	14,368
2	98	29	4,097
2	98	40	9,416
2	98	43	6,618
2	98	45	9,087
2	98	49	19,592
2	98	55	8,351
2	98	58	19,883
2	98	59	3,091
2	98	79	10,921
2	98	85	0,524
2	98	92	7,954
2	98	95	8,547
2	98	96	15,4
3	2	4	25,097
3	2	7	4,616
3	2	18	8,419
3	2	23	0,573
3	2	24	3,033
3	2	34	2,474
3	2	37	4,805
3	2	44	4,953
3	2	45	1,317
3	2	51	12,755
3	2	65	23,757
3	2	74	7,817
3	2	79	2,359
3	2	83	17,864
3	2	84	9,969
3	2	88	2,936
3	2	89	15,678
3	2	94	1,086
3	2	99	5,698
3	2	100	4,089
3	4	2	11,397
3	4	7	2,356
3	4	18	5,232
3	4	23	56,462
3	4	24	1,969
3	4	34	4,397
3	4	37	10,566
3	4	44	1,277
3	4	45	7,109
3	4	51	4,753
3	4	65	1,117
3	4	74	27,545
3	4	79	6,517
3	4	83	11,202
3	4	84	2,321
3	4	88	4,44
3	4	89	17,194
3	4	94	8,878
3	4	99	10,7
3	4	100	4,348
3	7	2	3,996
3	7	4	12,59
3	7	18	2,627
3	7	23	2,241
3	7	24	3,473
3	7	34	6,895
3	7	37	5,421
3	7	44	5,464
3	7	45	1,613
3	7	51	7,5
3	7	65	1,996
3	7	74	2,64
3	7	79	1,074
3	7	83	3,403
3	7	84	4,814
3	7	88	0,704
3	7	89	19,398
3	7	94	10,137
3	7	99	0,724
3	7	100	1,803
3	18	2	17,693
3	18	4	5,13
3	18	7	4,459
3	18	23	3,618
3	18	24	5,369
3	18	34	5,828
3	18	37	6,468
3	18	44	23,688
3	18	45	43,469
3	18	51	0,981
3	18	65	5,722
3	18	74	0,873
3	18	79	1,736
3	18	83	1,74
3	18	84	3,239
3	18	88	13,996
3	18	89	4,734
3	18	94	3,541
3	18	99	3,77
3	18	100	4,803
3	23	2	0,781
3	23	4	0,86
3	23	7	7,809
3	23	18	6,881
3	23	24	2,865
3	23	34	9,611
3	23	37	7,466
3	23	44	0,662
3	23	45	1,425
3	23	51	11,243
3	23	65	1,358
3	23	74	2,696
3	23	79	18,47
3	23	83	4,781
3	23	84	7,658
3	23	88	0,538
3	23	89	2,232
3	23	94	9,522
3	23	99	5,1
3	23	100	2,96
3	24	2	6,828
3	24	4	15,305
3	24	7	0,564
3	24	18	7,181
3	24	23	0,717
3	24	34	12,123
3	24	37	3,748
3	24	44	5,602
3	24	45	2,842
3	24	51	8,947
3	24	65	3,548
3	24	74	1,019
3	24	79	2,776
3	24	83	19,958
3	24	84	5,472
3	24	88	8,34
3	24	89	1,152
3	24	94	4,219
3	24	99	2,135
3	24	100	8,967
3	34	2	4,634
3	34	4	4,834
3	34	7	1,041
3	34	18	2,158
3	34	23	8,277
3	34	24	5,223
3	34	37	5,51
3	34	44	10,36
3	34	45	2,477
3	34	51	7,403
3	34	65	7,63
3	34	74	5,173
3	34	79	3,068
3	34	83	12,004
3	34	84	13,643
3	34	88	5,9
3	34	89	4,529
3	34	94	26,167
3	34	99	4,944
3	34	100	2,447
3	37	2	10,342
3	37	4	5,998
3	37	7	4,754
3	37	18	1,747
3	37	23	9,388
3	37	24	3,701
3	37	34	5,428
3	37	44	5,118
3	37	45	10,333
3	37	51	1,814
3	37	65	1,583
3	37	74	0,571
3	37	79	2,341
3	37	83	8,737
3	37	84	13,505
3	37	88	0,654
3	37	89	1,742
3	37	94	1,189
3	37	99	7,387
3	37	100	3,252
3	44	2	11,778
3	44	4	0,875
3	44	7	3,347
3	44	18	4,051
3	44	23	16,815
3	44	24	1,934
3	44	34	2,283
3	44	37	1,192
3	44	45	0,713
3	44	51	3,218
3	44	65	7,512
3	44	74	3,027
3	44	79	13,487
3	44	83	4,872
3	44	84	7,625
3	44	88	4,316
3	44	89	1,786
3	44	94	1,631
3	44	99	2,801
3	44	100	4,156
3	45	2	0,681
3	45	4	1,528
3	45	7	4,704
3	45	18	4,628
3	45	23	2,23
3	45	24	5,939
3	45	34	4,243
3	45	37	1,711
3	45	44	1,886
3	45	51	1,008
3	45	65	2,589
3	45	74	24,047
3	45	79	2,25
3	45	83	7,959
3	45	84	0,898
3	45	88	0,787
3	45	89	2,024
3	45	94	36,508
3	45	99	17,288
3	45	100	4,148
3	51	2	1,116
3	51	4	15,757
3	51	7	2,297
3	51	18	3,609
3	51	23	1,092
3	51	24	2,89
3	51	34	19,439
3	51	37	1,078
3	51	44	1,089
3	51	45	10,934
3	51	65	2,922
3	51	74	12,866
3	51	79	6,779
3	51	83	7,831
3	51	84	3,076
3	51	88	10,319
3	51	89	5,16
3	51	94	6,635
3	51	99	3,02
3	51	100	8,224
3	65	2	13,015
3	65	4	12,698
3	65	7	1,573
3	65	18	0,782
3	65	23	12,582
3	65	24	4,638
3	65	34	3,641
3	65	37	3,625
3	65	44	8,003
3	65	45	2,584
3	65	51	10,195
3	65	74	3,945
3	65	79	6,178
3	65	83	7,944
3	65	84	0,782
3	65	88	3,069
3	65	89	3,413
3	65	94	2,833
3	65	99	7,032
3	65	100	4,996
3	74	2	5,181
3	74	4	6,555
3	74	7	0,741
3	74	18	4,625
3	74	23	12,32
3	74	24	33,119
3	74	34	6,622
3	74	37	18,136
3	74	44	3,459
3	74	45	32,988
3	74	51	0,67
3	74	65	4,112
3	74	79	12,702
3	74	83	2,966
3	74	84	15,417
3	74	88	12,995
3	74	89	5,987
3	74	94	1,026
3	74	99	2,062
3	74	100	4,208
3	79	2	12,708
3	79	4	9,639
3	79	7	3,231
3	79	18	3,907
3	79	23	1,325
3	79	24	0,813
3	79	34	2,099
3	79	37	13,308
3	79	44	7,518
3	79	45	2,147
3	79	51	6,751
3	79	65	3,245
3	79	74	1,906
3	79	83	5,187
3	79	84	27,882
3	79	88	7,624
3	79	89	11,556
3	79	94	16,105
3	79	99	5,753
3	79	100	0,99
3	83	2	18,378
3	83	4	1,772
3	83	7	14,756
3	83	18	1,871
3	83	23	4,666
3	83	24	15,507
3	83	34	0,886
3	83	37	17,547
3	83	44	0,632
3	83	45	7,715
3	83	51	5,849
3	83	65	2,889
3	83	74	6,823
3	83	79	4,382
3	83	84	11,726
3	83	88	5,072
3	83	89	0,983
3	83	94	7,384
3	83	99	21,343
3	83	100	61,625
3	84	2	2,28
3	84	4	7,876
3	84	7	3,35
3	84	18	0,576
3	84	23	3,819
3	84	24	5,432
3	84	34	10,505
3	84	37	0,884
3	84	44	6,803
3	84	45	11,973
3	84	51	0,605
3	84	65	0,544
3	84	74	2,965
3	84	79	33,388
3	84	83	1,349
3	84	88	8,211
3	84	89	13,966
3	84	94	5,718
3	84	99	4,159
3	84	100	3,451
3	88	2	21,14
3	88	4	3,433
3	88	7	7
3	88	18	2,889
3	88	23	4,427
3	88	24	23,726
3	88	34	0,586
3	88	37	7,084
3	88	44	7,45
3	88	45	7,186
3	88	51	6,348
3	88	65	11,753
3	88	74	4,126
3	88	79	10,905
3	88	83	5,546
3	88	84	2,012
3	88	89	23,589
3	88	94	24,06
3	88	99	18,358
3	88	100	5,319
3	89	2	3,122
3	89	4	28,208
3	89	7	2,606
3	89	18	1,296
3	89	23	2,625
3	89	24	1,68
3	89	34	5,755
3	89	37	3,203
3	89	44	6,608
3	89	45	1,331
3	89	51	0,573
3	89	65	2,361
3	89	74	7,897
3	89	79	5,675
3	89	83	1,052
3	89	84	29,746
3	89	88	13,612
3	89	94	2,316
3	89	99	4,817
3	89	100	11,347
3	94	2	2,371
3	94	4	4,113
3	94	7	23,77
3	94	18	8,823
3	94	23	3,53
3	94	24	11,803
3	94	34	1,952
3	94	37	4,431
3	94	44	10,312
3	94	45	3,798
3	94	51	5,099
3	94	65	7,833
3	94	74	7,274
3	94	79	1,286
3	94	83	3,914
3	94	84	14,21
3	94	88	3,423
3	94	89	20,868
3	94	99	0,875
3	94	100	3,021
3	99	2	11,206
3	99	4	9,129
3	99	7	2,634
3	99	18	0,977
3	99	23	6,58
3	99	24	8,016
3	99	34	1,831
3	99	37	8,602
3	99	44	2,31
3	99	45	1,819
3	99	51	0,978
3	99	65	8,678
3	99	74	6,279
3	99	79	2,208
3	99	83	3,027
3	99	84	8,863
3	99	88	2,193
3	99	89	13,818
3	99	94	1,465
3	99	100	10,719
3	100	2	9,567
3	100	4	9,344
3	100	7	1,175
3	100	18	8,991
3	100	23	0,904
3	100	24	7,812
3	100	34	1,43
3	100	37	3,433
3	100	44	6,023
3	100	45	16,328
3	100	51	0,643
3	100	65	1,589
3	100	74	7,145
3	100	79	6,09
3	100	83	1,881
3	100	84	1,615
3	100	88	4,429
3	100	89	2,475
3	100	94	4,818
3	100	99	3,851
4	1	5	1,014
4	1	12	2,718
4	1	13	9,356
4	1	35	2,224
4	1	37	4,739
4	1	47	4,981
4	1	53	1,957
4	1	54	3,014
4	1	62	3,254
4	1	73	2,588
4	1	76	2,962
4	1	80	0,898
4	1	91	3,427
4	5	1	1,88
4	5	12	23,708
4	5	13	24,454
4	5	35	8,26
4	5	37	3,034
4	5	47	2,756
4	5	53	3,049
4	5	54	0,62
4	5	62	8,123
4	5	73	0,612
4	5	76	13,828
4	5	80	3,782
4	5	91	1,109
4	12	1	3,547
4	12	5	2,289
4	12	13	14,605
4	12	35	2,867
4	12	37	9,963
4	12	47	0,629
4	12	53	3,307
4	12	54	1,884
4	12	62	30,203
4	12	73	9,07
4	12	76	2,054
4	12	80	9,929
4	12	91	8,877
4	13	1	4,07
4	13	5	7,5
4	13	12	13,832
4	13	35	9,989
4	13	37	3,787
4	13	47	35,477
4	13	53	1,393
4	13	54	0,841
4	13	62	12,253
4	13	73	5,807
4	13	76	3,774
4	13	80	36,986
4	13	91	1,463
4	35	1	3,497
4	35	5	6,681
4	35	12	11,134
4	35	13	10,899
4	35	37	2,923
4	35	47	4,098
4	35	53	0,752
4	35	54	10,672
4	35	62	1,863
4	35	73	24,14
4	35	76	1,443
4	35	80	16,072
4	35	91	9,909
4	37	1	1,158
4	37	5	9,034
4	37	12	1,705
4	37	13	15,426
4	37	35	2,867
4	37	47	3,211
4	37	53	2,21
4	37	54	20,007
4	37	62	1,322
4	37	73	7,516
4	37	76	0,721
4	37	80	2,336
4	37	91	1,187
4	47	1	20,32
4	47	5	24,46
4	47	12	1,754
4	47	13	23,27
4	47	35	3,653
4	47	37	15,3
4	47	53	20,967
4	47	54	10,403
4	47	62	14,236
4	47	73	20,288
4	47	76	11,771
4	47	80	2,075
4	47	91	1,216
4	53	1	2,889
4	53	5	6,818
4	53	12	2,971
4	53	13	0,557
4	53	35	10,89
4	53	37	9,352
4	53	47	3,946
4	53	54	7,677
4	53	62	91,715
4	53	73	5,13
4	53	76	19,09
4	53	80	2,583
4	53	91	3,978
4	54	1	1,369
4	54	5	0,621
4	54	12	7,466
4	54	13	0,648
4	54	35	2,009
4	54	37	3,766
4	54	47	10,189
4	54	53	1,814
4	54	62	12,819
4	54	73	4,449
4	54	76	6,986
4	54	80	10,837
4	54	91	4,726
4	62	1	1,197
4	62	5	0,882
4	62	12	2,802
4	62	13	2,297
4	62	35	4,511
4	62	37	2,48
4	62	47	2,023
4	62	53	1,511
4	62	54	4,884
4	62	73	7,407
4	62	76	23,735
4	62	80	7,307
4	62	91	1,292
4	73	1	1,956
4	73	5	3,887
4	73	12	8,583
4	73	13	13,714
4	73	35	1,442
4	73	37	1,204
4	73	47	20,788
4	73	53	3,3
4	73	54	7,941
4	73	62	2,592
4	73	76	5,863
4	73	80	4,583
4	73	91	5,873
4	76	1	42,088
4	76	5	4,392
4	76	12	4,482
4	76	13	1,756
4	76	35	7,083
4	76	37	8,844
4	76	47	6,915
4	76	53	4,57
4	76	54	2,71
4	76	62	1,359
4	76	73	3,84
4	76	80	15,585
4	76	91	5,552
4	80	1	46,235
4	80	5	11,442
4	80	12	2,063
4	80	13	3,024
4	80	35	2,659
4	80	37	7,858
4	80	47	2,449
4	80	53	7,134
4	80	54	11,343
4	80	62	10,629
4	80	73	1,116
4	80	76	18,616
4	80	91	6,944
4	91	1	2,117
4	91	5	21,021
4	91	12	2,474
4	91	13	1,735
4	91	35	8,606
4	91	37	0,756
4	91	47	2,096
4	91	53	1,409
4	91	54	6,482
4	91	62	2,382
4	91	73	0,787
4	91	76	21,412
4	91	80	2,733
5	2	8	5,13
5	2	14	9,959
5	2	16	8,072
5	2	17	4,867
5	2	25	9,676
5	2	26	3,118
5	2	29	2,935
5	2	34	1,398
5	2	38	5,898
5	2	43	0,609
5	2	46	6,185
5	2	48	0,727
5	2	49	7,066
5	2	50	2,454
5	2	51	1,141
5	2	54	0,542
5	2	55	4,108
5	2	62	5,005
5	2	63	9,969
5	2	67	9,967
5	2	72	15,969
5	2	80	16,104
5	2	82	20,625
5	2	87	4,232
5	2	97	10,569
5	2	98	1,421
5	8	2	2,992
5	8	14	3,141
5	8	16	2,873
5	8	17	24,755
5	8	25	18,302
5	8	26	24,521
5	8	29	3,244
5	8	34	0,656
5	8	38	0,757
5	8	43	14,493
5	8	46	2,862
5	8	48	3,874
5	8	49	1,629
5	8	50	10,467
5	8	51	5,578
5	8	54	13,658
5	8	55	2,624
5	8	62	1,705
5	8	63	14,684
5	8	67	3,833
5	8	72	1,195
5	8	80	12,469
5	8	82	1,681
5	8	87	2,899
5	8	97	1,145
5	8	98	6,326
5	14	2	3,82
5	14	8	3,801
5	14	16	4,343
5	14	17	2,158
5	14	25	1,785
5	14	26	0,755
5	14	29	20,445
5	14	34	29,409
5	14	38	5,79
5	14	43	1,524
5	14	46	13,93
5	14	48	3,28
5	14	49	2,859
5	14	50	2,173
5	14	51	17,372
5	14	54	3,551
5	14	55	23,152
5	14	62	2,478
5	14	63	8,506
5	14	67	0,597
5	14	72	11,165
5	14	80	5,051
5	14	82	1,125
5	14	87	1,197
5	14	97	6,015
5	14	98	4,707
5	16	2	1,988
5	16	8	5,39
5	16	14	1,952
5	16	17	9,872
5	16	25	6,461
5	16	26	1,262
5	16	29	0,52
5	16	34	2,925
5	16	38	14,97
5	16	43	3,7
5	16	46	4,221
5	16	48	1,135
5	16	49	5,164
5	16	50	0,967
5	16	51	2,114
5	16	54	20,555
5	16	55	1,31
5	16	62	18,127
5	16	63	10,905
5	16	67	3,789
5	16	72	2,058
5	16	80	2,665
5	16	82	2,097
5	16	87	7,106
5	16	97	1,533
5	16	98	0,949
5	17	2	7,826
5	17	8	1,142
5	17	14	5,398
5	17	16	8,762
5	17	25	1,514
5	17	26	12,301
5	17	29	8
5	17	34	3,275
5	17	38	16,976
5	17	43	7,667
5	17	46	11,596
5	17	48	2,496
5	17	49	12,414
5	17	50	1,995
5	17	51	0,614
5	17	54	6,267
5	17	55	1,693
5	17	62	0,748
5	17	63	7,548
5	17	67	7,09
5	17	72	1,821
5	17	80	2,589
5	17	82	0,704
5	17	87	3,482
5	17	97	5,93
5	17	98	2,555
5	25	2	12,549
5	25	8	4,14
5	25	14	6,644
5	25	16	1,604
5	25	17	11,422
5	25	26	4,406
5	25	29	2,762
5	25	34	1,505
5	25	38	2,584
5	25	43	4,01
5	25	46	3,314
5	25	48	7,524
5	25	49	6,069
5	25	50	4,999
5	25	51	4,829
5	25	54	17,018
5	25	55	4,603
5	25	62	10,372
5	25	63	1,318
5	25	67	4,403
5	25	72	7,413
5	25	80	14,825
5	25	82	3,433
5	25	87	17
5	25	97	9,51
5	25	98	5,218
5	26	2	0,685
5	26	8	7,027
5	26	14	3,746
5	26	16	1,328
5	26	17	22,739
5	26	25	0,942
5	26	29	2,296
5	26	34	10,223
5	26	38	2,992
5	26	43	21,668
5	26	46	7,842
5	26	48	2,722
5	26	49	0,869
5	26	50	4,401
5	26	51	1,125
5	26	54	1,165
5	26	55	9,313
5	26	62	4,105
5	26	63	12,849
5	26	67	5,595
5	26	72	1,237
5	26	80	1,846
5	26	82	29,577
5	26	87	7,854
5	26	97	1,549
5	26	98	4,191
5	29	2	2,89
5	29	8	6,743
5	29	14	18,4
5	29	16	10,902
5	29	17	0,798
5	29	25	4,466
5	29	26	1,46
5	29	34	7,549
5	29	38	4,456
5	29	43	15,792
5	29	46	4,663
5	29	48	15,949
5	29	49	0,839
5	29	50	2,868
5	29	51	26,497
5	29	54	3,912
5	29	55	1,764
5	29	62	12,693
5	29	63	12,779
5	29	67	2,472
5	29	72	1,003
5	29	80	4,631
5	29	82	3,024
5	29	87	2,088
5	29	97	7,461
5	29	98	15,51
5	34	2	1,875
5	34	8	1,252
5	34	14	5,738
5	34	16	7,129
5	34	17	34,471
5	34	25	8,946
5	34	26	0,715
5	34	29	0,811
5	34	38	30,955
5	34	43	13,066
5	34	46	2,096
5	34	48	2,916
5	34	49	12,009
5	34	50	3,959
5	34	51	6,603
5	34	54	19,484
5	34	55	1,503
5	34	62	8,326
5	34	63	2,629
5	34	67	6,39
5	34	72	0,727
5	34	80	4,75
5	34	82	0,971
5	34	87	5,435
5	34	97	14,443
5	34	98	1,32
5	38	2	1,073
5	38	8	2,913
5	38	14	6,961
5	38	16	1,189
5	38	17	2,94
5	38	25	2,96
5	38	26	1,875
5	38	29	9,92
5	38	34	9,905
5	38	43	3,122
5	38	46	10,092
5	38	48	8,225
5	38	49	11,953
5	38	50	5,499
5	38	51	7,438
5	38	54	1,758
5	38	55	0,952
5	38	62	14,486
5	38	63	4,191
5	38	67	4,226
5	38	72	9,05
5	38	80	6,945
5	38	82	15,934
5	38	87	7,149
5	38	97	8,607
5	38	98	0,655
5	43	2	1,468
5	43	8	3,736
5	43	14	3,209
5	43	16	29,257
5	43	17	12,476
5	43	25	5,825
5	43	26	3,028
5	43	29	7,065
5	43	34	12,684
5	43	38	7,445
5	43	46	3,23
5	43	48	2,613
5	43	49	1,403
5	43	50	0,818
5	43	51	8,598
5	43	54	4,873
5	43	55	5,772
5	43	62	19,166
5	43	63	2,054
5	43	67	6,396
5	43	72	16,343
5	43	80	0,53
5	43	82	7,741
5	43	87	0,994
5	43	97	0,964
5	43	98	3,779
5	46	2	7,166
5	46	8	5,899
5	46	14	7,894
5	46	16	1,132
5	46	17	2,627
5	46	25	4,12
5	46	26	2,242
5	46	29	1,141
5	46	34	2,471
5	46	38	2,254
5	46	43	1,128
5	46	48	24,392
5	46	49	4,402
5	46	50	8,654
5	46	51	1,624
5	46	54	0,504
5	46	55	10,701
5	46	62	5,916
5	46	63	5,328
5	46	67	2,494
5	46	72	4,542
5	46	80	9,299
5	46	82	9,115
5	46	87	6,837
5	46	97	11,467
5	46	98	2,915
5	48	2	13,473
5	48	8	13,513
5	48	14	1,449
5	48	16	1,344
5	48	17	1,801
5	48	25	16,576
5	48	26	14,534
5	48	29	8,979
5	48	34	7,058
5	48	38	5,556
5	48	43	2,776
5	48	46	7,762
5	48	49	10,575
5	48	50	2,969
5	48	51	7,378
5	48	54	2,905
5	48	55	0,685
5	48	62	7,595
5	48	63	6,734
5	48	67	2,518
5	48	72	1,346
5	48	80	0,849
5	48	82	5,787
5	48	87	1,197
5	48	97	6,355
5	48	98	7,998
5	49	2	2,577
5	49	8	0,995
5	49	14	4,251
5	49	16	2,209
5	49	17	1,143
5	49	25	6,424
5	49	26	4,984
5	49	29	14,415
5	49	34	1,542
5	49	38	0,817
5	49	43	2,645
5	49	46	12,568
5	49	48	17,699
5	49	50	22,742
5	49	51	10,888
5	49	54	3,739
5	49	55	5,819
5	49	62	20,761
5	49	63	4,094
5	49	67	1,157
5	49	72	2,09
5	49	80	30,441
5	49	82	2,487
5	49	87	0,788
5	49	97	19,828
5	49	98	7,525
5	50	2	13,895
5	50	8	13,098
5	50	14	4,102
5	50	16	19,569
5	50	17	2,756
5	50	25	3,145
5	50	26	5,741
5	50	29	2,123
5	50	34	7,209
5	50	38	11,84
5	50	43	0,728
5	50	46	14,659
5	50	48	4,428
5	50	49	0,927
5	50	51	0,824
5	50	54	0,609
5	50	55	9,087
5	50	62	12,463
5	50	63	2,261
5	50	67	1,745
5	50	72	13,223
5	50	80	0,609
5	50	82	7,66
5	50	87	4,153
5	50	97	17,17
5	50	98	2,19
5	51	2	18,535
5	51	8	3,73
5	51	14	6,81
5	51	16	2,543
5	51	17	6,036
5	51	25	2,605
5	51	26	2,274
5	51	29	12,335
5	51	34	0,677
5	51	38	1,181
5	51	43	0,511
5	51	46	4,007
5	51	48	6,903
5	51	49	4,486
5	51	50	2,333
5	51	54	10,4
5	51	55	8,121
5	51	62	1,022
5	51	63	4,478
5	51	67	2,999
5	51	72	10,525
5	51	80	1,361
5	51	82	3,4
5	51	87	6,866
5	51	97	4,223
5	51	98	3,083
5	54	2	4,724
5	54	8	8,232
5	54	14	13,699
5	54	16	4,507
5	54	17	1,265
5	54	25	3,467
5	54	26	3,195
5	54	29	5,653
5	54	34	2,09
5	54	38	1,277
5	54	43	11,877
5	54	46	8,296
5	54	48	16,754
5	54	49	14,275
5	54	50	2,202
5	54	51	6,693
5	54	55	2,333
5	54	62	12,88
5	54	63	4,801
5	54	67	4,657
5	54	72	1,403
5	54	80	4,292
5	54	82	0,948
5	54	87	2,293
5	54	97	0,955
5	54	98	1,111
5	55	2	7,37
5	55	8	12,194
5	55	14	23,141
5	55	16	18,421
5	55	17	1,993
5	55	25	3,828
5	55	26	4,242
5	55	29	6,818
5	55	34	0,744
5	55	38	3,9
5	55	43	16,082
5	55	46	1,733
5	55	48	35,242
5	55	49	3,483
5	55	50	4,502
5	55	51	15,395
5	55	54	0,72
5	55	62	8,533
5	55	63	2,018
5	55	67	0,813
5	55	72	2,317
5	55	80	1,258
5	55	82	1,612
5	55	87	1,474
5	55	97	4,518
5	55	98	3,781
5	62	2	1,772
5	62	8	1,215
5	62	14	10,282
5	62	16	0,787
5	62	17	10,483
5	62	25	5,237
5	62	26	5,813
5	62	29	18,791
5	62	34	1,801
5	62	38	0,714
5	62	43	4,55
5	62	46	8,32
5	62	48	6,051
5	62	49	0,612
5	62	50	15,802
5	62	51	1,836
5	62	54	19,649
5	62	55	3,158
5	62	63	4,268
5	62	67	3,887
5	62	72	9,152
5	62	80	4,158
5	62	82	12,643
5	62	87	0,609
5	62	97	5,191
5	62	98	14,482
5	63	2	20,959
5	63	8	30,327
5	63	14	2,723
5	63	16	2,525
5	63	17	6,067
5	63	25	23,706
5	63	26	28,643
5	63	29	14,125
5	63	34	3,996
5	63	38	3,072
5	63	43	18,321
5	63	46	3,703
5	63	48	6,856
5	63	49	5,795
5	63	50	4,968
5	63	51	15,293
5	63	54	3,365
5	63	55	5,075
5	63	62	3,469
5	63	67	6,002
5	63	72	4,31
5	63	80	23,265
5	63	82	1,71
5	63	87	1,056
5	63	97	3,257
5	63	98	12,267
5	67	2	16,001
5	67	8	1,534
5	67	14	9,604
5	67	16	3,079
5	67	17	0,693
5	67	25	7,07
5	67	26	6,683
5	67	29	1,068
5	67	34	4,251
5	67	38	9,535
5	67	43	2,905
5	67	46	14,978
5	67	48	4,042
5	67	49	1,334
5	67	50	5,079
5	67	51	18,382
5	67	54	10,998
5	67	55	7,424
5	67	62	17,01
5	67	63	16,833
5	67	72	20,859
5	67	80	10,333
5	67	82	4,77
5	67	87	4,755
5	67	97	13,008
5	67	98	2,578
5	72	2	0,636
5	72	8	1,895
5	72	14	5,465
5	72	16	0,713
5	72	17	4,254
5	72	25	1,15
5	72	26	0,686
5	72	29	1,105
5	72	34	6,353
5	72	38	19,726
5	72	43	2,043
5	72	46	1,556
5	72	48	7,703
5	72	49	1,562
5	72	50	7,488
5	72	51	10,756
5	72	54	4,089
5	72	55	7,656
5	72	62	1,021
5	72	63	2,629
5	72	67	0,536
5	72	80	2,32
5	72	82	11,109
5	72	87	4,202
5	72	97	16,404
5	72	98	1,746
5	80	2	2,199
5	80	8	24,111
5	80	14	4,861
5	80	16	6,834
5	80	17	2,257
5	80	25	11,454
5	80	26	12,038
5	80	29	8,702
5	80	34	1,916
5	80	38	2,037
5	80	43	12,357
5	80	46	3,68
5	80	48	7,804
5	80	49	5,285
5	80	50	14,049
5	80	51	4,591
5	80	54	0,964
5	80	55	0,883
5	80	62	8,456
5	80	63	5,098
5	80	67	6,268
5	80	72	1,637
5	80	82	4,767
5	80	87	3,502
5	80	97	10,489
5	80	98	2,917
5	82	2	18,97
5	82	8	10,808
5	82	14	3,585
5	82	16	2,404
5	82	17	1,996
5	82	25	2,552
5	82	26	0,895
5	82	29	1,173
5	82	34	7,467
5	82	38	5,149
5	82	43	3,658
5	82	46	7,183
5	82	48	2,337
5	82	49	2,699
5	82	50	4,085
5	82	51	2,621
5	82	54	1,9
5	82	55	5,165
5	82	62	2,515
5	82	63	1,538
5	82	67	3,271
5	82	72	0,667
5	82	80	9,975
5	82	87	2,757
5	82	97	22,533
5	82	98	2,866
5	87	2	5,751
5	87	8	4,132
5	87	14	1,59
5	87	16	4,342
5	87	17	8,928
5	87	25	1,455
5	87	26	1,745
5	87	29	3,877
5	87	34	8,8
5	87	38	3,349
5	87	43	24,92
5	87	46	1,287
5	87	48	18,779
5	87	49	18,609
5	87	50	7,11
5	87	51	6,812
5	87	54	1,457
5	87	55	1,112
5	87	62	1,168
5	87	63	0,627
5	87	67	9,231
5	87	72	13,41
5	87	80	8,643
5	87	82	14,712
5	87	97	0,731
5	87	98	3,733
5	97	2	2,408
5	97	8	7,209
5	97	14	7,082
5	97	16	0,644
5	97	17	1,299
5	97	25	7,686
5	97	26	32,3
5	97	29	5,081
5	97	34	4,206
5	97	38	2,857
5	97	43	13,731
5	97	46	6,397
5	97	48	0,698
5	97	49	8,824
5	97	50	6,976
5	97	51	8,339
5	97	54	6,975
5	97	55	4,06
5	97	62	22,627
5	97	63	7,795
5	97	67	5,205
5	97	72	1,004
5	97	80	0,818
5	97	82	8,48
5	97	87	8,354
5	97	98	7,643
5	98	2	4,532
5	98	8	1,48
5	98	14	2,263
5	98	16	6,482
5	98	17	1,706
5	98	25	16,356
5	98	26	24,192
5	98	29	21,441
5	98	34	15,578
5	98	38	5,394
5	98	43	2,691
5	98	46	5,542
5	98	48	0,98
5	98	49	1,316
5	98	50	6,42
5	98	51	14,159
5	98	54	0,637
5	98	55	2,421
5	98	62	3,774
5	98	63	20,99
5	98	67	8,892
5	98	72	19,987
5	98	80	4,32
5	98	82	1,005
5	98	87	2,278
5	98	97	3,814
6	6	7	8,968
6	6	10	6,538
6	6	13	7,096
6	6	14	0,685
6	6	15	2,839
6	6	21	6,204
6	6	22	4,269
6	6	31	3,051
6	6	33	5,607
6	6	35	16,348
6	6	36	2,984
6	6	41	2,471
6	6	51	2,025
6	6	58	22,621
6	6	60	4,272
6	6	65	4,495
6	6	69	18,684
6	6	70	5,069
6	6	74	1,046
6	6	77	7,627
6	6	81	2,597
6	6	84	1,197
6	6	86	9,808
6	6	93	7,085
6	6	95	2,552
6	6	96	5,083
6	7	6	3,843
6	7	10	0,787
6	7	13	2,722
6	7	14	0,896
6	7	15	8,174
6	7	21	1,676
6	7	22	2,776
6	7	31	12,4
6	7	33	0,678
6	7	35	1,177
6	7	36	11,716
6	7	41	1,943
6	7	51	31,74
6	7	58	1,075
6	7	60	7,936
6	7	65	0,944
6	7	69	3,48
6	7	70	10,435
6	7	74	3,486
6	7	77	0,754
6	7	81	15,226
6	7	84	0,555
6	7	86	0,871
6	7	93	5,128
6	7	95	2,299
6	7	96	12,957
6	10	6	8,594
6	10	7	12,917
6	10	13	6,611
6	10	14	6,766
6	10	15	6,506
6	10	21	4,898
6	10	22	5,041
6	10	31	19,434
6	10	33	4,932
6	10	35	5,634
6	10	36	18,887
6	10	41	7,566
6	10	51	1,456
6	10	58	0,686
6	10	60	11,11
6	10	65	10,49
6	10	69	1,598
6	10	70	12,68
6	10	74	16,339
6	10	77	3,152
6	10	81	1,929
6	10	84	7,074
6	10	86	14,023
6	10	93	1,209
6	10	95	10,115
6	10	96	13,413
6	13	6	0,851
6	13	7	3,103
6	13	10	1,925
6	13	14	1,168
6	13	15	15,843
6	13	21	1,089
6	13	22	1,394
6	13	31	4,234
6	13	33	7,507
6	13	35	6,044
6	13	36	3,579
6	13	41	14,345
6	13	51	1,022
6	13	58	4,53
6	13	60	3,554
6	13	65	3,552
6	13	69	9,593
6	13	70	49,83
6	13	74	3,058
6	13	77	2,003
6	13	81	3,43
6	13	84	4,991
6	13	86	0,519
6	13	93	9,387
6	13	95	11,39
6	13	96	9,464
6	14	6	3,182
6	14	7	0,7
6	14	10	11,676
6	14	13	13,391
6	14	15	19,091
6	14	21	6,966
6	14	22	0,541
6	14	31	1,652
6	14	33	4,179
6	14	35	3,548
6	14	36	1,88
6	14	41	5,645
6	14	51	5,278
6	14	58	11,067
6	14	60	33,218
6	14	65	34,669
6	14	69	8,665
6	14	70	3,558
6	14	74	2,523
6	14	77	5,558
6	14	81	0,565
6	14	84	4,466
6	14	86	5,592
6	14	93	9,615
6	14	95	4,419
6	14	96	16,089
6	15	6	14,244
6	15	7	1,11
6	15	10	2,146
6	15	13	2,907
6	15	14	7,617
6	15	21	3,998
6	15	22	2,389
6	15	31	5,887
6	15	33	12,238
6	15	35	4,24
6	15	36	3,824
6	15	41	9,962
6	15	51	6,541
6	15	58	4,999
6	15	60	2,486
6	15	65	13,519
6	15	69	1,645
6	15	70	1,769
6	15	74	29,258
6	15	77	6,619
6	15	81	7,48
6	15	84	1,172
6	15	86	2,525
6	15	93	11,106
6	15	95	5,109
6	15	96	12,114
6	21	6	4,153
6	21	7	2,716
6	21	10	1,497
6	21	13	5,106
6	21	14	2,662
6	21	15	3,686
6	21	22	5,719
6	21	31	6,282
6	21	33	2,951
6	21	35	17,277
6	21	36	5,743
6	21	41	7,735
6	21	51	4,074
6	21	58	1,247
6	21	60	6,244
6	21	65	11,052
6	21	69	2,118
6	21	70	4,643
6	21	74	12,522
6	21	77	5,846
6	21	81	6,346
6	21	84	1,052
6	21	86	3,335
6	21	93	15,881
6	21	95	0,696
6	21	96	6,603
6	22	6	18,87
6	22	7	6,114
6	22	10	9,24
6	22	13	10,616
6	22	14	4,731
6	22	15	1,377
6	22	21	1,248
6	22	31	2,718
6	22	33	17,386
6	22	35	1,899
6	22	36	1,816
6	22	41	0,528
6	22	51	22,805
6	22	58	1,712
6	22	60	2,942
6	22	65	18,636
6	22	69	12,844
6	22	70	4,189
6	22	74	0,567
6	22	77	16,144
6	22	81	1,014
6	22	84	9,454
6	22	86	7,755
6	22	93	5,801
6	22	95	1,605
6	22	96	16,341
6	31	6	4,43
6	31	7	4,478
6	31	10	1,699
6	31	13	3,817
6	31	14	4,621
6	31	15	4,673
6	31	21	6,285
6	31	22	16,812
6	31	33	4,562
6	31	35	19,657
6	31	36	0,634
6	31	41	2,908
6	31	51	10,848
6	31	58	0,602
6	31	60	2,951
6	31	65	8,974
6	31	69	2,885
6	31	70	3,204
6	31	74	5,445
6	31	77	11,953
6	31	81	6,474
6	31	84	5,807
6	31	86	1,65
6	31	93	3,469
6	31	95	3,05
6	31	96	13,124
6	33	6	0,524
6	33	7	0,867
6	33	10	11,868
6	33	13	4,39
6	33	14	13,034
6	33	15	3,671
6	33	21	1,042
6	33	22	14,685
6	33	31	12,256
6	33	35	3,701
6	33	36	3,565
6	33	41	1,51
6	33	51	4,1
6	33	58	2,435
6	33	60	4,616
6	33	65	2,354
6	33	69	17,112
6	33	70	3,317
6	33	74	9,409
6	33	77	10,26
6	33	81	6,424
6	33	84	2,002
6	33	86	6,909
6	33	93	1,241
6	33	95	6,042
6	33	96	5,745
6	35	6	1,296
6	35	7	4,048
6	35	10	16,579
6	35	13	17,922
6	35	14	7,725
6	35	15	8,053
6	35	21	4,295
6	35	22	9,599
6	35	31	7,74
6	35	33	0,541
6	35	36	3,824
6	35	41	7,666
6	35	51	5,437
6	35	58	1,913
6	35	60	0,508
6	35	65	6,804
6	35	69	18,771
6	35	70	6,304
6	35	74	3,175
6	35	77	2,71
6	35	81	0,703
6	35	84	11,893
6	35	86	12,512
6	35	93	2,982
6	35	95	1,076
6	35	96	2,873
6	36	6	5,936
6	36	7	6,51
6	36	10	9,833
6	36	13	5,431
6	36	14	16,873
6	36	15	7,752
6	36	21	4,756
6	36	22	3,099
6	36	31	0,579
6	36	33	11,592
6	36	35	2,479
6	36	41	11,704
6	36	51	0,616
6	36	58	23,148
6	36	60	18,466
6	36	65	4,15
6	36	69	13,041
6	36	70	2,243
6	36	74	4,637
6	36	77	5,932
6	36	81	6,309
6	36	84	7,319
6	36	86	3,028
6	36	93	15,076
6	36	95	4,815
6	36	96	0,523
6	41	6	0,781
6	41	7	6,933
6	41	10	13,051
6	41	13	1,999
6	41	14	6,88
6	41	15	6,873
6	41	21	12,488
6	41	22	5,824
6	41	31	5,046
6	41	33	9,593
6	41	35	8,552
6	41	36	11,579
6	41	51	7,057
6	41	58	35,711
6	41	60	2,97
6	41	65	1,215
6	41	69	1,749
6	41	70	0,789
6	41	74	0,543
6	41	77	2,799
6	41	81	1,267
6	41	84	0,883
6	41	86	0,737
6	41	93	10,754
6	41	95	8,51
6	41	96	4,002
6	51	6	2,126
6	51	7	26,401
6	51	10	0,615
6	51	13	4,972
6	51	14	2,415
6	51	15	1,431
6	51	21	9,742
6	51	22	4,401
6	51	31	5,074
6	51	33	11,449
6	51	35	10,367
6	51	36	4,356
6	51	41	0,662
6	51	58	4,856
6	51	60	2,709
6	51	65	15,134
6	51	69	3,951
6	51	70	6,085
6	51	74	9,198
6	51	77	31,136
6	51	81	4,161
6	51	84	17,936
6	51	86	17,654
6	51	93	17,021
6	51	95	4,057
6	51	96	1,678
6	58	6	1,798
6	58	7	5,175
6	58	10	12,483
6	58	13	16,343
6	58	14	4,886
6	58	15	3,109
6	58	21	6,934
6	58	22	2,203
6	58	31	1,397
6	58	33	2,698
6	58	35	5,888
6	58	36	0,683
6	58	41	5,888
6	58	51	7,86
6	58	60	1,648
6	58	65	1,868
6	58	69	0,695
6	58	70	1,021
6	58	74	1,533
6	58	77	25,826
6	58	81	1,558
6	58	84	3,023
6	58	86	2,037
6	58	93	12,791
6	58	95	0,833
6	58	96	1,087
6	60	6	3,106
6	60	7	4,667
6	60	10	15,959
6	60	13	0,997
6	60	14	5,583
6	60	15	7,501
6	60	21	6,03
6	60	22	0,654
6	60	31	8,7
6	60	33	13,031
6	60	35	7,149
6	60	36	2,268
6	60	41	4,966
6	60	51	17,715
6	60	58	0,966
6	60	65	6,206
6	60	69	1,56
6	60	70	1,975
6	60	74	1,918
6	60	77	5,592
6	60	81	11,118
6	60	84	12,22
6	60	86	3,105
6	60	93	0,543
6	60	95	11,517
6	60	96	2,625
6	65	6	0,517
6	65	7	1,186
6	65	10	3,865
6	65	13	8,215
6	65	14	3,773
6	65	15	10,818
6	65	21	5,428
6	65	22	0,953
6	65	31	4,557
6	65	33	7,064
6	65	35	1,42
6	65	36	3,267
6	65	41	0,6
6	65	51	1,363
6	65	58	3,208
6	65	60	14,745
6	65	69	2,55
6	65	70	2,519
6	65	74	2,377
6	65	77	11,365
6	65	81	0,849
6	65	84	2,765
6	65	86	1,98
6	65	93	3,008
6	65	95	0,65
6	65	96	23,426
6	69	6	2,179
6	69	7	1,345
6	69	10	4,04
6	69	13	4,143
6	69	14	11,793
6	69	15	1,215
6	69	21	3,695
6	69	22	6,271
6	69	31	0,942
6	69	33	15,978
6	69	35	13,989
6	69	36	14,052
6	69	41	8,292
6	69	51	3,118
6	69	58	20,346
6	69	60	3,426
6	69	65	4,071
6	69	70	12,428
6	69	74	1,598
6	69	77	11,067
6	69	81	2,069
6	69	84	3,132
6	69	86	20,424
6	69	93	0,757
6	69	95	2,129
6	69	96	15,261
6	70	6	13,271
6	70	7	1,844
6	70	10	4,067
6	70	13	1,547
6	70	14	1,157
6	70	15	1,566
6	70	21	13,379
6	70	22	4,627
6	70	31	11,04
6	70	33	0,876
6	70	35	18,632
6	70	36	4,674
6	70	41	0,876
6	70	51	1,203
6	70	58	12,334
6	70	60	12,05
6	70	65	2,058
6	70	69	7,703
6	70	74	5,167
6	70	77	3,981
6	70	81	1,79
6	70	84	6,955
6	70	86	4,609
6	70	93	13,748
6	70	95	10,344
6	70	96	7,666
6	74	6	0,755
6	74	7	2,511
6	74	10	6,538
6	74	13	8,434
6	74	14	18,919
6	74	15	7,461
6	74	21	4,467
6	74	22	3,65
6	74	31	10,401
6	74	33	0,972
6	74	35	1,868
6	74	36	4,032
6	74	41	3,7
6	74	51	6,63
6	74	58	1,951
6	74	60	5,49
6	74	65	1,189
6	74	69	9,645
6	74	70	11,846
6	74	77	6,17
6	74	81	2,422
6	74	84	1,513
6	74	86	5,083
6	74	93	3,038
6	74	95	2,097
6	74	96	5,768
6	77	6	2,503
6	77	7	2,765
6	77	10	8,416
6	77	13	2,542
6	77	14	3,046
6	77	15	1,158
6	77	21	1,586
6	77	22	1,424
6	77	31	4,945
6	77	33	12,698
6	77	35	5,614
6	77	36	4,151
6	77	41	9,257
6	77	51	1,149
6	77	58	2,201
6	77	60	1,162
6	77	65	1,003
6	77	69	1,409
6	77	70	19,234
6	77	74	2,299
6	77	81	6,329
6	77	84	1,417
6	77	86	70,127
6	77	93	2,087
6	77	95	1,973
6	77	96	6,105
6	81	6	2,42
6	81	7	26,92
6	81	10	3,727
6	81	13	2,565
6	81	14	4,555
6	81	15	8,286
6	81	21	2,094
6	81	22	1,394
6	81	31	0,953
6	81	33	2,248
6	81	35	1,199
6	81	36	1,768
6	81	41	3,241
6	81	51	1,117
6	81	58	9,274
6	81	60	10,035
6	81	65	11,765
6	81	69	9,013
6	81	70	0,676
6	81	74	8,4
6	81	77	3,083
6	81	84	7,29
6	81	86	13,372
6	81	93	6,768
6	81	95	9,127
6	81	96	1,982
6	84	6	12,887
6	84	7	7,943
6	84	10	4,848
6	84	13	2,934
6	84	14	1,198
6	84	15	17,528
6	84	21	3,96
6	84	22	0,744
6	84	31	2,252
6	84	33	1,297
6	84	35	1,842
6	84	36	4,068
6	84	41	20,655
6	84	51	1,036
6	84	58	13,902
6	84	60	0,922
6	84	65	4,943
6	84	69	2,044
6	84	70	4,806
6	84	74	9,69
6	84	77	0,709
6	84	81	5,499
6	84	86	6,225
6	84	93	15,045
6	84	95	1,823
6	84	96	6,862
6	86	6	18,961
6	86	7	0,777
6	86	10	2,411
6	86	13	7,187
6	86	14	15,07
6	86	15	44,451
6	86	21	3,198
6	86	22	1,541
6	86	31	3,011
6	86	33	3,771
6	86	35	0,635
6	86	36	6,306
6	86	41	24,183
6	86	51	15,615
6	86	58	17,301
6	86	60	15,563
6	86	65	4,129
6	86	69	8,499
6	86	70	4,102
6	86	74	9,168
6	86	77	3,587
6	86	81	1,203
6	86	84	12,441
6	86	93	4,559
6	86	95	9,65
6	86	96	13,992
6	93	6	1,905
6	93	7	17,23
6	93	10	15,867
6	93	13	2,733
6	93	14	2,135
6	93	15	9,155
6	93	21	2,563
6	93	22	4,127
6	93	31	4,186
6	93	33	3,835
6	93	35	1,67
6	93	36	7,871
6	93	41	29,761
6	93	51	4,299
6	93	58	0,752
6	93	60	1,664
6	93	65	18,854
6	93	69	26,875
6	93	70	1,628
6	93	74	0,914
6	93	77	5,666
6	93	81	1,075
6	93	84	2,521
6	93	86	4,227
6	93	95	1,322
6	93	96	15,51
6	95	6	4,492
6	95	7	0,776
6	95	10	9,777
6	95	13	11,854
6	95	14	1,637
6	95	15	7,066
6	95	21	4,424
6	95	22	1,225
6	95	31	10,169
6	95	33	0,942
6	95	35	1,124
6	95	36	10,856
6	95	41	28,184
6	95	51	6,031
6	95	58	2,774
6	95	60	1,713
6	95	65	5,644
6	95	69	3,742
6	95	70	5,847
6	95	74	1,481
6	95	77	0,846
6	95	81	5,617
6	95	84	2,909
6	95	86	1,82
6	95	93	16,672
6	95	96	2,185
6	96	6	1,496
6	96	7	4,266
6	96	10	6,165
6	96	13	1,453
6	96	14	2,974
6	96	15	8,232
6	96	21	9,58
6	96	22	1,351
6	96	31	2,985
6	96	33	0,7
6	96	35	2,849
6	96	36	4,447
6	96	41	0,858
6	96	51	9,735
6	96	58	9,259
6	96	60	0,54
6	96	65	1,384
6	96	69	6,029
6	96	70	1,028
6	96	74	11,725
6	96	77	6,781
6	96	81	11,06
6	96	84	2,073
6	96	86	10,652
6	96	93	1,737
6	96	95	1,25
7	5	8	10,011
7	5	20	2,212
7	5	23	10,883
7	5	28	9,439
7	5	30	1,082
7	5	38	0,609
7	5	40	15,396
7	5	52	5,89
7	5	71	2,139
7	5	80	10,765
7	5	85	9,805
7	5	89	2,457
7	5	98	0,77
7	8	5	12,472
7	8	20	3,236
7	8	23	3,497
7	8	28	44,485
7	8	30	7,357
7	8	38	2,478
7	8	40	3,629
7	8	52	10,322
7	8	71	5,817
7	8	80	2,823
7	8	85	1,933
7	8	89	1,776
7	8	98	1,742
7	20	5	4,04
7	20	8	4,141
7	20	23	34,201
7	20	28	1,963
7	20	30	4,479
7	20	38	0,626
7	20	40	1,137
7	20	52	1,983
7	20	71	4,765
7	20	80	14,862
7	20	85	3,767
7	20	89	21,099
7	20	98	7,523
7	23	5	6,157
7	23	8	1,25
7	23	20	0,629
7	23	28	1,166
7	23	30	0,523
7	23	38	1,997
7	23	40	12,631
7	23	52	1,056
7	23	71	1,721
7	23	80	3,342
7	23	85	0,618
7	23	89	2,862
7	23	98	4,1
7	28	5	7,514
7	28	8	12,921
7	28	20	3,311
7	28	23	9,149
7	28	30	6,522
7	28	38	2,67
7	28	40	4,614
7	28	52	6,624
7	28	71	4,766
7	28	80	18,342
7	28	85	14,077
7	28	89	10,794
7	28	98	14,834
7	30	5	21,609
7	30	8	1,347
7	30	20	1,075
7	30	23	2,982
7	30	28	0,921
7	30	38	1,887
7	30	40	1,922
7	30	52	3,703
7	30	71	2,933
7	30	80	6,311
7	30	85	8,222
7	30	89	1,509
7	30	98	2,197
7	38	5	1,124
7	38	8	5,066
7	38	20	3,852
7	38	23	3,928
7	38	28	1,406
7	38	30	6,87
7	38	40	6,972
7	38	52	2,422
7	38	71	1,453
7	38	80	9,441
7	38	85	3,036
7	38	89	13,136
7	38	98	4,626
7	40	5	11,051
7	40	8	20,665
7	40	20	7,403
7	40	23	5,02
7	40	28	23,754
7	40	30	0,561
7	40	38	3,083
7	40	52	1,511
7	40	71	23,758
7	40	80	3,015
7	40	85	6,192
7	40	89	1,959
7	40	98	0,515
7	52	5	1,867
7	52	8	3,051
7	52	20	2,302
7	52	23	2,386
7	52	28	5,139
7	52	30	8,552
7	52	38	1,683
7	52	40	2,21
7	52	71	2,268
7	52	80	18,503
7	52	85	3,757
7	52	89	7,959
7	52	98	11,547
7	71	5	4,058
7	71	8	12,906
7	71	20	1,228
7	71	23	9,658
7	71	28	15,531
7	71	30	27,499
7	71	38	16,359
7	71	40	21,595
7	71	52	2,155
7	71	80	9,088
7	71	85	2,786
7	71	89	2,123
7	71	98	1,143
7	80	5	11,569
7	80	8	14,451
7	80	20	6,297
7	80	23	3,805
7	80	28	1,95
7	80	30	0,92
7	80	38	23,972
7	80	40	5,197
7	80	52	6,015
7	80	71	2,787
7	80	85	1,507
7	80	89	19,257
7	80	98	7,15
7	85	5	0,917
7	85	8	33,551
7	85	20	8,073
7	85	23	2,621
7	85	28	2,629
7	85	30	3,862
7	85	38	4,854
7	85	40	1,836
7	85	52	0,837
7	85	71	2,866
7	85	80	1,078
7	85	89	0,707
7	85	98	1,746
7	89	5	22,983
7	89	8	24,448
7	89	20	1,354
7	89	23	5,354
7	89	28	3,785
7	89	30	21,419
7	89	38	5,191
7	89	40	10,015
7	89	52	2,098
7	89	71	3,137
7	89	80	4,829
7	89	85	3,155
7	89	98	5,36
7	98	5	6,689
7	98	8	4,943
7	98	20	1,676
7	98	23	3,634
7	98	28	5,541
7	98	30	0,56
7	98	38	4,917
7	98	40	0,83
7	98	52	0,518
7	98	71	0,564
7	98	80	0,997
7	98	85	2,705
7	98	89	17,481
8	1	3	1,166
8	1	9	6,137
8	1	13	1,189
8	1	20	5,927
8	1	21	1,792
8	1	23	3,654
8	1	26	0,605
8	1	29	1,412
8	1	37	16,263
8	1	42	25,58
8	1	47	2,621
8	1	48	16,496
8	1	56	13,722
8	1	57	1,614
8	1	58	1,687
8	1	60	1,815
8	1	65	20,158
8	1	70	3,015
8	1	74	16,656
8	1	82	7,27
8	1	83	4,371
8	1	90	2,962
8	1	96	1,162
8	3	1	29,035
8	3	9	2,514
8	3	13	15,994
8	3	20	1,304
8	3	21	11,42
8	3	23	2,43
8	3	26	1,629
8	3	29	5,398
8	3	37	6,615
8	3	42	10,307
8	3	47	5,811
8	3	48	1,066
8	3	56	0,981
8	3	57	2,352
8	3	58	6,072
8	3	60	3,683
8	3	65	12,763
8	3	70	3,272
8	3	74	9,985
8	3	82	15,252
8	3	83	2,383
8	3	90	1,633
8	3	96	15,468
8	9	1	2,643
8	9	3	6,504
8	9	13	0,65
8	9	20	1,829
8	9	21	10,824
8	9	23	3,668
8	9	26	34,589
8	9	29	0,815
8	9	37	1,5
8	9	42	12,867
8	9	47	9,201
8	9	48	2,753
8	9	56	7,452
8	9	57	4,086
8	9	58	7,541
8	9	60	9,814
8	9	65	0,68
8	9	70	0,922
8	9	74	0,956
8	9	82	5,739
8	9	83	6,825
8	9	90	5,968
8	9	96	1,75
8	13	1	1,241
8	13	3	10,302
8	13	9	28,215
8	13	20	1,603
8	13	21	4,349
8	13	23	5,873
8	13	26	2,372
8	13	29	4,297
8	13	37	3,333
8	13	42	1,689
8	13	47	2,689
8	13	48	3,653
8	13	56	2,592
8	13	57	5,595
8	13	58	8,156
8	13	60	1,177
8	13	65	7,977
8	13	70	3,378
8	13	74	1,247
8	13	82	4,064
8	13	83	12,113
8	13	90	2,469
8	13	96	7,737
8	20	1	2,735
8	20	3	22,821
8	20	9	2,843
8	20	13	1,717
8	20	21	1,081
8	20	23	20,823
8	20	26	5,208
8	20	29	3,169
8	20	37	8,933
8	20	42	3,942
8	20	47	32,972
8	20	48	0,932
8	20	56	1,342
8	20	57	13,917
8	20	58	4,803
8	20	60	13,196
8	20	65	0,531
8	20	70	1,705
8	20	74	3,688
8	20	82	6,775
8	20	83	8,111
8	20	90	1,462
8	20	96	1,228
8	21	1	2,021
8	21	3	3,512
8	21	9	8,852
8	21	13	0,637
8	21	20	3,055
8	21	23	0,723
8	21	26	2,041
8	21	29	2,974
8	21	37	2,21
8	21	42	0,879
8	21	47	0,955
8	21	48	1,982
8	21	56	2,73
8	21	57	10,32
8	21	58	18,907
8	21	60	12,273
8	21	65	2,313
8	21	70	2,764
8	21	74	22,337
8	21	82	0,705
8	21	83	16,282
8	21	90	5,359
8	21	96	3,646
8	23	1	1,009
8	23	3	4,3
8	23	9	6,331
8	23	13	3,23
8	23	20	21,618
8	23	21	9,701
8	23	26	8,258
8	23	29	0,562
8	23	37	1,028
8	23	42	3,81
8	23	47	2,174
8	23	48	3,488
8	23	56	11,866
8	23	57	2,146
8	23	58	0,996
8	23	60	0,676
8	23	65	4,009
8	23	70	2,707
8	23	74	1,082
8	23	82	3,557
8	23	83	1,839
8	23	90	1,318
8	23	96	0,841
8	26	1	7,82
8	26	3	0,729
8	26	9	12,895
8	26	13	3,626
8	26	20	5,946
8	26	21	4,161
8	26	23	0,87
8	26	29	5,622
8	26	37	0,653
8	26	42	5,619
8	26	47	0,73
8	26	48	0,516
8	26	56	2,586
8	26	57	12,981
8	26	58	1,729
8	26	60	0,521
8	26	65	3,757
8	26	70	0,992
8	26	74	24,582
8	26	82	1,996
8	26	83	15,979
8	26	90	10,905
8	26	96	3,469
8	29	1	21,106
8	29	3	3,256
8	29	9	1,301
8	29	13	1,118
8	29	20	3,351
8	29	21	7,306
8	29	23	1,541
8	29	26	3,338
8	29	37	10,113
8	29	42	18,489
8	29	47	4,801
8	29	48	8,392
8	29	56	3,343
8	29	57	5,66
8	29	58	4,593
8	29	60	3,915
8	29	65	7,108
8	29	70	1,123
8	29	74	0,825
8	29	82	21,421
8	29	83	5,66
8	29	90	39,379
8	29	96	12,564
8	37	1	3,426
8	37	3	2,816
8	37	9	6,507
8	37	13	3,757
8	37	20	5,286
8	37	21	11,713
8	37	23	3,631
8	37	26	7,25
8	37	29	1,053
8	37	42	22,988
8	37	47	2,034
8	37	48	7,215
8	37	56	16,11
8	37	57	5,088
8	37	58	1,504
8	37	60	6,804
8	37	65	1,5
8	37	70	0,615
8	37	74	4,307
8	37	82	16,857
8	37	83	1,466
8	37	90	6,054
8	37	96	3,596
8	42	1	16,906
8	42	3	0,567
8	42	9	7,954
8	42	13	7,188
8	42	20	9,568
8	42	21	8,42
8	42	23	0,606
8	42	26	8,364
8	42	29	4,033
8	42	37	5,946
8	42	47	1,624
8	42	48	6,995
8	42	56	8,877
8	42	57	14,481
8	42	58	16,031
8	42	60	2,795
8	42	65	7,227
8	42	70	4,503
8	42	74	1,843
8	42	82	30,277
8	42	83	3,248
8	42	90	5,34
8	42	96	3,432
8	47	1	5,119
8	47	3	3,398
8	47	9	5,168
8	47	13	1,676
8	47	20	4,434
8	47	21	5,272
8	47	23	5,257
8	47	26	2,201
8	47	29	12,471
8	47	37	1,04
8	47	42	4,664
8	47	48	7,292
8	47	56	35,865
8	47	57	13,159
8	47	58	2,959
8	47	60	4,169
8	47	65	1,159
8	47	70	19,836
8	47	74	3,269
8	47	82	6,234
8	47	83	6,911
8	47	90	7,575
8	47	96	8,005
8	48	1	2,107
8	48	3	1,91
8	48	9	4,613
8	48	13	4,13
8	48	20	8,443
8	48	21	0,598
8	48	23	21,331
8	48	26	13,791
8	48	29	2,487
8	48	37	3,048
8	48	42	2,959
8	48	47	2,132
8	48	56	4,127
8	48	57	18,782
8	48	58	1,664
8	48	60	1
8	48	65	7,573
8	48	70	3,13
8	48	74	13,789
8	48	82	2,244
8	48	83	5,912
8	48	90	8,25
8	48	96	1,463
8	56	1	0,538
8	56	3	7,212
8	56	9	7,649
8	56	13	2,273
8	56	20	3,072
8	56	21	4,458
8	56	23	0,673
8	56	26	0,795
8	56	29	2,814
8	56	37	6,857
8	56	42	2,134
8	56	47	4,841
8	56	48	1,632
8	56	57	3,594
8	56	58	12,02
8	56	60	2,802
8	56	65	16,425
8	56	70	13,95
8	56	74	10,736
8	56	82	9,713
8	56	83	8,792
8	56	90	13,01
8	56	96	5,509
8	57	1	10,491
8	57	3	3,619
8	57	9	1,876
8	57	13	4,47
8	57	20	1,459
8	57	21	1,494
8	57	23	3,359
8	57	26	5,195
8	57	29	3,299
8	57	37	10,828
8	57	42	1,839
8	57	47	8,171
8	57	48	1,323
8	57	56	3,747
8	57	58	1,796
8	57	60	11,128
8	57	65	1,641
8	57	70	6,281
8	57	74	3,788
8	57	82	5,121
8	57	83	5,096
8	57	90	14,061
8	57	96	0,833
8	58	1	1,621
8	58	3	4,539
8	58	9	0,785
8	58	13	3,146
8	58	20	4,596
8	58	21	15,562
8	58	23	4,428
8	58	26	0,784
8	58	29	24,941
8	58	37	3,936
8	58	42	7,709
8	58	47	5,83
8	58	48	18,823
8	58	56	0,619
8	58	57	13,012
8	58	60	0,964
8	58	65	8,816
8	58	70	5,083
8	58	74	0,872
8	58	82	8,635
8	58	83	19,206
8	58	90	16,509
8	58	96	12,772
8	60	1	7,229
8	60	3	9,737
8	60	9	8,746
8	60	13	1,218
8	60	20	1,685
8	60	21	16,654
8	60	23	3,503
8	60	26	2,162
8	60	29	2,277
8	60	37	8,681
8	60	42	11,75
8	60	47	15,717
8	60	48	12,215
8	60	56	5,639
8	60	57	14,035
8	60	58	0,705
8	60	65	15,95
8	60	70	4,388
8	60	74	1,594
8	60	82	7,954
8	60	83	0,603
8	60	90	0,657
8	60	96	29,016
8	65	1	3,527
8	65	3	2,271
8	65	9	8,64
8	65	13	0,734
8	65	20	34,734
8	65	21	1,52
8	65	23	9,22
8	65	26	17,692
8	65	29	2,676
8	65	37	1,626
8	65	42	10,388
8	65	47	2,816
8	65	48	1,835
8	65	56	2,492
8	65	57	8,445
8	65	58	2,059
8	65	60	1,429
8	65	70	7,373
8	65	74	6,239
8	65	82	16,571
8	65	83	9,017
8	65	90	1,136
8	65	96	8,754
8	70	1	3,897
8	70	3	5,828
8	70	9	1,754
8	70	13	1,327
8	70	20	4,588
8	70	21	4,993
8	70	23	2,59
8	70	26	5,325
8	70	29	2,876
8	70	37	1,434
8	70	42	4,219
8	70	47	17,536
8	70	48	5,17
8	70	56	5,55
8	70	57	2,768
8	70	58	1,737
8	70	60	5,223
8	70	65	5,351
8	70	74	5,563
8	70	82	1,06
8	70	83	3,646
8	70	90	86,633
8	70	96	1,329
8	74	1	0,661
8	74	3	5,218
8	74	9	3,881
8	74	13	17,452
8	74	20	0,735
8	74	21	1,431
8	74	23	2,006
8	74	26	15,809
8	74	29	4,68
8	74	37	14,614
8	74	42	3,069
8	74	47	1,256
8	74	48	1,961
8	74	56	5,371
8	74	57	1,402
8	74	58	2,082
8	74	60	1,013
8	74	65	19,775
8	74	70	3,967
8	74	82	4,798
8	74	83	2,601
8	74	90	6,298
8	74	96	0,798
8	82	1	7,186
8	82	3	10,812
8	82	9	8,697
8	82	13	7,238
8	82	20	2,539
8	82	21	0,933
8	82	23	7,312
8	82	26	11,717
8	82	29	0,562
8	82	37	19,983
8	82	42	2,31
8	82	47	2,254
8	82	48	6,192
8	82	56	28,948
8	82	57	26,462
8	82	58	35,459
8	82	60	2,5
8	82	65	7,956
8	82	70	5,532
8	82	74	3,726
8	82	83	6,342
8	82	90	5,102
8	82	96	2,471
8	83	1	7,539
8	83	3	16,968
8	83	9	3,217
8	83	13	3,501
8	83	20	17,521
8	83	21	5,535
8	83	23	7,293
8	83	26	4,244
8	83	29	12,557
8	83	37	3,318
8	83	42	14,44
8	83	47	2,534
8	83	48	16,165
8	83	56	3,242
8	83	57	1,532
8	83	58	10,068
8	83	60	1,872
8	83	65	3,43
8	83	70	1,669
8	83	74	5,329
8	83	82	2,713
8	83	90	0,981
8	83	96	1,161
8	90	1	1,217
8	90	3	2,308
8	90	9	3,122
8	90	13	1,375
8	90	20	2,951
8	90	21	1,591
8	90	23	13,86
8	90	26	3,347
8	90	29	0,817
8	90	37	4,55
8	90	42	0,876
8	90	47	1,824
8	90	48	3,041
8	90	56	8,823
8	90	57	29,63
8	90	58	5,497
8	90	60	0,609
8	90	65	0,845
8	90	70	13,848
8	90	74	6,506
8	90	82	5,221
8	90	83	0,564
8	90	96	2,432
8	96	1	2,276
8	96	3	9,397
8	96	9	0,594
8	96	13	13,578
8	96	20	1,91
8	96	21	5,51
8	96	23	7,406
8	96	26	3,86
8	96	29	0,503
8	96	37	3,671
8	96	42	9,031
8	96	47	1,308
8	96	48	2,924
8	96	56	1,983
8	96	57	2,419
8	96	58	2,499
8	96	60	7,505
8	96	65	3,429
8	96	70	3,58
8	96	74	10,064
8	96	82	0,638
8	96	83	3,184
8	96	90	36,206
9	1	4	3,265
9	1	7	1,217
9	1	11	1,973
9	1	21	18,953
9	1	32	6,173
9	1	33	1,937
9	1	47	7,93
9	1	51	19,573
9	1	53	19,227
9	1	59	4,27
9	1	62	5,203
9	1	63	2,203
9	1	64	4,404
9	1	67	8,166
9	1	78	2,037
9	1	84	13,297
9	1	96	10,96
9	1	99	5,065
9	4	1	10,226
9	4	7	5,453
9	4	11	13,903
9	4	21	2,692
9	4	32	1,38
9	4	33	1,507
9	4	47	3,793
9	4	51	10,886
9	4	53	8,827
9	4	59	0,723
9	4	62	7,304
9	4	63	1,223
9	4	64	8,116
9	4	67	9,229
9	4	78	1,258
9	4	84	1,251
9	4	96	4,317
9	4	99	1,301
9	7	1	10,418
9	7	4	12,678
9	7	11	3,296
9	7	21	16,08
9	7	32	17,212
9	7	33	5,442
9	7	47	1,484
9	7	51	1,178
9	7	53	7,516
9	7	59	5,279
9	7	62	4,783
9	7	63	1,082
9	7	64	14,835
9	7	67	2,197
9	7	78	2,733
9	7	84	2,013
9	7	96	17,979
9	7	99	1,503
9	11	1	2,982
9	11	4	2,138
9	11	7	1,281
9	11	21	1,743
9	11	32	2,573
9	11	33	3,996
9	11	47	1,923
9	11	51	2,196
9	11	53	1,062
9	11	59	8,328
9	11	62	4,979
9	11	63	30,488
9	11	64	5,591
9	11	67	7,355
9	11	78	8,398
9	11	84	1,936
9	11	96	7,832
9	11	99	1,888
9	21	1	6,152
9	21	4	5,896
9	21	7	1,998
9	21	11	6,692
9	21	32	1,853
9	21	33	5,156
9	21	47	16,566
9	21	51	6,874
9	21	53	10,007
9	21	59	4,961
9	21	62	1,466
9	21	63	1,913
9	21	64	3,189
9	21	67	44,597
9	21	78	3,016
9	21	84	4,525
9	21	96	2,496
9	21	99	23,604
9	32	1	8,955
9	32	4	1,186
9	32	7	1,826
9	32	11	4,146
9	32	21	4,962
9	32	33	10,325
9	32	47	1,284
9	32	51	10,582
9	32	53	3,901
9	32	59	3,194
9	32	62	4,5
9	32	63	0,822
9	32	64	2,96
9	32	67	16,886
9	32	78	4,485
9	32	84	4,232
9	32	96	6,832
9	32	99	9,427
9	33	1	7,083
9	33	4	2,143
9	33	7	0,888
9	33	11	3,936
9	33	21	6,577
9	33	32	3,008
9	33	47	0,656
9	33	51	8,672
9	33	53	2,62
9	33	59	11,318
9	33	62	1,941
9	33	63	10,911
9	33	64	8,781
9	33	67	0,787
9	33	78	3,347
9	33	84	3,584
9	33	96	14,512
9	33	99	1,895
9	47	1	4,124
9	47	4	0,544
9	47	7	1,274
9	47	11	1,141
9	47	21	9,572
9	47	32	2,797
9	47	33	5,494
9	47	51	13,642
9	47	53	4,129
9	47	59	2,215
9	47	62	4,696
9	47	63	7,698
9	47	64	5,81
9	47	67	0,968
9	47	78	3,9
9	47	84	9,568
9	47	96	3,039
9	47	99	0,947
9	51	1	13,465
9	51	4	0,672
9	51	7	1,938
9	51	11	2,205
9	51	21	8,87
9	51	32	5,826
9	51	33	7,728
9	51	47	2,689
9	51	53	0,707
9	51	59	5,213
9	51	62	1,675
9	51	63	1,96
9	51	64	4,136
9	51	67	0,552
9	51	78	3,784
9	51	84	4,786
9	51	96	11,72
9	51	99	14,591
9	53	1	5,409
9	53	4	1,075
9	53	7	17,319
9	53	11	1,669
9	53	21	6,383
9	53	32	2,741
9	53	33	1,844
9	53	47	6,955
9	53	51	0,964
9	53	59	1,789
9	53	62	8,5
9	53	63	1,587
9	53	64	2,811
9	53	67	0,89
9	53	78	5,665
9	53	84	6,086
9	53	96	8,465
9	53	99	7,294
9	59	1	9,569
9	59	4	2,821
9	59	7	11,868
9	59	11	1,879
9	59	21	7,756
9	59	32	0,57
9	59	33	19,437
9	59	47	11,928
9	59	51	2,124
9	59	53	8,354
9	59	62	3,489
9	59	63	10,877
9	59	64	1,202
9	59	67	12,703
9	59	78	25,969
9	59	84	0,851
9	59	96	10,263
9	59	99	7,217
9	62	1	3,808
9	62	4	28,894
9	62	7	17,274
9	62	11	3,871
9	62	21	0,626
9	62	32	1,618
9	62	33	10,763
9	62	47	28,326
9	62	51	1,022
9	62	53	0,563
9	62	59	5,187
9	62	63	13,285
9	62	64	14,478
9	62	67	14,589
9	62	78	1,257
9	62	84	1,261
9	62	96	2,956
9	62	99	5,533
9	63	1	0,951
9	63	4	4,282
9	63	7	3,945
9	63	11	12,84
9	63	21	12,817
9	63	32	1,343
9	63	33	1,14
9	63	47	2,348
9	63	51	1,933
9	63	53	1,168
9	63	59	2,682
9	63	62	0,972
9	63	64	3,353
9	63	67	0,595
9	63	78	38,742
9	63	84	1,575
9	63	96	32,829
9	63	99	5,66
9	64	1	9,099
9	64	4	3,266
9	64	7	5,37
9	64	11	16,302
9	64	21	1,118
9	64	32	4,433
9	64	33	2,744
9	64	47	3,963
9	64	51	0,757
9	64	53	7,737
9	64	59	6,889
9	64	62	7,505
9	64	63	6,585
9	64	67	0,511
9	64	78	1,306
9	64	84	3,328
9	64	96	9,246
9	64	99	8,974
9	67	1	3,583
9	67	4	3,449
9	67	7	2,198
9	67	11	5,135
9	67	21	2,641
9	67	32	0,8
9	67	33	0,602
9	67	47	5,798
9	67	51	1,799
9	67	53	6,54
9	67	59	1,632
9	67	62	1,923
9	67	63	13,389
9	67	64	3,626
9	67	78	1,068
9	67	84	25,045
9	67	96	10,739
9	67	99	1,084
9	78	1	1,54
9	78	4	5,921
9	78	7	2,092
9	78	11	2,449
9	78	21	3,495
9	78	32	2,967
9	78	33	13,099
9	78	47	22,562
9	78	51	2,432
9	78	53	1,341
9	78	59	36,996
9	78	62	5,167
9	78	63	0,909
9	78	64	9,914
9	78	67	2,357
9	78	84	5,316
9	78	96	4,846
9	78	99	1,82
9	84	1	1,019
9	84	4	7,261
9	84	7	3,937
9	84	11	7,031
9	84	21	1,508
9	84	32	8,403
9	84	33	2,956
9	84	47	0,947
9	84	51	29,664
9	84	53	10,916
9	84	59	7,392
9	84	62	1,014
9	84	63	0,53
9	84	64	1,074
9	84	67	0,614
9	84	78	19,699
9	84	96	9,638
9	84	99	24,464
9	96	1	1,191
9	96	4	1,676
9	96	7	6,066
9	96	11	5,083
9	96	21	1,671
9	96	32	6,152
9	96	33	5,518
9	96	47	14,827
9	96	51	21,762
9	96	53	2,007
9	96	59	3,265
9	96	62	3,094
9	96	63	8,169
9	96	64	2,119
9	96	67	35,698
9	96	78	2,431
9	96	84	17,877
9	96	99	13,615
9	99	1	2,004
9	99	4	1,948
9	99	7	2,623
9	99	11	1,16
9	99	21	6,808
9	99	32	1,404
9	99	33	5,251
9	99	47	1,207
9	99	51	9,145
9	99	53	3,405
9	99	59	3,115
9	99	62	3,449
9	99	63	0,642
9	99	64	1,304
9	99	67	3,353
9	99	78	3,737
9	99	84	7,097
9	99	96	12,158
10	4	5	1,161
10	4	11	13,469
10	4	26	2,158
10	4	27	4,189
10	4	28	9,273
10	4	35	1,188
10	4	39	4,754
10	4	41	5,204
10	4	45	12,149
10	4	46	11,475
10	4	48	2,099
10	4	52	3,18
10	4	54	10,604
10	4	56	13,962
10	4	60	2,223
10	4	61	8,829
10	4	63	34,05
10	4	66	2,594
10	4	67	13,496
10	4	68	4,042
10	4	71	4,922
10	4	73	15,736
10	4	75	8,37
10	4	78	0,502
10	4	80	7,758
10	4	86	3,936
10	4	87	11,254
10	5	4	0,66
10	5	11	3,682
10	5	26	5,896
10	5	27	1,634
10	5	28	8,316
10	5	35	0,756
10	5	39	1,387
10	5	41	4,828
10	5	45	2,332
10	5	46	6,777
10	5	48	6,555
10	5	52	6,057
10	5	54	7,64
10	5	56	5,338
10	5	60	6,667
10	5	61	2,995
10	5	63	0,814
10	5	66	10,167
10	5	67	4,371
10	5	68	2,898
10	5	71	1,114
10	5	73	6,558
10	5	75	1,489
10	5	78	11,5
10	5	80	0,514
10	5	86	31,027
10	5	87	12,886
10	11	4	37,33
10	11	5	19,137
10	11	26	7,588
10	11	27	1,088
10	11	28	3,694
10	11	35	5,301
10	11	39	1,49
10	11	41	13,988
10	11	45	1,187
10	11	46	4,623
10	11	48	3,605
10	11	52	1,688
10	11	54	0,518
10	11	56	27,641
10	11	60	2,782
10	11	61	0,562
10	11	63	2,828
10	11	66	2,806
10	11	67	9,943
10	11	68	8,442
10	11	71	7,073
10	11	73	0,508
10	11	75	3,208
10	11	78	2,828
10	11	80	3,388
10	11	86	24,394
10	11	87	0,813
10	26	4	12,355
10	26	5	24,982
10	26	11	2,156
10	26	27	10,346
10	26	28	4,337
10	26	35	8,067
10	26	39	4,067
10	26	41	3,957
10	26	45	38,465
10	26	46	0,95
10	26	48	1,654
10	26	52	1,781
10	26	54	2,172
10	26	56	11,633
10	26	60	12,633
10	26	61	5,601
10	26	63	7,971
10	26	66	14,679
10	26	67	6,606
10	26	68	24,04
10	26	71	8,506
10	26	73	8,827
10	26	75	1,569
10	26	78	12,554
10	26	80	5,095
10	26	86	1,788
10	26	87	0,921
10	27	4	9,862
10	27	5	5,152
10	27	11	0,609
10	27	26	6,776
10	27	28	21,309
10	27	35	2,218
10	27	39	0,849
10	27	41	4,384
10	27	45	5,567
10	27	46	15,695
10	27	48	1,773
10	27	52	3,342
10	27	54	1,084
10	27	56	9,752
10	27	60	3,186
10	27	61	16,398
10	27	63	9,237
10	27	66	5,042
10	27	67	0,504
10	27	68	4,244
10	27	71	5,096
10	27	73	14,583
10	27	75	12,127
10	27	78	4,757
10	27	80	3,648
10	27	86	5,045
10	27	87	1,512
10	28	4	13,545
10	28	5	2,321
10	28	11	5,403
10	28	26	10,233
10	28	27	4,007
10	28	35	3,707
10	28	39	1,064
10	28	41	5,096
10	28	45	14,526
10	28	46	31,317
10	28	48	2,323
10	28	52	3,626
10	28	54	1,872
10	28	56	1,247
10	28	60	3,945
10	28	61	1,393
10	28	63	2,74
10	28	66	8,473
10	28	67	16,36
10	28	68	3,165
10	28	71	5,025
10	28	73	3,452
10	28	75	20,398
10	28	78	1,71
10	28	80	1,579
10	28	86	8,845
10	28	87	8,386
10	35	4	18,341
10	35	5	0,651
10	35	11	2,106
10	35	26	1,848
10	35	27	2,429
10	35	28	1,015
10	35	39	3,506
10	35	41	6,999
10	35	45	3,056
10	35	46	1,954
10	35	48	34,116
10	35	52	14,937
10	35	54	0,796
10	35	56	5,611
10	35	60	12,627
10	35	61	22,146
10	35	63	3,709
10	35	66	5,783
10	35	67	0,867
10	35	68	2,111
10	35	71	15,987
10	35	73	4,269
10	35	75	5,073
10	35	78	6,818
10	35	80	3,511
10	35	86	8,898
10	35	87	7,301
10	39	4	6,159
10	39	5	6,542
10	39	11	1,858
10	39	26	1,59
10	39	27	14,1
10	39	28	9,348
10	39	35	10,273
10	39	41	18,274
10	39	45	3,288
10	39	46	1,199
10	39	48	17,155
10	39	52	41,837
10	39	54	1,842
10	39	56	3,866
10	39	60	5,656
10	39	61	5,064
10	39	63	4,592
10	39	66	0,939
10	39	67	4,691
10	39	68	3,476
10	39	71	3,469
10	39	73	14,934
10	39	75	14,003
10	39	78	13,896
10	39	80	7,624
10	39	86	2,545
10	39	87	2,108
10	41	4	23,324
10	41	5	3,812
10	41	11	0,632
10	41	26	6,761
10	41	27	5,546
10	41	28	3,428
10	41	35	2,835
10	41	39	6,087
10	41	45	22,109
10	41	46	2,514
10	41	48	1,792
10	41	52	2,337
10	41	54	2,758
10	41	56	3,931
10	41	60	1,932
10	41	61	11,243
10	41	63	2,613
10	41	66	5,295
10	41	67	7,526
10	41	68	9,797
10	41	71	3,906
10	41	73	1,22
10	41	75	1,091
10	41	78	2,736
10	41	80	2,692
10	41	86	22,845
10	41	87	7,854
10	45	4	11,782
10	45	5	1,38
10	45	11	0,965
10	45	26	3,33
10	45	27	0,518
10	45	28	14,906
10	45	35	13,119
10	45	39	7,132
10	45	41	0,887
10	45	46	9,398
10	45	48	4,674
10	45	52	0,955
10	45	54	3,012
10	45	56	1,662
10	45	60	1,448
10	45	61	7,486
10	45	63	10,004
10	45	66	5,774
10	45	67	4,17
10	45	68	0,618
10	45	71	1,34
10	45	73	1,549
10	45	75	2,115
10	45	78	10,426
10	45	80	17,772
10	45	86	12,464
10	45	87	20,068
10	46	4	8,18
10	46	5	6,915
10	46	11	5,743
10	46	26	2,394
10	46	27	0,556
10	46	28	1,805
10	46	35	0,981
10	46	39	2,276
10	46	41	4,376
10	46	45	11,178
10	46	48	5,851
10	46	52	12,001
10	46	54	12,552
10	46	56	11,147
10	46	60	14,981
10	46	61	3,636
10	46	63	1,36
10	46	66	2,583
10	46	67	1,304
10	46	68	1,193
10	46	71	0,548
10	46	73	2,258
10	46	75	32,003
10	46	78	1,236
10	46	80	1,474
10	46	86	11,263
10	46	87	2,226
10	48	4	2,815
10	48	5	21,995
10	48	11	1,439
10	48	26	5,63
10	48	27	6,578
10	48	28	2,173
10	48	35	6,495
10	48	39	4,322
10	48	41	8,039
10	48	45	1,821
10	48	46	3,978
10	48	52	21,869
10	48	54	13,899
10	48	56	0,635
10	48	60	5,351
10	48	61	29,007
10	48	63	2,607
10	48	66	4,241
10	48	67	10,99
10	48	68	2,41
10	48	71	31,17
10	48	73	16,456
10	48	75	1,747
10	48	78	9,989
10	48	80	4,272
10	48	86	2,694
10	48	87	2,465
10	52	4	0,527
10	52	5	4,737
10	52	11	15,341
10	52	26	3,558
10	52	27	23,056
10	52	28	1,734
10	52	35	2,399
10	52	39	8,581
10	52	41	6,554
10	52	45	8,42
10	52	46	2,122
10	52	48	1,122
10	52	54	1,505
10	52	56	5,731
10	52	60	2,778
10	52	61	4,414
10	52	63	5,743
10	52	66	6,774
10	52	67	2,334
10	52	68	3,581
10	52	71	1,975
10	52	73	4,249
10	52	75	13,496
10	52	78	0,899
10	52	80	1,238
10	52	86	0,615
10	52	87	0,744
10	54	4	8,916
10	54	5	1,72
10	54	11	3,396
10	54	26	1,336
10	54	27	3,46
10	54	28	2,504
10	54	35	8,411
10	54	39	2,502
10	54	41	3,179
10	54	45	21,424
10	54	46	2,502
10	54	48	4,494
10	54	52	33,799
10	54	56	3,757
10	54	60	0,568
10	54	61	13,36
10	54	63	1,346
10	54	66	4,679
10	54	67	25,245
10	54	68	11,184
10	54	71	3,292
10	54	73	10,157
10	54	75	9,761
10	54	78	1,099
10	54	80	4,477
10	54	86	3,575
10	54	87	28,442
10	56	4	3,73
10	56	5	4,121
10	56	11	6,797
10	56	26	18,504
10	56	27	2,219
10	56	28	1,591
10	56	35	12,644
10	56	39	3,995
10	56	41	5,624
10	56	45	5,272
10	56	46	9,925
10	56	48	1,884
10	56	52	1,765
10	56	54	1,775
10	56	60	2,201
10	56	61	1,026
10	56	63	5,375
10	56	66	3,353
10	56	67	1,632
10	56	68	20,712
10	56	71	1,058
10	56	73	6,983
10	56	75	2
10	56	78	0,507
10	56	80	5,643
10	56	86	20,485
10	56	87	0,692
10	60	4	0,736
10	60	5	4,371
10	60	11	31,808
10	60	26	13,413
10	60	27	1,001
10	60	28	9,904
10	60	35	1,442
10	60	39	4,172
10	60	41	3,736
10	60	45	10,097
10	60	46	10,563
10	60	48	6,865
10	60	52	11,487
10	60	54	1,182
10	60	56	9,16
10	60	61	4,362
10	60	63	1,931
10	60	66	2,114
10	60	67	2,38
10	60	68	9,554
10	60	71	12,293
10	60	73	19,674
10	60	75	1,142
10	60	78	13,848
10	60	80	7,916
10	60	86	3,579
10	60	87	12,421
10	61	4	2,01
10	61	5	3,43
10	61	11	4,977
10	61	26	3,564
10	61	27	9,611
10	61	28	2,518
10	61	35	6,985
10	61	39	2,468
10	61	41	3,083
10	61	45	0,688
10	61	46	24,649
10	61	48	10,271
10	61	52	1,697
10	61	54	2,202
10	61	56	2,221
10	61	60	22,278
10	61	63	5,103
10	61	66	2,221
10	61	67	14,742
10	61	68	1,984
10	61	71	26,258
10	61	73	8,349
10	61	75	4,989
10	61	78	6,385
10	61	80	1,249
10	61	86	4,943
10	61	87	1,039
10	63	4	1,896
10	63	5	4,016
10	63	11	33,198
10	63	26	5,03
10	63	27	5,756
10	63	28	8,052
10	63	35	10,279
10	63	39	3,007
10	63	41	2,175
10	63	45	3,378
10	63	46	3,486
10	63	48	4,81
10	63	52	2,079
10	63	54	12,576
10	63	56	4,964
10	63	60	2,389
10	63	61	2,236
10	63	66	10,003
10	63	67	4,363
10	63	68	1,146
10	63	71	3,309
10	63	73	3,007
10	63	75	4,588
10	63	78	17,072
10	63	80	13,093
10	63	86	2,339
10	63	87	3,005
10	66	4	0,734
10	66	5	3,478
10	66	11	2,853
10	66	26	1,517
10	66	27	1,648
10	66	28	6,404
10	66	35	6,672
10	66	39	11,654
10	66	41	10,822
10	66	45	1,428
10	66	46	6,82
10	66	48	6,014
10	66	52	0,683
10	66	54	4,697
10	66	56	1,364
10	66	60	3,557
10	66	61	10,436
10	66	63	0,802
10	66	67	14,111
10	66	68	18,771
10	66	71	0,653
10	66	73	0,712
10	66	75	1,373
10	66	78	19,79
10	66	80	1,38
10	66	86	25,608
10	66	87	1,163
10	67	4	2,831
10	67	5	5,762
10	67	11	13,438
10	67	26	49,978
10	67	27	3,12
10	67	28	3,915
10	67	35	8,048
10	67	39	6,542
10	67	41	1,455
10	67	45	0,653
10	67	46	1,557
10	67	48	1,363
10	67	52	5,471
10	67	54	7,147
10	67	56	7,684
10	67	60	9,147
10	67	61	14,698
10	67	63	14,926
10	67	66	21,305
10	67	68	7,476
10	67	71	5,438
10	67	73	4,192
10	67	75	0,579
10	67	78	2,002
10	67	80	5,064
10	67	86	6,519
10	67	87	2,335
10	68	4	28,119
10	68	5	7,465
10	68	11	1,003
10	68	26	0,622
10	68	27	5,489
10	68	28	6,744
10	68	35	7,987
10	68	39	4,388
10	68	41	2,576
10	68	45	4,717
10	68	46	31,339
10	68	48	2,528
10	68	52	1,256
10	68	54	10,411
10	68	56	8,61
10	68	60	6,87
10	68	61	10,705
10	68	63	6,814
10	68	66	4,276
10	68	67	1,196
10	68	71	1,753
10	68	73	1,253
10	68	75	17,02
10	68	78	9,658
10	68	80	0,687
10	68	86	5
10	68	87	1,725
10	71	4	5
10	71	5	1,938
10	71	11	2,663
10	71	26	0,546
10	71	27	17,046
10	71	28	3,073
10	71	35	4,669
10	71	39	3,338
10	71	41	21,429
10	71	45	10,908
10	71	46	5,459
10	71	48	2,626
10	71	52	5,998
10	71	54	2,246
10	71	56	1,146
10	71	60	2,317
10	71	61	11,074
10	71	63	10,037
10	71	66	1,189
10	71	67	1,482
10	71	68	12,965
10	71	73	25,259
10	71	75	0,827
10	71	78	1,265
10	71	80	8,768
10	71	86	1,33
10	71	87	13,131
10	73	4	14,804
10	73	5	1,696
10	73	11	4,655
10	73	26	8,37
10	73	27	8,737
10	73	28	3,915
10	73	35	9,871
10	73	39	5,15
10	73	41	0,648
10	73	45	6,482
10	73	46	9,223
10	73	48	1,112
10	73	52	10,47
10	73	54	2,714
10	73	56	13,786
10	73	60	4,394
10	73	61	1,022
10	73	63	3,56
10	73	66	19,189
10	73	67	10,451
10	73	68	2,886
10	73	71	5,273
10	73	75	16,136
10	73	78	4,309
10	73	80	12,054
10	73	86	12,179
10	73	87	0,944
10	75	4	9,206
10	75	5	2,945
10	75	11	4,838
10	75	26	4,611
10	75	27	4,017
10	75	28	9,08
10	75	35	2,53
10	75	39	8,995
10	75	41	2,525
10	75	45	9,927
10	75	46	3,026
10	75	48	6,935
10	75	52	0,623
10	75	54	10,898
10	75	56	75,491
10	75	60	3,017
10	75	61	4,012
10	75	63	4,346
10	75	66	23,697
10	75	67	1,832
10	75	68	9,415
10	75	71	0,719
10	75	73	16,61
10	75	78	2,75
10	75	80	1,476
10	75	86	1,621
10	75	87	7,961
10	78	4	9,229
10	78	5	23,984
10	78	11	1,936
10	78	26	3,039
10	78	27	13,946
10	78	28	1,43
10	78	35	3,66
10	78	39	0,595
10	78	41	2,152
10	78	45	0,744
10	78	46	5,084
10	78	48	1,856
10	78	52	4,184
10	78	54	10,731
10	78	56	1,918
10	78	60	1,673
10	78	61	2,049
10	78	63	1,476
10	78	66	10,202
10	78	67	3,819
10	78	68	1,984
10	78	71	5,275
10	78	73	13,596
10	78	75	5,201
10	78	80	21,662
10	78	86	2,896
10	78	87	4,905
10	80	4	1,519
10	80	5	2,34
10	80	11	3,908
10	80	26	5,009
10	80	27	14,106
10	80	28	13,911
10	80	35	4,852
10	80	39	1,705
10	80	41	1,567
10	80	45	1,493
10	80	46	18,863
10	80	48	2,671
10	80	52	8,473
10	80	54	3,718
10	80	56	13,801
10	80	60	0,615
10	80	61	1,902
10	80	63	5,11
10	80	66	7,37
10	80	67	5,023
10	80	68	2,308
10	80	71	8,914
10	80	73	0,852
10	80	75	5,433
10	80	78	9,012
10	80	86	43,785
10	80	87	3,244
10	86	4	5,595
10	86	5	4,819
10	86	11	5,449
10	86	26	9,188
10	86	27	6,192
10	86	28	4,212
10	86	35	1,381
10	86	39	1,292
10	86	41	2,651
10	86	45	7,123
10	86	46	16,15
10	86	48	1,282
10	86	52	1,73
10	86	54	9,039
10	86	56	0,957
10	86	60	0,818
10	86	61	1,944
10	86	63	1,121
10	86	66	8,609
10	86	67	13,547
10	86	68	3,858
10	86	71	0,948
10	86	73	5,246
10	86	75	2,836
10	86	78	8,025
10	86	80	5,697
10	86	87	3,514
10	87	4	3,514
10	87	5	1,27
10	87	11	10,395
10	87	26	2,705
10	87	27	5,944
10	87	28	9,294
10	87	35	0,62
10	87	39	7,9
10	87	41	1,375
10	87	45	10,811
10	87	46	4,078
10	87	48	1,34
10	87	52	7,225
10	87	54	14,378
10	87	56	11,596
10	87	60	2,841
10	87	61	4,159
10	87	63	3,91
10	87	66	1,416
10	87	67	12,606
10	87	68	1,163
10	87	71	21,569
10	87	73	1,357
10	87	75	9,41
10	87	78	0,641
10	87	80	7,622
10	87	86	3,896

