#num jobs
100
#num machines
10

#jobId machId procTime energyCons
1	6	40,01	293,67
1	4	0,9	11,14
1	2	4,39	32,58
1	1	9,23	45,94
2	10	801,07	5919,09
3	8	764,06	2182,1
3	5	28,91	126,12
3	3	2,55	29,13
3	2	0,23	1,71
4	10	21,27	157,17
4	7	14,53	19,65
4	4	7,77	95,8
4	1	9,81	48,82
5	8	955,21	2728,03
5	1	24,7	122,95
6	1	28,19	140,3
7	9	34,38	88,12
8	1	771,61	3840,64
8	3	1,86	21,26
9	3	31,19	356,26
10	1	1,9	9,47
10	2	4,18	31,01
11	5	74,22	323,83
12	7	675,97	913,97
12	3	1,67	19,05
13	5	1,42	6,21
13	2	14,18	105,14
14	6	7,39	54,26
14	8	6,39	18,24
15	3	7,29	83,25
16	4	10,77	132,79
16	2	11,33	83,98
17	8	5,87	16,77
18	6	8,72	64,03
19	9	6,69	17,14
19	6	59,85	439,28
19	1	17,16	85,41
20	1	36,37	181,01
20	3	2,17	24,8
20	4	0,4	4,95
20	5	370,14	1614,99
21	4	3,13	38,58
21	8	3,32	9,49
22	3	47,71	544,98
22	9	16,72	42,87
23	9	3	7,7
23	8	14,03	40,06
23	6	6,96	51,06
23	5	15,07	65,75
24	9	21,46	55,01
25	7	3,59	4,86
26	3	45,91	524,44
26	5	14,57	63,57
26	7	10,83	14,65
26	8	4,75	13,57
26	9	505,78	1296,46
27	1	9,13	45,44
27	10	14,32	105,77
28	6	5,01	36,79
28	7	1,72	2,33
28	9	50,95	130,61
29	8	7,79	22,24
29	9	38,19	97,89
30	1	32,39	161,23
30	4	0,31	3,85
31	8	3,74	10,69
31	7	0,57	0,77
31	5	10,44	45,55
31	1	3,04	15,14
32	4	71,21	878,4
32	5	3	13,08
32	9	49,21	126,15
33	6	72,13	529,48
33	4	3,8	46,86
33	3	35,8	408,92
33	2	71,74	531,85
34	9	72,42	185,63
35	1	13,44	66,9
35	4	32	394,78
35	8	105,9	302,44
35	9	5,12	13,12
36	4	6,76	83,37
37	1	15,64	77,83
37	5	16,31	71,18
37	6	25,66	188,35
38	1	3,07	15,3
38	10	5,63	41,6
39	8	21,53	61,49
40	5	8,38	36,57
41	7	10,39	14,05
41	1	4,12	20,53
42	7	683,94	924,75
43	1	41,32	205,66
43	5	1,34	5,83
43	6	51,37	377,04
44	7	26,75	36,17
44	6	1,92	14,13
45	1	1,33	6,61
46	9	3,89	9,98
46	8	14,29	40,8
46	7	2,64	3,57
46	4	1,67	20,59
46	2	19,68	145,92
47	9	7,26	18,62
47	1	3,97	19,74
48	8	14,41	41,16
48	5	70,22	306,4
48	3	7,46	85,21
49	3	4,54	51,91
50	2	4,39	32,54
50	8	8,5	24,27
50	9	28,7	73,55
51	2	121,53	900,99
51	3	1595,89	18229,7
51	4	17,65	217,68
51	6	1247,56	9157,34
52	6	37,2	273,08
53	5	4,56	19,9
53	4	2,96	36,49
54	10	8,33	61,54
54	9	16,31	41,82
55	9	3,98	10,19
55	8	390,97	1116,59
55	4	4,65	57,31
55	1	219,72	1093,66
56	2	222,19	1647,33
56	3	7,04	80,39
57	1	9,67	48,12
57	4	67,33	830,57
57	6	70,51	517,56
57	7	13,04	17,63
58	1	2,1	10,46
58	2	9,59	71,12
58	4	1,49	18,37
58	7	1,04	1,41
58	9	13,22	33,88
59	1	14,41	71,7
60	1	7,96	39,62
60	4	4,42	54,5
60	6	46,76	343,23
60	10	42,81	316,29
61	1	3,3	16,43
62	4	12,45	153,59
62	3	35,79	408,81
63	2	8,95	66,38
63	1	47,79	237,9
64	2	5,33	39,53
64	4	990,02	12212,13
64	5	18,52	80,82
64	8	3,33	9,51
65	9	7,62	19,54
65	4	8,79	108,41
66	8	12,06	34,44
67	7	5,22	7,06
68	4	2,14	26,4
68	6	25,37	186,25
69	8	2,32	6,63
69	7	0,96	1,3
69	2	34,29	254,22
70	10	3,05	22,54
71	9	85,92	220,25
72	8	4,87	13,89
72	6	14,14	103,77
72	1	7,81	38,85
73	2	17,19	127,48
73	4	248,87	3069,9
73	10	0,42	3,11
74	4	29,97	369,64
74	1	21,13	105,17
75	10	15,61	115,37
75	7	40,87	55,26
75	6	7,11	52,19
75	4	156,16	1926,25
76	10	22,84	168,75
77	9	19,26	49,37
78	10	15,77	116,53
79	7	12,16	16,44
80	4	21,73	267,99
81	5	10,84	47,29
82	10	4,53	33,47
82	3	2,74	31,27
83	9	4,98	12,76
84	4	9,26	114,18
85	5	8	34,92
86	6	14,56	106,86
86	8	8,37	23,91
87	1	11,53	57,38
87	4	64,39	794,22
87	9	5,81	14,89
88	6	5,23	38,42
88	8	26,52	75,74
89	4	20,58	253,83
89	6	22,26	163,38
90	8	2,57	7,33
91	10	2,68	19,78
91	5	12,96	56,55
91	1	0,66	3,29
92	10	188,28	1391,17
92	9	130,76	335,17
92	6	9,85	72,32
92	5	1,12	4,87
92	3	6,69	76,42
92	2	0,42	3,09
93	1	2,64	13,16
93	8	22,68	64,79
93	9	2,64	6,77
93	10	46,14	340,94
94	5	3,72	16,24
94	7	14,98	20,26
95	9	284,43	729,07
96	9	66,14	169,53
96	7	6,44	8,71
96	6	3,99	29,31
97	8	65,34	186,6
97	7	18,54	25,07
98	2	23,12	171,38
99	10	49,97	369,21
99	6	2,12	15,56
99	5	14,58	63,61
100	8	13,14	37,54
100	6	11,99	88

#jobId ddate weight rdate
1	189,674	27	790,072
2	81,877	12	1071,67
3	318,061	31	596,226
4	634,615	23	1301,305
5	165,43	40	869,359
6	635,655	47	288,854
7	771,173	48	1351,076
8	796,313	18	281,918
9	780,302	1	919,028
10	489,047	12	532,587
11	223,852	22	809,783
12	906,675	16	624,363
13	207,546	47	1021,292
14	438,068	28	1216,046
15	135,458	35	896,783
16	889,132	8	990,126
17	99,345	48	1195,584
18	300,082	3	666,3
19	57,295	17	503,652
20	161,086	5	350,676
21	203,99	3	1229,741
22	352,352	16	684,606
23	7,895	8	279,309
24	450,768	26	713,516
25	2,136	5	555,175
26	362,498	30	1101,425
27	601,458	47	1333,336
28	779,85	28	649,503
29	233,513	5	1387,668
30	355,547	4	1415,633
31	888,005	22	77,433
32	768,748	49	390,129
33	473,65	7	1153,227
34	336,676	23	1468,727
35	905,048	16	929,014
36	418,29	4	496,576
37	879,292	30	1006,047
38	673,812	18	780,765
39	134,244	19	554,952
40	435,982	27	198,065
41	208,824	13	935,298
42	74,572	21	785,99
43	66,999	6	237,032
44	89,235	48	1329,465
45	412,606	45	441,304
46	439,682	40	1306,054
47	221,791	29	1206,757
48	19,414	14	641,811
49	431,09	27	356,989
50	83,134	44	1057,507
51	552,471	31	62,78
52	549,143	18	213,087
53	199,453	5	1384,128
54	816,423	9	585,485
55	876,479	39	1316,762
56	581,248	11	435,343
57	400,469	25	1005,655
58	515,85	17	356,984
59	861,17	10	315,683
60	890,116	14	920,521
61	803,648	23	1487,826
62	197,921	41	742,658
63	304,652	8	1287,157
64	507,538	47	400,381
65	655,31	21	523,666
66	378,929	28	86,278
67	439,802	47	1264,454
68	283,156	2	985,826
69	351,767	40	61,036
70	269,482	46	994,673
71	143,966	15	363,613
72	737,244	20	21,29
73	648,012	19	1130,929
74	863,6	22	460,993
75	66,746	20	1336,27
76	505,014	44	1282,284
77	839,683	8	803,735
78	581,063	38	750,525
79	304,414	17	867,488
80	385,434	23	1258,307
81	27,703	10	58,618
82	198,488	2	605,954
83	583,822	17	1378,161
84	5,337	16	1066,246
85	159,398	26	808,387
86	464,075	38	360,682
87	576,778	10	1259,307
88	832,317	7	564,383
89	709,63	37	786,223
90	484,524	22	721,384
91	66,227	45	437,629
92	844,32	14	1393,163
93	222,253	24	1295,148
94	341,103	46	1383,371
95	507,397	41	1390,576
96	764,434	48	702,775
97	220,394	17	1248,615
98	511,466	49	1195,812
99	232,891	33	173,694
100	60,927	44	662,815

#machId jobPred jobSucc setupTime
1	1	4	3,356
1	1	5	3,086
1	1	6	1,79
1	1	8	1,714
1	1	10	0,842
1	1	19	13,449
1	1	20	8,507
1	1	27	2,965
1	1	30	6,929
1	1	31	2,917
1	1	35	3,872
1	1	37	21,74
1	1	38	5,464
1	1	41	2,466
1	1	43	26,347
1	1	45	4,747
1	1	47	2,853
1	1	55	3,259
1	1	57	5,794
1	1	58	4,346
1	1	59	15,241
1	1	60	1,158
1	1	61	1,625
1	1	63	7,33
1	1	72	4,709
1	1	74	13,423
1	1	87	3,07
1	1	91	4,95
1	1	93	26,232
1	4	1	2,035
1	4	5	10,778
1	4	6	7,448
1	4	8	6,497
1	4	10	1,013
1	4	19	17,228
1	4	20	13,587
1	4	27	0,557
1	4	30	3,536
1	4	31	2,427
1	4	35	10,996
1	4	37	6,837
1	4	38	2,594
1	4	41	2,974
1	4	43	2,96
1	4	45	1,848
1	4	47	35
1	4	55	2,707
1	4	57	8,184
1	4	58	15,891
1	4	59	3,145
1	4	60	3,212
1	4	61	8,319
1	4	63	1,03
1	4	72	1,119
1	4	74	14,586
1	4	87	7,173
1	4	91	4,652
1	4	93	1,49
1	5	1	0,653
1	5	4	3,768
1	5	6	9,217
1	5	8	8,609
1	5	10	3,323
1	5	19	8,753
1	5	20	0,827
1	5	27	16,357
1	5	30	4,771
1	5	31	7,617
1	5	35	13,855
1	5	37	14,856
1	5	38	2,464
1	5	41	1,217
1	5	43	7,691
1	5	45	7,903
1	5	47	4,215
1	5	55	4,687
1	5	57	11,905
1	5	58	2,205
1	5	59	23,012
1	5	60	8,072
1	5	61	0,643
1	5	63	4,553
1	5	72	9,637
1	5	74	4,536
1	5	87	3,592
1	5	91	2,459
1	5	93	9,983
1	6	1	17,665
1	6	4	18,34
1	6	5	10,201
1	6	8	15,057
1	6	10	12,292
1	6	19	2,722
1	6	20	1,347
1	6	27	4,445
1	6	30	29,376
1	6	31	3,795
1	6	35	4,963
1	6	37	2,159
1	6	38	7,748
1	6	41	3,455
1	6	43	8,726
1	6	45	1,974
1	6	47	3,368
1	6	55	1,77
1	6	57	3,154
1	6	58	3,38
1	6	59	5,028
1	6	60	14,501
1	6	61	7,285
1	6	63	4,866
1	6	72	1,939
1	6	74	1,926
1	6	87	3,215
1	6	91	2,568
1	6	93	7,943
1	8	1	4,641
1	8	4	0,772
1	8	5	10,256
1	8	6	2,236
1	8	10	2,441
1	8	19	1,565
1	8	20	0,502
1	8	27	2,12
1	8	30	13,495
1	8	31	6,378
1	8	35	3,257
1	8	37	4,089
1	8	38	8,351
1	8	41	0,714
1	8	43	2,376
1	8	45	6,674
1	8	47	4,963
1	8	55	1,662
1	8	57	1,793
1	8	58	6,377
1	8	59	7,977
1	8	60	9,256
1	8	61	19,084
1	8	63	0,745
1	8	72	3,047
1	8	74	4,087
1	8	87	8,279
1	8	91	3,774
1	8	93	2,468
1	10	1	1,577
1	10	4	4,907
1	10	5	2,893
1	10	6	4,33
1	10	8	6,947
1	10	19	0,869
1	10	20	24,578
1	10	27	3,752
1	10	30	4,716
1	10	31	12,255
1	10	35	2,8
1	10	37	6,747
1	10	38	1,916
1	10	41	5,17
1	10	43	0,949
1	10	45	0,996
1	10	47	2,587
1	10	55	3,755
1	10	57	8,834
1	10	58	7,147
1	10	59	13,282
1	10	60	2,626
1	10	61	14,858
1	10	63	1,92
1	10	72	9,172
1	10	74	17,478
1	10	87	0,657
1	10	91	3,407
1	10	93	3,559
1	19	1	3,65
1	19	4	7,105
1	19	5	2,248
1	19	6	3,029
1	19	8	2,54
1	19	10	10,068
1	19	20	5,242
1	19	27	6,631
1	19	30	1,833
1	19	31	3,43
1	19	35	1,463
1	19	37	12,079
1	19	38	6,704
1	19	41	1,39
1	19	43	2,247
1	19	45	0,732
1	19	47	1,193
1	19	55	5,952
1	19	57	11,218
1	19	58	2,508
1	19	59	1,776
1	19	60	3,525
1	19	61	3,495
1	19	63	11,053
1	19	72	3,642
1	19	74	30,233
1	19	87	0,644
1	19	91	2,538
1	19	93	3,401
1	20	1	3,224
1	20	4	3,661
1	20	5	4,141
1	20	6	4,033
1	20	8	9,157
1	20	10	11,925
1	20	19	4,325
1	20	27	3,754
1	20	30	12,905
1	20	31	0,87
1	20	35	16,134
1	20	37	11,556
1	20	38	4,984
1	20	41	1,231
1	20	43	26,622
1	20	45	23,701
1	20	47	0,547
1	20	55	3,538
1	20	57	2,377
1	20	58	6,576
1	20	59	1,983
1	20	60	1,081
1	20	61	5,721
1	20	63	1,646
1	20	72	1,742
1	20	74	4,007
1	20	87	13,198
1	20	91	3,54
1	20	93	8,666
1	27	1	10,881
1	27	4	0,896
1	27	5	10,617
1	27	6	2,581
1	27	8	1,915
1	27	10	24,938
1	27	19	3,182
1	27	20	2,955
1	27	30	14,534
1	27	31	7,04
1	27	35	0,991
1	27	37	3,203
1	27	38	1,568
1	27	41	2,475
1	27	43	9,868
1	27	45	0,848
1	27	47	20,147
1	27	55	0,516
1	27	57	1,384
1	27	58	9,996
1	27	59	1,855
1	27	60	22,361
1	27	61	5,8
1	27	63	20,557
1	27	72	16,97
1	27	74	3,036
1	27	87	16,398
1	27	91	6,518
1	27	93	4,423
1	30	1	14,952
1	30	4	7,173
1	30	5	3,081
1	30	6	19,193
1	30	8	9,465
1	30	10	0,71
1	30	19	7,158
1	30	20	4,254
1	30	27	0,932
1	30	31	3,223
1	30	35	17,294
1	30	37	6,954
1	30	38	8,493
1	30	41	2,959
1	30	43	14,463
1	30	45	14,226
1	30	47	2,048
1	30	55	2,049
1	30	57	3,437
1	30	58	0,784
1	30	59	1,946
1	30	60	7,028
1	30	61	3,201
1	30	63	2,795
1	30	72	6,19
1	30	74	3,074
1	30	87	0,921
1	30	91	5,598
1	30	93	4,399
1	31	1	14,022
1	31	4	1,245
1	31	5	2,087
1	31	6	18,893
1	31	8	2,875
1	31	10	4,247
1	31	19	1,438
1	31	20	5,717
1	31	27	24,453
1	31	30	0,657
1	31	35	4,157
1	31	37	3,459
1	31	38	2,404
1	31	41	1,183
1	31	43	3,849
1	31	45	0,636
1	31	47	1,12
1	31	55	7,168
1	31	57	2,742
1	31	58	1,71
1	31	59	1,507
1	31	60	23,426
1	31	61	1,276
1	31	63	1,586
1	31	72	3,2
1	31	74	2,649
1	31	87	1,451
1	31	91	2,659
1	31	93	1,668
1	35	1	7,696
1	35	4	1,479
1	35	5	0,764
1	35	6	0,722
1	35	8	8,949
1	35	10	10,111
1	35	19	5,409
1	35	20	2,201
1	35	27	3,203
1	35	30	3,86
1	35	31	5,62
1	35	37	3,004
1	35	38	4,398
1	35	41	5,969
1	35	43	14,24
1	35	45	2,215
1	35	47	1,986
1	35	55	4,406
1	35	57	1,886
1	35	58	11,242
1	35	59	1,957
1	35	60	34,777
1	35	61	0,912
1	35	63	5,164
1	35	72	11,989
1	35	74	4,963
1	35	87	0,536
1	35	91	9,783
1	35	93	2,695
1	37	1	4,81
1	37	4	9,361
1	37	5	4,813
1	37	6	2,322
1	37	8	16,813
1	37	10	1,989
1	37	19	3,344
1	37	20	8,84
1	37	27	14,734
1	37	30	4,898
1	37	31	1,462
1	37	35	8,18
1	37	38	0,752
1	37	41	5,841
1	37	43	1,824
1	37	45	1,352
1	37	47	1,472
1	37	55	5,403
1	37	57	9,372
1	37	58	1,428
1	37	59	2,731
1	37	60	2,396
1	37	61	2,719
1	37	63	1,198
1	37	72	22,631
1	37	74	1,396
1	37	87	6,091
1	37	91	8,831
1	37	93	0,537
1	38	1	1,025
1	38	4	30,757
1	38	5	2,935
1	38	6	4,253
1	38	8	5,697
1	38	10	6,997
1	38	19	1,128
1	38	20	8,241
1	38	27	3,354
1	38	30	31,411
1	38	31	7,527
1	38	35	1,992
1	38	37	5,316
1	38	41	0,663
1	38	43	7,356
1	38	45	4,765
1	38	47	0,974
1	38	55	0,515
1	38	57	3,32
1	38	58	1,261
1	38	59	3,593
1	38	60	4,075
1	38	61	5,692
1	38	63	0,509
1	38	72	1,41
1	38	74	1,567
1	38	87	2,187
1	38	91	0,661
1	38	93	17,442
1	41	1	1,458
1	41	4	7,59
1	41	5	1,781
1	41	6	5,194
1	41	8	5,413
1	41	10	9,981
1	41	19	8,57
1	41	20	4,769
1	41	27	3,095
1	41	30	4,161
1	41	31	7,87
1	41	35	1,084
1	41	37	1,026
1	41	38	3,258
1	41	43	0,822
1	41	45	0,578
1	41	47	0,783
1	41	55	3,578
1	41	57	11,543
1	41	58	1,77
1	41	59	3,745
1	41	60	7,555
1	41	61	4,905
1	41	63	7,793
1	41	72	5,005
1	41	74	10,47
1	41	87	6,33
1	41	91	17,692
1	41	93	1,377
1	43	1	1,357
1	43	4	6,081
1	43	5	2,383
1	43	6	0,784
1	43	8	7,425
1	43	10	3,12
1	43	19	5,463
1	43	20	0,902
1	43	27	9,278
1	43	30	5,261
1	43	31	1,259
1	43	35	4,394
1	43	37	13,843
1	43	38	0,904
1	43	41	1,889
1	43	45	10,269
1	43	47	7,918
1	43	55	0,72
1	43	57	10,672
1	43	58	20,728
1	43	59	13,48
1	43	60	7,332
1	43	61	30,39
1	43	63	2,028
1	43	72	6,828
1	43	74	16,9
1	43	87	2,473
1	43	91	14,422
1	43	93	4,098
1	45	1	1,951
1	45	4	5,965
1	45	5	7,387
1	45	6	1,675
1	45	8	17,58
1	45	10	1,364
1	45	19	1,78
1	45	20	4,519
1	45	27	2,319
1	45	30	38,503
1	45	31	0,732
1	45	35	25,333
1	45	37	5,57
1	45	38	3,458
1	45	41	2,001
1	45	43	15,85
1	45	47	8,365
1	45	55	0,969
1	45	57	3,206
1	45	58	15,944
1	45	59	4,505
1	45	60	21,881
1	45	61	4,059
1	45	63	3,261
1	45	72	18,995
1	45	74	7,283
1	45	87	3,9
1	45	91	5,034
1	45	93	1,041
1	47	1	1,608
1	47	4	18,239
1	47	5	5,459
1	47	6	12,233
1	47	8	1,08
1	47	10	3,038
1	47	19	1,49
1	47	20	5,585
1	47	27	2,255
1	47	30	0,665
1	47	31	23,981
1	47	35	1,836
1	47	37	3,318
1	47	38	0,756
1	47	41	1,199
1	47	43	6,664
1	47	45	9,519
1	47	55	15,508
1	47	57	3,301
1	47	58	5,134
1	47	59	5,823
1	47	60	7,812
1	47	61	1,04
1	47	63	5,282
1	47	72	9,476
1	47	74	3,366
1	47	87	1,786
1	47	91	1,722
1	47	93	12,405
1	55	1	3,723
1	55	4	1,324
1	55	5	3,691
1	55	6	2,647
1	55	8	11,604
1	55	10	2,233
1	55	19	2,055
1	55	20	2,618
1	55	27	13,918
1	55	30	0,775
1	55	31	11,893
1	55	35	16,426
1	55	37	8,424
1	55	38	6,418
1	55	41	6,043
1	55	43	0,567
1	55	45	24,138
1	55	47	1,849
1	55	57	6,064
1	55	58	3,991
1	55	59	0,936
1	55	60	3,958
1	55	61	1,929
1	55	63	5,031
1	55	72	2,791
1	55	74	7,447
1	55	87	2,965
1	55	91	1,297
1	55	93	1,479
1	57	1	5,323
1	57	4	3,242
1	57	5	14,999
1	57	6	18,313
1	57	8	9,661
1	57	10	3,177
1	57	19	6,1
1	57	20	5,46
1	57	27	8,135
1	57	30	5,991
1	57	31	2,461
1	57	35	8,669
1	57	37	6,429
1	57	38	4,199
1	57	41	1,252
1	57	43	2,208
1	57	45	2,485
1	57	47	7,529
1	57	55	2,275
1	57	58	6,573
1	57	59	7,033
1	57	60	1,907
1	57	61	3,374
1	57	63	2,617
1	57	72	5,019
1	57	74	2,531
1	57	87	8,008
1	57	91	2,43
1	57	93	3,014
1	58	1	7,007
1	58	4	1,448
1	58	5	6,371
1	58	6	5,181
1	58	8	4,822
1	58	10	14,239
1	58	19	1,024
1	58	20	6,077
1	58	27	5,862
1	58	30	4,253
1	58	31	3,699
1	58	35	2,825
1	58	37	2,512
1	58	38	5,768
1	58	41	1,297
1	58	43	7,847
1	58	45	24,525
1	58	47	0,852
1	58	55	6,465
1	58	57	10,187
1	58	59	1,356
1	58	60	20,442
1	58	61	1,739
1	58	63	14,343
1	58	72	1,846
1	58	74	2,067
1	58	87	2,926
1	58	91	1,066
1	58	93	13,572
1	59	1	8,795
1	59	4	2,117
1	59	5	3,106
1	59	6	13,597
1	59	8	2,216
1	59	10	16,618
1	59	19	1,406
1	59	20	0,722
1	59	27	14,02
1	59	30	1,694
1	59	31	1,569
1	59	35	2,01
1	59	37	1,684
1	59	38	1,602
1	59	41	4,246
1	59	43	6,186
1	59	45	4,824
1	59	47	11,78
1	59	55	1,071
1	59	57	4,429
1	59	58	11,053
1	59	60	0,705
1	59	61	3,284
1	59	63	8,884
1	59	72	3,38
1	59	74	3,666
1	59	87	2,648
1	59	91	5,533
1	59	93	2,123
1	60	1	19,64
1	60	4	15,846
1	60	5	4,903
1	60	6	7,81
1	60	8	6,636
1	60	10	1,4
1	60	19	0,664
1	60	20	0,735
1	60	27	9,923
1	60	30	21,809
1	60	31	13,627
1	60	35	3,805
1	60	37	12,34
1	60	38	1,713
1	60	41	1,756
1	60	43	2,299
1	60	45	0,728
1	60	47	0,776
1	60	55	17,864
1	60	57	5,897
1	60	58	10,541
1	60	59	2,891
1	60	61	1,018
1	60	63	1,678
1	60	72	4,38
1	60	74	3,795
1	60	87	9,917
1	60	91	0,998
1	60	93	7,574
1	61	1	8,54
1	61	4	3,555
1	61	5	1,552
1	61	6	40,194
1	61	8	7,286
1	61	10	11,394
1	61	19	3,393
1	61	20	3,265
1	61	27	13,769
1	61	30	10,738
1	61	31	11,587
1	61	35	0,871
1	61	37	5,372
1	61	38	11,282
1	61	41	2,328
1	61	43	0,704
1	61	45	6,188
1	61	47	3,955
1	61	55	26,781
1	61	57	11,11
1	61	58	4,223
1	61	59	25,377
1	61	60	7,522
1	61	63	5,179
1	61	72	1,56
1	61	74	6,729
1	61	87	19,091
1	61	91	1,261
1	61	93	1,795
1	63	1	0,779
1	63	4	4,743
1	63	5	9,311
1	63	6	12,537
1	63	8	0,835
1	63	10	1,147
1	63	19	5,276
1	63	20	0,714
1	63	27	4,045
1	63	30	1,794
1	63	31	19,26
1	63	35	6,61
1	63	37	4,63
1	63	38	10,612
1	63	41	2,713
1	63	43	10,782
1	63	45	1,185
1	63	47	1,263
1	63	55	3,763
1	63	57	2,01
1	63	58	3,566
1	63	59	8,405
1	63	60	8,643
1	63	61	6,776
1	63	72	1,54
1	63	74	2,183
1	63	87	2,815
1	63	91	10,839
1	63	93	2,339
1	72	1	8,835
1	72	4	3,178
1	72	5	1,858
1	72	6	6,066
1	72	8	18,538
1	72	10	5,19
1	72	19	3,204
1	72	20	5,263
1	72	27	2,785
1	72	30	0,651
1	72	31	1,773
1	72	35	3,031
1	72	37	6,328
1	72	38	5,99
1	72	41	5,03
1	72	43	3,094
1	72	45	5,549
1	72	47	3,665
1	72	55	3,083
1	72	57	16,654
1	72	58	4,171
1	72	59	1,533
1	72	60	3,239
1	72	61	7,667
1	72	63	8,222
1	72	74	1,045
1	72	87	2,034
1	72	91	2,89
1	72	93	2,974
1	74	1	3,281
1	74	4	4,872
1	74	5	6,46
1	74	6	34,069
1	74	8	5,08
1	74	10	11,131
1	74	19	0,884
1	74	20	12,964
1	74	27	0,822
1	74	30	1,92
1	74	31	3,888
1	74	35	4,499
1	74	37	9,087
1	74	38	5,361
1	74	41	5,754
1	74	43	4,616
1	74	45	1,31
1	74	47	29,994
1	74	55	0,673
1	74	57	14,198
1	74	58	2,499
1	74	59	3,881
1	74	60	1,441
1	74	61	10,962
1	74	63	1,395
1	74	72	7,053
1	74	87	1,194
1	74	91	0,897
1	74	93	4,087
1	87	1	2,792
1	87	4	6,983
1	87	5	1,083
1	87	6	30,065
1	87	8	16,838
1	87	10	24,784
1	87	19	3,461
1	87	20	9,049
1	87	27	8,833
1	87	30	1,452
1	87	31	3,952
1	87	35	10,911
1	87	37	1,673
1	87	38	1,474
1	87	41	21,853
1	87	43	9,113
1	87	45	3,795
1	87	47	0,632
1	87	55	1,92
1	87	57	5,32
1	87	58	1,822
1	87	59	8,355
1	87	60	1,463
1	87	61	3,092
1	87	63	16,197
1	87	72	4,685
1	87	74	5,82
1	87	91	3,781
1	87	93	1,469
1	91	1	3,7
1	91	4	4,844
1	91	5	9,531
1	91	6	3,79
1	91	8	4,22
1	91	10	6,686
1	91	19	0,982
1	91	20	1,689
1	91	27	1,014
1	91	30	2,895
1	91	31	2,255
1	91	35	3,593
1	91	37	15,643
1	91	38	2,562
1	91	41	5,571
1	91	43	6,686
1	91	45	8,103
1	91	47	1,884
1	91	55	1,742
1	91	57	5,999
1	91	58	1,391
1	91	59	7,804
1	91	60	2,669
1	91	61	7,705
1	91	63	1,03
1	91	72	0,919
1	91	74	13,731
1	91	87	21,41
1	91	93	12,325
1	93	1	1,961
1	93	4	8,808
1	93	5	1,482
1	93	6	6,228
1	93	8	1,287
1	93	10	12,563
1	93	19	1,737
1	93	20	3,577
1	93	27	0,882
1	93	30	2,151
1	93	31	11,443
1	93	35	3,701
1	93	37	3,139
1	93	38	1,746
1	93	41	14,2
1	93	43	0,688
1	93	45	3,522
1	93	47	10,92
1	93	55	14,814
1	93	57	1,922
1	93	58	3,648
1	93	59	15,474
1	93	60	5,218
1	93	61	37,248
1	93	63	22,616
1	93	72	12,954
1	93	74	1,649
1	93	87	4,678
1	93	91	1,601
2	1	3	5,449
2	1	10	82,127
2	1	13	33,193
2	1	16	0,812
2	1	33	4,193
2	1	46	1,674
2	1	50	9,56
2	1	51	6,329
2	1	56	16,086
2	1	58	20,215
2	1	63	2,493
2	1	64	3,317
2	1	69	2,454
2	1	73	15,999
2	1	92	5,289
2	1	98	2,472
2	3	1	10,229
2	3	10	5,536
2	3	13	4,481
2	3	16	3,845
2	3	33	5,157
2	3	46	7,219
2	3	50	11,969
2	3	51	3,346
2	3	56	3,656
2	3	58	5,424
2	3	63	3,478
2	3	64	5,25
2	3	69	2,992
2	3	73	0,86
2	3	92	3,558
2	3	98	4,552
2	10	1	0,855
2	10	3	6,015
2	10	13	2,377
2	10	16	1,954
2	10	33	18,166
2	10	46	2,058
2	10	50	4,436
2	10	51	2,454
2	10	56	2,366
2	10	58	4,487
2	10	63	2,699
2	10	64	0,687
2	10	69	3,747
2	10	73	1,021
2	10	92	0,513
2	10	98	1,286
2	13	1	20,67
2	13	3	5,037
2	13	10	14,986
2	13	16	7,194
2	13	33	1,73
2	13	46	1,666
2	13	50	1,156
2	13	51	13,072
2	13	56	4,794
2	13	58	51,532
2	13	63	5,494
2	13	64	1,938
2	13	69	7,51
2	13	73	2,592
2	13	92	0,998
2	13	98	11,738
2	16	1	2,05
2	16	3	13,176
2	16	10	1,852
2	16	13	12,656
2	16	33	1,977
2	16	46	17,046
2	16	50	25,491
2	16	51	2,633
2	16	56	2,694
2	16	58	1,252
2	16	63	1,479
2	16	64	12,821
2	16	69	13,876
2	16	73	3,326
2	16	92	2,568
2	16	98	1,466
2	33	1	13,74
2	33	3	9,361
2	33	10	12,429
2	33	13	2,96
2	33	16	3,524
2	33	46	2,087
2	33	50	3,846
2	33	51	15,993
2	33	56	12,169
2	33	58	8,543
2	33	63	3,62
2	33	64	5,706
2	33	69	16,099
2	33	73	4,281
2	33	92	9,53
2	33	98	2,717
2	46	1	1,02
2	46	3	7,601
2	46	10	1,834
2	46	13	11,522
2	46	16	1,317
2	46	33	2,307
2	46	50	3,15
2	46	51	1,142
2	46	56	8,415
2	46	58	12,47
2	46	63	12,02
2	46	64	1,723
2	46	69	10,51
2	46	73	3,354
2	46	92	37,692
2	46	98	5,057
2	50	1	0,545
2	50	3	1,965
2	50	10	16,679
2	50	13	4,15
2	50	16	9,043
2	50	33	3,685
2	50	46	11,986
2	50	51	1,861
2	50	56	1,649
2	50	58	10,299
2	50	63	2,284
2	50	64	9,284
2	50	69	0,976
2	50	73	8,137
2	50	92	5,51
2	50	98	11,797
2	51	1	1,869
2	51	3	10,417
2	51	10	2,425
2	51	13	2,646
2	51	16	1,795
2	51	33	17,478
2	51	46	1,312
2	51	50	14,217
2	51	56	19,439
2	51	58	2,948
2	51	63	39,255
2	51	64	46,548
2	51	69	11,478
2	51	73	0,948
2	51	92	6,083
2	51	98	2,166
2	56	1	0,822
2	56	3	3,521
2	56	10	23,057
2	56	13	0,944
2	56	16	15,884
2	56	33	12,971
2	56	46	7,35
2	56	50	3,008
2	56	51	0,877
2	56	58	1,058
2	56	63	16,605
2	56	64	2,766
2	56	69	0,545
2	56	73	16,32
2	56	92	12,567
2	56	98	8,553
2	58	1	8,233
2	58	3	13,743
2	58	10	1,24
2	58	13	0,874
2	58	16	19,251
2	58	33	11,103
2	58	46	5,589
2	58	50	6,903
2	58	51	2,905
2	58	56	14,141
2	58	63	2,728
2	58	64	5,054
2	58	69	8,833
2	58	73	11,37
2	58	92	4,793
2	58	98	3,105
2	63	1	6,914
2	63	3	4,766
2	63	10	19,167
2	63	13	3,299
2	63	16	6,121
2	63	33	5,9
2	63	46	2,171
2	63	50	1,409
2	63	51	8,806
2	63	56	1,793
2	63	58	4,011
2	63	64	3,679
2	63	69	13,932
2	63	73	2,22
2	63	92	1,738
2	63	98	19,522
2	64	1	8,152
2	64	3	13,786
2	64	10	1,588
2	64	13	0,843
2	64	16	1,354
2	64	33	2,407
2	64	46	0,961
2	64	50	7,201
2	64	51	4,484
2	64	56	8,925
2	64	58	2,375
2	64	63	0,937
2	64	69	6,517
2	64	73	2,924
2	64	92	0,827
2	64	98	10,461
2	69	1	6,653
2	69	3	0,896
2	69	10	13,874
2	69	13	1,08
2	69	16	11,796
2	69	33	1,483
2	69	46	4,619
2	69	50	20,491
2	69	51	1,945
2	69	56	19,043
2	69	58	9,106
2	69	63	1,338
2	69	64	1,715
2	69	73	11,645
2	69	92	0,863
2	69	98	22,467
2	73	1	0,798
2	73	3	0,841
2	73	10	6,954
2	73	13	1,043
2	73	16	3,767
2	73	33	9,217
2	73	46	14,328
2	73	50	2,663
2	73	51	4,855
2	73	56	9,369
2	73	58	45,056
2	73	63	2,58
2	73	64	0,68
2	73	69	9,353
2	73	92	10,205
2	73	98	2,189
2	92	1	1,866
2	92	3	4,89
2	92	10	6,469
2	92	13	3,875
2	92	16	1,626
2	92	33	1,729
2	92	46	4,87
2	92	50	9,179
2	92	51	7,438
2	92	56	1,312
2	92	58	2,136
2	92	63	1,756
2	92	64	13,682
2	92	69	12,818
2	92	73	16,726
2	92	98	0,772
2	98	1	1,44
2	98	3	13,275
2	98	10	17,28
2	98	13	2,329
2	98	16	8,804
2	98	33	5,379
2	98	46	20,869
2	98	50	9,783
2	98	51	6,002
2	98	56	1,38
2	98	58	2,244
2	98	63	4,845
2	98	64	8,579
2	98	69	3,611
2	98	73	1,559
2	98	92	5,672
3	3	8	0,697
3	3	9	1,565
3	3	12	1,446
3	3	15	9,737
3	3	20	5,903
3	3	22	0,959
3	3	26	5,762
3	3	33	17,803
3	3	48	16,725
3	3	49	6,503
3	3	51	0,996
3	3	56	8,608
3	3	62	3,56
3	3	82	1,563
3	3	92	5,282
3	8	3	2,534
3	8	9	6,431
3	8	12	12,976
3	8	15	9,805
3	8	20	10,962
3	8	22	2,134
3	8	26	2,305
3	8	33	2,765
3	8	48	3,513
3	8	49	7,749
3	8	51	0,53
3	8	56	4,628
3	8	62	12,251
3	8	82	3,471
3	8	92	1,333
3	9	3	6,626
3	9	8	1,168
3	9	12	2,703
3	9	15	2,907
3	9	20	3,525
3	9	22	1,134
3	9	26	0,767
3	9	33	5,737
3	9	48	12,408
3	9	49	3,241
3	9	51	3,499
3	9	56	5,048
3	9	62	2,844
3	9	82	0,805
3	9	92	9,153
3	12	3	2,952
3	12	8	0,929
3	12	9	1,187
3	12	15	2,753
3	12	20	2,38
3	12	22	1,535
3	12	26	0,658
3	12	33	3,403
3	12	48	2,06
3	12	49	1,219
3	12	51	0,642
3	12	56	0,762
3	12	62	14,174
3	12	82	21,179
3	12	92	15,415
3	15	3	3,727
3	15	8	1,695
3	15	9	9,584
3	15	12	6,017
3	15	20	8,517
3	15	22	2,353
3	15	26	11,041
3	15	33	7,743
3	15	48	7,285
3	15	49	6,233
3	15	51	8,773
3	15	56	9,612
3	15	62	21,088
3	15	82	2,462
3	15	92	5,925
3	20	3	9,479
3	20	8	1,131
3	20	9	3,242
3	20	12	2,038
3	20	15	9,191
3	20	22	6,908
3	20	26	14,8
3	20	33	18,042
3	20	48	3,902
3	20	49	4,712
3	20	51	1,97
3	20	56	3,555
3	20	62	5,075
3	20	82	6,445
3	20	92	4,124
3	22	3	3,826
3	22	8	15,854
3	22	9	0,925
3	22	12	7,966
3	22	15	1,426
3	22	20	7,888
3	22	26	1,812
3	22	33	3,025
3	22	48	4,316
3	22	49	5,752
3	22	51	5,743
3	22	56	2,383
3	22	62	19,086
3	22	82	11,605
3	22	92	3,397
3	26	3	0,962
3	26	8	1,099
3	26	9	1,683
3	26	12	9,915
3	26	15	1,604
3	26	20	3,866
3	26	22	2,701
3	26	33	1,666
3	26	48	8,448
3	26	49	4,218
3	26	51	4,848
3	26	56	0,746
3	26	62	1,13
3	26	82	4,367
3	26	92	5,928
3	33	3	1,509
3	33	8	3,747
3	33	9	14,601
3	33	12	0,503
3	33	15	9,522
3	33	20	2,008
3	33	22	2,754
3	33	26	2,53
3	33	48	4,067
3	33	49	4,362
3	33	51	0,899
3	33	56	8,718
3	33	62	10,222
3	33	82	4,927
3	33	92	18,929
3	48	3	3,053
3	48	8	7,728
3	48	9	8,449
3	48	12	1,404
3	48	15	6,408
3	48	20	1,252
3	48	22	6,51
3	48	26	2,204
3	48	33	9,422
3	48	49	3,263
3	48	51	1,47
3	48	56	7,644
3	48	62	1,586
3	48	82	7,779
3	48	92	48,057
3	49	3	5,337
3	49	8	1,805
3	49	9	1,17
3	49	12	3,724
3	49	15	18,31
3	49	20	11,762
3	49	22	1,038
3	49	26	7,002
3	49	33	8,443
3	49	48	6
3	49	51	1,528
3	49	56	51,412
3	49	62	3,179
3	49	82	12,759
3	49	92	8,403
3	51	3	2,123
3	51	8	4,676
3	51	9	4,168
3	51	12	3,023
3	51	15	13,301
3	51	20	17,864
3	51	22	3,45
3	51	26	2,105
3	51	33	6,636
3	51	48	1,207
3	51	49	0,613
3	51	56	16,858
3	51	62	8,913
3	51	82	5,724
3	51	92	11,541
3	56	3	9,664
3	56	8	6,666
3	56	9	0,899
3	56	12	3,479
3	56	15	19,829
3	56	20	1,142
3	56	22	13,405
3	56	26	4,229
3	56	33	9,156
3	56	48	5,332
3	56	49	20,39
3	56	51	9,497
3	56	62	21,044
3	56	82	6,92
3	56	92	18,574
3	62	3	16,225
3	62	8	5,319
3	62	9	10,517
3	62	12	7,572
3	62	15	35,967
3	62	20	9,785
3	62	22	2,631
3	62	26	5,411
3	62	33	0,927
3	62	48	0,929
3	62	49	5,821
3	62	51	9,879
3	62	56	4,904
3	62	82	8,427
3	62	92	0,516
3	82	3	5,157
3	82	8	3,738
3	82	9	1,935
3	82	12	8,414
3	82	15	1,674
3	82	20	1,006
3	82	22	18,462
3	82	26	3,069
3	82	33	2,178
3	82	48	3,906
3	82	49	1,863
3	82	51	13,471
3	82	56	4,16
3	82	62	1,654
3	82	92	10,972
3	92	3	6,51
3	92	8	3,814
3	92	9	3,744
3	92	12	10,884
3	92	15	8,126
3	92	20	19,546
3	92	22	7,681
3	92	26	12,991
3	92	33	8,059
3	92	48	2,385
3	92	49	17,268
3	92	51	1,392
3	92	56	4,885
3	92	62	5,305
3	92	82	2,98
4	1	4	16,835
4	1	16	6,852
4	1	20	3,619
4	1	21	12,504
4	1	30	1,175
4	1	32	11,937
4	1	33	0,955
4	1	35	2,531
4	1	36	0,773
4	1	46	1,078
4	1	51	4,501
4	1	53	5,813
4	1	55	7,122
4	1	57	18,303
4	1	58	6,879
4	1	60	8,703
4	1	62	1,1
4	1	64	4,776
4	1	65	14,577
4	1	68	4,982
4	1	73	3,574
4	1	74	1,142
4	1	75	0,577
4	1	80	11,725
4	1	84	3,55
4	1	87	8,528
4	1	89	2,978
4	4	1	4,012
4	4	16	1,882
4	4	20	13,933
4	4	21	0,813
4	4	30	0,739
4	4	32	2,29
4	4	33	7,114
4	4	35	3,884
4	4	36	8,521
4	4	46	2,756
4	4	51	8,779
4	4	53	11,695
4	4	55	19,398
4	4	57	13,136
4	4	58	2,31
4	4	60	14,183
4	4	62	35,649
4	4	64	2,234
4	4	65	13,458
4	4	68	2,024
4	4	73	10,585
4	4	74	23,345
4	4	75	24,181
4	4	80	3,765
4	4	84	7,275
4	4	87	1,332
4	4	89	2,775
4	16	1	3,422
4	16	4	1,169
4	16	20	8,843
4	16	21	11,1
4	16	30	12,603
4	16	32	5,338
4	16	33	4,351
4	16	35	0,825
4	16	36	2,598
4	16	46	6,709
4	16	51	3,347
4	16	53	4,733
4	16	55	3,163
4	16	57	1,076
4	16	58	0,99
4	16	60	6,178
4	16	62	8,059
4	16	64	4,521
4	16	65	3,817
4	16	68	3,523
4	16	73	0,558
4	16	74	3,393
4	16	75	0,827
4	16	80	0,594
4	16	84	3,816
4	16	87	14,756
4	16	89	1,508
4	20	1	8,092
4	20	4	3,626
4	20	16	4,119
4	20	21	1,942
4	20	30	1,596
4	20	32	6,072
4	20	33	4,051
4	20	35	1,969
4	20	36	3,617
4	20	46	1,291
4	20	51	4,161
4	20	53	0,893
4	20	55	1,352
4	20	57	3,382
4	20	58	15,315
4	20	60	1,425
4	20	62	13,539
4	20	64	1,171
4	20	65	12,802
4	20	68	4,699
4	20	73	6,833
4	20	74	2,929
4	20	75	0,915
4	20	80	2,33
4	20	84	3,809
4	20	87	3,04
4	20	89	3,713
4	21	1	2,926
4	21	4	12,272
4	21	16	8,827
4	21	20	16,69
4	21	30	5,067
4	21	32	6,354
4	21	33	6,265
4	21	35	4,704
4	21	36	13,527
4	21	46	9,205
4	21	51	0,97
4	21	53	4,32
4	21	55	8,619
4	21	57	2,712
4	21	58	20,918
4	21	60	15,136
4	21	62	5,775
4	21	64	4,624
4	21	65	7,91
4	21	68	9,315
4	21	73	1,456
4	21	74	27,559
4	21	75	21,525
4	21	80	14,245
4	21	84	11,185
4	21	87	10,473
4	21	89	10,514
4	30	1	2,666
4	30	4	3,039
4	30	16	11,818
4	30	20	4,599
4	30	21	12,681
4	30	32	47,578
4	30	33	22,579
4	30	35	0,854
4	30	36	17,007
4	30	46	1,123
4	30	51	13,602
4	30	53	22,26
4	30	55	4,378
4	30	57	7,729
4	30	58	1,748
4	30	60	3,222
4	30	62	8,432
4	30	64	1,3
4	30	65	12,908
4	30	68	3,429
4	30	73	1,363
4	30	74	26,933
4	30	75	3,866
4	30	80	4,739
4	30	84	6,143
4	30	87	12,816
4	30	89	3,024
4	32	1	4,443
4	32	4	3,796
4	32	16	13,926
4	32	20	3,607
4	32	21	6,857
4	32	30	20,894
4	32	33	2,695
4	32	35	0,673
4	32	36	3,416
4	32	46	1,714
4	32	51	20,411
4	32	53	2,103
4	32	55	5,412
4	32	57	7,789
4	32	58	0,523
4	32	60	2,326
4	32	62	0,791
4	32	64	7,454
4	32	65	6,56
4	32	68	3,683
4	32	73	1,67
4	32	74	5,741
4	32	75	6,841
4	32	80	4,886
4	32	84	7,183
4	32	87	1,273
4	32	89	41,356
4	33	1	8,737
4	33	4	11,171
4	33	16	8,35
4	33	20	13,057
4	33	21	13,416
4	33	30	3,503
4	33	32	4,544
4	33	35	0,749
4	33	36	2,402
4	33	46	1,41
4	33	51	2,305
4	33	53	40,502
4	33	55	6,6
4	33	57	0,936
4	33	58	2,448
4	33	60	4,604
4	33	62	1,691
4	33	64	2,227
4	33	65	1,775
4	33	68	9,879
4	33	73	18,935
4	33	74	3,119
4	33	75	11,659
4	33	80	2,987
4	33	84	8,211
4	33	87	3,111
4	33	89	1,157
4	35	1	5,717
4	35	4	15,545
4	35	16	3,863
4	35	20	1,599
4	35	21	1,281
4	35	30	4,226
4	35	32	5,099
4	35	33	0,635
4	35	36	9,122
4	35	46	0,896
4	35	51	3,657
4	35	53	2,494
4	35	55	1,315
4	35	57	2,682
4	35	58	1,676
4	35	60	18,943
4	35	62	14,462
4	35	64	5,023
4	35	65	13,588
4	35	68	0,949
4	35	73	33,83
4	35	74	5,944
4	35	75	1,065
4	35	80	2,825
4	35	84	1,842
4	35	87	17,394
4	35	89	1,644
4	36	1	1,523
4	36	4	8,752
4	36	16	7,458
4	36	20	7,643
4	36	21	8,3
4	36	30	5,788
4	36	32	4,444
4	36	33	9,885
4	36	35	2,963
4	36	46	6,899
4	36	51	33,729
4	36	53	15,074
4	36	55	2,44
4	36	57	3,286
4	36	58	5,787
4	36	60	6,69
4	36	62	0,866
4	36	64	3,405
4	36	65	3,731
4	36	68	6,609
4	36	73	0,718
4	36	74	2,142
4	36	75	1,802
4	36	80	16,93
4	36	84	1,78
4	36	87	1,21
4	36	89	19,278
4	46	1	1,336
4	46	4	1,51
4	46	16	1,749
4	46	20	2,498
4	46	21	8,317
4	46	30	12,997
4	46	32	1,465
4	46	33	5,104
4	46	35	3,048
4	46	36	8,437
4	46	51	2,254
4	46	53	1,495
4	46	55	2,168
4	46	57	9,19
4	46	58	1,106
4	46	60	5,38
4	46	62	3,047
4	46	64	5,889
4	46	65	2,471
4	46	68	1,474
4	46	73	0,842
4	46	74	14,189
4	46	75	1,746
4	46	80	7,429
4	46	84	10,253
4	46	87	0,648
4	46	89	9,189
4	51	1	5,575
4	51	4	5,216
4	51	16	0,561
4	51	20	1,866
4	51	21	2,312
4	51	30	3,791
4	51	32	15,808
4	51	33	1,245
4	51	35	0,581
4	51	36	10,717
4	51	46	1,989
4	51	53	3,875
4	51	55	5,889
4	51	57	8,009
4	51	58	1,811
4	51	60	1,569
4	51	62	2,969
4	51	64	5,566
4	51	65	1,062
4	51	68	1,406
4	51	73	3,622
4	51	74	2,937
4	51	75	9,229
4	51	80	0,555
4	51	84	0,767
4	51	87	13,115
4	51	89	2,52
4	53	1	3,288
4	53	4	2,687
4	53	16	8,014
4	53	20	0,744
4	53	21	0,856
4	53	30	2,86
4	53	32	2,988
4	53	33	3,074
4	53	35	9,635
4	53	36	0,773
4	53	46	6,48
4	53	51	2,188
4	53	55	1,455
4	53	57	2,668
4	53	58	4,896
4	53	60	2,751
4	53	62	1,279
4	53	64	2,678
4	53	65	4,245
4	53	68	1,89
4	53	73	2,81
4	53	74	7,688
4	53	75	0,539
4	53	80	1,103
4	53	84	2,865
4	53	87	1,227
4	53	89	9,044
4	55	1	0,687
4	55	4	7,292
4	55	16	3,947
4	55	20	2,759
4	55	21	0,951
4	55	30	7,995
4	55	32	12,637
4	55	33	11,934
4	55	35	10,313
4	55	36	10,923
4	55	46	0,968
4	55	51	8,396
4	55	53	1,013
4	55	57	0,69
4	55	58	6,359
4	55	60	1,499
4	55	62	5,469
4	55	64	6,299
4	55	65	17,556
4	55	68	0,522
4	55	73	1,331
4	55	74	7,891
4	55	75	5,107
4	55	80	15,093
4	55	84	24,847
4	55	87	17,415
4	55	89	34,224
4	57	1	9,797
4	57	4	1,645
4	57	16	1,309
4	57	20	4,961
4	57	21	3,278
4	57	30	5,568
4	57	32	3,316
4	57	33	0,757
4	57	35	10,364
4	57	36	2,557
4	57	46	3,482
4	57	51	1,195
4	57	53	3,414
4	57	55	4,131
4	57	58	4,68
4	57	60	12,815
4	57	62	4,678
4	57	64	3,873
4	57	65	1,693
4	57	68	1,176
4	57	73	0,993
4	57	74	14,751
4	57	75	2,86
4	57	80	5,796
4	57	84	3,009
4	57	87	9,696
4	57	89	4,213
4	58	1	9,455
4	58	4	0,857
4	58	16	2,474
4	58	20	5,528
4	58	21	2,484
4	58	30	3,358
4	58	32	6,943
4	58	33	1,383
4	58	35	2,122
4	58	36	3,597
4	58	46	1,054
4	58	51	13,372
4	58	53	3,721
4	58	55	3,947
4	58	57	2,033
4	58	60	2,022
4	58	62	12,958
4	58	64	5,601
4	58	65	3,192
4	58	68	15,15
4	58	73	2,705
4	58	74	72,582
4	58	75	0,707
4	58	80	6,886
4	58	84	1,318
4	58	87	2,069
4	58	89	19,46
4	60	1	7,445
4	60	4	1,257
4	60	16	19,834
4	60	20	5,586
4	60	21	7,078
4	60	30	1,136
4	60	32	2,914
4	60	33	3,491
4	60	35	1,71
4	60	36	7,202
4	60	46	0,795
4	60	51	1,144
4	60	53	6,221
4	60	55	3,131
4	60	57	0,748
4	60	58	8,841
4	60	62	4,827
4	60	64	0,621
4	60	65	2,531
4	60	68	11,975
4	60	73	3,867
4	60	74	3,975
4	60	75	3,574
4	60	80	8,788
4	60	84	1,494
4	60	87	5,271
4	60	89	4,338
4	62	1	0,757
4	62	4	5,031
4	62	16	8,513
4	62	20	12,46
4	62	21	2,918
4	62	30	4,649
4	62	32	3,065
4	62	33	17,101
4	62	35	3,224
4	62	36	5,659
4	62	46	15,983
4	62	51	4,048
4	62	53	15,202
4	62	55	5,102
4	62	57	7,463
4	62	58	14,289
4	62	60	4,959
4	62	64	7,884
4	62	65	3,005
4	62	68	2,05
4	62	73	9,807
4	62	74	5,196
4	62	75	1,569
4	62	80	8,358
4	62	84	9,738
4	62	87	0,727
4	62	89	1,661
4	64	1	6,5
4	64	4	2,302
4	64	16	13,7
4	64	20	0,85
4	64	21	0,594
4	64	30	2,582
4	64	32	4,409
4	64	33	12,413
4	64	35	1,213
4	64	36	19,795
4	64	46	1,939
4	64	51	5,003
4	64	53	1,86
4	64	55	9,103
4	64	57	12,531
4	64	58	5,177
4	64	60	9,052
4	64	62	2,547
4	64	65	26,681
4	64	68	6,13
4	64	73	1,451
4	64	74	7,754
4	64	75	17,623
4	64	80	12,423
4	64	84	2,516
4	64	87	4,93
4	64	89	3,511
4	65	1	1,933
4	65	4	2,984
4	65	16	16,991
4	65	20	3,885
4	65	21	2,743
4	65	30	1,565
4	65	32	9,607
4	65	33	1,008
4	65	35	7,112
4	65	36	1,99
4	65	46	1,776
4	65	51	3,913
4	65	53	2,329
4	65	55	6,865
4	65	57	0,926
4	65	58	4,098
4	65	60	1,046
4	65	62	11,724
4	65	64	3,624
4	65	68	2,338
4	65	73	5,023
4	65	74	2,071
4	65	75	6,252
4	65	80	10,969
4	65	84	2,024
4	65	87	3,679
4	65	89	16,651
4	68	1	5,744
4	68	4	0,553
4	68	16	9,152
4	68	20	6,854
4	68	21	5,596
4	68	30	4,412
4	68	32	7,372
4	68	33	5,295
4	68	35	6,022
4	68	36	5,92
4	68	46	3,069
4	68	51	3,185
4	68	53	1,029
4	68	55	9,138
4	68	57	1,613
4	68	58	2,399
4	68	60	4,057
4	68	62	2,78
4	68	64	11,07
4	68	65	1,314
4	68	73	5,773
4	68	74	13,929
4	68	75	1,853
4	68	80	3,628
4	68	84	12,326
4	68	87	6,006
4	68	89	0,619
4	73	1	1,142
4	73	4	1,71
4	73	16	4,774
4	73	20	4,934
4	73	21	11,282
4	73	30	2,466
4	73	32	2,45
4	73	33	4,27
4	73	35	3,442
4	73	36	6,081
4	73	46	2,825
4	73	51	11,135
4	73	53	4,431
4	73	55	7,707
4	73	57	3,06
4	73	58	1,707
4	73	60	10,472
4	73	62	4,251
4	73	64	0,795
4	73	65	2,158
4	73	68	3,423
4	73	74	7,233
4	73	75	2,806
4	73	80	5,028
4	73	84	4,27
4	73	87	5,36
4	73	89	0,716
4	74	1	5,895
4	74	4	0,771
4	74	16	8,974
4	74	20	15,077
4	74	21	0,839
4	74	30	5,191
4	74	32	11,934
4	74	33	5,614
4	74	35	2,166
4	74	36	5,037
4	74	46	1,975
4	74	51	1,376
4	74	53	3,203
4	74	55	6,913
4	74	57	2,331
4	74	58	5,748
4	74	60	5,443
4	74	62	14,072
4	74	64	3,376
4	74	65	9,493
4	74	68	5,81
4	74	73	1,122
4	74	75	4,925
4	74	80	7,383
4	74	84	8,324
4	74	87	2,226
4	74	89	2,001
4	75	1	1,225
4	75	4	1,162
4	75	16	0,904
4	75	20	6,025
4	75	21	4,085
4	75	30	0,714
4	75	32	1,003
4	75	33	14,667
4	75	35	6,029
4	75	36	0,915
4	75	46	4,304
4	75	51	0,861
4	75	53	1,469
4	75	55	2,078
4	75	57	6,104
4	75	58	5,074
4	75	60	1,407
4	75	62	2,599
4	75	64	1,109
4	75	65	4,514
4	75	68	2,718
4	75	73	1,488
4	75	74	0,533
4	75	80	5,314
4	75	84	12,424
4	75	87	11,109
4	75	89	6,33
4	80	1	3,583
4	80	4	3,061
4	80	16	1,486
4	80	20	5,044
4	80	21	14,714
4	80	30	6,71
4	80	32	0,568
4	80	33	0,955
4	80	35	2,163
4	80	36	1,433
4	80	46	2,118
4	80	51	3,509
4	80	53	1,057
4	80	55	1,33
4	80	57	0,772
4	80	58	40,239
4	80	60	2,001
4	80	62	1,882
4	80	64	0,914
4	80	65	15,076
4	80	68	3,429
4	80	73	1,548
4	80	74	1,813
4	80	75	2,987
4	80	84	1,797
4	80	87	1,08
4	80	89	3,647
4	84	1	3,174
4	84	4	1,129
4	84	16	15,497
4	84	20	1,74
4	84	21	6,646
4	84	30	6,52
4	84	32	15,154
4	84	33	1,729
4	84	35	3,056
4	84	36	6,33
4	84	46	7,094
4	84	51	1,977
4	84	53	22,495
4	84	55	3,461
4	84	57	8,3
4	84	58	1,42
4	84	60	4,629
4	84	62	1,182
4	84	64	6,873
4	84	65	1,593
4	84	68	21,218
4	84	73	21,574
4	84	74	12,415
4	84	75	19,294
4	84	80	18,444
4	84	87	0,704
4	84	89	6,216
4	87	1	12,09
4	87	4	9,069
4	87	16	1,892
4	87	20	22,36
4	87	21	12,233
4	87	30	4,114
4	87	32	1,543
4	87	33	3,137
4	87	35	5,94
4	87	36	29,209
4	87	46	0,694
4	87	51	6,888
4	87	53	0,728
4	87	55	2,406
4	87	57	0,812
4	87	58	5,618
4	87	60	0,913
4	87	62	11,588
4	87	64	3,707
4	87	65	6,478
4	87	68	5,057
4	87	73	20,475
4	87	74	0,809
4	87	75	2,725
4	87	80	4,085
4	87	84	2,416
4	87	89	19,733
4	89	1	3,344
4	89	4	0,918
4	89	16	1,459
4	89	20	3,007
4	89	21	1,375
4	89	30	3,534
4	89	32	12,665
4	89	33	2,936
4	89	35	4,895
4	89	36	11,39
4	89	46	5,083
4	89	51	16,019
4	89	53	6,348
4	89	55	1,143
4	89	57	0,923
4	89	58	4,607
4	89	60	2,224
4	89	62	6,911
4	89	64	2,37
4	89	65	2,457
4	89	68	1,355
4	89	73	5,609
4	89	74	4,429
4	89	75	0,784
4	89	80	3,094
4	89	84	3,32
4	89	87	7,445
5	3	11	20,619
5	3	13	0,858
5	3	20	3,513
5	3	23	6,668
5	3	26	2,686
5	3	31	4,466
5	3	32	28,815
5	3	37	3,445
5	3	40	7,842
5	3	43	11,73
5	3	48	2,571
5	3	53	7,1
5	3	64	1,913
5	3	81	0,884
5	3	85	1,544
5	3	91	7,413
5	3	92	2,845
5	3	94	5,663
5	3	99	9,797
5	11	3	19,689
5	11	13	1,773
5	11	20	10,544
5	11	23	3,342
5	11	26	10,457
5	11	31	10,827
5	11	32	8,273
5	11	37	2,413
5	11	40	1,467
5	11	43	3,61
5	11	48	1,081
5	11	53	24,507
5	11	64	6,178
5	11	81	2,773
5	11	85	0,606
5	11	91	7,512
5	11	92	7,436
5	11	94	1,856
5	11	99	8,579
5	13	3	5,514
5	13	11	5,532
5	13	20	0,663
5	13	23	0,743
5	13	26	12,887
5	13	31	0,937
5	13	32	6,002
5	13	37	1,198
5	13	40	12,007
5	13	43	2,339
5	13	48	7,359
5	13	53	1,771
5	13	64	1,171
5	13	81	0,689
5	13	85	1,532
5	13	91	0,538
5	13	92	30,223
5	13	94	20,089
5	13	99	4,01
5	20	3	4,899
5	20	11	8,443
5	20	13	11,68
5	20	23	0,805
5	20	26	5,182
5	20	31	8,184
5	20	32	15,368
5	20	37	2,407
5	20	40	2,293
5	20	43	16,378
5	20	48	25,196
5	20	53	2,364
5	20	64	1,195
5	20	81	3,934
5	20	85	6,026
5	20	91	1,091
5	20	92	2,109
5	20	94	10,784
5	20	99	6,791
5	23	3	2,062
5	23	11	1,799
5	23	13	0,794
5	23	20	1,892
5	23	26	0,863
5	23	31	3,418
5	23	32	14,575
5	23	37	3,086
5	23	40	0,692
5	23	43	2,861
5	23	48	1,795
5	23	53	3,337
5	23	64	9,361
5	23	81	4,858
5	23	85	7,665
5	23	91	0,64
5	23	92	6,672
5	23	94	1,98
5	23	99	1,103
5	26	3	2,867
5	26	11	11,838
5	26	13	10,957
5	26	20	20,224
5	26	23	4,832
5	26	31	3,717
5	26	32	10,196
5	26	37	2,354
5	26	40	1,354
5	26	43	17,728
5	26	48	17,02
5	26	53	11,441
5	26	64	4,188
5	26	81	1,24
5	26	85	30,993
5	26	91	1,821
5	26	92	0,729
5	26	94	9,485
5	26	99	10,538
5	31	3	1,192
5	31	11	8,139
5	31	13	5,405
5	31	20	3,995
5	31	23	2,103
5	31	26	2,949
5	31	32	9,087
5	31	37	6,36
5	31	40	2,715
5	31	43	0,857
5	31	48	3,591
5	31	53	1,555
5	31	64	31,718
5	31	81	3,55
5	31	85	0,866
5	31	91	14,529
5	31	92	1,584
5	31	94	1,553
5	31	99	9,636
5	32	3	2,77
5	32	11	11,509
5	32	13	8,299
5	32	20	3,258
5	32	23	1,741
5	32	26	1,372
5	32	31	3,631
5	32	37	3,112
5	32	40	12,429
5	32	43	15,961
5	32	48	10,567
5	32	53	3,995
5	32	64	4,79
5	32	81	3,695
5	32	85	4,084
5	32	91	8,785
5	32	92	9,588
5	32	94	0,968
5	32	99	7,236
5	37	3	0,986
5	37	11	9,787
5	37	13	2,887
5	37	20	4,28
5	37	23	5,648
5	37	26	3,917
5	37	31	33,387
5	37	32	16,292
5	37	40	2,445
5	37	43	4,017
5	37	48	2,785
5	37	53	2,808
5	37	64	11,626
5	37	81	4,523
5	37	85	6,818
5	37	91	2,233
5	37	92	5,444
5	37	94	1,728
5	37	99	8,403
5	40	3	6,706
5	40	11	2,645
5	40	13	5,918
5	40	20	0,8
5	40	23	17,102
5	40	26	13,727
5	40	31	15,477
5	40	32	6,408
5	40	37	1,728
5	40	43	0,737
5	40	48	10,511
5	40	53	6,123
5	40	64	17,488
5	40	81	2,152
5	40	85	2,542
5	40	91	6,993
5	40	92	4,351
5	40	94	6,498
5	40	99	7,206
5	43	3	14,757
5	43	11	10,742
5	43	13	2,908
5	43	20	3,842
5	43	23	2,504
5	43	26	5,781
5	43	31	1,115
5	43	32	4,131
5	43	37	2,736
5	43	40	7,149
5	43	48	0,504
5	43	53	6,224
5	43	64	2,134
5	43	81	1,65
5	43	85	0,707
5	43	91	1,118
5	43	92	28,069
5	43	94	6,666
5	43	99	1,021
5	48	3	7,571
5	48	11	7,302
5	48	13	0,885
5	48	20	5,531
5	48	23	5,151
5	48	26	15,442
5	48	31	10,201
5	48	32	3,9
5	48	37	3,373
5	48	40	10,112
5	48	43	0,538
5	48	53	3,764
5	48	64	1,019
5	48	81	3,297
5	48	85	17,312
5	48	91	25,351
5	48	92	8,148
5	48	94	13,782
5	48	99	4,062
5	53	3	1,49
5	53	11	2,101
5	53	13	7,106
5	53	20	5,357
5	53	23	20,742
5	53	26	0,695
5	53	31	3,149
5	53	32	9,716
5	53	37	4,819
5	53	40	4,82
5	53	43	7,539
5	53	48	2,853
5	53	64	3,989
5	53	81	0,869
5	53	85	18,014
5	53	91	1,488
5	53	92	0,725
5	53	94	4,251
5	53	99	7,682
5	64	3	3,451
5	64	11	3,122
5	64	13	5,463
5	64	20	0,92
5	64	23	17,078
5	64	26	0,999
5	64	31	2,038
5	64	32	1,42
5	64	37	4,216
5	64	40	4,718
5	64	43	3,196
5	64	48	0,965
5	64	53	3,549
5	64	81	13,572
5	64	85	3,495
5	64	91	4,404
5	64	92	3,336
5	64	94	1,613
5	64	99	2,845
5	81	3	17,861
5	81	11	3,331
5	81	13	2,608
5	81	20	18,095
5	81	23	9,016
5	81	26	5,682
5	81	31	7,775
5	81	32	3,173
5	81	37	8,652
5	81	40	1,788
5	81	43	2,43
5	81	48	3,923
5	81	53	0,748
5	81	64	3,96
5	81	85	1,761
5	81	91	1,026
5	81	92	3,213
5	81	94	7,526
5	81	99	3,023
5	85	3	1,135
5	85	11	5,858
5	85	13	1,48
5	85	20	6,784
5	85	23	3,837
5	85	26	4,15
5	85	31	6,224
5	85	32	0,66
5	85	37	6,966
5	85	40	4,803
5	85	43	20,8
5	85	48	6,017
5	85	53	1,136
5	85	64	9,677
5	85	81	15,019
5	85	91	1,314
5	85	92	5,165
5	85	94	12,758
5	85	99	1,787
5	91	3	4,136
5	91	11	1,253
5	91	13	2,41
5	91	20	8,063
5	91	23	1,806
5	91	26	13,625
5	91	31	10,984
5	91	32	32,934
5	91	37	3,59
5	91	40	2,972
5	91	43	36,12
5	91	48	1,729
5	91	53	1,819
5	91	64	4,507
5	91	81	14,536
5	91	85	2,719
5	91	92	2,495
5	91	94	9,963
5	91	99	3,997
5	92	3	2,201
5	92	11	32,601
5	92	13	7,344
5	92	20	10,041
5	92	23	3,093
5	92	26	12,738
5	92	31	17,889
5	92	32	12,136
5	92	37	1,715
5	92	40	2,13
5	92	43	7,438
5	92	48	2,379
5	92	53	11,547
5	92	64	4,962
5	92	81	5,083
5	92	85	5,955
5	92	91	2,408
5	92	94	2,214
5	92	99	14,963
5	94	3	4,975
5	94	11	1,544
5	94	13	12,639
5	94	20	8,669
5	94	23	2,698
5	94	26	19,714
5	94	31	2,282
5	94	32	10,313
5	94	37	2,676
5	94	40	4,575
5	94	43	4,626
5	94	48	2,851
5	94	53	4,035
5	94	64	1,043
5	94	81	4,334
5	94	85	0,791
5	94	91	3,421
5	94	92	6,929
5	94	99	24,635
5	99	3	1,589
5	99	11	2,83
5	99	13	5,812
5	99	20	1,228
5	99	23	0,851
5	99	26	1,085
5	99	31	0,861
5	99	32	0,653
5	99	37	1,044
5	99	40	19,601
5	99	43	7,53
5	99	48	7,36
5	99	53	5,615
5	99	64	20,815
5	99	81	5,267
5	99	85	14,074
5	99	91	2,813
5	99	92	0,689
5	99	94	4,726
6	1	14	1,308
6	1	18	5,597
6	1	19	23,641
6	1	23	11,759
6	1	28	4,028
6	1	33	2,259
6	1	37	4,128
6	1	43	0,559
6	1	44	10,358
6	1	51	9,824
6	1	52	1,332
6	1	57	5,415
6	1	60	45,982
6	1	68	1,424
6	1	72	6,093
6	1	75	0,597
6	1	86	4,19
6	1	88	6,588
6	1	89	11,975
6	1	92	12,483
6	1	96	20,501
6	1	99	2,589
6	1	100	2,961
6	14	1	1,822
6	14	18	11,394
6	14	19	44,199
6	14	23	1,883
6	14	28	6,211
6	14	33	1,861
6	14	37	14,977
6	14	43	13,735
6	14	44	14,147
6	14	51	28,125
6	14	52	14,886
6	14	57	1,822
6	14	60	6,737
6	14	68	4,166
6	14	72	5,489
6	14	75	4,297
6	14	86	1,184
6	14	88	1,328
6	14	89	3,402
6	14	92	2,117
6	14	96	9,216
6	14	99	6,929
6	14	100	15,8
6	18	1	14,642
6	18	14	8,943
6	18	19	1,576
6	18	23	25,08
6	18	28	2,26
6	18	33	9,783
6	18	37	1,419
6	18	43	1,684
6	18	44	3,262
6	18	51	10,773
6	18	52	36,221
6	18	57	3,914
6	18	60	1,585
6	18	68	21,037
6	18	72	4,293
6	18	75	4,202
6	18	86	20,682
6	18	88	1,1
6	18	89	3,064
6	18	92	13,707
6	18	96	6,504
6	18	99	4,753
6	18	100	2,826
6	19	1	6,353
6	19	14	1,273
6	19	18	1,075
6	19	23	4,466
6	19	28	8,445
6	19	33	9,733
6	19	37	1,529
6	19	43	1,336
6	19	44	5,518
6	19	51	5,089
6	19	52	0,569
6	19	57	13,476
6	19	60	7,532
6	19	68	7,009
6	19	72	18,381
6	19	75	4,998
6	19	86	3,223
6	19	88	3,708
6	19	89	4,48
6	19	92	2,436
6	19	96	3,004
6	19	99	1,554
6	19	100	3,621
6	23	1	0,809
6	23	14	2,044
6	23	18	3,653
6	23	19	4,691
6	23	28	3,578
6	23	33	3,171
6	23	37	29,467
6	23	43	3,545
6	23	44	3,099
6	23	51	2,082
6	23	52	6,115
6	23	57	6,421
6	23	60	10,329
6	23	68	5,247
6	23	72	4,87
6	23	75	0,784
6	23	86	4,74
6	23	88	1,114
6	23	89	1,561
6	23	92	4,608
6	23	96	11,357
6	23	99	2,503
6	23	100	2,423
6	28	1	10,602
6	28	14	20,173
6	28	18	2,087
6	28	19	0,727
6	28	23	7,773
6	28	33	1,325
6	28	37	4,516
6	28	43	0,987
6	28	44	13,899
6	28	51	2,945
6	28	52	6,102
6	28	57	10,894
6	28	60	14,775
6	28	68	2,134
6	28	72	5,401
6	28	75	1,212
6	28	86	1,417
6	28	88	23,256
6	28	89	1,894
6	28	92	1,192
6	28	96	4,854
6	28	99	6,219
6	28	100	8,384
6	33	1	1,031
6	33	14	10,123
6	33	18	0,881
6	33	19	6,708
6	33	23	7,725
6	33	28	4,763
6	33	37	3,139
6	33	43	1,248
6	33	44	3,538
6	33	51	4,283
6	33	52	6,157
6	33	57	7
6	33	60	1,181
6	33	68	17,272
6	33	72	2,106
6	33	75	32,923
6	33	86	9,68
6	33	88	6,835
6	33	89	4,995
6	33	92	5,677
6	33	96	20,538
6	33	99	8,425
6	33	100	6,823
6	37	1	12,998
6	37	14	4,658
6	37	18	1,046
6	37	19	34,199
6	37	23	8,591
6	37	28	1,644
6	37	33	3,013
6	37	43	2,634
6	37	44	1,969
6	37	51	1,716
6	37	52	5,966
6	37	57	10,399
6	37	60	1,218
6	37	68	3,707
6	37	72	5,16
6	37	75	2,464
6	37	86	1,737
6	37	88	8,673
6	37	89	1,529
6	37	92	0,548
6	37	96	2,834
6	37	99	8,769
6	37	100	1,662
6	43	1	7,87
6	43	14	4,836
6	43	18	3,485
6	43	19	5,228
6	43	23	1,639
6	43	28	10,609
6	43	33	8,172
6	43	37	1,354
6	43	44	6,532
6	43	51	8,207
6	43	52	7,818
6	43	57	6,988
6	43	60	9,528
6	43	68	5,647
6	43	72	11,645
6	43	75	1,114
6	43	86	4,908
6	43	88	5,754
6	43	89	0,976
6	43	92	4,97
6	43	96	2,703
6	43	99	1,145
6	43	100	4,055
6	44	1	6,57
6	44	14	2,047
6	44	18	15,587
6	44	19	14,033
6	44	23	15,01
6	44	28	4,144
6	44	33	1,727
6	44	37	4,746
6	44	43	6,091
6	44	51	14,281
6	44	52	1,951
6	44	57	1,41
6	44	60	2,246
6	44	68	1,883
6	44	72	19,986
6	44	75	19,704
6	44	86	4,977
6	44	88	1,599
6	44	89	4,998
6	44	92	1,304
6	44	96	2,369
6	44	99	5,529
6	44	100	9,715
6	51	1	3,012
6	51	14	6,134
6	51	18	1,059
6	51	19	12,141
6	51	23	1,388
6	51	28	0,981
6	51	33	7,578
6	51	37	8,579
6	51	43	20,953
6	51	44	7,56
6	51	52	21,354
6	51	57	3,201
6	51	60	1,777
6	51	68	55,148
6	51	72	2,776
6	51	75	6,327
6	51	86	0,922
6	51	88	7,598
6	51	89	18,01
6	51	92	14,035
6	51	96	0,892
6	51	99	2,002
6	51	100	2,203
6	52	1	1,358
6	52	14	3,055
6	52	18	6,994
6	52	19	1,97
6	52	23	5,828
6	52	28	5,407
6	52	33	2,881
6	52	37	25,913
6	52	43	4,293
6	52	44	9,199
6	52	51	2,451
6	52	57	1,182
6	52	60	3,136
6	52	68	0,62
6	52	72	4,145
6	52	75	5,112
6	52	86	15,058
6	52	88	5,968
6	52	89	3,21
6	52	92	15,89
6	52	96	23,351
6	52	99	1,003
6	52	100	6,713
6	57	1	0,657
6	57	14	48,672
6	57	18	1,8
6	57	19	32,317
6	57	23	12,873
6	57	28	1,615
6	57	33	5,444
6	57	37	6,541
6	57	43	8,586
6	57	44	59,548
6	57	51	4,92
6	57	52	7,494
6	57	60	7,324
6	57	68	6,235
6	57	72	15,377
6	57	75	15,845
6	57	86	11,205
6	57	88	4,851
6	57	89	8,185
6	57	92	0,667
6	57	96	6,209
6	57	99	1,464
6	57	100	4,345
6	60	1	9,422
6	60	14	2,491
6	60	18	0,971
6	60	19	1,364
6	60	23	17,518
6	60	28	12,103
6	60	33	2,292
6	60	37	0,769
6	60	43	4,119
6	60	44	1,875
6	60	51	0,7
6	60	52	5,131
6	60	57	8,94
6	60	68	2,715
6	60	72	2,599
6	60	75	1,386
6	60	86	9,442
6	60	88	2,767
6	60	89	4,358
6	60	92	3,098
6	60	96	10,675
6	60	99	23,379
6	60	100	5,674
6	68	1	1,834
6	68	14	10,806
6	68	18	0,672
6	68	19	2,077
6	68	23	4,119
6	68	28	1,996
6	68	33	7,3
6	68	37	3,173
6	68	43	3,153
6	68	44	5,038
6	68	51	16,797
6	68	52	8,435
6	68	57	6,86
6	68	60	0,646
6	68	72	3,234
6	68	75	7,725
6	68	86	5,535
6	68	88	0,661
6	68	89	2,413
6	68	92	0,516
6	68	96	24,321
6	68	99	7,302
6	68	100	5,448
6	72	1	8,478
6	72	14	10,062
6	72	18	8,31
6	72	19	2,228
6	72	23	1,059
6	72	28	1,653
6	72	33	9,465
6	72	37	8,031
6	72	43	13,97
6	72	44	3,11
6	72	51	4,526
6	72	52	10,063
6	72	57	7,949
6	72	60	14,257
6	72	68	6,568
6	72	75	3,348
6	72	86	6,106
6	72	88	2,318
6	72	89	1,897
6	72	92	1,471
6	72	96	3,86
6	72	99	6,268
6	72	100	1,696
6	75	1	0,921
6	75	14	6,673
6	75	18	5,758
6	75	19	12,397
6	75	23	13,024
6	75	28	8,266
6	75	33	0,88
6	75	37	1,53
6	75	43	2,543
6	75	44	7,564
6	75	51	25,53
6	75	52	7,571
6	75	57	34,799
6	75	60	3,349
6	75	68	0,787
6	75	72	2,548
6	75	86	9,712
6	75	88	3,753
6	75	89	4,309
6	75	92	10,533
6	75	96	6,279
6	75	99	3,359
6	75	100	8,279
6	86	1	4,669
6	86	14	4,004
6	86	18	2,473
6	86	19	1,721
6	86	23	7,699
6	86	28	2,4
6	86	33	8,753
6	86	37	7,724
6	86	43	0,631
6	86	44	4,072
6	86	51	0,591
6	86	52	9,046
6	86	57	5,817
6	86	60	12,035
6	86	68	0,763
6	86	72	1,031
6	86	75	4,41
6	86	88	8,837
6	86	89	2,141
6	86	92	5,486
6	86	96	7,102
6	86	99	2,582
6	86	100	5,502
6	88	1	1,346
6	88	14	5,14
6	88	18	4,672
6	88	19	0,582
6	88	23	3,298
6	88	28	1,539
6	88	33	8,099
6	88	37	1,136
6	88	43	3,902
6	88	44	4,077
6	88	51	15,181
6	88	52	4,975
6	88	57	12,542
6	88	60	3,17
6	88	68	1,449
6	88	72	7,658
6	88	75	7,272
6	88	86	2,127
6	88	89	12,338
6	88	92	14,094
6	88	96	1,704
6	88	99	1,504
6	88	100	2,288
6	89	1	24,51
6	89	14	1,937
6	89	18	10,652
6	89	19	3,249
6	89	23	1,531
6	89	28	19,469
6	89	33	6,387
6	89	37	0,727
6	89	43	7,979
6	89	44	9,343
6	89	51	4,194
6	89	52	6,208
6	89	57	15,806
6	89	60	3,299
6	89	68	13,238
6	89	72	0,585
6	89	75	25,508
6	89	86	2,799
6	89	88	14,265
6	89	92	15,545
6	89	96	4,326
6	89	99	2,868
6	89	100	3,331
6	92	1	13,76
6	92	14	5,983
6	92	18	13,775
6	92	19	4,168
6	92	23	5,476
6	92	28	0,799
6	92	33	39,322
6	92	37	5,992
6	92	43	6,142
6	92	44	18,793
6	92	51	2,684
6	92	52	12,545
6	92	57	33,747
6	92	60	8,624
6	92	68	9,301
6	92	72	11,845
6	92	75	2,876
6	92	86	0,713
6	92	88	1,624
6	92	89	3,325
6	92	96	9,885
6	92	99	1,675
6	92	100	6,263
6	96	1	2,107
6	96	14	0,855
6	96	18	4,942
6	96	19	2,904
6	96	23	1,844
6	96	28	10,456
6	96	33	2,631
6	96	37	8,46
6	96	43	1,847
6	96	44	15,956
6	96	51	1,185
6	96	52	12,042
6	96	57	3,228
6	96	60	4,091
6	96	68	12,469
6	96	72	6,666
6	96	75	7,485
6	96	86	1,815
6	96	88	0,649
6	96	89	8,598
6	96	92	26,326
6	96	99	1,305
6	96	100	14,896
6	99	1	1,952
6	99	14	8,843
6	99	18	8,529
6	99	19	6,602
6	99	23	2,418
6	99	28	1,448
6	99	33	4,594
6	99	37	33,869
6	99	43	13,21
6	99	44	2,945
6	99	51	5,209
6	99	52	1,655
6	99	57	2,975
6	99	60	4,691
6	99	68	8,28
6	99	72	4,236
6	99	75	75,213
6	99	86	11,126
6	99	88	6,744
6	99	89	5,73
6	99	92	6,054
6	99	96	2,205
6	99	100	5,261
6	100	1	2,751
6	100	14	3,195
6	100	18	8,123
6	100	19	6,433
6	100	23	2,769
6	100	28	9,865
6	100	33	0,712
6	100	37	3,113
6	100	43	1,561
6	100	44	1,261
6	100	51	1,438
6	100	52	6,359
6	100	57	2,107
6	100	60	2,092
6	100	68	14,615
6	100	72	4,137
6	100	75	3,643
6	100	86	0,602
6	100	88	1,341
6	100	89	9,112
6	100	92	1,636
6	100	96	1,298
6	100	99	7,131
7	4	12	3,47
7	4	25	3,012
7	4	26	5,696
7	4	28	3,868
7	4	31	7,478
7	4	41	6,056
7	4	42	9,705
7	4	44	0,61
7	4	46	4,052
7	4	57	51,634
7	4	58	2,546
7	4	67	3,038
7	4	69	26,257
7	4	75	0,594
7	4	79	1,238
7	4	94	14,792
7	4	96	10,423
7	4	97	81,842
7	12	4	1,98
7	12	25	1,57
7	12	26	1,325
7	12	28	9,706
7	12	31	6,071
7	12	41	14,349
7	12	42	1,66
7	12	44	1,352
7	12	46	2,868
7	12	57	5,638
7	12	58	11,453
7	12	67	4,635
7	12	69	3,911
7	12	75	1,206
7	12	79	3,242
7	12	94	0,896
7	12	96	2,551
7	12	97	9,874
7	25	4	3,052
7	25	12	0,787
7	25	26	8,417
7	25	28	4,274
7	25	31	5,536
7	25	41	7,85
7	25	42	3,192
7	25	44	18,39
7	25	46	8,283
7	25	57	1,693
7	25	58	12,775
7	25	67	4,81
7	25	69	0,822
7	25	75	2,631
7	25	79	1,609
7	25	94	1,316
7	25	96	2,864
7	25	97	1,752
7	26	4	3,669
7	26	12	1,255
7	26	25	8,488
7	26	28	4,565
7	26	31	10,534
7	26	41	9,245
7	26	42	3,22
7	26	44	7,562
7	26	46	9,284
7	26	57	1,761
7	26	58	3,826
7	26	67	0,902
7	26	69	2,638
7	26	75	4,697
7	26	79	3,455
7	26	94	5,999
7	26	96	1,126
7	26	97	13,516
7	28	4	32,147
7	28	12	2,013
7	28	25	4,887
7	28	26	9,432
7	28	31	11,697
7	28	41	14,756
7	28	42	8,144
7	28	44	3,639
7	28	46	12,195
7	28	57	14,878
7	28	58	3,246
7	28	67	12,439
7	28	69	2,242
7	28	75	4,152
7	28	79	4,587
7	28	94	22,464
7	28	96	12,565
7	28	97	1,739
7	31	4	5,037
7	31	12	8,784
7	31	25	6,704
7	31	26	2,225
7	31	28	2,412
7	31	41	3,407
7	31	42	0,888
7	31	44	3,92
7	31	46	6,929
7	31	57	13,137
7	31	58	1,345
7	31	67	9,477
7	31	69	1,383
7	31	75	3,19
7	31	79	2,308
7	31	94	5,23
7	31	96	8,26
7	31	97	35,431
7	41	4	1,301
7	41	12	2,613
7	41	25	8,167
7	41	26	2,053
7	41	28	21,268
7	41	31	1,977
7	41	42	36,03
7	41	44	1,26
7	41	46	5,071
7	41	57	5,974
7	41	58	2,936
7	41	67	6,683
7	41	69	9,045
7	41	75	9,658
7	41	79	4,569
7	41	94	8,022
7	41	96	0,958
7	41	97	0,889
7	42	4	5,208
7	42	12	1,983
7	42	25	3,728
7	42	26	1,8
7	42	28	1,922
7	42	31	3,276
7	42	41	21,066
7	42	44	8,202
7	42	46	0,74
7	42	57	2,831
7	42	58	3,494
7	42	67	3,927
7	42	69	39,85
7	42	75	6,639
7	42	79	2,298
7	42	94	2,967
7	42	96	7,038
7	42	97	3,296
7	44	4	31,323
7	44	12	3,44
7	44	25	3,024
7	44	26	21,399
7	44	28	4,136
7	44	31	2,04
7	44	41	3,067
7	44	42	2,915
7	44	46	3,316
7	44	57	1,492
7	44	58	1,542
7	44	67	2,968
7	44	69	18,377
7	44	75	12,032
7	44	79	5,296
7	44	94	11,664
7	44	96	1,689
7	44	97	4,611
7	46	4	7,652
7	46	12	1,569
7	46	25	1,502
7	46	26	3,015
7	46	28	9,742
7	46	31	3,971
7	46	41	4,074
7	46	42	11,227
7	46	44	3,029
7	46	57	8,289
7	46	58	14,428
7	46	67	10,543
7	46	69	6,804
7	46	75	2,059
7	46	79	3,424
7	46	94	7,817
7	46	96	7,245
7	46	97	1,964
7	57	4	2,724
7	57	12	2,185
7	57	25	0,589
7	57	26	5,731
7	57	28	14,758
7	57	31	16,008
7	57	41	2,611
7	57	42	0,74
7	57	44	0,927
7	57	46	13,563
7	57	58	9,081
7	57	67	1,862
7	57	69	3,133
7	57	75	2,575
7	57	79	0,609
7	57	94	3,017
7	57	96	1,521
7	57	97	10,935
7	58	4	7,212
7	58	12	5,386
7	58	25	3,358
7	58	26	1,051
7	58	28	6,355
7	58	31	0,505
7	58	41	9,558
7	58	42	4,095
7	58	44	7,229
7	58	46	0,72
7	58	57	0,77
7	58	67	1,419
7	58	69	2,53
7	58	75	1,55
7	58	79	3,467
7	58	94	33,83
7	58	96	11,905
7	58	97	4,871
7	67	4	2,758
7	67	12	2,357
7	67	25	0,953
7	67	26	21,669
7	67	28	0,746
7	67	31	1,515
7	67	41	3,588
7	67	42	1,741
7	67	44	28,496
7	67	46	0,763
7	67	57	0,725
7	67	58	20,121
7	67	69	3,687
7	67	75	3,906
7	67	79	1,042
7	67	94	13,42
7	67	96	18,128
7	67	97	3,567
7	69	4	2,034
7	69	12	0,911
7	69	25	7,373
7	69	26	16,664
7	69	28	4,012
7	69	31	5,059
7	69	41	10,27
7	69	42	2,56
7	69	44	14,432
7	69	46	11,208
7	69	57	6,7
7	69	58	7,597
7	69	67	13,352
7	69	75	1,689
7	69	79	7,43
7	69	94	5,6
7	69	96	1,504
7	69	97	3,156
7	75	4	5,595
7	75	12	2,67
7	75	25	7,12
7	75	26	2,349
7	75	28	4,907
7	75	31	10,524
7	75	41	3,14
7	75	42	18,953
7	75	44	8,923
7	75	46	3,375
7	75	57	1,54
7	75	58	10,841
7	75	67	6,65
7	75	69	0,633
7	75	79	0,735
7	75	94	6,374
7	75	96	23,74
7	75	97	5,361
7	79	4	1,587
7	79	12	0,715
7	79	25	1,963
7	79	26	3,537
7	79	28	4,495
7	79	31	21,423
7	79	41	3,154
7	79	42	0,843
7	79	44	7,836
7	79	46	15,997
7	79	57	4,501
7	79	58	4,519
7	79	67	1,692
7	79	69	8,652
7	79	75	44,739
7	79	94	9,052
7	79	96	1,182
7	79	97	1,975
7	94	4	6,629
7	94	12	4,109
7	94	25	6,853
7	94	26	11,956
7	94	28	5,945
7	94	31	8,636
7	94	41	6,737
7	94	42	20,828
7	94	44	2,461
7	94	46	0,72
7	94	57	1,3
7	94	58	1,986
7	94	67	1,401
7	94	69	1,973
7	94	75	7,1
7	94	79	13,385
7	94	96	17,589
7	94	97	10,185
7	96	4	1,597
7	96	12	10,737
7	96	25	1,114
7	96	26	4,166
7	96	28	3,221
7	96	31	1,366
7	96	41	1,575
7	96	42	12,16
7	96	44	2,82
7	96	46	23,996
7	96	57	7,935
7	96	58	1,118
7	96	67	2,836
7	96	69	4,532
7	96	75	1,319
7	96	79	17,773
7	96	94	3,004
7	96	97	1,167
7	97	4	2,122
7	97	12	1,135
7	97	25	3,74
7	97	26	7,289
7	97	28	3,869
7	97	31	1,651
7	97	41	18,34
7	97	42	6,407
7	97	44	27,934
7	97	46	0,646
7	97	57	4,843
7	97	58	5,272
7	97	67	9,73
7	97	69	0,681
7	97	75	19,936
7	97	79	3,779
7	97	94	2,836
7	97	96	9,189
8	3	5	15,044
8	3	14	2,291
8	3	17	7,257
8	3	21	5,723
8	3	23	2,299
8	3	26	13,5
8	3	29	1,117
8	3	31	8,095
8	3	35	1,531
8	3	39	1,113
8	3	46	4,807
8	3	48	0,679
8	3	50	0,671
8	3	55	2,562
8	3	64	23,83
8	3	66	12,734
8	3	69	0,877
8	3	72	0,548
8	3	86	9,799
8	3	88	1,056
8	3	90	1,378
8	3	93	2,818
8	3	97	9,307
8	3	100	4,621
8	5	3	7,385
8	5	14	10,046
8	5	17	1,041
8	5	21	7,208
8	5	23	1,12
8	5	26	6,077
8	5	29	4,606
8	5	31	21,323
8	5	35	3,569
8	5	39	1,896
8	5	46	0,559
8	5	48	4,252
8	5	50	1,862
8	5	55	2,837
8	5	64	1,26
8	5	66	0,517
8	5	69	4,762
8	5	72	2,61
8	5	86	3,381
8	5	88	6,212
8	5	90	7,876
8	5	93	7,973
8	5	97	8,178
8	5	100	1,547
8	14	3	7,089
8	14	5	0,862
8	14	17	4,401
8	14	21	16,201
8	14	23	6,71
8	14	26	9,984
8	14	29	16,562
8	14	31	2,364
8	14	35	4,279
8	14	39	1,039
8	14	46	2,116
8	14	48	6,589
8	14	50	4,452
8	14	55	23,515
8	14	64	1,475
8	14	66	0,897
8	14	69	1,896
8	14	72	1,749
8	14	86	4,009
8	14	88	9,579
8	14	90	3,943
8	14	93	1,328
8	14	97	0,72
8	14	100	12,816
8	17	3	2,36
8	17	5	9,94
8	17	14	3,009
8	17	21	2,505
8	17	23	5,91
8	17	26	1,182
8	17	29	12,424
8	17	31	6,237
8	17	35	16,444
8	17	39	3,889
8	17	46	5,479
8	17	48	1,061
8	17	50	4,855
8	17	55	6,82
8	17	64	0,528
8	17	66	4,881
8	17	69	5,114
8	17	72	1,276
8	17	86	3,248
8	17	88	3,175
8	17	90	3,995
8	17	93	1,946
8	17	97	2,056
8	17	100	11,436
8	21	3	13,216
8	21	5	4,239
8	21	14	4,173
8	21	17	2,719
8	21	23	0,805
8	21	26	12,275
8	21	29	2,989
8	21	31	4,704
8	21	35	17,528
8	21	39	4,423
8	21	46	2,899
8	21	48	0,903
8	21	50	6,525
8	21	55	6,829
8	21	64	1,702
8	21	66	12,949
8	21	69	4,942
8	21	72	12,49
8	21	86	8,53
8	21	88	0,923
8	21	90	7,505
8	21	93	20,494
8	21	97	10,186
8	21	100	10,666
8	23	3	1,297
8	23	5	0,824
8	23	14	1,75
8	23	17	5,865
8	23	21	5,646
8	23	26	2,758
8	23	29	0,798
8	23	31	6,479
8	23	35	10,013
8	23	39	3,544
8	23	46	7,427
8	23	48	5,98
8	23	50	4,098
8	23	55	1,138
8	23	64	6,841
8	23	66	3,74
8	23	69	3,773
8	23	72	9,306
8	23	86	0,761
8	23	88	5,912
8	23	90	0,962
8	23	93	7,997
8	23	97	1,753
8	23	100	9,35
8	26	3	6,057
8	26	5	15,924
8	26	14	28,881
8	26	17	1,693
8	26	21	1,962
8	26	23	1,793
8	26	29	15,205
8	26	31	5,289
8	26	35	9,656
8	26	39	8,906
8	26	46	6,204
8	26	48	14,612
8	26	50	3,419
8	26	55	5,407
8	26	64	4,009
8	26	66	1,53
8	26	69	13,98
8	26	72	3,757
8	26	86	3,637
8	26	88	2,133
8	26	90	5,197
8	26	93	1,066
8	26	97	22,345
8	26	100	5,949
8	29	3	0,705
8	29	5	7,82
8	29	14	1,033
8	29	17	6,473
8	29	21	1,097
8	29	23	2,931
8	29	26	5,179
8	29	31	3,943
8	29	35	4,323
8	29	39	6,339
8	29	46	1,01
8	29	48	10,308
8	29	50	11,122
8	29	55	7,681
8	29	64	1,78
8	29	66	6,599
8	29	69	2,243
8	29	72	0,775
8	29	86	3,177
8	29	88	4,599
8	29	90	1,498
8	29	93	5,074
8	29	97	2,507
8	29	100	7,961
8	31	3	3,07
8	31	5	12,923
8	31	14	3,654
8	31	17	3,798
8	31	21	6,771
8	31	23	2,266
8	31	26	9,346
8	31	29	1,07
8	31	35	6,133
8	31	39	10,229
8	31	46	0,831
8	31	48	8,252
8	31	50	0,898
8	31	55	15,713
8	31	64	2,827
8	31	66	10,259
8	31	69	8,293
8	31	72	3,456
8	31	86	6,505
8	31	88	14,139
8	31	90	5,468
8	31	93	2,594
8	31	97	9,387
8	31	100	5,818
8	35	3	0,672
8	35	5	4,451
8	35	14	2,98
8	35	17	3,266
8	35	21	1,919
8	35	23	2,397
8	35	26	5,958
8	35	29	9,291
8	35	31	9,622
8	35	39	13,56
8	35	46	3,677
8	35	48	16,582
8	35	50	1,282
8	35	55	18,089
8	35	64	1,393
8	35	66	6,509
8	35	69	6,223
8	35	72	16,74
8	35	86	1,411
8	35	88	2,357
8	35	90	12,202
8	35	93	0,54
8	35	97	40,301
8	35	100	1,171
8	39	3	1,32
8	39	5	44,878
8	39	14	0,572
8	39	17	12,876
8	39	21	0,815
8	39	23	1,328
8	39	26	2,137
8	39	29	8,428
8	39	31	9,305
8	39	35	4,92
8	39	46	5,178
8	39	48	11,567
8	39	50	2,671
8	39	55	6,713
8	39	64	11,993
8	39	66	2,804
8	39	69	19,813
8	39	72	42,203
8	39	86	20,694
8	39	88	1,438
8	39	90	8,024
8	39	93	2,5
8	39	97	3,155
8	39	100	2,263
8	46	3	8,998
8	46	5	3,671
8	46	14	1,412
8	46	17	4,637
8	46	21	4,044
8	46	23	11,007
8	46	26	3,49
8	46	29	2,556
8	46	31	10,735
8	46	35	2,808
8	46	39	2,147
8	46	48	2,616
8	46	50	21,557
8	46	55	2,339
8	46	64	1,078
8	46	66	13,033
8	46	69	0,848
8	46	72	1,396
8	46	86	2,155
8	46	88	2,218
8	46	90	2,558
8	46	93	2,918
8	46	97	6,652
8	46	100	1,234
8	48	3	3,664
8	48	5	1,454
8	48	14	6,377
8	48	17	2,711
8	48	21	3,325
8	48	23	15,571
8	48	26	10,254
8	48	29	6,041
8	48	31	12,333
8	48	35	5,737
8	48	39	9,709
8	48	46	0,992
8	48	50	3,678
8	48	55	1,075
8	48	64	4,978
8	48	66	5,982
8	48	69	12,773
8	48	72	3,047
8	48	86	7,232
8	48	88	7,143
8	48	90	8,066
8	48	93	7,825
8	48	97	5,066
8	48	100	0,724
8	50	3	6,234
8	50	5	2,912
8	50	14	13,486
8	50	17	32,476
8	50	21	12,655
8	50	23	1,918
8	50	26	8,684
8	50	29	2,449
8	50	31	4,682
8	50	35	2,336
8	50	39	2,746
8	50	46	16,597
8	50	48	10,086
8	50	55	5,956
8	50	64	3,973
8	50	66	9,621
8	50	69	3,814
8	50	72	2,916
8	50	86	8,368
8	50	88	5,446
8	50	90	4,53
8	50	93	2,265
8	50	97	23,775
8	50	100	3,738
8	55	3	40,892
8	55	5	5,356
8	55	14	10,828
8	55	17	2,148
8	55	21	10,501
8	55	23	2,953
8	55	26	1,387
8	55	29	9,305
8	55	31	0,619
8	55	35	7,335
8	55	39	26,346
8	55	46	5,008
8	55	48	12,028
8	55	50	9,481
8	55	64	1,698
8	55	66	7,139
8	55	69	20,999
8	55	72	4,322
8	55	86	3,245
8	55	88	4,317
8	55	90	1,941
8	55	93	39,667
8	55	97	1,007
8	55	100	18,553
8	64	3	2,797
8	64	5	12,2
8	64	14	11,303
8	64	17	3,449
8	64	21	12,543
8	64	23	2,141
8	64	26	19,994
8	64	29	21,119
8	64	31	0,558
8	64	35	4,573
8	64	39	37,96
8	64	46	4,262
8	64	48	3,351
8	64	50	0,622
8	64	55	4,281
8	64	66	29,391
8	64	69	2,059
8	64	72	12,701
8	64	86	1,594
8	64	88	3,576
8	64	90	10,223
8	64	93	1,574
8	64	97	3,38
8	64	100	8,855
8	66	3	1,989
8	66	5	0,685
8	66	14	5,443
8	66	17	0,662
8	66	21	14,197
8	66	23	6,534
8	66	26	1,464
8	66	29	0,542
8	66	31	4,574
8	66	35	3,108
8	66	39	1,57
8	66	46	5,458
8	66	48	6,689
8	66	50	1,165
8	66	55	4,941
8	66	64	18,221
8	66	69	1,825
8	66	72	4,748
8	66	86	4,056
8	66	88	1,421
8	66	90	8,055
8	66	93	15,977
8	66	97	23,538
8	66	100	5,69
8	69	3	31,601
8	69	5	3
8	69	14	4,166
8	69	17	0,522
8	69	21	6,132
8	69	23	2,675
8	69	26	14,429
8	69	29	0,841
8	69	31	5,199
8	69	35	6,19
8	69	39	1,084
8	69	46	13,248
8	69	48	2,907
8	69	50	3,859
8	69	55	1,895
8	69	64	3,439
8	69	66	1,349
8	69	72	0,554
8	69	86	1,944
8	69	88	0,793
8	69	90	11,101
8	69	93	6,299
8	69	97	6,558
8	69	100	2,743
8	72	3	1,65
8	72	5	1,096
8	72	14	18,169
8	72	17	0,859
8	72	21	19,483
8	72	23	4,744
8	72	26	1,157
8	72	29	12,594
8	72	31	1,922
8	72	35	7,131
8	72	39	0,618
8	72	46	0,792
8	72	48	0,841
8	72	50	4,264
8	72	55	1
8	72	64	13,048
8	72	66	10,084
8	72	69	8,064
8	72	86	10,13
8	72	88	1,375
8	72	90	13,467
8	72	93	9,157
8	72	97	4,448
8	72	100	4,663
8	86	3	5,248
8	86	5	5,546
8	86	14	6,159
8	86	17	6,921
8	86	21	5,26
8	86	23	9,614
8	86	26	9,343
8	86	29	1,464
8	86	31	21,651
8	86	35	4,765
8	86	39	2,804
8	86	46	15,637
8	86	48	0,998
8	86	50	0,869
8	86	55	5,117
8	86	64	0,571
8	86	66	3,91
8	86	69	1,004
8	86	72	3,847
8	86	88	3,295
8	86	90	0,946
8	86	93	0,642
8	86	97	9,102
8	86	100	0,999
8	88	3	5,477
8	88	5	3,662
8	88	14	1,528
8	88	17	3,365
8	88	21	0,548
8	88	23	2,647
8	88	26	2,603
8	88	29	2,352
8	88	31	5,181
8	88	35	4,151
8	88	39	2,511
8	88	46	3,679
8	88	48	1,051
8	88	50	2,25
8	88	55	1,966
8	88	64	14,356
8	88	66	7,962
8	88	69	6,914
8	88	72	1,797
8	88	86	1,53
8	88	90	2,681
8	88	93	1,42
8	88	97	1,246
8	88	100	1,022
8	90	3	5,436
8	90	5	6,526
8	90	14	7,763
8	90	17	1,497
8	90	21	3,646
8	90	23	15,55
8	90	26	14,142
8	90	29	0,88
8	90	31	0,653
8	90	35	0,995
8	90	39	8,092
8	90	46	7,476
8	90	48	2,154
8	90	50	7,56
8	90	55	11,357
8	90	64	3,03
8	90	66	0,647
8	90	69	13,42
8	90	72	0,678
8	90	86	1,474
8	90	88	3,435
8	90	93	2,039
8	90	97	0,999
8	90	100	3,273
8	93	3	7,642
8	93	5	4,358
8	93	14	4,271
8	93	17	17,904
8	93	21	3,288
8	93	23	0,876
8	93	26	2,743
8	93	29	8,555
8	93	31	5,114
8	93	35	0,643
8	93	39	0,819
8	93	46	2,322
8	93	48	2,232
8	93	50	2,587
8	93	55	2,882
8	93	64	4,062
8	93	66	9,729
8	93	69	10,418
8	93	72	3,339
8	93	86	0,599
8	93	88	6,794
8	93	90	8,074
8	93	97	4,266
8	93	100	2,753
8	97	3	2,692
8	97	5	7,686
8	97	14	1,028
8	97	17	2,695
8	97	21	4,954
8	97	23	3,417
8	97	26	0,703
8	97	29	6,045
8	97	31	5,816
8	97	35	8,058
8	97	39	10,873
8	97	46	1,197
8	97	48	3,098
8	97	50	5,855
8	97	55	1,718
8	97	64	23,775
8	97	66	0,882
8	97	69	2,547
8	97	72	7,591
8	97	86	0,763
8	97	88	29,46
8	97	90	3,772
8	97	93	2,189
8	97	100	6,125
8	100	3	2,208
8	100	5	2,677
8	100	14	15,241
8	100	17	19,169
8	100	21	5,595
8	100	23	2,517
8	100	26	4,296
8	100	29	5,251
8	100	31	0,873
8	100	35	0,587
8	100	39	24,709
8	100	46	2,141
8	100	48	13,136
8	100	50	0,697
8	100	55	2,44
8	100	64	5,792
8	100	66	7,892
8	100	69	13,771
8	100	72	0,563
8	100	86	7,914
8	100	88	5,628
8	100	90	0,699
8	100	93	4,031
8	100	97	1,585
9	7	19	3,922
9	7	22	2,424
9	7	23	15,897
9	7	24	3,371
9	7	26	4,274
9	7	28	7,226
9	7	29	2,289
9	7	32	2,267
9	7	34	1,859
9	7	35	0,57
9	7	46	2,32
9	7	47	1,672
9	7	50	0,793
9	7	54	13,989
9	7	55	20,63
9	7	58	2,863
9	7	65	12,621
9	7	71	2,633
9	7	77	3,829
9	7	83	4,683
9	7	87	10,739
9	7	92	19,563
9	7	93	7,502
9	7	95	3,966
9	7	96	3,819
9	19	7	6,461
9	19	22	2,407
9	19	23	4,607
9	19	24	0,74
9	19	26	3,634
9	19	28	2,047
9	19	29	2,616
9	19	32	1,373
9	19	34	34,486
9	19	35	11,012
9	19	46	3,173
9	19	47	2,705
9	19	50	3,686
9	19	54	1,56
9	19	55	21,653
9	19	58	9,847
9	19	65	9,463
9	19	71	8,122
9	19	77	2,181
9	19	83	7,402
9	19	87	0,588
9	19	92	7,067
9	19	93	2,696
9	19	95	2,303
9	19	96	2,895
9	22	7	13,137
9	22	19	5,815
9	22	23	10,111
9	22	24	2,231
9	22	26	4,072
9	22	28	1,398
9	22	29	6,799
9	22	32	11,944
9	22	34	3,138
9	22	35	3,048
9	22	46	12,234
9	22	47	2,875
9	22	50	1,709
9	22	54	3,45
9	22	55	1,036
9	22	58	3,23
9	22	65	2,684
9	22	71	2,501
9	22	77	11,172
9	22	83	20,667
9	22	87	3,976
9	22	92	3,992
9	22	93	11,212
9	22	95	1,379
9	22	96	0,642
9	23	7	2,194
9	23	19	3,945
9	23	22	7,792
9	23	24	0,811
9	23	26	0,679
9	23	28	1,255
9	23	29	9,082
9	23	32	3,792
9	23	34	0,626
9	23	35	18,364
9	23	46	23,182
9	23	47	5,719
9	23	50	18,119
9	23	54	5,234
9	23	55	0,521
9	23	58	3,409
9	23	65	3,56
9	23	71	4,522
9	23	77	12,977
9	23	83	6,623
9	23	87	2,662
9	23	92	4,52
9	23	93	0,789
9	23	95	6,055
9	23	96	3,331
9	24	7	6,213
9	24	19	4,265
9	24	22	5,105
9	24	23	1,156
9	24	26	0,56
9	24	28	2,129
9	24	29	8,981
9	24	32	10,895
9	24	34	3,203
9	24	35	1,52
9	24	46	18,513
9	24	47	6,058
9	24	50	1,287
9	24	54	2,563
9	24	55	1,279
9	24	58	11,029
9	24	65	1,019
9	24	71	14,852
9	24	77	4,175
9	24	83	0,512
9	24	87	5,009
9	24	92	3,021
9	24	93	1,794
9	24	95	2,377
9	24	96	13,744
9	26	7	2,104
9	26	19	5,712
9	26	22	0,937
9	26	23	1,934
9	26	24	3,499
9	26	28	1,171
9	26	29	1,31
9	26	32	3,572
9	26	34	3,943
9	26	35	5,46
9	26	46	6,653
9	26	47	1,727
9	26	50	1,859
9	26	54	2,194
9	26	55	2,046
9	26	58	5,801
9	26	65	0,523
9	26	71	0,669
9	26	77	1,608
9	26	83	14,904
9	26	87	2,554
9	26	92	3,74
9	26	93	21,983
9	26	95	3,837
9	26	96	23,931
9	28	7	2,461
9	28	19	3,634
9	28	22	1,973
9	28	23	1,805
9	28	24	3,298
9	28	26	7,931
9	28	29	9,316
9	28	32	0,749
9	28	34	1,835
9	28	35	7,168
9	28	46	2,279
9	28	47	13,381
9	28	50	21,679
9	28	54	0,919
9	28	55	1,242
9	28	58	13,863
9	28	65	2,098
9	28	71	0,843
9	28	77	12,111
9	28	83	37,169
9	28	87	1,656
9	28	92	0,865
9	28	93	1,565
9	28	95	6,894
9	28	96	2,416
9	29	7	1,123
9	29	19	21,239
9	29	22	3,936
9	29	23	6,053
9	29	24	6,4
9	29	26	6,591
9	29	28	3,129
9	29	32	11,61
9	29	34	8,485
9	29	35	36,514
9	29	46	23,596
9	29	47	15,731
9	29	50	10,782
9	29	54	17,326
9	29	55	4,332
9	29	58	4,684
9	29	65	5,081
9	29	71	9,372
9	29	77	6,629
9	29	83	0,708
9	29	87	4,046
9	29	92	8,393
9	29	93	6,195
9	29	95	2,353
9	29	96	2,621
9	32	7	5,061
9	32	19	3,269
9	32	22	1,477
9	32	23	6,142
9	32	24	1,22
9	32	26	3,056
9	32	28	2,073
9	32	29	4,358
9	32	34	9,751
9	32	35	7,926
9	32	46	3,716
9	32	47	1,96
9	32	50	3,962
9	32	54	0,942
9	32	55	8,699
9	32	58	2,556
9	32	65	3,162
9	32	71	1,013
9	32	77	2,32
9	32	83	10,828
9	32	87	7,524
9	32	92	1,556
9	32	93	3,108
9	32	95	11,737
9	32	96	3,847
9	34	7	0,735
9	34	19	11,043
9	34	22	6,102
9	34	23	1,439
9	34	24	13,826
9	34	26	1,726
9	34	28	10,131
9	34	29	4,825
9	34	32	4,678
9	34	35	14,942
9	34	46	7,127
9	34	47	5,113
9	34	50	9,807
9	34	54	2,154
9	34	55	12,075
9	34	58	0,601
9	34	65	4,301
9	34	71	18,712
9	34	77	4,829
9	34	83	9,763
9	34	87	23,632
9	34	92	2,561
9	34	93	2,37
9	34	95	2,352
9	34	96	6,239
9	35	7	0,655
9	35	19	11,564
9	35	22	24,754
9	35	23	2,73
9	35	24	0,625
9	35	26	11,864
9	35	28	2,472
9	35	29	2,278
9	35	32	1,562
9	35	34	1,673
9	35	46	3,878
9	35	47	0,675
9	35	50	3,31
9	35	54	2,212
9	35	55	17,784
9	35	58	0,807
9	35	65	3,459
9	35	71	13,316
9	35	77	4,169
9	35	83	1,198
9	35	87	0,93
9	35	92	4,849
9	35	93	1,211
9	35	95	10,564
9	35	96	2,01
9	46	7	11,779
9	46	19	11,484
9	46	22	16,16
9	46	23	31,804
9	46	24	7,002
9	46	26	1,572
9	46	28	6,735
9	46	29	1,885
9	46	32	7,074
9	46	34	1,058
9	46	35	3,168
9	46	47	5,44
9	46	50	0,763
9	46	54	3,472
9	46	55	10,027
9	46	58	8,358
9	46	65	9,678
9	46	71	15,993
9	46	77	3,125
9	46	83	5,023
9	46	87	0,554
9	46	92	8,051
9	46	93	2,483
9	46	95	2,203
9	46	96	2,299
9	47	7	1,56
9	47	19	1,957
9	47	22	0,671
9	47	23	37,305
9	47	24	3,928
9	47	26	6,361
9	47	28	1,135
9	47	29	6,694
9	47	32	4,409
9	47	34	2,739
9	47	35	1,997
9	47	46	2,213
9	47	50	2,213
9	47	54	0,688
9	47	55	3,29
9	47	58	2,045
9	47	65	1,955
9	47	71	2,898
9	47	77	7,306
9	47	83	4,149
9	47	87	4,124
9	47	92	3,686
9	47	93	1,479
9	47	95	3,861
9	47	96	0,759
9	50	7	2,198
9	50	19	19,496
9	50	22	2,089
9	50	23	7,723
9	50	24	7,158
9	50	26	0,759
9	50	28	8,105
9	50	29	1,359
9	50	32	1,898
9	50	34	9,528
9	50	35	4,926
9	50	46	6,716
9	50	47	2,19
9	50	54	2,743
9	50	55	1,17
9	50	58	2,912
9	50	65	10,838
9	50	71	146,363
9	50	77	1,586
9	50	83	0,763
9	50	87	0,704
9	50	92	1,305
9	50	93	9,523
9	50	95	4,489
9	50	96	0,55
9	54	7	2,536
9	54	19	9,896
9	54	22	4,453
9	54	23	3,813
9	54	24	2,138
9	54	26	0,833
9	54	28	11,117
9	54	29	12,093
9	54	32	2,369
9	54	34	1,653
9	54	35	2,668
9	54	46	8,74
9	54	47	12,914
9	54	50	4,768
9	54	55	7,7
9	54	58	4,108
9	54	65	1,089
9	54	71	3,429
9	54	77	6,4
9	54	83	10,933
9	54	87	6,897
9	54	92	3,706
9	54	93	14,346
9	54	95	15,499
9	54	96	3,413
9	55	7	0,887
9	55	19	0,79
9	55	22	2,615
9	55	23	13,95
9	55	24	2,155
9	55	26	0,806
9	55	28	7,992
9	55	29	9,296
9	55	32	4,298
9	55	34	4,876
9	55	35	19,864
9	55	46	5,133
9	55	47	2,774
9	55	50	0,947
9	55	54	17,601
9	55	58	14,062
9	55	65	28,779
9	55	71	11,204
9	55	77	0,707
9	55	83	1,31
9	55	87	10,549
9	55	92	3,517
9	55	93	2,842
9	55	95	0,551
9	55	96	0,543
9	58	7	17,969
9	58	19	6,153
9	58	22	1,95
9	58	23	5,001
9	58	24	6,383
9	58	26	7,555
9	58	28	0,689
9	58	29	10,427
9	58	32	0,904
9	58	34	4,565
9	58	35	17,263
9	58	46	1,888
9	58	47	2,658
9	58	50	1,558
9	58	54	3,639
9	58	55	5,363
9	58	65	22,187
9	58	71	4,327
9	58	77	7,87
9	58	83	2,359
9	58	87	10,097
9	58	92	3,956
9	58	93	15,832
9	58	95	6,328
9	58	96	2,477
9	65	7	4,888
9	65	19	5,15
9	65	22	43,355
9	65	23	2,545
9	65	24	17,999
9	65	26	2,324
9	65	28	10,971
9	65	29	1,369
9	65	32	20,536
9	65	34	2,641
9	65	35	25,206
9	65	46	15,286
9	65	47	5,83
9	65	50	15,869
9	65	54	0,524
9	65	55	6,042
9	65	58	1,284
9	65	71	1,538
9	65	77	3,55
9	65	83	0,556
9	65	87	0,684
9	65	92	9,297
9	65	93	0,954
9	65	95	18,608
9	65	96	2,107
9	71	7	18,957
9	71	19	2,196
9	71	22	6,916
9	71	23	14,567
9	71	24	25,49
9	71	26	6,213
9	71	28	7,548
9	71	29	2,737
9	71	32	25,216
9	71	34	8,447
9	71	35	2,331
9	71	46	0,595
9	71	47	3,592
9	71	50	5,287
9	71	54	0,881
9	71	55	1,808
9	71	58	5,077
9	71	65	4,142
9	71	77	2,524
9	71	83	1,101
9	71	87	12,961
9	71	92	3,273
9	71	93	2,497
9	71	95	2,435
9	71	96	31,713
9	77	7	7,764
9	77	19	9,731
9	77	22	15,554
9	77	23	5,601
9	77	24	3,367
9	77	26	5,837
9	77	28	2,798
9	77	29	5,946
9	77	32	17,7
9	77	34	0,631
9	77	35	3,21
9	77	46	18,143
9	77	47	4,368
9	77	50	1,573
9	77	54	0,891
9	77	55	6,657
9	77	58	5,553
9	77	65	1,699
9	77	71	5,335
9	77	83	14,023
9	77	87	3,404
9	77	92	13,786
9	77	93	3,03
9	77	95	6,727
9	77	96	4,961
9	83	7	5,68
9	83	19	2,023
9	83	22	30,034
9	83	23	21,095
9	83	24	3,073
9	83	26	1,576
9	83	28	10,559
9	83	29	0,769
9	83	32	7,821
9	83	34	12,043
9	83	35	7,037
9	83	46	0,572
9	83	47	15,737
9	83	50	9,622
9	83	54	3,19
9	83	55	5,747
9	83	58	2,368
9	83	65	2,344
9	83	71	0,818
9	83	77	7,492
9	83	87	2,937
9	83	92	2,449
9	83	93	18,013
9	83	95	5,68
9	83	96	2,79
9	87	7	11,188
9	87	19	4,184
9	87	22	2,939
9	87	23	3,125
9	87	24	8,39
9	87	26	2,046
9	87	28	6,294
9	87	29	0,657
9	87	32	3,891
9	87	34	1,872
9	87	35	2,051
9	87	46	19,308
9	87	47	18,258
9	87	50	20,003
9	87	54	23,029
9	87	55	2,975
9	87	58	1,694
9	87	65	1,13
9	87	71	2,846
9	87	77	6,664
9	87	83	13,573
9	87	92	1,618
9	87	93	15,364
9	87	95	14,977
9	87	96	1,867
9	92	7	1,681
9	92	19	1,345
9	92	22	10,338
9	92	23	0,863
9	92	24	2,516
9	92	26	3,256
9	92	28	3,055
9	92	29	6,424
9	92	32	1,788
9	92	34	2,57
9	92	35	35,943
9	92	46	1,239
9	92	47	14,485
9	92	50	5,603
9	92	54	9,443
9	92	55	1,908
9	92	58	4,735
9	92	65	0,815
9	92	71	2,208
9	92	77	4,486
9	92	83	4,661
9	92	87	8,018
9	92	93	4,855
9	92	95	2,761
9	92	96	0,718
9	93	7	8,111
9	93	19	4,999
9	93	22	5,652
9	93	23	6,983
9	93	24	6,662
9	93	26	3,774
9	93	28	0,543
9	93	29	40,104
9	93	32	0,995
9	93	34	3,598
9	93	35	5,061
9	93	46	9,976
9	93	47	15,049
9	93	50	7,142
9	93	54	8,273
9	93	55	1,649
9	93	58	1,809
9	93	65	2,1
9	93	71	4,604
9	93	77	9,056
9	93	83	13,025
9	93	87	25,104
9	93	92	5,835
9	93	95	4,935
9	93	96	3,705
9	95	7	1,507
9	95	19	2,166
9	95	22	4,545
9	95	23	9,527
9	95	24	13,571
9	95	26	0,999
9	95	28	1,184
9	95	29	0,97
9	95	32	5,517
9	95	34	0,842
9	95	35	9,737
9	95	46	1,907
9	95	47	1,831
9	95	50	5,644
9	95	54	6,265
9	95	55	13,553
9	95	58	2,036
9	95	65	3,943
9	95	71	6,151
9	95	77	1,608
9	95	83	11,988
9	95	87	12,271
9	95	92	1,621
9	95	93	2,344
9	95	96	1,374
9	96	7	1,221
9	96	19	2,817
9	96	22	3,588
9	96	23	1,111
9	96	24	7,917
9	96	26	5,028
9	96	28	6,594
9	96	29	2,3
9	96	32	8,262
9	96	34	5,068
9	96	35	15,845
9	96	46	1,149
9	96	47	4,317
9	96	50	4,152
9	96	54	22,385
9	96	55	12,269
9	96	58	3,426
9	96	65	0,83
9	96	71	17,278
9	96	77	0,965
9	96	83	8,382
9	96	87	4,87
9	96	92	4,825
9	96	93	5,112
9	96	95	2,583
10	2	4	1,334
10	2	27	3,176
10	2	38	1,354
10	2	54	1,261
10	2	60	5,48
10	2	70	2,768
10	2	73	1,355
10	2	75	4,433
10	2	76	10,138
10	2	78	6,203
10	2	82	13,327
10	2	91	4,575
10	2	92	4,154
10	2	93	9,206
10	2	99	3,497
10	4	2	0,54
10	4	27	2,484
10	4	38	1,625
10	4	54	2,153
10	4	60	3,56
10	4	70	4,352
10	4	73	5,187
10	4	75	2,401
10	4	76	3,036
10	4	78	2,491
10	4	82	10,81
10	4	91	4,629
10	4	92	4,3
10	4	93	1,449
10	4	99	3,628
10	27	2	0,652
10	27	4	21,813
10	27	38	11,936
10	27	54	1,522
10	27	60	1,705
10	27	70	6,254
10	27	73	6,502
10	27	75	1,338
10	27	76	0,566
10	27	78	6,001
10	27	82	0,618
10	27	91	32,492
10	27	92	0,724
10	27	93	9,802
10	27	99	0,99
10	38	2	0,567
10	38	4	0,822
10	38	27	1,881
10	38	54	5,412
10	38	60	3,018
10	38	70	1
10	38	73	20,049
10	38	75	45,981
10	38	76	10,818
10	38	78	4,631
10	38	82	4,946
10	38	91	11,481
10	38	92	8,036
10	38	93	11,682
10	38	99	6,992
10	54	2	1,855
10	54	4	4,027
10	54	27	2,596
10	54	38	2,072
10	54	60	1,396
10	54	70	8,438
10	54	73	16,872
10	54	75	1,249
10	54	76	6,792
10	54	78	9,542
10	54	82	7,388
10	54	91	1,119
10	54	92	0,915
10	54	93	20,555
10	54	99	18,91
10	60	2	10,581
10	60	4	1,462
10	60	27	0,794
10	60	38	2,729
10	60	54	6,476
10	60	70	2,117
10	60	73	33,043
10	60	75	3,45
10	60	76	18,067
10	60	78	0,96
10	60	82	8,125
10	60	91	3,179
10	60	92	5,999
10	60	93	3,557
10	60	99	4,322
10	70	2	13,754
10	70	4	0,686
10	70	27	6,591
10	70	38	0,507
10	70	54	2,372
10	70	60	12,972
10	70	73	2,937
10	70	75	2,184
10	70	76	6,646
10	70	78	4,39
10	70	82	1,761
10	70	91	8,794
10	70	92	0,981
10	70	93	0,607
10	70	99	3,483
10	73	2	1,201
10	73	4	13,154
10	73	27	2,175
10	73	38	10,329
10	73	54	3,168
10	73	60	3,133
10	73	70	1,707
10	73	75	6,361
10	73	76	3,998
10	73	78	13,584
10	73	82	15,218
10	73	91	0,741
10	73	92	22,272
10	73	93	6,376
10	73	99	2,022
10	75	2	2,579
10	75	4	3,894
10	75	27	3,84
10	75	38	3,445
10	75	54	2,974
10	75	60	0,728
10	75	70	6,882
10	75	73	2,48
10	75	76	2,105
10	75	78	9,251
10	75	82	4,511
10	75	91	1,226
10	75	92	5,263
10	75	93	8,305
10	75	99	4,504
10	76	2	1,719
10	76	4	3,376
10	76	27	8,722
10	76	38	5,548
10	76	54	0,758
10	76	60	0,63
10	76	70	3,186
10	76	73	7,961
10	76	75	7,157
10	76	78	4,352
10	76	82	1,489
10	76	91	11,049
10	76	92	1,408
10	76	93	12,368
10	76	99	1,943
10	78	2	2,788
10	78	4	2,981
10	78	27	1,791
10	78	38	5,577
10	78	54	6,758
10	78	60	5,052
10	78	70	1,766
10	78	73	5,951
10	78	75	13,062
10	78	76	16,482
10	78	82	0,875
10	78	91	5,131
10	78	92	6,801
10	78	93	3,015
10	78	99	5,04
10	82	2	4,707
10	82	4	1,404
10	82	27	1,8
10	82	38	1,846
10	82	54	2,065
10	82	60	2,468
10	82	70	19,404
10	82	73	2,055
10	82	75	1,552
10	82	76	27,119
10	82	78	1,556
10	82	91	13,759
10	82	92	6,085
10	82	93	9,434
10	82	99	12,009
10	91	2	3,98
10	91	4	3,309
10	91	27	3,106
10	91	38	7,58
10	91	54	0,517
10	91	60	7,472
10	91	70	3,362
10	91	73	2,986
10	91	75	1,544
10	91	76	3,82
10	91	78	6,184
10	91	82	10,925
10	91	92	4,62
10	91	93	14,396
10	91	99	7,785
10	92	2	13,955
10	92	4	0,55
10	92	27	3,463
10	92	38	2,638
10	92	54	1,757
10	92	60	5,512
10	92	70	5,779
10	92	73	4,604
10	92	75	9,69
10	92	76	1,667
10	92	78	0,723
10	92	82	1,744
10	92	91	8,852
10	92	93	21,365
10	92	99	3,669
10	93	2	13,188
10	93	4	1,309
10	93	27	0,806
10	93	38	0,51
10	93	54	5,875
10	93	60	0,567
10	93	70	8,912
10	93	73	9,196
10	93	75	1,347
10	93	76	10,085
10	93	78	4,783
10	93	82	3,255
10	93	91	20,567
10	93	92	2,866
10	93	99	0,996
10	99	2	5,032
10	99	4	4,857
10	99	27	5,61
10	99	38	1,541
10	99	54	26,094
10	99	60	1,468
10	99	70	1,943
10	99	73	2,254
10	99	75	0,734
10	99	76	7,563
10	99	78	5,133
10	99	82	2,183
10	99	91	4,454
10	99	92	7,805
10	99	93	0,779

