#num jobs
100
#num machines
10

#jobId machId procTime energyCons
1	1	85,29	635,63
1	7	3,72	15,83
1	8	109,68	581,89
2	4	459,45	5975,62
2	7	13,12	55,78
2	8	13,58	72,04
2	10	14,41	45,73
3	10	28,24	89,63
4	5	170,49	435,53
4	2	10,99	127,2
4	1	52,88	394,1
5	8	7,2	38,22
6	2	19,84	229,71
6	10	8,85	28,1
7	2	17,06	197,54
7	4	4,39	57,07
7	10	25,29	80,25
8	4	6,88	89,43
9	10	25,46	80,79
9	4	12,16	158,13
9	2	15,89	183,91
10	10	2,96	9,39
10	8	22,36	118,63
10	1	16,69	124,37
11	1	2,05	15,3
11	10	8,27	26,24
12	2	2,27	26,32
12	9	17,33	218,86
13	10	4,05	12,84
13	9	2,12	26,78
13	4	9,02	117,29
13	1	140,58	1047,73
14	7	5	21,26
14	5	21,02	53,68
14	3	23,85	285,03
15	10	0,13	0,41
15	2	8	92,63
16	7	75,9	322,68
16	9	19,27	243,37
17	3	21,52	257,26
17	6	16,15	189,46
18	8	57,61	305,67
18	6	26,11	306,25
18	4	7,14	92,88
19	2	3,19	36,94
19	7	11,78	50,1
20	4	69,78	907,54
20	9	79,08	998,52
21	7	18,31	77,84
22	2	48,58	562,41
22	10	38	120,58
23	10	5,5	17,46
23	5	11,51	29,41
23	1	9,13	68,06
24	10	15,58	49,46
24	9	327,51	4135,47
24	7	23,19	98,59
24	1	83,96	625,73
25	9	2,28	28,75
26	6	2,55	29,93
27	10	0,98	3,1
28	4	179,28	2331,79
28	6	65,3	765,91
28	7	26,11	111,02
29	1	2,42	18,01
29	2	6,39	74
29	5	3,53	9,01
30	9	2,1	26,5
30	8	13,81	73,29
30	3	16,21	193,76
31	9	5,7	71,97
31	8	35,58	188,79
31	7	4,16	17,68
32	2	1,39	16,1
33	4	2,26	29,35
34	7	7,18	30,52
34	8	0,47	2,5
35	7	0,92	3,93
36	5	23,26	59,42
37	3	7,52	89,9
37	7	143,94	611,96
38	10	4,67	14,82
38	7	5,14	21,87
38	2	32,16	372,32
39	9	0,94	11,88
39	6	2,43	28,54
39	3	7,43	88,85
39	1	3,51	26,14
40	4	9,1	118,32
41	7	17,46	74,23
41	6	32,89	385,82
41	4	101,22	1316,54
42	3	3,04	36,35
42	8	1,8	9,54
43	9	17,1	215,88
43	5	6,86	17,52
43	4	72,14	938,25
43	3	31,56	377,26
44	10	26,22	83,21
44	6	0,37	4,33
44	5	6,07	15,49
44	4	5,23	67,97
45	3	2,21	26,39
45	2	4,93	57,03
45	1	5,52	41,16
46	10	7,72	24,49
46	9	120,8	1525,42
47	1	34,15	254,52
47	10	4,59	14,55
48	6	400,97	4703,12
49	2	5,54	64,19
49	4	41,7	542,37
49	9	11,05	139,54
50	10	4,49	14,26
50	5	529,92	1353,7
51	8	5,92	31,43
52	7	9,04	38,45
52	1	9,48	70,66
53	3	10,02	119,79
53	6	11,62	136,34
53	8	44,86	238,01
54	9	21,07	266,1
54	5	17,18	43,89
54	3	49,78	595,07
55	7	10,56	44,9
56	9	4,43	56
56	7	2,89	12,29
56	5	18,56	47,4
56	4	980,91	12757,85
57	4	73,87	960,78
57	2	107,23	1241,47
57	1	72,51	540,4
58	3	33,29	397,93
59	2	43,94	508,65
59	4	25,34	329,61
59	9	27,9	352,26
60	9	73,23	924,74
60	4	5,55	72,25
61	1	2,97	22,16
61	4	7,33	95,32
61	5	6,95	17,75
61	7	85,21	362,29
61	8	3,75	19,91
61	10	4,16	13,19
62	9	16,67	210,48
63	4	11,19	145,57
64	3	801,71	9583,13
64	5	29,4	75,12
64	10	9,17	29,11
65	3	4,8	57,38
65	1	135,36	1008,81
66	4	209,05	2718,91
67	10	69,16	219,47
68	7	9,75	41,47
69	10	260,12	825,45
70	5	132,76	339,13
70	4	19,45	253,01
70	3	21,05	251,65
71	7	3,58	15,21
71	8	23,26	123,42
72	5	1,97	5,04
73	3	1,96	23,41
73	4	7,4	96,29
74	10	9,01	28,59
74	1	0,84	6,28
75	1	22,92	170,78
75	6	21,32	250,05
75	10	65,29	207,2
76	8	21,74	115,35
76	9	40,82	515,48
76	10	7,6	24,12
77	2	2,89	33,49
77	3	1,63	19,49
77	6	208,63	2447,11
78	2	1,69	19,54
78	9	9,17	115,75
79	10	0,6	1,91
79	9	9,37	118,28
79	7	18,55	78,85
79	4	72,05	937,13
79	3	221,4	2646,46
79	2	4,93	57,09
80	7	8,43	35,84
80	8	35,99	190,93
80	9	41,54	524,47
81	8	3,78	20,03
81	7	33,43	142,13
81	3	5,81	69,43
82	4	3,49	45,38
82	10	9,82	31,17
83	1	7,29	54,34
83	4	7,1	92,37
83	5	4,89	12,5
83	9	270,46	3415,19
84	7	1,55	6,61
84	9	17,2	217,22
85	4	24,37	316,93
85	7	2,9	12,33
85	9	117,96	1489,54
86	9	15,41	194,56
86	6	5,08	59,53
87	5	28,08	71,73
88	3	7,91	94,53
88	6	1,79	20,94
89	9	4,49	56,69
89	7	1,47	6,26
89	6	4,41	51,73
90	5	8,51	21,73
90	9	2,72	34,39
91	5	260,61	665,74
91	2	2,54	29,42
92	9	1,78	22,5
92	5	1,49	3,82
92	1	26,1	194,5
93	7	10,61	45,1
94	7	11,07	47,05
94	5	6,49	16,57
95	2	9,85	114,07
95	4	18,87	245,41
95	8	0,57	3,02
96	9	0,9	11,41
96	8	7,23	38,38
96	6	3344,39	39227,83
96	1	1,18	8,82
97	8	13,26	70,32
97	1	1,52	11,35
98	4	2,02	26,33
98	7	3,08	13,09
98	10	0,06	0,21
99	10	1,66	5,26
99	8	9,19	48,75
99	1	35,81	266,85
100	1	61,56	458,77
100	4	5,16	67,17

#jobId ddate weight rdate
1	657,198	32	167,921
2	824,255	40	818,888
3	976,235	15	742,505
4	647,049	28	67,143
5	739,344	42	16,044
6	605,192	7	865,765
7	1053,821	16	459,063
8	835,976	31	1003,649
9	993,204	9	806,429
10	551,38	8	169,742
11	920,464	5	1102,432
12	627,903	18	637,551
13	673,485	35	15,446
14	981,561	32	190,494
15	587,998	21	373,095
16	906,806	36	1224,78
17	841,156	29	917,101
18	618,746	44	1119,025
19	746,598	19	915,413
20	561,466	1	939,986
21	888,997	21	1062,138
22	625,063	12	678,821
23	796,85	27	278,603
24	805,286	31	1191,627
25	780,252	10	180,651
26	906,051	23	619,945
27	652,288	34	215,995
28	795,604	23	637,92
29	854,442	49	754,297
30	658,401	40	1065,62
31	1078,309	16	280,047
32	926,679	18	231,41
33	670,335	39	1269,695
34	644,257	35	274,891
35	639,219	40	89,676
36	1066,474	34	958,592
37	923,841	11	963,727
38	1048,318	27	1135,304
39	717,267	16	233,482
40	1072,992	47	788,913
41	682,409	21	346,123
42	952,428	33	679,8
43	709,944	48	996,292
44	1001,028	26	589,289
45	919,455	47	20,079
46	1089,019	20	390,963
47	900,754	42	832,278
48	707,9	4	698,759
49	860,555	19	74,979
50	975,418	49	523,529
51	571,542	18	355,716
52	997,787	47	1266,979
53	693,278	28	579,336
54	615,445	48	891,325
55	940,597	14	1169,389
56	923,03	41	322,156
57	858,098	44	432,978
58	1040,277	48	430,597
59	596,471	37	1298,63
60	734,323	22	229,682
61	706,735	18	698,673
62	1070,412	9	1073,716
63	637,674	5	1166,53
64	549,877	43	989,354
65	1000,291	47	713,272
66	1023,249	33	780,616
67	980,869	41	1206,171
68	846,637	4	293,299
69	607,108	47	190,523
70	754,603	48	1003,29
71	657,505	13	1259,746
72	611,909	7	1134,133
73	885,701	4	1037,821
74	601,29	19	713,39
75	944,85	29	770,552
76	557,3	39	99,964
77	551,216	19	295,414
78	592,141	14	745,994
79	885,743	15	1012,603
80	697,828	32	1158,26
81	668,325	6	1070,038
82	603,787	40	1093,29
83	874,677	34	970,956
84	989,208	40	343,869
85	863,365	18	948,947
86	783,822	32	1116,825
87	803,714	4	124,52
88	628,062	26	508,467
89	870,021	19	163,409
90	1075,401	5	677,773
91	1004,798	45	469,683
92	774,879	37	1194,771
93	686,841	38	852,659
94	975,493	18	568,916
95	600,217	48	267,378
96	855,031	42	684,298
97	1047,122	46	254,801
98	897,994	38	1097,644
99	861,997	21	100,657
100	872,032	34	696,774

#machId jobPred jobSucc setupTime
1	1	4	4,635
1	1	10	0,655
1	1	11	1,784
1	1	13	5,414
1	1	23	2,908
1	1	24	2,259
1	1	29	4,014
1	1	39	1,276
1	1	45	1,969
1	1	47	3,075
1	1	52	4,135
1	1	57	0,655
1	1	61	7,796
1	1	65	28,777
1	1	74	1,186
1	1	75	3,11
1	1	83	2,899
1	1	92	6,582
1	1	96	7,813
1	1	97	0,695
1	1	99	2,522
1	1	100	5,446
1	4	1	12,442
1	4	10	9,956
1	4	11	5,411
1	4	13	1,532
1	4	23	12,201
1	4	24	1,917
1	4	29	7,391
1	4	39	7,828
1	4	45	4,132
1	4	47	5,029
1	4	52	52,451
1	4	57	10,867
1	4	61	4,71
1	4	65	0,756
1	4	74	7,959
1	4	75	7,46
1	4	83	8,053
1	4	92	11,369
1	4	96	2,608
1	4	97	7,21
1	4	99	1,76
1	4	100	3,498
1	10	1	5,704
1	10	4	7,655
1	10	11	6,058
1	10	13	6,566
1	10	23	29,403
1	10	24	5,413
1	10	29	9,05
1	10	39	1,849
1	10	45	4,809
1	10	47	0,854
1	10	52	16,019
1	10	57	4,044
1	10	61	4,163
1	10	65	8,918
1	10	74	5,856
1	10	75	8,842
1	10	83	5,276
1	10	92	0,66
1	10	96	0,533
1	10	97	2,131
1	10	99	5,304
1	10	100	20,907
1	11	1	12,273
1	11	4	2,846
1	11	10	0,532
1	11	13	37,04
1	11	23	4,607
1	11	24	10,474
1	11	29	25,977
1	11	39	15,31
1	11	45	1,566
1	11	47	3,184
1	11	52	11,862
1	11	57	2,348
1	11	61	1,281
1	11	65	12,21
1	11	74	0,632
1	11	75	0,744
1	11	83	2,695
1	11	92	3,249
1	11	96	2,035
1	11	97	2,037
1	11	99	0,665
1	11	100	13,661
1	13	1	2,241
1	13	4	1,079
1	13	10	8,302
1	13	11	5,621
1	13	23	2,515
1	13	24	2,164
1	13	29	7,044
1	13	39	0,608
1	13	45	23,477
1	13	47	14,521
1	13	52	8,609
1	13	57	27,844
1	13	61	0,837
1	13	65	9,304
1	13	74	1,397
1	13	75	17,153
1	13	83	2,347
1	13	92	3,305
1	13	96	0,711
1	13	97	1,343
1	13	99	7,052
1	13	100	15,066
1	23	1	1,013
1	23	4	10,891
1	23	10	5,47
1	23	11	10,555
1	23	13	18,443
1	23	24	0,614
1	23	29	8,096
1	23	39	4,174
1	23	45	3,809
1	23	47	0,604
1	23	52	0,866
1	23	57	3,232
1	23	61	2,198
1	23	65	10,775
1	23	74	21,121
1	23	75	5,004
1	23	83	7,208
1	23	92	4,642
1	23	96	5,199
1	23	97	28,074
1	23	99	9,387
1	23	100	0,886
1	24	1	4,239
1	24	4	7,115
1	24	10	10,722
1	24	11	2,739
1	24	13	11,878
1	24	23	2,194
1	24	29	2,565
1	24	39	2,466
1	24	45	5,069
1	24	47	23,211
1	24	52	1,003
1	24	57	29,698
1	24	61	20,948
1	24	65	9,148
1	24	74	0,752
1	24	75	16,849
1	24	83	1,59
1	24	92	6,913
1	24	96	15,451
1	24	97	11,193
1	24	99	8,986
1	24	100	0,672
1	29	1	3,052
1	29	4	0,674
1	29	10	14,539
1	29	11	1,758
1	29	13	0,693
1	29	23	4,983
1	29	24	8,245
1	29	39	5,586
1	29	45	0,646
1	29	47	5,771
1	29	52	2,193
1	29	57	6,474
1	29	61	27,468
1	29	65	0,937
1	29	74	2,622
1	29	75	0,856
1	29	83	1,094
1	29	92	7,66
1	29	96	1,089
1	29	97	2,833
1	29	99	0,718
1	29	100	0,646
1	39	1	1,67
1	39	4	10,108
1	39	10	6,828
1	39	11	1,237
1	39	13	2,345
1	39	23	1,873
1	39	24	0,698
1	39	29	17,33
1	39	45	15,56
1	39	47	2,412
1	39	52	1,506
1	39	57	2,041
1	39	61	13,599
1	39	65	5,356
1	39	74	8,253
1	39	75	5,084
1	39	83	1,558
1	39	92	3,018
1	39	96	20,289
1	39	97	5,895
1	39	99	7,005
1	39	100	14,695
1	45	1	2,145
1	45	4	1,91
1	45	10	17,27
1	45	11	1,317
1	45	13	0,53
1	45	23	9,19
1	45	24	0,902
1	45	29	3,553
1	45	39	5,172
1	45	47	18,162
1	45	52	12,715
1	45	57	31,834
1	45	61	1,025
1	45	65	1,601
1	45	74	2,435
1	45	75	4,836
1	45	83	3,896
1	45	92	31,174
1	45	96	1,051
1	45	97	1,93
1	45	99	3,405
1	45	100	21,488
1	47	1	17,073
1	47	4	5,414
1	47	10	2,74
1	47	11	5,733
1	47	13	3,748
1	47	23	10,134
1	47	24	5,042
1	47	29	4,877
1	47	39	0,627
1	47	45	10,606
1	47	52	2,123
1	47	57	3,031
1	47	61	5,172
1	47	65	2,007
1	47	74	8,028
1	47	75	2,603
1	47	83	2,424
1	47	92	3,308
1	47	96	7,115
1	47	97	10,163
1	47	99	4,51
1	47	100	2,739
1	52	1	8,944
1	52	4	9,3
1	52	10	3,246
1	52	11	4,398
1	52	13	5,93
1	52	23	1,157
1	52	24	1,463
1	52	29	10,993
1	52	39	0,661
1	52	45	30,851
1	52	47	11,562
1	52	57	7,433
1	52	61	4,287
1	52	65	23,811
1	52	74	1,617
1	52	75	2,98
1	52	83	6,454
1	52	92	8,058
1	52	96	2,503
1	52	97	1,906
1	52	99	14,729
1	52	100	10,206
1	57	1	4,266
1	57	4	3,209
1	57	10	20,93
1	57	11	44,256
1	57	13	11,305
1	57	23	3,783
1	57	24	2,273
1	57	29	7,406
1	57	39	5,713
1	57	45	1,889
1	57	47	7,595
1	57	52	2,324
1	57	61	2,873
1	57	65	18,224
1	57	74	8,498
1	57	75	1,285
1	57	83	5,188
1	57	92	3,796
1	57	96	5,578
1	57	97	2,261
1	57	99	9,816
1	57	100	5,586
1	61	1	6,038
1	61	4	2,454
1	61	10	2,779
1	61	11	4,918
1	61	13	6,918
1	61	23	4,45
1	61	24	1,539
1	61	29	2,026
1	61	39	5,918
1	61	45	9,454
1	61	47	1,447
1	61	52	10,608
1	61	57	3,11
1	61	65	10,265
1	61	74	35,065
1	61	75	0,659
1	61	83	0,963
1	61	92	3,891
1	61	96	18,657
1	61	97	6,275
1	61	99	2,295
1	61	100	2,13
1	65	1	23,891
1	65	4	12,104
1	65	10	1,189
1	65	11	0,558
1	65	13	0,75
1	65	23	1,623
1	65	24	4,588
1	65	29	1,035
1	65	39	0,568
1	65	45	6,252
1	65	47	20,121
1	65	52	8,031
1	65	57	11,517
1	65	61	8,975
1	65	74	3,017
1	65	75	7,849
1	65	83	2,049
1	65	92	10,923
1	65	96	10,338
1	65	97	1,154
1	65	99	5,437
1	65	100	11,129
1	74	1	8,382
1	74	4	4,199
1	74	10	2,98
1	74	11	15,671
1	74	13	12,557
1	74	23	6,16
1	74	24	15,093
1	74	29	3,769
1	74	39	9,901
1	74	45	3,419
1	74	47	12,695
1	74	52	12,499
1	74	57	6,892
1	74	61	12,358
1	74	65	1,667
1	74	75	4,236
1	74	83	9,824
1	74	92	4,28
1	74	96	8,404
1	74	97	9,61
1	74	99	18,884
1	74	100	9,643
1	75	1	5,611
1	75	4	11,247
1	75	10	0,877
1	75	11	5,996
1	75	13	10,998
1	75	23	5,992
1	75	24	4,113
1	75	29	8,801
1	75	39	1,091
1	75	45	9,181
1	75	47	7,149
1	75	52	4,835
1	75	57	1,17
1	75	61	1,301
1	75	65	0,849
1	75	74	1,999
1	75	83	8,272
1	75	92	7,165
1	75	96	4,504
1	75	97	3,537
1	75	99	5,509
1	75	100	13,177
1	83	1	5,846
1	83	4	0,585
1	83	10	5,179
1	83	11	2,413
1	83	13	25,411
1	83	23	3,093
1	83	24	19,223
1	83	29	0,941
1	83	39	1,002
1	83	45	6,764
1	83	47	3,308
1	83	52	4,011
1	83	57	4,436
1	83	61	4,309
1	83	65	36,552
1	83	74	0,814
1	83	75	0,766
1	83	92	0,792
1	83	96	17,837
1	83	97	14,646
1	83	99	7,612
1	83	100	1,316
1	92	1	3,445
1	92	4	1,975
1	92	10	5,394
1	92	11	13,105
1	92	13	1,002
1	92	23	8,458
1	92	24	10,284
1	92	29	0,698
1	92	39	2,248
1	92	45	4,711
1	92	47	0,967
1	92	52	5,986
1	92	57	1,148
1	92	61	1,565
1	92	65	2,078
1	92	74	1,108
1	92	75	2,963
1	92	83	2,183
1	92	96	2,707
1	92	97	12,156
1	92	99	17,54
1	92	100	11,366
1	96	1	6,299
1	96	4	0,629
1	96	10	5,017
1	96	11	0,557
1	96	13	1,599
1	96	23	4,497
1	96	24	3,23
1	96	29	1,918
1	96	39	1,235
1	96	45	1,579
1	96	47	19,594
1	96	52	8,328
1	96	57	0,839
1	96	61	6,578
1	96	65	65,566
1	96	74	1,92
1	96	75	5,768
1	96	83	15,57
1	96	92	1,836
1	96	97	18,401
1	96	99	3,015
1	96	100	4,305
1	97	1	2,906
1	97	4	1,048
1	97	10	16,168
1	97	11	4,988
1	97	13	3,652
1	97	23	0,73
1	97	24	1,711
1	97	29	4,849
1	97	39	2,034
1	97	45	12,068
1	97	47	8,333
1	97	52	2,907
1	97	57	9,076
1	97	61	1,173
1	97	65	3,658
1	97	74	2,738
1	97	75	5,142
1	97	83	5,338
1	97	92	3,742
1	97	96	1,732
1	97	99	2,387
1	97	100	0,64
1	99	1	5,47
1	99	4	22,903
1	99	10	0,671
1	99	11	1,053
1	99	13	3,26
1	99	23	6,34
1	99	24	18,666
1	99	29	13,211
1	99	39	3,277
1	99	45	1,156
1	99	47	9,671
1	99	52	0,567
1	99	57	4,391
1	99	61	5,134
1	99	65	6,967
1	99	74	0,723
1	99	75	0,634
1	99	83	1,514
1	99	92	1,039
1	99	96	4,582
1	99	97	8,168
1	99	100	2,417
1	100	1	7,561
1	100	4	10,545
1	100	10	1,247
1	100	11	0,954
1	100	13	5,092
1	100	23	7,092
1	100	24	2,6
1	100	29	6,068
1	100	39	2,955
1	100	45	10,077
1	100	47	1,185
1	100	52	2,285
1	100	57	1,448
1	100	61	8,755
1	100	65	4,082
1	100	74	12,549
1	100	75	0,756
1	100	83	1,292
1	100	92	22,26
1	100	96	1,11
1	100	97	2,365
1	100	99	4,361
2	4	6	1,646
2	4	7	1,155
2	4	9	2,885
2	4	12	1,341
2	4	15	0,763
2	4	19	2,292
2	4	22	34,535
2	4	29	19,451
2	4	32	5,462
2	4	38	10,458
2	4	45	5,043
2	4	49	1,666
2	4	57	27,543
2	4	59	2,313
2	4	77	8,52
2	4	78	8,029
2	4	79	0,921
2	4	91	12,802
2	4	95	2,623
2	6	4	0,824
2	6	7	3,888
2	6	9	13,944
2	6	12	2,635
2	6	15	1,986
2	6	19	4,391
2	6	22	8,306
2	6	29	17,247
2	6	32	0,731
2	6	38	8,105
2	6	45	44,765
2	6	49	30,938
2	6	57	1,217
2	6	59	4,871
2	6	77	0,792
2	6	78	13,601
2	6	79	2,976
2	6	91	5,743
2	6	95	4,264
2	7	4	12,156
2	7	6	3,163
2	7	9	1,392
2	7	12	3,318
2	7	15	8,044
2	7	19	3,709
2	7	22	6,223
2	7	29	4,31
2	7	32	9,476
2	7	38	1,826
2	7	45	12,389
2	7	49	1,875
2	7	57	20,452
2	7	59	2,619
2	7	77	0,782
2	7	78	0,593
2	7	79	0,788
2	7	91	5,445
2	7	95	0,585
2	9	4	10,106
2	9	6	11,091
2	9	7	11,523
2	9	12	3,939
2	9	15	6,817
2	9	19	1,808
2	9	22	0,609
2	9	29	3,198
2	9	32	7,518
2	9	38	1,683
2	9	45	0,596
2	9	49	8,565
2	9	57	2,28
2	9	59	0,989
2	9	77	4,05
2	9	78	11,29
2	9	79	15,007
2	9	91	2,376
2	9	95	3,203
2	12	4	4,01
2	12	6	19,976
2	12	7	2,116
2	12	9	5,253
2	12	15	15,831
2	12	19	17,185
2	12	22	8,892
2	12	29	1,127
2	12	32	0,532
2	12	38	1,413
2	12	45	4,459
2	12	49	2,85
2	12	57	0,768
2	12	59	5,953
2	12	77	4,79
2	12	78	1,795
2	12	79	13,295
2	12	91	0,885
2	12	95	0,596
2	15	4	22,056
2	15	6	0,712
2	15	7	13,286
2	15	9	1,643
2	15	12	3,285
2	15	19	0,931
2	15	22	8,639
2	15	29	1,379
2	15	32	5,034
2	15	38	3,623
2	15	45	3,101
2	15	49	1,998
2	15	57	0,877
2	15	59	2,382
2	15	77	14,789
2	15	78	25,409
2	15	79	0,651
2	15	91	5,936
2	15	95	1,564
2	19	4	1,488
2	19	6	1,37
2	19	7	1,1
2	19	9	19,574
2	19	12	4,356
2	19	15	17,129
2	19	22	0,945
2	19	29	25,955
2	19	32	1,752
2	19	38	6,333
2	19	45	5,704
2	19	49	2,305
2	19	57	9,629
2	19	59	10,495
2	19	77	11,023
2	19	78	1,001
2	19	79	34,367
2	19	91	2,081
2	19	95	3,864
2	22	4	6,357
2	22	6	5,589
2	22	7	1,394
2	22	9	16,105
2	22	12	0,753
2	22	15	7,844
2	22	19	1,757
2	22	29	6,002
2	22	32	1,92
2	22	38	4,186
2	22	45	5,131
2	22	49	0,564
2	22	57	11,734
2	22	59	3,419
2	22	77	7,721
2	22	78	3,205
2	22	79	19,846
2	22	91	5,118
2	22	95	14,257
2	29	4	0,871
2	29	6	3,523
2	29	7	1,875
2	29	9	6,529
2	29	12	1,235
2	29	15	2,107
2	29	19	4,179
2	29	22	1,523
2	29	32	3,874
2	29	38	3,306
2	29	45	4,816
2	29	49	3,064
2	29	57	4,072
2	29	59	18,028
2	29	77	6,744
2	29	78	11,646
2	29	79	9,693
2	29	91	13,288
2	29	95	3,117
2	32	4	5,741
2	32	6	15,709
2	32	7	0,692
2	32	9	9,56
2	32	12	12,944
2	32	15	1,306
2	32	19	7,896
2	32	22	10,906
2	32	29	6,877
2	32	38	1,17
2	32	45	1,171
2	32	49	4,938
2	32	57	4,858
2	32	59	11,115
2	32	77	4,438
2	32	78	3,56
2	32	79	2,193
2	32	91	1,726
2	32	95	1,135
2	38	4	20,338
2	38	6	0,963
2	38	7	10,355
2	38	9	2,176
2	38	12	2,426
2	38	15	5,144
2	38	19	2,761
2	38	22	13,056
2	38	29	11,823
2	38	32	24,871
2	38	45	1,012
2	38	49	14,662
2	38	57	14,897
2	38	59	6,51
2	38	77	0,657
2	38	78	4,895
2	38	79	8,632
2	38	91	1,205
2	38	95	3,98
2	45	4	7,942
2	45	6	27,456
2	45	7	10,049
2	45	9	2,412
2	45	12	1,241
2	45	15	2,469
2	45	19	6,258
2	45	22	14,921
2	45	29	10,347
2	45	32	8,265
2	45	38	1,427
2	45	49	1,688
2	45	57	2,747
2	45	59	4,902
2	45	77	1,492
2	45	78	6,915
2	45	79	2,922
2	45	91	2,758
2	45	95	7,075
2	49	4	1,226
2	49	6	6,029
2	49	7	2,211
2	49	9	6,498
2	49	12	5,541
2	49	15	0,746
2	49	19	20,999
2	49	22	8,156
2	49	29	14,287
2	49	32	4,29
2	49	38	11,206
2	49	45	1,635
2	49	57	3,431
2	49	59	19,701
2	49	77	0,947
2	49	78	9,794
2	49	79	8,767
2	49	91	14,237
2	49	95	4,715
2	57	4	1,295
2	57	6	6,484
2	57	7	4,004
2	57	9	5,206
2	57	12	5,821
2	57	15	6,638
2	57	19	14,59
2	57	22	9,311
2	57	29	0,947
2	57	32	23,977
2	57	38	14,867
2	57	45	0,93
2	57	49	4,413
2	57	59	5,836
2	57	77	4,914
2	57	78	1,742
2	57	79	9,228
2	57	91	1,543
2	57	95	0,603
2	59	4	2,172
2	59	6	1,13
2	59	7	19,162
2	59	9	2,009
2	59	12	18,972
2	59	15	11,666
2	59	19	10,436
2	59	22	5,744
2	59	29	17,9
2	59	32	1,021
2	59	38	1,996
2	59	45	4,602
2	59	49	2,52
2	59	57	2,997
2	59	77	2,212
2	59	78	11,696
2	59	79	37,646
2	59	91	1,193
2	59	95	11,06
2	77	4	8,93
2	77	6	4,348
2	77	7	10,06
2	77	9	5,223
2	77	12	2,017
2	77	15	4,928
2	77	19	1,172
2	77	22	1,919
2	77	29	11,454
2	77	32	4,682
2	77	38	1,996
2	77	45	0,532
2	77	49	8,716
2	77	57	16,565
2	77	59	8,602
2	77	78	3,132
2	77	79	8,667
2	77	91	6,58
2	77	95	3,323
2	78	4	15,986
2	78	6	5,342
2	78	7	2,469
2	78	9	20,548
2	78	12	7,921
2	78	15	1,846
2	78	19	1,393
2	78	22	3,163
2	78	29	1,094
2	78	32	7,307
2	78	38	7,745
2	78	45	16,062
2	78	49	0,752
2	78	57	2,569
2	78	59	3,591
2	78	77	1,017
2	78	79	7,546
2	78	91	6,046
2	78	95	3,096
2	79	4	0,997
2	79	6	9,453
2	79	7	3,049
2	79	9	1,497
2	79	12	6,692
2	79	15	2,457
2	79	19	4,12
2	79	22	7,216
2	79	29	0,762
2	79	32	8,82
2	79	38	3,932
2	79	45	2,829
2	79	49	6,461
2	79	57	0,516
2	79	59	1,506
2	79	77	19,694
2	79	78	4,241
2	79	91	2,29
2	79	95	25,981
2	91	4	2,667
2	91	6	0,548
2	91	7	8,789
2	91	9	4,994
2	91	12	0,765
2	91	15	1,363
2	91	19	0,646
2	91	22	0,98
2	91	29	2,173
2	91	32	33,275
2	91	38	0,621
2	91	45	10,798
2	91	49	7,403
2	91	57	12,103
2	91	59	3,206
2	91	77	0,523
2	91	78	6,689
2	91	79	13,542
2	91	95	3,209
2	95	4	1,165
2	95	6	4,828
2	95	7	1,344
2	95	9	1,905
2	95	12	0,78
2	95	15	3,793
2	95	19	1,1
2	95	22	2,998
2	95	29	0,61
2	95	32	2,156
2	95	38	3,996
2	95	45	6,514
2	95	49	1,403
2	95	57	9,958
2	95	59	3,301
2	95	77	4,681
2	95	78	5,432
2	95	79	1,018
2	95	91	1,346
3	14	17	0,676
3	14	30	5,068
3	14	37	4,743
3	14	39	2,541
3	14	42	0,508
3	14	43	22,692
3	14	45	29,271
3	14	53	3,354
3	14	54	10,648
3	14	58	1,575
3	14	64	19,579
3	14	65	3,247
3	14	70	7,424
3	14	73	0,533
3	14	77	16,923
3	14	79	26,848
3	14	81	1,314
3	14	88	1,168
3	17	14	6,566
3	17	30	6,251
3	17	37	4,032
3	17	39	18,191
3	17	42	11,778
3	17	43	0,706
3	17	45	0,535
3	17	53	1,391
3	17	54	23,791
3	17	58	23,387
3	17	64	1,917
3	17	65	14,201
3	17	70	2,537
3	17	73	19,66
3	17	77	20,19
3	17	79	1,938
3	17	81	5,852
3	17	88	4,502
3	30	14	2,447
3	30	17	2,263
3	30	37	2,171
3	30	39	5,146
3	30	42	34,438
3	30	43	0,665
3	30	45	26,258
3	30	53	2,018
3	30	54	1,269
3	30	58	3,33
3	30	64	26,884
3	30	65	0,612
3	30	70	2,657
3	30	73	15,844
3	30	77	9,603
3	30	79	1,575
3	30	81	14,447
3	30	88	11,71
3	37	14	1,146
3	37	17	5,063
3	37	30	5,322
3	37	39	4,498
3	37	42	2,019
3	37	43	14,072
3	37	45	4,361
3	37	53	8,416
3	37	54	2,973
3	37	58	23,368
3	37	64	10,833
3	37	65	2,768
3	37	70	5,789
3	37	73	13,797
3	37	77	0,644
3	37	79	5,877
3	37	81	27,633
3	37	88	6,148
3	39	14	8,044
3	39	17	17,652
3	39	30	5,913
3	39	37	19,815
3	39	42	1,54
3	39	43	5,574
3	39	45	3,379
3	39	53	12,805
3	39	54	1,956
3	39	58	2,399
3	39	64	20,68
3	39	65	1,026
3	39	70	2,654
3	39	73	0,931
3	39	77	10,554
3	39	79	1,324
3	39	81	11,966
3	39	88	5,514
3	42	14	0,872
3	42	17	4,933
3	42	30	1,25
3	42	37	0,613
3	42	39	12,765
3	42	43	3,517
3	42	45	16,573
3	42	53	4,73
3	42	54	10,851
3	42	58	13,364
3	42	64	5,704
3	42	65	3,621
3	42	70	11,296
3	42	73	0,912
3	42	77	6,398
3	42	79	3,772
3	42	81	2,165
3	42	88	10,903
3	43	14	1,235
3	43	17	14,657
3	43	30	2,758
3	43	37	1,994
3	43	39	2,094
3	43	42	4,652
3	43	45	5,43
3	43	53	4,976
3	43	54	0,659
3	43	58	0,833
3	43	64	9,042
3	43	65	0,897
3	43	70	3,043
3	43	73	1,499
3	43	77	1,274
3	43	79	14,77
3	43	81	14,108
3	43	88	1,516
3	45	14	7,37
3	45	17	0,653
3	45	30	5,323
3	45	37	6,995
3	45	39	24,134
3	45	42	3,985
3	45	43	6,657
3	45	53	3,987
3	45	54	1,325
3	45	58	2,13
3	45	64	2,539
3	45	65	1,265
3	45	70	1,087
3	45	73	5,749
3	45	77	0,538
3	45	79	1,729
3	45	81	6,743
3	45	88	4,956
3	53	14	1,656
3	53	17	6,724
3	53	30	17,209
3	53	37	6,62
3	53	39	4,267
3	53	42	33,381
3	53	43	3,826
3	53	45	5,285
3	53	54	1,977
3	53	58	1,217
3	53	64	1,97
3	53	65	1,87
3	53	70	0,96
3	53	73	16,311
3	53	77	9,073
3	53	79	1,299
3	53	81	6,349
3	53	88	11,755
3	54	14	15,772
3	54	17	5,433
3	54	30	5,733
3	54	37	13,372
3	54	39	5,622
3	54	42	13,168
3	54	43	1,915
3	54	45	11,554
3	54	53	30,963
3	54	58	3,446
3	54	64	4,387
3	54	65	44,257
3	54	70	1,85
3	54	73	6,007
3	54	77	1,859
3	54	79	2,365
3	54	81	0,556
3	54	88	3,242
3	58	14	0,881
3	58	17	10,785
3	58	30	9,072
3	58	37	3,187
3	58	39	4,014
3	58	42	17,334
3	58	43	4,817
3	58	45	5,109
3	58	53	3,251
3	58	54	15,111
3	58	64	1,595
3	58	65	19,393
3	58	70	1,133
3	58	73	4,528
3	58	77	3,083
3	58	79	1,287
3	58	81	4,312
3	58	88	18,657
3	64	14	2,383
3	64	17	9,018
3	64	30	2,333
3	64	37	1,11
3	64	39	5,15
3	64	42	5,189
3	64	43	13,118
3	64	45	2,009
3	64	53	2,095
3	64	54	12,96
3	64	58	0,541
3	64	65	3,194
3	64	70	22,873
3	64	73	0,687
3	64	77	6,188
3	64	79	3,086
3	64	81	1,592
3	64	88	1,912
3	65	14	4,769
3	65	17	19,603
3	65	30	14,427
3	65	37	4,843
3	65	39	1,704
3	65	42	2,299
3	65	43	34,419
3	65	45	10,299
3	65	53	15,512
3	65	54	0,626
3	65	58	4,609
3	65	64	0,8
3	65	70	4,923
3	65	73	10,357
3	65	77	3,002
3	65	79	15,485
3	65	81	4,74
3	65	88	1,471
3	70	14	1,753
3	70	17	1,468
3	70	30	1,513
3	70	37	9,909
3	70	39	19,082
3	70	42	2,014
3	70	43	0,782
3	70	45	11,52
3	70	53	4,421
3	70	54	21,018
3	70	58	10,991
3	70	64	0,784
3	70	65	7,075
3	70	73	41,823
3	70	77	4,43
3	70	79	0,925
3	70	81	2,176
3	70	88	1,257
3	73	14	7,643
3	73	17	3,344
3	73	30	23,487
3	73	37	1,137
3	73	39	6,032
3	73	42	6,442
3	73	43	23,9
3	73	45	11,207
3	73	53	10,086
3	73	54	4,817
3	73	58	1,831
3	73	64	10,724
3	73	65	0,66
3	73	70	0,696
3	73	77	2,801
3	73	79	17,667
3	73	81	14,947
3	73	88	5,51
3	77	14	2,017
3	77	17	9,898
3	77	30	9,239
3	77	37	3,278
3	77	39	1,62
3	77	42	3,448
3	77	43	1,082
3	77	45	3,504
3	77	53	14,548
3	77	54	3,477
3	77	58	7,186
3	77	64	3,975
3	77	65	4,022
3	77	70	9,316
3	77	73	6,901
3	77	79	3,544
3	77	81	0,575
3	77	88	6,195
3	79	14	5,604
3	79	17	4,808
3	79	30	8,271
3	79	37	1,328
3	79	39	40,455
3	79	42	14,782
3	79	43	5,547
3	79	45	7,621
3	79	53	9,396
3	79	54	2,445
3	79	58	33,718
3	79	64	11,707
3	79	65	1,338
3	79	70	3,266
3	79	73	1,952
3	79	77	13,861
3	79	81	5,038
3	79	88	2,202
3	81	14	2,227
3	81	17	11,067
3	81	30	17,14
3	81	37	5,087
3	81	39	1,722
3	81	42	0,576
3	81	43	2,642
3	81	45	29,127
3	81	53	4,799
3	81	54	2,886
3	81	58	3,032
3	81	64	1,357
3	81	65	2,842
3	81	70	1,235
3	81	73	2,005
3	81	77	5,529
3	81	79	9,722
3	81	88	10,459
3	88	14	1,604
3	88	17	1,994
3	88	30	6,986
3	88	37	3,956
3	88	39	9,192
3	88	42	10,698
3	88	43	6,706
3	88	45	7,836
3	88	53	7,808
3	88	54	2,479
3	88	58	26,24
3	88	64	5,507
3	88	65	24,911
3	88	70	1,033
3	88	73	0,692
3	88	77	10,518
3	88	79	4,566
3	88	81	10,202
4	2	7	1,84
4	2	8	6,869
4	2	9	3,304
4	2	13	1,524
4	2	18	1,506
4	2	20	6,95
4	2	28	16,07
4	2	33	9,816
4	2	40	7,93
4	2	41	6,953
4	2	43	8,966
4	2	44	15,635
4	2	49	3,403
4	2	56	4,106
4	2	57	23,444
4	2	59	3,097
4	2	60	0,972
4	2	61	12,938
4	2	63	1,976
4	2	66	0,517
4	2	70	7,512
4	2	73	8,851
4	2	79	4,772
4	2	82	6,331
4	2	83	7,352
4	2	85	5,164
4	2	95	6,385
4	2	98	3,394
4	2	100	4,996
4	7	2	3,798
4	7	8	1,374
4	7	9	5,559
4	7	13	11,767
4	7	18	2,162
4	7	20	6,03
4	7	28	6,226
4	7	33	3,357
4	7	40	5,59
4	7	41	4,851
4	7	43	16,87
4	7	44	2,114
4	7	49	5,34
4	7	56	21,755
4	7	57	7,184
4	7	59	1,248
4	7	60	7,316
4	7	61	33,641
4	7	63	1,656
4	7	66	3,597
4	7	70	14,331
4	7	73	4,086
4	7	79	15,348
4	7	82	2,431
4	7	83	7,406
4	7	85	15,049
4	7	95	3,011
4	7	98	2,295
4	7	100	1,967
4	8	2	2,542
4	8	7	6,99
4	8	9	6,405
4	8	13	2,008
4	8	18	11,654
4	8	20	2,377
4	8	28	1,3
4	8	33	2,489
4	8	40	2,211
4	8	41	1,619
4	8	43	0,686
4	8	44	7,991
4	8	49	5,168
4	8	56	6,874
4	8	57	5,469
4	8	59	8,413
4	8	60	2,164
4	8	61	4,298
4	8	63	3,672
4	8	66	4,911
4	8	70	0,628
4	8	73	2,495
4	8	79	32,87
4	8	82	1,525
4	8	83	2,95
4	8	85	1,145
4	8	95	5,56
4	8	98	1,509
4	8	100	11,238
4	9	2	0,561
4	9	7	0,549
4	9	8	0,929
4	9	13	12,347
4	9	18	6,2
4	9	20	2,326
4	9	28	28,538
4	9	33	1,571
4	9	40	22,922
4	9	41	1,156
4	9	43	7,138
4	9	44	1,711
4	9	49	1,04
4	9	56	1,675
4	9	57	5,782
4	9	59	10,436
4	9	60	0,661
4	9	61	2,469
4	9	63	9,461
4	9	66	1,464
4	9	70	11,015
4	9	73	1,448
4	9	79	11,126
4	9	82	22,423
4	9	83	3,027
4	9	85	2,283
4	9	95	9,127
4	9	98	2,538
4	9	100	0,88
4	13	2	7,124
4	13	7	2,734
4	13	8	4,071
4	13	9	2,721
4	13	18	3,393
4	13	20	6,42
4	13	28	5,758
4	13	33	6,029
4	13	40	1,733
4	13	41	5,706
4	13	43	7,793
4	13	44	6,912
4	13	49	10,655
4	13	56	8,147
4	13	57	11,144
4	13	59	1,196
4	13	60	1,744
4	13	61	4,943
4	13	63	3,632
4	13	66	3,513
4	13	70	7,091
4	13	73	4,442
4	13	79	4,428
4	13	82	5,518
4	13	83	8,609
4	13	85	5,542
4	13	95	6,221
4	13	98	8,127
4	13	100	8,721
4	18	2	11,665
4	18	7	13,528
4	18	8	11,592
4	18	9	3,51
4	18	13	7,316
4	18	20	1,541
4	18	28	15,078
4	18	33	2,955
4	18	40	4,244
4	18	41	6,685
4	18	43	4,671
4	18	44	10,47
4	18	49	6,968
4	18	56	6,184
4	18	57	3,516
4	18	59	5,555
4	18	60	23,871
4	18	61	2,554
4	18	63	6,601
4	18	66	2,501
4	18	70	40,043
4	18	73	8,993
4	18	79	3,072
4	18	82	4,618
4	18	83	1,449
4	18	85	3,251
4	18	95	11,733
4	18	98	9,031
4	18	100	2,063
4	20	2	1,844
4	20	7	4,876
4	20	8	1,453
4	20	9	7,033
4	20	13	16,822
4	20	18	7,94
4	20	28	3,299
4	20	33	2,092
4	20	40	2,148
4	20	41	5,418
4	20	43	10,078
4	20	44	13,202
4	20	49	3,604
4	20	56	16,308
4	20	57	1,623
4	20	59	2,973
4	20	60	1,076
4	20	61	5,104
4	20	63	9,401
4	20	66	8,695
4	20	70	6,098
4	20	73	17,274
4	20	79	10,771
4	20	82	1,525
4	20	83	15,579
4	20	85	1,947
4	20	95	15,065
4	20	98	14,368
4	20	100	5,125
4	28	2	3,234
4	28	7	3,869
4	28	8	19,704
4	28	9	3,328
4	28	13	15,027
4	28	18	1,338
4	28	20	4,967
4	28	33	11,81
4	28	40	12,877
4	28	41	14,028
4	28	43	2,118
4	28	44	6,84
4	28	49	4,476
4	28	56	1,93
4	28	57	15,983
4	28	59	0,838
4	28	60	2,447
4	28	61	9,095
4	28	63	17,175
4	28	66	2,328
4	28	70	2,835
4	28	73	2,035
4	28	79	4,837
4	28	82	21,401
4	28	83	2,525
4	28	85	13,218
4	28	95	4,411
4	28	98	1,704
4	28	100	6,293
4	33	2	8,351
4	33	7	1,85
4	33	8	29,818
4	33	9	3,111
4	33	13	0,979
4	33	18	2,617
4	33	20	2,17
4	33	28	2,269
4	33	40	9,116
4	33	41	0,663
4	33	43	7,176
4	33	44	7,727
4	33	49	13,983
4	33	56	4,039
4	33	57	6,53
4	33	59	1,185
4	33	60	9,916
4	33	61	6,071
4	33	63	2,061
4	33	66	17,906
4	33	70	2,839
4	33	73	3,649
4	33	79	10,456
4	33	82	3,704
4	33	83	0,768
4	33	85	6,738
4	33	95	0,975
4	33	98	4,74
4	33	100	5,007
4	40	2	2,509
4	40	7	0,933
4	40	8	2,631
4	40	9	1,117
4	40	13	5,741
4	40	18	12,774
4	40	20	1,462
4	40	28	3,298
4	40	33	5,499
4	40	41	4,958
4	40	43	2,255
4	40	44	8,886
4	40	49	7,028
4	40	56	1,652
4	40	57	5,217
4	40	59	1,493
4	40	60	3,871
4	40	61	11,297
4	40	63	5,883
4	40	66	1,939
4	40	70	5,926
4	40	73	2,402
4	40	79	4,432
4	40	82	16,739
4	40	83	3,901
4	40	85	1,115
4	40	95	1,715
4	40	98	11,828
4	40	100	0,564
4	41	2	22,607
4	41	7	0,667
4	41	8	1,035
4	41	9	3,216
4	41	13	10,123
4	41	18	9,508
4	41	20	7,744
4	41	28	14,246
4	41	33	2,996
4	41	40	7,141
4	41	43	5,422
4	41	44	6,249
4	41	49	9,776
4	41	56	33,536
4	41	57	6,796
4	41	59	2,218
4	41	60	1,35
4	41	61	8,161
4	41	63	1,571
4	41	66	0,789
4	41	70	4,187
4	41	73	26,287
4	41	79	2,089
4	41	82	0,675
4	41	83	4,438
4	41	85	1,69
4	41	95	6,178
4	41	98	3,257
4	41	100	1,183
4	43	2	0,808
4	43	7	4,537
4	43	8	2,627
4	43	9	8,974
4	43	13	1,028
4	43	18	1,387
4	43	20	1,415
4	43	28	0,92
4	43	33	3,25
4	43	40	16,317
4	43	41	14,256
4	43	44	9,548
4	43	49	2,083
4	43	56	7,199
4	43	57	13,224
4	43	59	1,951
4	43	60	2,875
4	43	61	7,589
4	43	63	2,198
4	43	66	1,616
4	43	70	1,156
4	43	73	1,211
4	43	79	0,864
4	43	82	7,489
4	43	83	6,34
4	43	85	8,043
4	43	95	1,334
4	43	98	29,752
4	43	100	4,173
4	44	2	3,035
4	44	7	1,853
4	44	8	3,239
4	44	9	11,692
4	44	13	0,858
4	44	18	13,922
4	44	20	6,088
4	44	28	13,58
4	44	33	6,242
4	44	40	3,784
4	44	41	7,443
4	44	43	1,065
4	44	49	15,094
4	44	56	2,334
4	44	57	4,621
4	44	59	2,557
4	44	60	2,356
4	44	61	4,182
4	44	63	11,372
4	44	66	5,443
4	44	70	1,065
4	44	73	0,632
4	44	79	7,542
4	44	82	1,09
4	44	83	3,676
4	44	85	7,918
4	44	95	0,662
4	44	98	0,737
4	44	100	3,447
4	49	2	2,502
4	49	7	9,505
4	49	8	21,065
4	49	9	4,8
4	49	13	0,536
4	49	18	0,762
4	49	20	0,6
4	49	28	2,626
4	49	33	8,223
4	49	40	1,305
4	49	41	3,143
4	49	43	0,705
4	49	44	4,013
4	49	56	2,146
4	49	57	1,694
4	49	59	4,084
4	49	60	2,07
4	49	61	5,48
4	49	63	2,143
4	49	66	6,014
4	49	70	2,509
4	49	73	2,754
4	49	79	1,347
4	49	82	2,177
4	49	83	8,435
4	49	85	15,184
4	49	95	0,87
4	49	98	8,366
4	49	100	1,789
4	56	2	3,91
4	56	7	10,333
4	56	8	3,879
4	56	9	6,066
4	56	13	21,593
4	56	18	1,364
4	56	20	1,288
4	56	28	4,271
4	56	33	18,351
4	56	40	1,828
4	56	41	19,123
4	56	43	24,053
4	56	44	4,279
4	56	49	8,161
4	56	57	1,78
4	56	59	22,608
4	56	60	1,19
4	56	61	7,431
4	56	63	1,28
4	56	66	5,468
4	56	70	3,005
4	56	73	2,16
4	56	79	11,237
4	56	82	4,232
4	56	83	3,55
4	56	85	1,874
4	56	95	4,688
4	56	98	8,439
4	56	100	8,449
4	57	2	9,902
4	57	7	6,028
4	57	8	5,009
4	57	9	2,777
4	57	13	12,663
4	57	18	12,755
4	57	20	0,801
4	57	28	8,41
4	57	33	6,796
4	57	40	27,52
4	57	41	3,682
4	57	43	0,933
4	57	44	1,23
4	57	49	12,324
4	57	56	2,5
4	57	59	10,659
4	57	60	1,416
4	57	61	1,799
4	57	63	2,85
4	57	66	10,701
4	57	70	5,873
4	57	73	13,957
4	57	79	3,939
4	57	82	10,622
4	57	83	6,641
4	57	85	4,353
4	57	95	1,943
4	57	98	1,027
4	57	100	10,28
4	59	2	18,937
4	59	7	0,567
4	59	8	0,501
4	59	9	8,406
4	59	13	3,591
4	59	18	7,574
4	59	20	13,929
4	59	28	8,365
4	59	33	3,241
4	59	40	11,701
4	59	41	17,831
4	59	43	4,513
4	59	44	14,184
4	59	49	3,729
4	59	56	2,055
4	59	57	4,401
4	59	60	13,863
4	59	61	2,852
4	59	63	3,092
4	59	66	4,638
4	59	70	1,544
4	59	73	3,345
4	59	79	5,485
4	59	82	3,275
4	59	83	3,629
4	59	85	2,761
4	59	95	1,79
4	59	98	2,338
4	59	100	7,42
4	60	2	14,105
4	60	7	4,035
4	60	8	1,251
4	60	9	19,316
4	60	13	1,417
4	60	18	0,621
4	60	20	1,763
4	60	28	3,167
4	60	33	25,957
4	60	40	13,537
4	60	41	23,804
4	60	43	5,953
4	60	44	1,734
4	60	49	0,943
4	60	56	18,275
4	60	57	11,299
4	60	59	14,653
4	60	61	17,946
4	60	63	4,281
4	60	66	19,895
4	60	70	3,466
4	60	73	3,857
4	60	79	1,094
4	60	82	3,641
4	60	83	9,702
4	60	85	6,958
4	60	95	9,052
4	60	98	4,12
4	60	100	2,909
4	61	2	14,557
4	61	7	17,216
4	61	8	5,882
4	61	9	16,67
4	61	13	1,976
4	61	18	6,07
4	61	20	3,105
4	61	28	14,741
4	61	33	8,029
4	61	40	10,625
4	61	41	1,772
4	61	43	1,481
4	61	44	4,717
4	61	49	4,971
4	61	56	16,76
4	61	57	3,724
4	61	59	1,616
4	61	60	1,514
4	61	63	3,94
4	61	66	3,446
4	61	70	7,587
4	61	73	0,794
4	61	79	1,346
4	61	82	20,82
4	61	83	4,725
4	61	85	10,689
4	61	95	9,717
4	61	98	19,1
4	61	100	2,916
4	63	2	0,99
4	63	7	3,033
4	63	8	3,28
4	63	9	11,305
4	63	13	6,461
4	63	18	8,053
4	63	20	0,619
4	63	28	4,55
4	63	33	2,23
4	63	40	12,153
4	63	41	1,416
4	63	43	6,352
4	63	44	12,72
4	63	49	4,623
4	63	56	4,666
4	63	57	3,221
4	63	59	0,856
4	63	60	7,563
4	63	61	1,429
4	63	66	3,107
4	63	70	2,548
4	63	73	2,43
4	63	79	0,734
4	63	82	2,129
4	63	83	0,641
4	63	85	1,049
4	63	95	1,244
4	63	98	3,967
4	63	100	2,999
4	66	2	6,487
4	66	7	2,988
4	66	8	9,229
4	66	9	6,392
4	66	13	3,408
4	66	18	1,854
4	66	20	1,233
4	66	28	0,774
4	66	33	7,336
4	66	40	2,268
4	66	41	8,123
4	66	43	3,112
4	66	44	12,923
4	66	49	7,728
4	66	56	0,796
4	66	57	3,025
4	66	59	0,682
4	66	60	4,737
4	66	61	9,722
4	66	63	0,845
4	66	70	2,172
4	66	73	6,3
4	66	79	6,713
4	66	82	3,071
4	66	83	3,928
4	66	85	6,361
4	66	95	1,89
4	66	98	12,266
4	66	100	3,062
4	70	2	0,864
4	70	7	1,176
4	70	8	4,236
4	70	9	10,279
4	70	13	0,959
4	70	18	4,958
4	70	20	14,762
4	70	28	2,077
4	70	33	3,918
4	70	40	1,498
4	70	41	23,597
4	70	43	6,367
4	70	44	3,418
4	70	49	0,905
4	70	56	24,806
4	70	57	7,471
4	70	59	2,032
4	70	60	2,505
4	70	61	2,789
4	70	63	0,521
4	70	66	2,178
4	70	73	10,849
4	70	79	3,879
4	70	82	4,705
4	70	83	14,354
4	70	85	1,525
4	70	95	6,781
4	70	98	8,811
4	70	100	1,103
4	73	2	2,885
4	73	7	5,927
4	73	8	0,76
4	73	9	12,187
4	73	13	1,55
4	73	18	0,566
4	73	20	4,003
4	73	28	1,934
4	73	33	0,687
4	73	40	1,282
4	73	41	2,016
4	73	43	0,99
4	73	44	2,622
4	73	49	1,84
4	73	56	0,628
4	73	57	2,425
4	73	59	1,707
4	73	60	1,315
4	73	61	2,666
4	73	63	5,584
4	73	66	20,536
4	73	70	12,243
4	73	79	2,516
4	73	82	18,447
4	73	83	3,164
4	73	85	0,708
4	73	95	22,9
4	73	98	1,481
4	73	100	9,425
4	79	2	2,16
4	79	7	3,945
4	79	8	11,133
4	79	9	4,805
4	79	13	8,325
4	79	18	10,761
4	79	20	14
4	79	28	7,948
4	79	33	13,235
4	79	40	4,521
4	79	41	3,656
4	79	43	5,933
4	79	44	7,298
4	79	49	1,281
4	79	56	1,975
4	79	57	8,827
4	79	59	2,816
4	79	60	3,403
4	79	61	6,845
4	79	63	8,963
4	79	66	1,379
4	79	70	1,751
4	79	73	3,139
4	79	82	5,039
4	79	83	7,585
4	79	85	3,242
4	79	95	3,907
4	79	98	3,594
4	79	100	12,598
4	82	2	0,927
4	82	7	12,634
4	82	8	5,138
4	82	9	9,239
4	82	13	8,622
4	82	18	18,879
4	82	20	2,614
4	82	28	13,108
4	82	33	2,004
4	82	40	1,461
4	82	41	6,062
4	82	43	0,589
4	82	44	1,375
4	82	49	4,713
4	82	56	7,36
4	82	57	0,648
4	82	59	2,002
4	82	60	1,08
4	82	61	32,154
4	82	63	18,342
4	82	66	5,971
4	82	70	4,672
4	82	73	8,188
4	82	79	6,358
4	82	83	6,384
4	82	85	1,328
4	82	95	7,957
4	82	98	10,791
4	82	100	1,992
4	83	2	4,637
4	83	7	2,289
4	83	8	21,848
4	83	9	3,321
4	83	13	3,036
4	83	18	5,541
4	83	20	6,828
4	83	28	36,021
4	83	33	5,585
4	83	40	13,515
4	83	41	7,723
4	83	43	6
4	83	44	5,499
4	83	49	10,451
4	83	56	9,68
4	83	57	3,238
4	83	59	2,165
4	83	60	19,34
4	83	61	1,124
4	83	63	8,762
4	83	66	7,848
4	83	70	7,813
4	83	73	1,081
4	83	79	1,233
4	83	82	4,405
4	83	85	0,769
4	83	95	9,351
4	83	98	7,271
4	83	100	6,79
4	85	2	19,321
4	85	7	27,007
4	85	8	6,117
4	85	9	7,533
4	85	13	1,068
4	85	18	10,695
4	85	20	6,615
4	85	28	1,338
4	85	33	1,477
4	85	40	2,72
4	85	41	8,04
4	85	43	9,02
4	85	44	0,613
4	85	49	4,903
4	85	56	6,544
4	85	57	13,343
4	85	59	25,166
4	85	60	1,281
4	85	61	8,603
4	85	63	6,998
4	85	66	11,16
4	85	70	1,553
4	85	73	4,949
4	85	79	2,386
4	85	82	9,122
4	85	83	1,596
4	85	95	1,259
4	85	98	7,709
4	85	100	2,373
4	95	2	12,012
4	95	7	1,888
4	95	8	4,308
4	95	9	1,807
4	95	13	3,033
4	95	18	3,073
4	95	20	3,238
4	95	28	7,834
4	95	33	2,023
4	95	40	1,255
4	95	41	13,986
4	95	43	4,827
4	95	44	7,407
4	95	49	7,97
4	95	56	2,799
4	95	57	19,2
4	95	59	3,32
4	95	60	36,459
4	95	61	7,734
4	95	63	3,769
4	95	66	10,438
4	95	70	9,524
4	95	73	1,426
4	95	79	1,954
4	95	82	5,195
4	95	83	2,77
4	95	85	4,371
4	95	98	6,366
4	95	100	2,07
4	98	2	4,682
4	98	7	3,879
4	98	8	53,299
4	98	9	0,779
4	98	13	0,742
4	98	18	2,646
4	98	20	6,837
4	98	28	2,701
4	98	33	16,434
4	98	40	0,906
4	98	41	11,909
4	98	43	9,522
4	98	44	0,6
4	98	49	0,735
4	98	56	42,354
4	98	57	5,202
4	98	59	6,144
4	98	60	0,897
4	98	61	4,694
4	98	63	1,753
4	98	66	2,015
4	98	70	2,274
4	98	73	4,777
4	98	79	0,879
4	98	82	5,616
4	98	83	6,134
4	98	85	16,143
4	98	95	2,96
4	98	100	7,096
4	100	2	5,764
4	100	7	18,776
4	100	8	13,381
4	100	9	5,746
4	100	13	1,709
4	100	18	5,235
4	100	20	5,779
4	100	28	4,043
4	100	33	57,507
4	100	40	1,039
4	100	41	2,628
4	100	43	4,736
4	100	44	3,417
4	100	49	1,802
4	100	56	0,943
4	100	57	1,284
4	100	59	2,334
4	100	60	5,313
4	100	61	12,132
4	100	63	3,298
4	100	66	3,787
4	100	70	4,706
4	100	73	1,21
4	100	79	8,56
4	100	82	4,184
4	100	83	0,552
4	100	85	0,808
4	100	95	2,207
4	100	98	12,298
5	4	14	5,995
5	4	23	27,419
5	4	29	2,031
5	4	36	0,69
5	4	43	0,887
5	4	44	1,411
5	4	50	3,439
5	4	54	1,484
5	4	56	2,25
5	4	61	8,557
5	4	64	1,838
5	4	70	13,351
5	4	72	1,177
5	4	83	5,851
5	4	87	12,391
5	4	90	6,643
5	4	91	20,22
5	4	92	5,389
5	4	94	1,082
5	14	4	21,836
5	14	23	12,362
5	14	29	1,495
5	14	36	8,263
5	14	43	1,902
5	14	44	6,029
5	14	50	6,987
5	14	54	5,229
5	14	56	3,071
5	14	61	2,988
5	14	64	13,396
5	14	70	21,985
5	14	72	9,64
5	14	83	0,572
5	14	87	7,531
5	14	90	1,746
5	14	91	15,239
5	14	92	1,388
5	14	94	9,18
5	23	4	0,518
5	23	14	5,303
5	23	29	1,721
5	23	36	7,701
5	23	43	6,405
5	23	44	6,994
5	23	50	13,478
5	23	54	9,484
5	23	56	5,186
5	23	61	35,563
5	23	64	6,968
5	23	70	0,846
5	23	72	1,169
5	23	83	0,559
5	23	87	1,276
5	23	90	0,516
5	23	91	3,749
5	23	92	3,748
5	23	94	0,971
5	29	4	5,779
5	29	14	25,919
5	29	23	1,01
5	29	36	1,845
5	29	43	2,226
5	29	44	1,892
5	29	50	2,105
5	29	54	10,11
5	29	56	0,882
5	29	61	8,263
5	29	64	1,527
5	29	70	3,148
5	29	72	7,015
5	29	83	4,359
5	29	87	2,292
5	29	90	7,079
5	29	91	2,892
5	29	92	4,775
5	29	94	1,641
5	36	4	2,735
5	36	14	5,86
5	36	23	9,879
5	36	29	3,126
5	36	43	5,566
5	36	44	23,328
5	36	50	5,034
5	36	54	10,713
5	36	56	3,409
5	36	61	1,568
5	36	64	2,351
5	36	70	0,522
5	36	72	7,262
5	36	83	3,179
5	36	87	1,125
5	36	90	3,966
5	36	91	3,425
5	36	92	1,944
5	36	94	1,209
5	43	4	2,684
5	43	14	7,825
5	43	23	1,688
5	43	29	18,181
5	43	36	7,315
5	43	44	3,279
5	43	50	5,17
5	43	54	2,007
5	43	56	3,441
5	43	61	4,955
5	43	64	3,726
5	43	70	4,907
5	43	72	5,031
5	43	83	4,672
5	43	87	3,533
5	43	90	6,214
5	43	91	1,832
5	43	92	1,35
5	43	94	1,37
5	44	4	1,045
5	44	14	3,062
5	44	23	2,595
5	44	29	5,727
5	44	36	7,553
5	44	43	1,276
5	44	50	19,128
5	44	54	6,142
5	44	56	5,475
5	44	61	14,643
5	44	64	3,848
5	44	70	25,814
5	44	72	0,588
5	44	83	1,527
5	44	87	9,66
5	44	90	15,408
5	44	91	1,491
5	44	92	18,815
5	44	94	16,673
5	50	4	3,87
5	50	14	9,02
5	50	23	5,77
5	50	29	3,803
5	50	36	2,04
5	50	43	0,526
5	50	44	9,563
5	50	54	11,048
5	50	56	10,585
5	50	61	4,579
5	50	64	1,948
5	50	70	3,296
5	50	72	2,482
5	50	83	4,311
5	50	87	16,713
5	50	90	2,05
5	50	91	14,513
5	50	92	1,019
5	50	94	5,268
5	54	4	2,199
5	54	14	14,478
5	54	23	2,071
5	54	29	8,652
5	54	36	3,291
5	54	43	6,973
5	54	44	2,59
5	54	50	4,7
5	54	56	20,678
5	54	61	5,208
5	54	64	1,375
5	54	70	5,94
5	54	72	3,336
5	54	83	1,644
5	54	87	4,291
5	54	90	4,351
5	54	91	1,906
5	54	92	19,233
5	54	94	1,221
5	56	4	5,135
5	56	14	0,997
5	56	23	1,174
5	56	29	18,723
5	56	36	4,157
5	56	43	0,762
5	56	44	3,69
5	56	50	2,906
5	56	54	11,68
5	56	61	1,947
5	56	64	2,27
5	56	70	4,794
5	56	72	14,496
5	56	83	10,347
5	56	87	1,262
5	56	90	9,292
5	56	91	9,116
5	56	92	0,914
5	56	94	11,178
5	61	4	24,007
5	61	14	13,674
5	61	23	21,017
5	61	29	3,072
5	61	36	19,679
5	61	43	4,868
5	61	44	24,988
5	61	50	3,559
5	61	54	2,2
5	61	56	1,244
5	61	64	0,568
5	61	70	3,018
5	61	72	3,557
5	61	83	8,359
5	61	87	1,869
5	61	90	3,08
5	61	91	10,441
5	61	92	1,762
5	61	94	1,583
5	64	4	11,922
5	64	14	20,388
5	64	23	0,825
5	64	29	1,919
5	64	36	4,622
5	64	43	3,657
5	64	44	1,267
5	64	50	9,037
5	64	54	1,883
5	64	56	0,862
5	64	61	3,433
5	64	70	16,554
5	64	72	2,219
5	64	83	6,813
5	64	87	8,867
5	64	90	5,015
5	64	91	12,993
5	64	92	14,778
5	64	94	10,049
5	70	4	0,772
5	70	14	17,547
5	70	23	3,889
5	70	29	8,326
5	70	36	14,763
5	70	43	7,09
5	70	44	3,099
5	70	50	8,091
5	70	54	0,61
5	70	56	19,233
5	70	61	1,22
5	70	64	1,009
5	70	72	9,575
5	70	83	3,853
5	70	87	11,461
5	70	90	3,452
5	70	91	2,215
5	70	92	10,289
5	70	94	9,498
5	72	4	4,451
5	72	14	3,799
5	72	23	0,558
5	72	29	3,298
5	72	36	31,143
5	72	43	14,301
5	72	44	10,387
5	72	50	2,529
5	72	54	4,166
5	72	56	4,514
5	72	61	0,975
5	72	64	2,223
5	72	70	6,73
5	72	83	6,258
5	72	87	3,945
5	72	90	4,773
5	72	91	6,905
5	72	92	3,008
5	72	94	2,479
5	83	4	1,274
5	83	14	8,321
5	83	23	1,502
5	83	29	15,63
5	83	36	4,159
5	83	43	1,679
5	83	44	1,23
5	83	50	18,59
5	83	54	3,83
5	83	56	16,103
5	83	61	1,04
5	83	64	24,927
5	83	70	5,06
5	83	72	6,783
5	83	87	8,104
5	83	90	6,46
5	83	91	8,212
5	83	92	8,98
5	83	94	0,749
5	87	4	1,25
5	87	14	0,61
5	87	23	1,163
5	87	29	26,302
5	87	36	6,209
5	87	43	2,692
5	87	44	0,632
5	87	50	11,176
5	87	54	2,163
5	87	56	4,361
5	87	61	1,721
5	87	64	5,33
5	87	70	7,307
5	87	72	8,336
5	87	83	4,198
5	87	90	1,296
5	87	91	19,963
5	87	92	0,926
5	87	94	4,294
5	90	4	2,356
5	90	14	2,031
5	90	23	5,401
5	90	29	2,33
5	90	36	2,5
5	90	43	7,874
5	90	44	12,175
5	90	50	4,751
5	90	54	1,17
5	90	56	3,723
5	90	61	4,789
5	90	64	4,332
5	90	70	8,479
5	90	72	4,222
5	90	83	7,956
5	90	87	0,965
5	90	91	2,356
5	90	92	3,632
5	90	94	2,189
5	91	4	2,965
5	91	14	0,526
5	91	23	11,463
5	91	29	15,748
5	91	36	1,345
5	91	43	2,987
5	91	44	0,578
5	91	50	3,777
5	91	54	2,602
5	91	56	1,892
5	91	61	5,224
5	91	64	4,92
5	91	70	2,645
5	91	72	3,352
5	91	83	6,576
5	91	87	5,711
5	91	90	2,116
5	91	92	10,502
5	91	94	7,849
5	92	4	1,203
5	92	14	3,516
5	92	23	4,167
5	92	29	0,842
5	92	36	13,163
5	92	43	4,211
5	92	44	0,96
5	92	50	4,873
5	92	54	2,512
5	92	56	33,665
5	92	61	2,548
5	92	64	11,614
5	92	70	13,353
5	92	72	4,226
5	92	83	1,452
5	92	87	0,93
5	92	90	0,755
5	92	91	1,706
5	92	94	4,151
5	94	4	3,939
5	94	14	9,774
5	94	23	4,812
5	94	29	2,374
5	94	36	3,009
5	94	43	1,808
5	94	44	16,642
5	94	50	15,782
5	94	54	5,348
5	94	56	3,31
5	94	61	2,666
5	94	64	14,761
5	94	70	1,311
5	94	72	1,124
5	94	83	4,035
5	94	87	15,245
5	94	90	13,069
5	94	91	19,359
5	94	92	2,849
6	17	18	13,548
6	17	26	11,288
6	17	28	2,617
6	17	39	3,182
6	17	41	12,003
6	17	44	6,076
6	17	48	11,598
6	17	53	5,306
6	17	75	0,671
6	17	77	2,067
6	17	86	13,409
6	17	88	1,105
6	17	89	6,653
6	17	96	5,431
6	18	17	0,627
6	18	26	3,844
6	18	28	1,863
6	18	39	10,443
6	18	41	3,83
6	18	44	3,974
6	18	48	0,873
6	18	53	2,001
6	18	75	2,558
6	18	77	10,316
6	18	86	31,164
6	18	88	15,965
6	18	89	5,369
6	18	96	3,392
6	26	17	4,553
6	26	18	0,942
6	26	28	3,376
6	26	39	1,978
6	26	41	1,814
6	26	44	2,023
6	26	48	7,096
6	26	53	8,175
6	26	75	1,723
6	26	77	2,199
6	26	86	1,685
6	26	88	0,667
6	26	89	14,649
6	26	96	6,677
6	28	17	0,817
6	28	18	4,299
6	28	26	13,139
6	28	39	2,09
6	28	41	4,4
6	28	44	4,28
6	28	48	6,194
6	28	53	1,829
6	28	75	8,658
6	28	77	7,779
6	28	86	19,182
6	28	88	0,888
6	28	89	8,302
6	28	96	1,993
6	39	17	3,872
6	39	18	7,581
6	39	26	0,902
6	39	28	10,627
6	39	41	0,777
6	39	44	6,976
6	39	48	4,884
6	39	53	18,129
6	39	75	11,835
6	39	77	2,994
6	39	86	3,789
6	39	88	14,842
6	39	89	3,888
6	39	96	3,227
6	41	17	1,126
6	41	18	3,98
6	41	26	1,251
6	41	28	4,39
6	41	39	1,347
6	41	44	2,101
6	41	48	4,861
6	41	53	7,714
6	41	75	5,258
6	41	77	6,235
6	41	86	4,728
6	41	88	3,144
6	41	89	0,708
6	41	96	3,263
6	44	17	4,52
6	44	18	8,991
6	44	26	4,396
6	44	28	16,63
6	44	39	5,145
6	44	41	1,566
6	44	48	2,166
6	44	53	1,694
6	44	75	7,014
6	44	77	2,341
6	44	86	4,891
6	44	88	0,894
6	44	89	11,399
6	44	96	0,783
6	48	17	13,203
6	48	18	3,587
6	48	26	0,55
6	48	28	5,195
6	48	39	4,298
6	48	41	1,901
6	48	44	2,113
6	48	53	1,4
6	48	75	1,876
6	48	77	15,207
6	48	86	4,603
6	48	88	1,178
6	48	89	1,179
6	48	96	6,406
6	53	17	36,759
6	53	18	8,575
6	53	26	1,58
6	53	28	15,386
6	53	39	9,283
6	53	41	1,239
6	53	44	2,287
6	53	48	0,976
6	53	75	3,305
6	53	77	0,544
6	53	86	0,645
6	53	88	10,866
6	53	89	2,515
6	53	96	12,46
6	75	17	4,9
6	75	18	5,665
6	75	26	6,62
6	75	28	0,997
6	75	39	15,399
6	75	41	1,22
6	75	44	0,595
6	75	48	5,4
6	75	53	3,012
6	75	77	3,281
6	75	86	7,683
6	75	88	0,523
6	75	89	1,192
6	75	96	2,485
6	77	17	13,828
6	77	18	25,504
6	77	26	6,842
6	77	28	2,849
6	77	39	12,068
6	77	41	2,385
6	77	44	0,652
6	77	48	1,108
6	77	53	11,955
6	77	75	5,633
6	77	86	1,202
6	77	88	23,93
6	77	89	23,888
6	77	96	2,936
6	86	17	0,608
6	86	18	8,675
6	86	26	16,923
6	86	28	14,19
6	86	39	23,059
6	86	41	0,763
6	86	44	14,949
6	86	48	15,536
6	86	53	6,552
6	86	75	3,08
6	86	77	36,896
6	86	88	2,323
6	86	89	3,575
6	86	96	1,439
6	88	17	3,694
6	88	18	11,481
6	88	26	4,012
6	88	28	8,112
6	88	39	4,248
6	88	41	1,177
6	88	44	3,373
6	88	48	4,231
6	88	53	1,958
6	88	75	12,565
6	88	77	1,346
6	88	86	7,395
6	88	89	0,943
6	88	96	3,812
6	89	17	1,532
6	89	18	1,698
6	89	26	6,305
6	89	28	0,807
6	89	39	4,001
6	89	41	7,61
6	89	44	1,033
6	89	48	6,027
6	89	53	1,924
6	89	75	0,513
6	89	77	0,789
6	89	86	5,593
6	89	88	6,796
6	89	96	7,015
6	96	17	15,752
6	96	18	1,275
6	96	26	3,794
6	96	28	1,815
6	96	39	3,921
6	96	41	5,349
6	96	44	4,98
6	96	48	0,876
6	96	53	7,454
6	96	75	1,682
6	96	77	1,866
6	96	86	3,144
6	96	88	19,292
6	96	89	3,497
7	1	2	2,616
7	1	14	7,784
7	1	16	3,12
7	1	19	3,631
7	1	21	7,309
7	1	24	4,909
7	1	28	2,439
7	1	31	4,674
7	1	34	5,242
7	1	35	10,964
7	1	37	6,946
7	1	38	2,498
7	1	41	6,768
7	1	52	2,975
7	1	55	11,366
7	1	56	5,273
7	1	61	11,252
7	1	68	2,034
7	1	71	0,547
7	1	79	21,944
7	1	80	7,478
7	1	81	7,516
7	1	84	2,569
7	1	85	2,634
7	1	89	1,554
7	1	93	2,863
7	1	94	1,978
7	1	98	8,477
7	2	1	13,189
7	2	14	1,096
7	2	16	1,056
7	2	19	3,35
7	2	21	5,836
7	2	24	68,977
7	2	28	10,105
7	2	31	4,271
7	2	34	7,268
7	2	35	1,736
7	2	37	4,157
7	2	38	4,174
7	2	41	7,992
7	2	52	0,647
7	2	55	12,089
7	2	56	1,309
7	2	61	0,716
7	2	68	3,278
7	2	71	7,346
7	2	79	32,317
7	2	80	3,425
7	2	81	14,689
7	2	84	2,942
7	2	85	2,967
7	2	89	3,146
7	2	93	5,538
7	2	94	2,459
7	2	98	6,345
7	14	1	3,555
7	14	2	5,598
7	14	16	1,707
7	14	19	6,124
7	14	21	0,639
7	14	24	4,014
7	14	28	11,955
7	14	31	0,876
7	14	34	8,564
7	14	35	3,699
7	14	37	14,103
7	14	38	19,03
7	14	41	10,978
7	14	52	5,256
7	14	55	7,198
7	14	56	0,619
7	14	61	4,011
7	14	68	6,702
7	14	71	0,7
7	14	79	2,228
7	14	80	5,439
7	14	81	1,213
7	14	84	2,76
7	14	85	0,904
7	14	89	4,522
7	14	93	8,402
7	14	94	3,774
7	14	98	1,633
7	16	1	11,949
7	16	2	0,91
7	16	14	12,974
7	16	19	6,189
7	16	21	6,438
7	16	24	1,805
7	16	28	8,149
7	16	31	0,624
7	16	34	3,831
7	16	35	6,949
7	16	37	1,765
7	16	38	5,263
7	16	41	0,648
7	16	52	8,588
7	16	55	14,285
7	16	56	7,323
7	16	61	1,21
7	16	68	0,759
7	16	71	0,554
7	16	79	1,02
7	16	80	17,977
7	16	81	0,707
7	16	84	3,89
7	16	85	2,028
7	16	89	4,446
7	16	93	1,176
7	16	94	7,363
7	16	98	13,444
7	19	1	1,106
7	19	2	0,904
7	19	14	5,741
7	19	16	4,194
7	19	21	6,033
7	19	24	3,404
7	19	28	1,18
7	19	31	6,568
7	19	34	3,118
7	19	35	3,12
7	19	37	1,816
7	19	38	7,206
7	19	41	2,777
7	19	52	6,38
7	19	55	2,654
7	19	56	3,218
7	19	61	7,187
7	19	68	2,023
7	19	71	1,062
7	19	79	5,9
7	19	80	2,065
7	19	81	3,192
7	19	84	1,2
7	19	85	1,898
7	19	89	3,473
7	19	93	5,515
7	19	94	4,201
7	19	98	3,093
7	21	1	1,894
7	21	2	18,312
7	21	14	10,996
7	21	16	13,036
7	21	19	8,02
7	21	24	4,001
7	21	28	3,493
7	21	31	1,569
7	21	34	11,189
7	21	35	1,808
7	21	37	1,483
7	21	38	2,999
7	21	41	1,528
7	21	52	3,264
7	21	55	1,25
7	21	56	8,858
7	21	61	0,894
7	21	68	12,275
7	21	71	12,799
7	21	79	6,07
7	21	80	21,53
7	21	81	5,735
7	21	84	5,836
7	21	85	3,478
7	21	89	6,533
7	21	93	3,393
7	21	94	1,67
7	21	98	3,115
7	24	1	1,782
7	24	2	0,651
7	24	14	2,22
7	24	16	9,06
7	24	19	3,24
7	24	21	5,588
7	24	28	7,556
7	24	31	7,386
7	24	34	2,38
7	24	35	3,497
7	24	37	8,428
7	24	38	6,323
7	24	41	3,147
7	24	52	11,149
7	24	55	8,122
7	24	56	0,955
7	24	61	2,549
7	24	68	2,473
7	24	71	3,16
7	24	79	2,489
7	24	80	7,697
7	24	81	5,18
7	24	84	22,036
7	24	85	1,309
7	24	89	2,582
7	24	93	2,21
7	24	94	5,26
7	24	98	1,222
7	28	1	0,704
7	28	2	6,252
7	28	14	4,931
7	28	16	11,789
7	28	19	1,123
7	28	21	3,371
7	28	24	2,891
7	28	31	0,683
7	28	34	2,644
7	28	35	22,48
7	28	37	11,222
7	28	38	6,457
7	28	41	3,347
7	28	52	9,632
7	28	55	16,723
7	28	56	4,33
7	28	61	12,23
7	28	68	1,371
7	28	71	22,247
7	28	79	0,642
7	28	80	1,518
7	28	81	2,509
7	28	84	2,319
7	28	85	6,212
7	28	89	20,829
7	28	93	1,931
7	28	94	8,152
7	28	98	24,292
7	31	1	8,791
7	31	2	2,58
7	31	14	12,772
7	31	16	2,209
7	31	19	0,616
7	31	21	12,492
7	31	24	2,941
7	31	28	7,937
7	31	34	10,581
7	31	35	4,942
7	31	37	15,535
7	31	38	3,314
7	31	41	1,715
7	31	52	9,516
7	31	55	2,322
7	31	56	13,254
7	31	61	4,634
7	31	68	1,773
7	31	71	2,141
7	31	79	1,595
7	31	80	1,054
7	31	81	3,464
7	31	84	4,972
7	31	85	3,723
7	31	89	12,033
7	31	93	15,278
7	31	94	11,892
7	31	98	14,783
7	34	1	4,897
7	34	2	4,395
7	34	14	2,573
7	34	16	2,448
7	34	19	15,821
7	34	21	2,686
7	34	24	11,784
7	34	28	4,121
7	34	31	7,89
7	34	35	2,977
7	34	37	9,683
7	34	38	3,636
7	34	41	4,798
7	34	52	4,198
7	34	55	12,419
7	34	56	5,697
7	34	61	3,605
7	34	68	3,948
7	34	71	10,28
7	34	79	8,482
7	34	80	3,456
7	34	81	5,284
7	34	84	3,745
7	34	85	0,751
7	34	89	0,537
7	34	93	1,069
7	34	94	1,307
7	34	98	8,684
7	35	1	14,179
7	35	2	2,804
7	35	14	3,663
7	35	16	3,161
7	35	19	10,017
7	35	21	5,527
7	35	24	2,024
7	35	28	7,187
7	35	31	8,086
7	35	34	9,12
7	35	37	2,71
7	35	38	25,983
7	35	41	11,595
7	35	52	9,627
7	35	55	19,867
7	35	56	13,271
7	35	61	14,889
7	35	68	0,71
7	35	71	20,209
7	35	79	8,063
7	35	80	9,377
7	35	81	2,768
7	35	84	10,791
7	35	85	14,236
7	35	89	7,688
7	35	93	6,187
7	35	94	18,013
7	35	98	2,432
7	37	1	1,092
7	37	2	5,364
7	37	14	7,663
7	37	16	15,522
7	37	19	3,61
7	37	21	2,3
7	37	24	4,444
7	37	28	4,011
7	37	31	3,913
7	37	34	11,42
7	37	35	19,562
7	37	38	2,394
7	37	41	3,805
7	37	52	8,262
7	37	55	5,622
7	37	56	9,438
7	37	61	4,673
7	37	68	5,982
7	37	71	8,264
7	37	79	1,684
7	37	80	9,941
7	37	81	7,376
7	37	84	5,261
7	37	85	19,282
7	37	89	1,723
7	37	93	4,124
7	37	94	2,37
7	37	98	6,488
7	38	1	17,086
7	38	2	6,233
7	38	14	1,627
7	38	16	23,177
7	38	19	0,981
7	38	21	13,755
7	38	24	2,747
7	38	28	6,779
7	38	31	6,641
7	38	34	10,652
7	38	35	1,316
7	38	37	3,4
7	38	41	3,156
7	38	52	0,888
7	38	55	3,789
7	38	56	4,065
7	38	61	9,374
7	38	68	9,877
7	38	71	0,51
7	38	79	6,633
7	38	80	10,141
7	38	81	12,64
7	38	84	5,492
7	38	85	3,41
7	38	89	5,002
7	38	93	3,421
7	38	94	12,148
7	38	98	1,185
7	41	1	1,58
7	41	2	40,353
7	41	14	5,158
7	41	16	0,765
7	41	19	0,698
7	41	21	2,362
7	41	24	19,023
7	41	28	10,611
7	41	31	2,644
7	41	34	2,99
7	41	35	4,039
7	41	37	3,134
7	41	38	5,264
7	41	52	10,571
7	41	55	2,375
7	41	56	37,352
7	41	61	1,972
7	41	68	21,973
7	41	71	10,685
7	41	79	5,572
7	41	80	1,379
7	41	81	0,628
7	41	84	5,351
7	41	85	4,496
7	41	89	11,377
7	41	93	25,91
7	41	94	1,129
7	41	98	1,134
7	52	1	2,273
7	52	2	6,049
7	52	14	9,137
7	52	16	0,972
7	52	19	0,734
7	52	21	8,227
7	52	24	5,091
7	52	28	0,622
7	52	31	0,838
7	52	34	9,579
7	52	35	2,648
7	52	37	17,414
7	52	38	1,034
7	52	41	19,861
7	52	55	1,67
7	52	56	1,637
7	52	61	1,055
7	52	68	0,814
7	52	71	11,068
7	52	79	3,668
7	52	80	3,317
7	52	81	4,452
7	52	84	7,261
7	52	85	3,976
7	52	89	4,888
7	52	93	1,288
7	52	94	3,194
7	52	98	4,366
7	55	1	4,928
7	55	2	12,32
7	55	14	2,48
7	55	16	6,729
7	55	19	9,827
7	55	21	6,163
7	55	24	3,523
7	55	28	0,689
7	55	31	7,673
7	55	34	5,375
7	55	35	2,572
7	55	37	3,73
7	55	38	2,581
7	55	41	1,546
7	55	52	6,537
7	55	56	6,78
7	55	61	6,048
7	55	68	9,629
7	55	71	9,271
7	55	79	5,44
7	55	80	4,243
7	55	81	9,755
7	55	84	1,345
7	55	85	17,461
7	55	89	0,91
7	55	93	1,993
7	55	94	4,852
7	55	98	1,258
7	56	1	0,724
7	56	2	6,712
7	56	14	1,58
7	56	16	5,518
7	56	19	0,547
7	56	21	10,026
7	56	24	14,022
7	56	28	6,306
7	56	31	2,489
7	56	34	6,859
7	56	35	4,87
7	56	37	1,481
7	56	38	6,611
7	56	41	0,567
7	56	52	34,856
7	56	55	3,566
7	56	61	4,031
7	56	68	2,456
7	56	71	9,517
7	56	79	12,252
7	56	80	6,768
7	56	81	0,539
7	56	84	1,936
7	56	85	24,539
7	56	89	0,899
7	56	93	1,608
7	56	94	6,636
7	56	98	6,677
7	61	1	3,087
7	61	2	0,787
7	61	14	5,17
7	61	16	5,224
7	61	19	1,919
7	61	21	2,787
7	61	24	3,153
7	61	28	4,032
7	61	31	6,977
7	61	34	3,163
7	61	35	3,493
7	61	37	0,753
7	61	38	2,76
7	61	41	12,698
7	61	52	31,625
7	61	55	6,073
7	61	56	15,931
7	61	68	11,985
7	61	71	10,64
7	61	79	2,793
7	61	80	6,598
7	61	81	2,065
7	61	84	9,025
7	61	85	57,55
7	61	89	4,408
7	61	93	2,61
7	61	94	7,149
7	61	98	1,63
7	68	1	2,737
7	68	2	4,658
7	68	14	9,398
7	68	16	11,635
7	68	19	13,523
7	68	21	3,219
7	68	24	5,022
7	68	28	5,825
7	68	31	3,443
7	68	34	6,481
7	68	35	3,576
7	68	37	9,193
7	68	38	6,072
7	68	41	4,352
7	68	52	1,076
7	68	55	7,532
7	68	56	4,334
7	68	61	0,851
7	68	71	3,903
7	68	79	1,934
7	68	80	2,647
7	68	81	11,339
7	68	84	2,192
7	68	85	1,09
7	68	89	1,301
7	68	93	4,14
7	68	94	7,314
7	68	98	2,161
7	71	1	8,019
7	71	2	2,514
7	71	14	0,824
7	71	16	7,445
7	71	19	1,962
7	71	21	1,649
7	71	24	0,541
7	71	28	1,89
7	71	31	1,271
7	71	34	16,26
7	71	35	4,155
7	71	37	3,367
7	71	38	1,069
7	71	41	1,032
7	71	52	2,007
7	71	55	12,689
7	71	56	14,095
7	71	61	5,399
7	71	68	1,023
7	71	79	0,71
7	71	80	8,291
7	71	81	5,411
7	71	84	1,127
7	71	85	3,553
7	71	89	3,326
7	71	93	1,597
7	71	94	0,615
7	71	98	4,666
7	79	1	3,685
7	79	2	4,042
7	79	14	4,506
7	79	16	15,37
7	79	19	21,196
7	79	21	4,393
7	79	24	7,66
7	79	28	16,017
7	79	31	4,514
7	79	34	1,992
7	79	35	2,988
7	79	37	1,783
7	79	38	6,239
7	79	41	0,86
7	79	52	1,711
7	79	55	4,769
7	79	56	4,572
7	79	61	1,503
7	79	68	1,58
7	79	71	1,7
7	79	80	9,127
7	79	81	4,141
7	79	84	1,696
7	79	85	1,222
7	79	89	4,986
7	79	93	6,029
7	79	94	0,708
7	79	98	3,382
7	80	1	9,129
7	80	2	2,864
7	80	14	1,484
7	80	16	6,387
7	80	19	1,045
7	80	21	3,641
7	80	24	3,723
7	80	28	2,376
7	80	31	0,518
7	80	34	0,646
7	80	35	4,121
7	80	37	1,661
7	80	38	1,226
7	80	41	1,822
7	80	52	1,057
7	80	55	5,238
7	80	56	3,25
7	80	61	2,692
7	80	68	7,227
7	80	71	2,746
7	80	79	0,983
7	80	81	3,094
7	80	84	0,68
7	80	85	2,781
7	80	89	3,427
7	80	93	10,386
7	80	94	7,371
7	80	98	36,579
7	81	1	13,591
7	81	2	1,266
7	81	14	16,122
7	81	16	1,262
7	81	19	2,601
7	81	21	4,454
7	81	24	4,077
7	81	28	9,2
7	81	31	3,242
7	81	34	4,877
7	81	35	2,896
7	81	37	1,276
7	81	38	17,581
7	81	41	0,935
7	81	52	15,024
7	81	55	1,018
7	81	56	7,434
7	81	61	1,824
7	81	68	10,093
7	81	71	7,718
7	81	79	1,166
7	81	80	28,89
7	81	84	7,528
7	81	85	2,155
7	81	89	3,101
7	81	93	15,216
7	81	94	1,917
7	81	98	6,979
7	84	1	0,763
7	84	2	20,921
7	84	14	0,916
7	84	16	4,008
7	84	19	4,937
7	84	21	0,743
7	84	24	24,183
7	84	28	2,109
7	84	31	6,859
7	84	34	1,14
7	84	35	15,043
7	84	37	1,695
7	84	38	1,769
7	84	41	5,105
7	84	52	2,929
7	84	55	3,16
7	84	56	5,847
7	84	61	3,889
7	84	68	4,222
7	84	71	12,149
7	84	79	4,678
7	84	80	11,375
7	84	81	4,936
7	84	85	2,07
7	84	89	4,224
7	84	93	6,171
7	84	94	6,394
7	84	98	0,994
7	85	1	0,638
7	85	2	1,921
7	85	14	6,045
7	85	16	7,204
7	85	19	4,393
7	85	21	5,175
7	85	24	10,129
7	85	28	3,838
7	85	31	8,632
7	85	34	10,805
7	85	35	15,004
7	85	37	9,554
7	85	38	5,638
7	85	41	6,679
7	85	52	1,358
7	85	55	2,375
7	85	56	1,274
7	85	61	4,983
7	85	68	0,72
7	85	71	2,427
7	85	79	1,962
7	85	80	2,5
7	85	81	4,483
7	85	84	2,476
7	85	89	4,386
7	85	93	12,462
7	85	94	4,321
7	85	98	3,261
7	89	1	10,984
7	89	2	5,94
7	89	14	6,448
7	89	16	5,899
7	89	19	10,23
7	89	21	5,81
7	89	24	1,212
7	89	28	2,925
7	89	31	13,67
7	89	34	8,177
7	89	35	0,915
7	89	37	5,857
7	89	38	1,327
7	89	41	14,181
7	89	52	14,847
7	89	55	9,585
7	89	56	8,758
7	89	61	0,729
7	89	68	0,582
7	89	71	5,098
7	89	79	3,832
7	89	80	6,216
7	89	81	14,156
7	89	84	7,103
7	89	85	12,98
7	89	93	5,288
7	89	94	3,067
7	89	98	5,141
7	93	1	4,19
7	93	2	0,679
7	93	14	3,275
7	93	16	11,188
7	93	19	4,202
7	93	21	13,835
7	93	24	4,815
7	93	28	1,084
7	93	31	0,767
7	93	34	3,073
7	93	35	7,434
7	93	37	1,705
7	93	38	1,463
7	93	41	0,72
7	93	52	2,082
7	93	55	6,348
7	93	56	2,811
7	93	61	3,763
7	93	68	1
7	93	71	4,889
7	93	79	8,135
7	93	80	8,379
7	93	81	8,997
7	93	84	3,113
7	93	85	6,259
7	93	89	11,344
7	93	94	1,615
7	93	98	9,462
7	94	1	2,618
7	94	2	6,157
7	94	14	6,645
7	94	16	7,858
7	94	19	18,943
7	94	21	12,539
7	94	24	25,111
7	94	28	6,829
7	94	31	2,009
7	94	34	9,007
7	94	35	6,172
7	94	37	7,721
7	94	38	5,483
7	94	41	4,544
7	94	52	0,839
7	94	55	0,537
7	94	56	8,97
7	94	61	1,469
7	94	68	1,236
7	94	71	0,997
7	94	79	17,885
7	94	80	2,909
7	94	81	5,765
7	94	84	4,055
7	94	85	1,31
7	94	89	2,751
7	94	93	2,358
7	94	98	4,019
7	98	1	10,982
7	98	2	11,259
7	98	14	1,414
7	98	16	4,634
7	98	19	7,09
7	98	21	1,826
7	98	24	3,758
7	98	28	1,41
7	98	31	4,753
7	98	34	1,105
7	98	35	4,806
7	98	37	0,949
7	98	38	1,144
7	98	41	2,425
7	98	52	7,806
7	98	55	39,867
7	98	56	12,669
7	98	61	7,627
7	98	68	2,287
7	98	71	14,712
7	98	79	6,104
7	98	80	3,186
7	98	81	1,528
7	98	84	5,309
7	98	85	3,252
7	98	89	0,646
7	98	93	6,154
7	98	94	13,649
8	1	2	12,397
8	1	5	21,129
8	1	10	28,145
8	1	18	1,45
8	1	30	5,399
8	1	31	8,905
8	1	34	3,449
8	1	42	11,522
8	1	51	10,211
8	1	53	11,68
8	1	61	2,06
8	1	71	0,612
8	1	76	15,727
8	1	80	1,133
8	1	81	3,444
8	1	95	3,218
8	1	96	12,039
8	1	97	2,609
8	1	99	0,82
8	2	1	6,82
8	2	5	2,515
8	2	10	3,733
8	2	18	0,923
8	2	30	5,538
8	2	31	3,019
8	2	34	9,076
8	2	42	1,353
8	2	51	17,957
8	2	53	5,93
8	2	61	8,498
8	2	71	14,978
8	2	76	10,812
8	2	80	9,901
8	2	81	11,929
8	2	95	6,397
8	2	96	3,886
8	2	97	9,332
8	2	99	8,602
8	5	1	5,705
8	5	2	1,661
8	5	10	7,256
8	5	18	1,276
8	5	30	6,286
8	5	31	7,902
8	5	34	5,434
8	5	42	0,613
8	5	51	4,171
8	5	53	7,531
8	5	61	2,596
8	5	71	1,581
8	5	76	0,594
8	5	80	9,208
8	5	81	0,76
8	5	95	3,282
8	5	96	0,86
8	5	97	1,736
8	5	99	4,228
8	10	1	53,376
8	10	2	4,571
8	10	5	4,663
8	10	18	1,48
8	10	30	2,478
8	10	31	1,567
8	10	34	0,974
8	10	42	4,625
8	10	51	9,413
8	10	53	12,046
8	10	61	0,643
8	10	71	15,383
8	10	76	12,306
8	10	80	10,329
8	10	81	23,642
8	10	95	2,467
8	10	96	13,334
8	10	97	27,394
8	10	99	1,264
8	18	1	8,411
8	18	2	0,586
8	18	5	3,228
8	18	10	31,576
8	18	30	1,147
8	18	31	3,179
8	18	34	0,762
8	18	42	7,931
8	18	51	6,95
8	18	53	2,486
8	18	61	0,808
8	18	71	9,165
8	18	76	11,718
8	18	80	11,044
8	18	81	1,752
8	18	95	10,658
8	18	96	22,698
8	18	97	5,385
8	18	99	40,081
8	30	1	5,63
8	30	2	26,777
8	30	5	2,647
8	30	10	3,499
8	30	18	7,494
8	30	31	7,636
8	30	34	1,07
8	30	42	1,576
8	30	51	2,815
8	30	53	10,621
8	30	61	2,856
8	30	71	10,177
8	30	76	8,516
8	30	80	9,195
8	30	81	0,502
8	30	95	2,368
8	30	96	4,16
8	30	97	3,321
8	30	99	5,27
8	31	1	8,727
8	31	2	17,638
8	31	5	11,613
8	31	10	0,652
8	31	18	1,714
8	31	30	11,949
8	31	34	0,673
8	31	42	3,664
8	31	51	4,034
8	31	53	3,913
8	31	61	1,37
8	31	71	3,657
8	31	76	0,516
8	31	80	1,282
8	31	81	15,665
8	31	95	5,231
8	31	96	0,523
8	31	97	14,669
8	31	99	7,906
8	34	1	43,966
8	34	2	1,819
8	34	5	5,731
8	34	10	4,324
8	34	18	6,197
8	34	30	0,65
8	34	31	3,086
8	34	42	5,253
8	34	51	0,525
8	34	53	1,194
8	34	61	11,439
8	34	71	2,164
8	34	76	14,25
8	34	80	2,216
8	34	81	3,118
8	34	95	0,619
8	34	96	5,775
8	34	97	8,799
8	34	99	4,493
8	42	1	15,393
8	42	2	5,187
8	42	5	3,296
8	42	10	1,819
8	42	18	12,812
8	42	30	5,223
8	42	31	1,612
8	42	34	1,289
8	42	51	6,711
8	42	53	1,301
8	42	61	0,755
8	42	71	6,564
8	42	76	1,917
8	42	80	2,812
8	42	81	4,81
8	42	95	13,55
8	42	96	2,651
8	42	97	2,675
8	42	99	2,394
8	51	1	3,347
8	51	2	5,117
8	51	5	0,96
8	51	10	1,277
8	51	18	6,456
8	51	30	0,723
8	51	31	2,427
8	51	34	16,014
8	51	42	1,439
8	51	53	11,779
8	51	61	1,41
8	51	71	3,475
8	51	76	1,854
8	51	80	0,732
8	51	81	11,131
8	51	95	2,656
8	51	96	5,121
8	51	97	9,365
8	51	99	12,885
8	53	1	5,202
8	53	2	6,541
8	53	5	1,335
8	53	10	10,167
8	53	18	1,13
8	53	30	5,602
8	53	31	6,169
8	53	34	8,901
8	53	42	2,39
8	53	51	0,936
8	53	61	15,206
8	53	71	2,452
8	53	76	3,157
8	53	80	0,683
8	53	81	1,597
8	53	95	9,633
8	53	96	1,739
8	53	97	7,104
8	53	99	1,178
8	61	1	3,874
8	61	2	5,087
8	61	5	2,81
8	61	10	3,849
8	61	18	8,667
8	61	30	8,676
8	61	31	16,041
8	61	34	5,088
8	61	42	0,54
8	61	51	0,545
8	61	53	6,023
8	61	71	19,76
8	61	76	5,703
8	61	80	4,555
8	61	81	0,731
8	61	95	3,159
8	61	96	3,282
8	61	97	2,776
8	61	99	6,139
8	71	1	2,251
8	71	2	5,988
8	71	5	4,362
8	71	10	8,79
8	71	18	1,482
8	71	30	7,688
8	71	31	1,96
8	71	34	4,668
8	71	42	4,546
8	71	51	4,154
8	71	53	10,872
8	71	61	1,78
8	71	76	4,828
8	71	80	12,707
8	71	81	6,337
8	71	95	6,202
8	71	96	0,74
8	71	97	6,747
8	71	99	20,121
8	76	1	3,112
8	76	2	4,649
8	76	5	12,151
8	76	10	5,71
8	76	18	1,374
8	76	30	7,342
8	76	31	6,119
8	76	34	1,419
8	76	42	6,397
8	76	51	2,911
8	76	53	2,118
8	76	61	15,377
8	76	71	4,274
8	76	80	1,523
8	76	81	4,152
8	76	95	0,903
8	76	96	5,493
8	76	97	1,648
8	76	99	8,374
8	80	1	3,924
8	80	2	4,682
8	80	5	1,807
8	80	10	10,975
8	80	18	1,277
8	80	30	8,752
8	80	31	13,52
8	80	34	0,935
8	80	42	5,123
8	80	51	2,126
8	80	53	23,405
8	80	61	4,733
8	80	71	0,653
8	80	76	5,225
8	80	81	2,16
8	80	95	5,273
8	80	96	5,856
8	80	97	4,231
8	80	99	21,013
8	81	1	16,145
8	81	2	3,308
8	81	5	2,155
8	81	10	0,7
8	81	18	10,711
8	81	30	0,569
8	81	31	1,244
8	81	34	0,788
8	81	42	3,23
8	81	51	23,702
8	81	53	76,597
8	81	61	6,453
8	81	71	4,598
8	81	76	2,371
8	81	80	0,877
8	81	95	1,833
8	81	96	4,404
8	81	97	2,635
8	81	99	14,092
8	95	1	1,641
8	95	2	9,058
8	95	5	5,96
8	95	10	5,545
8	95	18	10,138
8	95	30	9,651
8	95	31	14,024
8	95	34	13,615
8	95	42	1,915
8	95	51	0,689
8	95	53	1,586
8	95	61	0,568
8	95	71	8,066
8	95	76	1,308
8	95	80	5,917
8	95	81	5,957
8	95	96	5,033
8	95	97	10,42
8	95	99	19,76
8	96	1	1,365
8	96	2	6,058
8	96	5	3,209
8	96	10	1,204
8	96	18	7,489
8	96	30	2,744
8	96	31	1,066
8	96	34	4,794
8	96	42	0,929
8	96	51	1,8
8	96	53	4,268
8	96	61	0,886
8	96	71	4,559
8	96	76	0,531
8	96	80	5,737
8	96	81	6,779
8	96	95	2,314
8	96	97	51,037
8	96	99	4,959
8	97	1	6,856
8	97	2	48,271
8	97	5	4,548
8	97	10	3,774
8	97	18	7,288
8	97	30	18,271
8	97	31	0,8
8	97	34	4,631
8	97	42	2,247
8	97	51	3,014
8	97	53	12,47
8	97	61	6,59
8	97	71	2,396
8	97	76	0,858
8	97	80	29,877
8	97	81	1,561
8	97	95	1,434
8	97	96	3,797
8	97	99	6,461
8	99	1	13,178
8	99	2	2,887
8	99	5	2,527
8	99	10	3,04
8	99	18	7,44
8	99	30	5,891
8	99	31	1,578
8	99	34	1,859
8	99	42	17,808
8	99	51	7,118
8	99	53	4,71
8	99	61	2,752
8	99	71	2,948
8	99	76	2,146
8	99	80	7,053
8	99	81	1,952
8	99	95	6,396
8	99	96	13,092
8	99	97	3,95
9	12	13	0,884
9	12	16	3,652
9	12	20	1,999
9	12	24	5,314
9	12	25	3,869
9	12	30	7,806
9	12	31	2,77
9	12	39	1,562
9	12	43	1,267
9	12	46	2,625
9	12	49	10,214
9	12	54	2,416
9	12	56	0,93
9	12	59	8,35
9	12	60	2,724
9	12	62	3,003
9	12	76	2,142
9	12	78	1,843
9	12	79	8,463
9	12	80	2,653
9	12	83	6,885
9	12	84	5,569
9	12	85	2,224
9	12	86	3,623
9	12	89	4,072
9	12	90	4,055
9	12	92	3,107
9	12	96	13,51
9	13	12	9,864
9	13	16	3,841
9	13	20	2,751
9	13	24	6,66
9	13	25	5,145
9	13	30	1,482
9	13	31	18,184
9	13	39	7,717
9	13	43	26,143
9	13	46	3,537
9	13	49	6,629
9	13	54	1,087
9	13	56	4,229
9	13	59	4,117
9	13	60	1,036
9	13	62	1,289
9	13	76	2,927
9	13	78	9,672
9	13	79	4,835
9	13	80	15,834
9	13	83	7,348
9	13	84	8,816
9	13	85	0,974
9	13	86	1,288
9	13	89	3,945
9	13	90	5,52
9	13	92	18,109
9	13	96	1,368
9	16	12	20,499
9	16	13	10,786
9	16	20	1,285
9	16	24	9,618
9	16	25	0,855
9	16	30	8,2
9	16	31	9,827
9	16	39	5,53
9	16	43	1,386
9	16	46	8,415
9	16	49	1,748
9	16	54	8,22
9	16	56	4,682
9	16	59	7,12
9	16	60	1,736
9	16	62	21,496
9	16	76	2,114
9	16	78	8,119
9	16	79	1,603
9	16	80	16,188
9	16	83	16,104
9	16	84	0,535
9	16	85	5,602
9	16	86	1,006
9	16	89	8,419
9	16	90	1,423
9	16	92	7,162
9	16	96	5,934
9	20	12	14,121
9	20	13	1,317
9	20	16	10,66
9	20	24	5,079
9	20	25	2,498
9	20	30	2,195
9	20	31	2,369
9	20	39	9,294
9	20	43	3,77
9	20	46	0,679
9	20	49	0,641
9	20	54	5,026
9	20	56	4,352
9	20	59	0,546
9	20	60	6,727
9	20	62	1,927
9	20	76	2,785
9	20	78	0,594
9	20	79	1,069
9	20	80	2,995
9	20	83	3,616
9	20	84	4,402
9	20	85	2,736
9	20	86	1,339
9	20	89	11,682
9	20	90	1,178
9	20	92	1,462
9	20	96	14,287
9	24	12	1,134
9	24	13	0,721
9	24	16	0,641
9	24	20	5,224
9	24	25	5,352
9	24	30	4,197
9	24	31	6,694
9	24	39	10,172
9	24	43	1,619
9	24	46	9,256
9	24	49	3,436
9	24	54	5,391
9	24	56	1,082
9	24	59	8,063
9	24	60	2,207
9	24	62	14,345
9	24	76	15,95
9	24	78	3,326
9	24	79	2,715
9	24	80	12,168
9	24	83	1,667
9	24	84	1,714
9	24	85	8,995
9	24	86	3,273
9	24	89	3,692
9	24	90	18,889
9	24	92	6,079
9	24	96	4,99
9	25	12	6,193
9	25	13	3,972
9	25	16	2,043
9	25	20	6,36
9	25	24	2,525
9	25	30	5,103
9	25	31	12,197
9	25	39	8,182
9	25	43	2,358
9	25	46	0,842
9	25	49	5,203
9	25	54	4,048
9	25	56	4,879
9	25	59	25,616
9	25	60	1,405
9	25	62	2,482
9	25	76	4,242
9	25	78	2,011
9	25	79	2,647
9	25	80	1,714
9	25	83	18,661
9	25	84	10,487
9	25	85	1,076
9	25	86	7,919
9	25	89	2,5
9	25	90	7,884
9	25	92	5,259
9	25	96	8,996
9	30	12	2,592
9	30	13	4,754
9	30	16	1,548
9	30	20	2,624
9	30	24	2,013
9	30	25	1,211
9	30	31	6,989
9	30	39	0,857
9	30	43	1,199
9	30	46	13,577
9	30	49	6,215
9	30	54	2,713
9	30	56	3,495
9	30	59	15,797
9	30	60	1,406
9	30	62	7,486
9	30	76	2,393
9	30	78	1,822
9	30	79	1,974
9	30	80	12,46
9	30	83	3,261
9	30	84	24,063
9	30	85	6,524
9	30	86	11,144
9	30	89	4,169
9	30	90	1,563
9	30	92	11,512
9	30	96	4,859
9	31	12	7,258
9	31	13	6,961
9	31	16	4,391
9	31	20	2,237
9	31	24	5,289
9	31	25	4,292
9	31	30	26,92
9	31	39	2,234
9	31	43	1,41
9	31	46	3,782
9	31	49	2,331
9	31	54	1,115
9	31	56	6,031
9	31	59	1,167
9	31	60	10,725
9	31	62	16,416
9	31	76	4,546
9	31	78	5,659
9	31	79	3,489
9	31	80	0,582
9	31	83	1,115
9	31	84	2
9	31	85	3,626
9	31	86	1,255
9	31	89	17,592
9	31	90	3,255
9	31	92	3,994
9	31	96	9,127
9	39	12	6,629
9	39	13	1,008
9	39	16	5,664
9	39	20	3,46
9	39	24	3,644
9	39	25	1,053
9	39	30	1,467
9	39	31	5,633
9	39	43	2,815
9	39	46	1,325
9	39	49	2,206
9	39	54	0,795
9	39	56	6,812
9	39	59	0,571
9	39	60	8,633
9	39	62	14,911
9	39	76	3,127
9	39	78	10,161
9	39	79	0,8
9	39	80	0,911
9	39	83	2,512
9	39	84	12,243
9	39	85	1,164
9	39	86	4,969
9	39	89	5,037
9	39	90	1,258
9	39	92	1,355
9	39	96	15,191
9	43	12	1,279
9	43	13	0,662
9	43	16	2,547
9	43	20	6,756
9	43	24	1,819
9	43	25	3,671
9	43	30	54,725
9	43	31	20,629
9	43	39	7,338
9	43	46	2,03
9	43	49	20,269
9	43	54	2,368
9	43	56	11,657
9	43	59	1,101
9	43	60	2,501
9	43	62	0,938
9	43	76	4,493
9	43	78	1,03
9	43	79	2,296
9	43	80	3,941
9	43	83	1,371
9	43	84	1,027
9	43	85	12,773
9	43	86	1,236
9	43	89	3,58
9	43	90	51,876
9	43	92	23,094
9	43	96	14,28
9	46	12	3,178
9	46	13	2,894
9	46	16	6,364
9	46	20	7,069
9	46	24	9,667
9	46	25	1,892
9	46	30	2,228
9	46	31	8,51
9	46	39	14,388
9	46	43	2,437
9	46	49	6,372
9	46	54	4,235
9	46	56	8,655
9	46	59	18,144
9	46	60	1,755
9	46	62	1,697
9	46	76	0,846
9	46	78	29,925
9	46	79	4,493
9	46	80	15,42
9	46	83	1,555
9	46	84	3,817
9	46	85	5,353
9	46	86	15,675
9	46	89	2,82
9	46	90	13,842
9	46	92	1,395
9	46	96	8,434
9	49	12	1,532
9	49	13	6,842
9	49	16	2,931
9	49	20	9,983
9	49	24	0,893
9	49	25	25,96
9	49	30	5,573
9	49	31	2,529
9	49	39	9,286
9	49	43	15,329
9	49	46	5,522
9	49	54	3,837
9	49	56	0,523
9	49	59	12,41
9	49	60	3,333
9	49	62	14,911
9	49	76	20,138
9	49	78	3,672
9	49	79	2,945
9	49	80	4,211
9	49	83	2,281
9	49	84	4,639
9	49	85	1,133
9	49	86	2,064
9	49	89	12,162
9	49	90	4,296
9	49	92	14,364
9	49	96	8,466
9	54	12	12,473
9	54	13	7,867
9	54	16	5,802
9	54	20	1,02
9	54	24	2,16
9	54	25	5,954
9	54	30	7,268
9	54	31	4,306
9	54	39	21,462
9	54	43	2,286
9	54	46	2,989
9	54	49	4,999
9	54	56	11,265
9	54	59	1,565
9	54	60	3,53
9	54	62	2,924
9	54	76	14,234
9	54	78	2,674
9	54	79	3,874
9	54	80	1,018
9	54	83	12,384
9	54	84	1,34
9	54	85	7,751
9	54	86	4,527
9	54	89	4,668
9	54	90	8,347
9	54	92	14,747
9	54	96	15,655
9	56	12	3,789
9	56	13	3,614
9	56	16	5,383
9	56	20	7,845
9	56	24	2,923
9	56	25	0,817
9	56	30	9,528
9	56	31	1,286
9	56	39	1,132
9	56	43	9,166
9	56	46	14,505
9	56	49	19,144
9	56	54	1,257
9	56	59	11,749
9	56	60	3,841
9	56	62	12,597
9	56	76	2,007
9	56	78	14,97
9	56	79	9,448
9	56	80	17,663
9	56	83	6,525
9	56	84	0,672
9	56	85	1,984
9	56	86	19,993
9	56	89	8,857
9	56	90	5,33
9	56	92	2,72
9	56	96	16,275
9	59	12	1,137
9	59	13	10,947
9	59	16	12,62
9	59	20	5,763
9	59	24	30,564
9	59	25	2,366
9	59	30	1,953
9	59	31	20,737
9	59	39	10,972
9	59	43	2,695
9	59	46	1,248
9	59	49	2,395
9	59	54	4,202
9	59	56	8,761
9	59	60	0,996
9	59	62	3,746
9	59	76	5,484
9	59	78	2,327
9	59	79	2,441
9	59	80	2,268
9	59	83	4,003
9	59	84	13,279
9	59	85	7,118
9	59	86	1,364
9	59	89	0,753
9	59	90	2,488
9	59	92	5,499
9	59	96	1,412
9	60	12	5,63
9	60	13	6,468
9	60	16	3,653
9	60	20	5,659
9	60	24	10,898
9	60	25	7,085
9	60	30	3,773
9	60	31	6,946
9	60	39	2,826
9	60	43	2,809
9	60	46	1,704
9	60	49	3,928
9	60	54	2,524
9	60	56	3,345
9	60	59	3,484
9	60	62	7,98
9	60	76	3,88
9	60	78	2,333
9	60	79	1,303
9	60	80	0,605
9	60	83	8,209
9	60	84	1,295
9	60	85	32,736
9	60	86	5,3
9	60	89	16,155
9	60	90	2,913
9	60	92	8,644
9	60	96	11,005
9	62	12	1,78
9	62	13	1,017
9	62	16	8,482
9	62	20	11,242
9	62	24	2,002
9	62	25	1,432
9	62	30	9,291
9	62	31	14,415
9	62	39	12,082
9	62	43	0,783
9	62	46	1,634
9	62	49	10,779
9	62	54	1,405
9	62	56	5,215
9	62	59	3,104
9	62	60	8,051
9	62	76	3,519
9	62	78	3,403
9	62	79	9,361
9	62	80	5,142
9	62	83	9,449
9	62	84	4,003
9	62	85	3,003
9	62	86	1,691
9	62	89	3,039
9	62	90	12,261
9	62	92	2,541
9	62	96	0,941
9	76	12	0,573
9	76	13	4,913
9	76	16	4,81
9	76	20	7,534
9	76	24	3,955
9	76	25	9,022
9	76	30	6,279
9	76	31	7,203
9	76	39	3,942
9	76	43	9,755
9	76	46	2,252
9	76	49	3,416
9	76	54	1,888
9	76	56	9,222
9	76	59	1,387
9	76	60	9,266
9	76	62	18,052
9	76	78	2,329
9	76	79	8,932
9	76	80	0,98
9	76	83	2,765
9	76	84	2,615
9	76	85	5,818
9	76	86	1,861
9	76	89	1,644
9	76	90	2,11
9	76	92	3,838
9	76	96	1,599
9	78	12	14,321
9	78	13	1,025
9	78	16	15,281
9	78	20	0,93
9	78	24	2,334
9	78	25	10,758
9	78	30	2,491
9	78	31	9,132
9	78	39	2,741
9	78	43	9,901
9	78	46	7,582
9	78	49	1,433
9	78	54	4,112
9	78	56	2,449
9	78	59	8,458
9	78	60	7,736
9	78	62	8,832
9	78	76	5,285
9	78	79	1,364
9	78	80	1,623
9	78	83	1,446
9	78	84	0,573
9	78	85	5,825
9	78	86	3,976
9	78	89	4,869
9	78	90	4,941
9	78	92	1,298
9	78	96	2,187
9	79	12	5,848
9	79	13	2,867
9	79	16	15,319
9	79	20	7,593
9	79	24	13,256
9	79	25	17,118
9	79	30	6,318
9	79	31	0,899
9	79	39	4,403
9	79	43	13,048
9	79	46	1,048
9	79	49	1,543
9	79	54	4,693
9	79	56	2,341
9	79	59	2,741
9	79	60	12,283
9	79	62	0,711
9	79	76	3,072
9	79	78	14,46
9	79	80	1,826
9	79	83	1,385
9	79	84	1,288
9	79	85	5,658
9	79	86	2,658
9	79	89	22,355
9	79	90	2,065
9	79	92	2,22
9	79	96	7,086
9	80	12	1,218
9	80	13	3,084
9	80	16	20,44
9	80	20	0,829
9	80	24	22,471
9	80	25	21,694
9	80	30	3,337
9	80	31	1,621
9	80	39	3,792
9	80	43	7,235
9	80	46	0,535
9	80	49	2,815
9	80	54	0,509
9	80	56	8,434
9	80	59	7,475
9	80	60	2,761
9	80	62	1,094
9	80	76	7,785
9	80	78	14,74
9	80	79	22,317
9	80	83	4,992
9	80	84	10,726
9	80	85	4,409
9	80	86	2,897
9	80	89	2,227
9	80	90	0,59
9	80	92	7,981
9	80	96	3,922
9	83	12	0,808
9	83	13	5,302
9	83	16	2,058
9	83	20	1,798
9	83	24	24,848
9	83	25	8,396
9	83	30	4,397
9	83	31	2,624
9	83	39	35,903
9	83	43	17,054
9	83	46	5,143
9	83	49	4,999
9	83	54	1,493
9	83	56	5,642
9	83	59	3,055
9	83	60	13,806
9	83	62	3,7
9	83	76	3,651
9	83	78	0,842
9	83	79	14,739
9	83	80	0,509
9	83	84	2,534
9	83	85	8,032
9	83	86	1,913
9	83	89	7,386
9	83	90	2,624
9	83	92	2,224
9	83	96	1,502
9	84	12	8,772
9	84	13	2,106
9	84	16	5,391
9	84	20	1,681
9	84	24	3,845
9	84	25	0,809
9	84	30	2,1
9	84	31	8,466
9	84	39	6,224
9	84	43	9,543
9	84	46	8,41
9	84	49	9,723
9	84	54	9,248
9	84	56	26,493
9	84	59	7,349
9	84	60	6,073
9	84	62	10,313
9	84	76	10,802
9	84	78	2,255
9	84	79	9,478
9	84	80	0,785
9	84	83	7,492
9	84	85	9,95
9	84	86	2,602
9	84	89	3,845
9	84	90	4,937
9	84	92	13,679
9	84	96	2,043
9	85	12	2,11
9	85	13	3,923
9	85	16	5,029
9	85	20	2,047
9	85	24	1,792
9	85	25	7,603
9	85	30	15,599
9	85	31	1,547
9	85	39	9,113
9	85	43	2,142
9	85	46	7,078
9	85	49	4,449
9	85	54	7,357
9	85	56	7,635
9	85	59	1,362
9	85	60	13,474
9	85	62	1,64
9	85	76	8,525
9	85	78	1,668
9	85	79	15,257
9	85	80	1,144
9	85	83	6,842
9	85	84	44,297
9	85	86	0,769
9	85	89	7,176
9	85	90	18,502
9	85	92	5,518
9	85	96	7,02
9	86	12	3,629
9	86	13	12,379
9	86	16	2,549
9	86	20	5,741
9	86	24	3,338
9	86	25	5,991
9	86	30	31,515
9	86	31	9,366
9	86	39	3,408
9	86	43	2,183
9	86	46	1,923
9	86	49	0,904
9	86	54	22,768
9	86	56	1,303
9	86	59	24,561
9	86	60	2,953
9	86	62	9,131
9	86	76	14,341
9	86	78	2,938
9	86	79	7,535
9	86	80	2,765
9	86	83	1,102
9	86	84	13,462
9	86	85	8,01
9	86	89	9,601
9	86	90	1,373
9	86	92	5,604
9	86	96	1,178
9	89	12	2,591
9	89	13	5,276
9	89	16	2,266
9	89	20	2,646
9	89	24	3,209
9	89	25	7,012
9	89	30	19,697
9	89	31	1,611
9	89	39	4,691
9	89	43	3,236
9	89	46	13,985
9	89	49	2,515
9	89	54	2,161
9	89	56	9,516
9	89	59	1,479
9	89	60	7,931
9	89	62	2,264
9	89	76	4,113
9	89	78	9,654
9	89	79	3,429
9	89	80	0,749
9	89	83	11,779
9	89	84	15,411
9	89	85	14,231
9	89	86	1,725
9	89	90	10,695
9	89	92	4,954
9	89	96	4,889
9	90	12	2,898
9	90	13	0,796
9	90	16	1,998
9	90	20	16,162
9	90	24	5,232
9	90	25	2,502
9	90	30	4,306
9	90	31	2,076
9	90	39	1,422
9	90	43	10,371
9	90	46	28,527
9	90	49	3,903
9	90	54	3,291
9	90	56	3,067
9	90	59	1,61
9	90	60	2,24
9	90	62	15,532
9	90	76	2,719
9	90	78	2,7
9	90	79	0,872
9	90	80	1,062
9	90	83	0,559
9	90	84	11,027
9	90	85	2,515
9	90	86	11,856
9	90	89	12,575
9	90	92	3,741
9	90	96	4,387
9	92	12	8,263
9	92	13	5,387
9	92	16	3,014
9	92	20	1,656
9	92	24	5,321
9	92	25	5,32
9	92	30	1,419
9	92	31	10,201
9	92	39	0,585
9	92	43	9,036
9	92	46	7,715
9	92	49	2,373
9	92	54	6,706
9	92	56	1,772
9	92	59	11,199
9	92	60	5,236
9	92	62	4,18
9	92	76	11,738
9	92	78	11,695
9	92	79	17,062
9	92	80	2,219
9	92	83	4,067
9	92	84	10,78
9	92	85	4,958
9	92	86	12,854
9	92	89	3,797
9	92	90	14,971
9	92	96	15,554
9	96	12	6,195
9	96	13	5,628
9	96	16	6,354
9	96	20	0,689
9	96	24	7,741
9	96	25	0,597
9	96	30	10,485
9	96	31	13,344
9	96	39	5,412
9	96	43	1,989
9	96	46	17,046
9	96	49	1,51
9	96	54	1,145
9	96	56	6,189
9	96	59	2,89
9	96	60	2,68
9	96	62	9,732
9	96	76	8,956
9	96	78	1,704
9	96	79	5,584
9	96	80	1,091
9	96	83	10,705
9	96	84	9,527
9	96	85	3,003
9	96	86	2,105
9	96	89	2,811
9	96	90	8,448
9	96	92	3,339
10	2	3	3,419
10	2	6	5,479
10	2	7	0,776
10	2	9	3,422
10	2	10	0,556
10	2	11	6,549
10	2	13	6,202
10	2	15	0,569
10	2	22	17,206
10	2	23	4,001
10	2	24	17,153
10	2	27	0,9
10	2	38	6,533
10	2	44	3,666
10	2	46	2,372
10	2	47	8,469
10	2	50	1,107
10	2	61	11,67
10	2	64	6,167
10	2	67	4,752
10	2	69	2,364
10	2	74	4,011
10	2	75	3,708
10	2	76	10,981
10	2	79	1,864
10	2	82	3,749
10	2	98	12,522
10	2	99	20,354
10	3	2	6,728
10	3	6	22,336
10	3	7	14,507
10	3	9	9,43
10	3	10	9,076
10	3	11	1,66
10	3	13	9,089
10	3	15	7,915
10	3	22	1,179
10	3	23	17,178
10	3	24	1,815
10	3	27	5,206
10	3	38	2,743
10	3	44	14,189
10	3	46	4,398
10	3	47	5,523
10	3	50	17,15
10	3	61	9,737
10	3	64	0,566
10	3	67	12,708
10	3	69	21,635
10	3	74	4,26
10	3	75	12,84
10	3	76	12,586
10	3	79	2,125
10	3	82	24,576
10	3	98	2,072
10	3	99	4,404
10	6	2	0,53
10	6	3	4,838
10	6	7	3,301
10	6	9	4,937
10	6	10	5,717
10	6	11	10,721
10	6	13	8,673
10	6	15	18,481
10	6	22	11,179
10	6	23	1,858
10	6	24	2,518
10	6	27	7,763
10	6	38	17,621
10	6	44	0,749
10	6	46	7,036
10	6	47	6,796
10	6	50	5,856
10	6	61	0,787
10	6	64	1,129
10	6	67	5,546
10	6	69	12,525
10	6	74	6,222
10	6	75	2,074
10	6	76	15,864
10	6	79	4,964
10	6	82	2,636
10	6	98	4,879
10	6	99	4,925
10	7	2	6,513
10	7	3	1,457
10	7	6	3,591
10	7	9	3,594
10	7	10	5,621
10	7	11	0,688
10	7	13	5,843
10	7	15	2,871
10	7	22	2,744
10	7	23	17,962
10	7	24	7,126
10	7	27	0,543
10	7	38	2,461
10	7	44	3,887
10	7	46	1,093
10	7	47	5,847
10	7	50	3,136
10	7	61	28,698
10	7	64	5,719
10	7	67	0,781
10	7	69	19,255
10	7	74	0,505
10	7	75	1,568
10	7	76	26,866
10	7	79	1,386
10	7	82	27,457
10	7	98	8,961
10	7	99	34,663
10	9	2	2,213
10	9	3	13,132
10	9	6	0,924
10	9	7	0,877
10	9	10	0,762
10	9	11	3,671
10	9	13	2,584
10	9	15	3,865
10	9	22	7,133
10	9	23	30,146
10	9	24	1,165
10	9	27	4,766
10	9	38	4,021
10	9	44	0,625
10	9	46	3,015
10	9	47	1,319
10	9	50	3,12
10	9	61	5,045
10	9	64	4,767
10	9	67	2,052
10	9	69	3,238
10	9	74	4,839
10	9	75	6,474
10	9	76	17,137
10	9	79	10,013
10	9	82	1,161
10	9	98	6,106
10	9	99	3,469
10	10	2	15,29
10	10	3	4,395
10	10	6	1,918
10	10	7	13,221
10	10	9	28,15
10	10	11	12,217
10	10	13	22,415
10	10	15	3,18
10	10	22	2,91
10	10	23	10,961
10	10	24	13,027
10	10	27	5,051
10	10	38	2,281
10	10	44	0,723
10	10	46	7,206
10	10	47	1,28
10	10	50	0,645
10	10	61	2,052
10	10	64	5,147
10	10	67	3,873
10	10	69	12,999
10	10	74	0,91
10	10	75	13,295
10	10	76	6,697
10	10	79	6,71
10	10	82	9,912
10	10	98	17,965
10	10	99	27,4
10	11	2	1,094
10	11	3	5,401
10	11	6	1,582
10	11	7	4,891
10	11	9	4,758
10	11	10	11,649
10	11	13	0,758
10	11	15	0,772
10	11	22	11,179
10	11	23	4,22
10	11	24	3,34
10	11	27	12,055
10	11	38	7,961
10	11	44	6,411
10	11	46	1,588
10	11	47	6,936
10	11	50	7,851
10	11	61	8,927
10	11	64	9,93
10	11	67	31,107
10	11	69	8,667
10	11	74	3,717
10	11	75	1,762
10	11	76	3,85
10	11	79	3,782
10	11	82	4,342
10	11	98	5,107
10	11	99	0,624
10	13	2	15,849
10	13	3	1,127
10	13	6	15,617
10	13	7	10,383
10	13	9	5,13
10	13	10	4,784
10	13	11	8,49
10	13	15	1,516
10	13	22	6,816
10	13	23	10,399
10	13	24	1,268
10	13	27	0,58
10	13	38	0,94
10	13	44	8,279
10	13	46	2,408
10	13	47	3,376
10	13	50	9,873
10	13	61	13,245
10	13	64	4,427
10	13	67	3,267
10	13	69	2,138
10	13	74	0,892
10	13	75	12,571
10	13	76	3,284
10	13	79	6,475
10	13	82	5,715
10	13	98	5,553
10	13	99	3,218
10	15	2	2,788
10	15	3	5,159
10	15	6	5,834
10	15	7	3,664
10	15	9	3,922
10	15	10	3,545
10	15	11	3,072
10	15	13	7,483
10	15	22	9,342
10	15	23	0,867
10	15	24	1,354
10	15	27	3,855
10	15	38	1,057
10	15	44	7,464
10	15	46	9,741
10	15	47	7,752
10	15	50	11,659
10	15	61	1,04
10	15	64	9,116
10	15	67	9,541
10	15	69	2,182
10	15	74	12,914
10	15	75	10,053
10	15	76	10,532
10	15	79	5,35
10	15	82	5,661
10	15	98	6,039
10	15	99	4,918
10	22	2	2,67
10	22	3	2,539
10	22	6	8,516
10	22	7	3,01
10	22	9	4,397
10	22	10	6,668
10	22	11	6,18
10	22	13	5,039
10	22	15	6,003
10	22	23	1,421
10	22	24	10,117
10	22	27	0,739
10	22	38	7,971
10	22	44	3,576
10	22	46	3,511
10	22	47	4,076
10	22	50	6,137
10	22	61	3,201
10	22	64	6,781
10	22	67	0,804
10	22	69	4,765
10	22	74	1,271
10	22	75	1,871
10	22	76	2,31
10	22	79	7,707
10	22	82	5,038
10	22	98	10,161
10	22	99	12,251
10	23	2	6,864
10	23	3	2,745
10	23	6	48,8
10	23	7	0,576
10	23	9	11,553
10	23	10	5,095
10	23	11	5,533
10	23	13	1,222
10	23	15	1,725
10	23	22	7,451
10	23	24	6,995
10	23	27	29,418
10	23	38	4,311
10	23	44	10,036
10	23	46	26,354
10	23	47	0,903
10	23	50	5,221
10	23	61	3,101
10	23	64	3,112
10	23	67	11,496
10	23	69	3,48
10	23	74	6,218
10	23	75	0,831
10	23	76	0,514
10	23	79	6,937
10	23	82	1,444
10	23	98	5,674
10	23	99	11,075
10	24	2	1,178
10	24	3	3,963
10	24	6	0,751
10	24	7	36,182
10	24	9	7,568
10	24	10	6,136
10	24	11	1,2
10	24	13	4,592
10	24	15	4,044
10	24	22	19,852
10	24	23	16,597
10	24	27	0,742
10	24	38	11,03
10	24	44	18,299
10	24	46	19,592
10	24	47	7,831
10	24	50	0,741
10	24	61	3,739
10	24	64	5,953
10	24	67	6,265
10	24	69	1,507
10	24	74	8,07
10	24	75	3,757
10	24	76	0,999
10	24	79	1,249
10	24	82	0,576
10	24	98	4,77
10	24	99	1,614
10	27	2	1,622
10	27	3	2,688
10	27	6	3,841
10	27	7	9,405
10	27	9	4,499
10	27	10	6,819
10	27	11	1,148
10	27	13	4,252
10	27	15	3,072
10	27	22	2,796
10	27	23	10,235
10	27	24	23,778
10	27	38	4,334
10	27	44	1,646
10	27	46	5,194
10	27	47	4,886
10	27	50	0,94
10	27	61	21,071
10	27	64	2,807
10	27	67	5,178
10	27	69	1,19
10	27	74	2,493
10	27	75	5,834
10	27	76	0,515
10	27	79	4,972
10	27	82	1,756
10	27	98	23,793
10	27	99	8,965
10	38	2	0,94
10	38	3	20,443
10	38	6	4,049
10	38	7	5,019
10	38	9	0,516
10	38	10	9,192
10	38	11	3,451
10	38	13	3,773
10	38	15	2,905
10	38	22	14,422
10	38	23	15,566
10	38	24	17,347
10	38	27	10,585
10	38	44	2,831
10	38	46	16,887
10	38	47	8,726
10	38	50	1,064
10	38	61	4,234
10	38	64	1,906
10	38	67	0,649
10	38	69	0,771
10	38	74	14,301
10	38	75	3,859
10	38	76	2,737
10	38	79	8,979
10	38	82	2,067
10	38	98	2,206
10	38	99	0,802
10	44	2	12,054
10	44	3	10,396
10	44	6	4,701
10	44	7	3,793
10	44	9	1,587
10	44	10	1,337
10	44	11	3,572
10	44	13	21,69
10	44	15	10,389
10	44	22	1,388
10	44	23	1,532
10	44	24	10,219
10	44	27	1,053
10	44	38	5,38
10	44	46	7,018
10	44	47	6,239
10	44	50	17,68
10	44	61	7,448
10	44	64	1,183
10	44	67	7,546
10	44	69	4,076
10	44	74	4,172
10	44	75	5,8
10	44	76	1,702
10	44	79	0,805
10	44	82	2,538
10	44	98	3,393
10	44	99	11,08
10	46	2	13,235
10	46	3	18,261
10	46	6	5,962
10	46	7	3,144
10	46	9	1,877
10	46	10	4,24
10	46	11	1,599
10	46	13	2,448
10	46	15	19,402
10	46	22	4,381
10	46	23	9,137
10	46	24	3,789
10	46	27	4,525
10	46	38	11,99
10	46	44	2,558
10	46	47	1,208
10	46	50	6,447
10	46	61	6,681
10	46	64	0,771
10	46	67	1,852
10	46	69	3,709
10	46	74	2,975
10	46	75	3,456
10	46	76	7,213
10	46	79	4,638
10	46	82	6,718
10	46	98	5,162
10	46	99	10,613
10	47	2	2,428
10	47	3	2,394
10	47	6	7,113
10	47	7	1,949
10	47	9	4,15
10	47	10	2,381
10	47	11	8,583
10	47	13	9,155
10	47	15	0,976
10	47	22	14,894
10	47	23	11,847
10	47	24	9,025
10	47	27	0,563
10	47	38	2,64
10	47	44	2,903
10	47	46	2,387
10	47	50	2,343
10	47	61	0,876
10	47	64	5,62
10	47	67	2,038
10	47	69	7,3
10	47	74	4,528
10	47	75	21,636
10	47	76	13,581
10	47	79	7,671
10	47	82	0,592
10	47	98	5,353
10	47	99	10,277
10	50	2	27,757
10	50	3	15,008
10	50	6	1,728
10	50	7	11,558
10	50	9	2,712
10	50	10	9,498
10	50	11	12,545
10	50	13	3,806
10	50	15	2,583
10	50	22	1,326
10	50	23	17,318
10	50	24	2,433
10	50	27	2,682
10	50	38	1,134
10	50	44	0,524
10	50	46	5,41
10	50	47	1,641
10	50	61	2,562
10	50	64	3,282
10	50	67	7,505
10	50	69	2,583
10	50	74	3,8
10	50	75	10,981
10	50	76	7,945
10	50	79	1,44
10	50	82	6,946
10	50	98	11,221
10	50	99	16,202
10	61	2	8,085
10	61	3	1,302
10	61	6	2,402
10	61	7	3,866
10	61	9	4,844
10	61	10	5,043
10	61	11	1,425
10	61	13	3,106
10	61	15	2,311
10	61	22	2,987
10	61	23	4,685
10	61	24	5,133
10	61	27	0,537
10	61	38	5,365
10	61	44	5,892
10	61	46	4,027
10	61	47	2,401
10	61	50	11,069
10	61	64	6,214
10	61	67	33,928
10	61	69	5,565
10	61	74	2,345
10	61	75	5,274
10	61	76	0,937
10	61	79	12,092
10	61	82	2,452
10	61	98	8,663
10	61	99	3,97
10	64	2	19,023
10	64	3	3,921
10	64	6	4,544
10	64	7	3,488
10	64	9	0,517
10	64	10	2,849
10	64	11	0,799
10	64	13	14,949
10	64	15	12,546
10	64	22	2,278
10	64	23	1,551
10	64	24	5,971
10	64	27	9,753
10	64	38	15,468
10	64	44	7,218
10	64	46	2,518
10	64	47	11,819
10	64	50	18,835
10	64	61	9,089
10	64	67	7,362
10	64	69	35,702
10	64	74	2,836
10	64	75	7,948
10	64	76	1,827
10	64	79	1,915
10	64	82	1,148
10	64	98	8,806
10	64	99	0,979
10	67	2	2,579
10	67	3	6,061
10	67	6	9,285
10	67	7	11,98
10	67	9	1,551
10	67	10	33,939
10	67	11	4,9
10	67	13	2,245
10	67	15	3,76
10	67	22	1,21
10	67	23	12,363
10	67	24	1,703
10	67	27	0,992
10	67	38	2,04
10	67	44	3,09
10	67	46	4,228
10	67	47	4,11
10	67	50	3,069
10	67	61	18,228
10	67	64	1,214
10	67	69	13,881
10	67	74	15,088
10	67	75	2,031
10	67	76	10,508
10	67	79	26,193
10	67	82	1,429
10	67	98	1,877
10	67	99	12,864
10	69	2	2,702
10	69	3	1,195
10	69	6	7,182
10	69	7	1,247
10	69	9	5,713
10	69	10	0,533
10	69	11	11,078
10	69	13	2,912
10	69	15	2,049
10	69	22	4,886
10	69	23	6,1
10	69	24	2,493
10	69	27	7,997
10	69	38	3,893
10	69	44	4,85
10	69	46	2,213
10	69	47	2,742
10	69	50	14,819
10	69	61	2,98
10	69	64	2,928
10	69	67	7,555
10	69	74	0,627
10	69	75	7,908
10	69	76	1,628
10	69	79	3,858
10	69	82	1,276
10	69	98	1,086
10	69	99	1,375
10	74	2	8,837
10	74	3	4,361
10	74	6	20,348
10	74	7	17,342
10	74	9	1,826
10	74	10	50,766
10	74	11	1,281
10	74	13	5,522
10	74	15	7,622
10	74	22	2,523
10	74	23	4,906
10	74	24	6,112
10	74	27	0,697
10	74	38	1,086
10	74	44	23,829
10	74	46	7,924
10	74	47	3,708
10	74	50	1,085
10	74	61	3,188
10	74	64	4,56
10	74	67	4,322
10	74	69	4,769
10	74	75	4,123
10	74	76	9,967
10	74	79	5,739
10	74	82	3,683
10	74	98	4,777
10	74	99	1,794
10	75	2	1,268
10	75	3	3,554
10	75	6	3,928
10	75	7	4,679
10	75	9	3,774
10	75	10	9,746
10	75	11	3,164
10	75	13	23,208
10	75	15	4,96
10	75	22	7,344
10	75	23	0,58
10	75	24	8,924
10	75	27	7,821
10	75	38	8,142
10	75	44	6,933
10	75	46	19,861
10	75	47	16,767
10	75	50	3,95
10	75	61	3,968
10	75	64	6,893
10	75	67	37,922
10	75	69	1,059
10	75	74	1,414
10	75	76	5,332
10	75	79	10,254
10	75	82	4,098
10	75	98	2,068
10	75	99	1,667
10	76	2	4,186
10	76	3	7,556
10	76	6	11,942
10	76	7	3,493
10	76	9	5,042
10	76	10	0,884
10	76	11	4,626
10	76	13	2,821
10	76	15	4,272
10	76	22	0,664
10	76	23	28,007
10	76	24	16,857
10	76	27	5,041
10	76	38	3,119
10	76	44	1,79
10	76	46	1,96
10	76	47	7,306
10	76	50	6,375
10	76	61	3,1
10	76	64	0,819
10	76	67	0,582
10	76	69	3,425
10	76	74	8,151
10	76	75	1
10	76	79	2,243
10	76	82	12,799
10	76	98	1,428
10	76	99	0,889
10	79	2	3,443
10	79	3	8,974
10	79	6	20,641
10	79	7	4,828
10	79	9	0,858
10	79	10	9,801
10	79	11	1,597
10	79	13	0,959
10	79	15	7,995
10	79	22	5,098
10	79	23	3,088
10	79	24	1,56
10	79	27	0,662
10	79	38	9,225
10	79	44	7,668
10	79	46	5,284
10	79	47	2,778
10	79	50	7,524
10	79	61	5,356
10	79	64	7,368
10	79	67	9,996
10	79	69	9,558
10	79	74	2,343
10	79	75	9,661
10	79	76	17,67
10	79	82	8,153
10	79	98	0,803
10	79	99	2,552
10	82	2	5,831
10	82	3	7,414
10	82	6	5,491
10	82	7	2,111
10	82	9	8,696
10	82	10	8,98
10	82	11	4,508
10	82	13	5,129
10	82	15	6,859
10	82	22	11,179
10	82	23	2,304
10	82	24	1,58
10	82	27	5,817
10	82	38	2,134
10	82	44	0,699
10	82	46	0,627
10	82	47	6,2
10	82	50	24,588
10	82	61	5,98
10	82	64	0,808
10	82	67	1,578
10	82	69	6,321
10	82	74	1,76
10	82	75	4,767
10	82	76	1,428
10	82	79	1,124
10	82	98	5,598
10	82	99	0,824
10	98	2	1,138
10	98	3	18,125
10	98	6	0,961
10	98	7	2,087
10	98	9	7,229
10	98	10	5,569
10	98	11	4,601
10	98	13	9,316
10	98	15	12,208
10	98	22	8,612
10	98	23	1,266
10	98	24	11,48
10	98	27	1,61
10	98	38	11,002
10	98	44	6,972
10	98	46	2,52
10	98	47	2,464
10	98	50	1,51
10	98	61	1,768
10	98	64	3,046
10	98	67	1,977
10	98	69	13,261
10	98	74	22,04
10	98	75	15,731
10	98	76	4,96
10	98	79	2,283
10	98	82	5,993
10	98	99	7,395
10	99	2	10,183
10	99	3	6,944
10	99	6	3,654
10	99	7	2,32
10	99	9	4,89
10	99	10	11,662
10	99	11	1,102
10	99	13	2,539
10	99	15	0,521
10	99	22	4,905
10	99	23	8,053
10	99	24	1,005
10	99	27	15,274
10	99	38	1,381
10	99	44	5,649
10	99	46	6,158
10	99	47	3,63
10	99	50	1,46
10	99	61	4,456
10	99	64	4,055
10	99	67	3,198
10	99	69	10,062
10	99	74	4,79
10	99	75	9,106
10	99	76	2,205
10	99	79	1,806
10	99	82	7,856
10	99	98	9,037

