#num jobs
100
#num machines
10

#jobId machId procTime energyCons
1	3	61,66	673,91
1	9	47,77	116,52
2	1	205,34	933,37
2	3	4,49	49,11
2	4	7,62	68,05
2	6	567,72	753,65
2	7	4,21	52,1
2	8	26,93	372,93
2	9	4,49	10,95
3	3	8,18	89,37
4	9	5,47	13,33
4	7	17,87	221,19
4	5	5,86	58,95
4	1	3	13,64
5	2	1,73	10,6
5	6	13,83	18,37
6	4	12,74	113,81
6	8	12,77	176,84
7	2	2,4	14,76
7	8	8,42	116,57
8	6	56,45	74,94
8	5	5,77	58,07
8	4	14	125,07
8	1	98,97	449,86
9	1	6,74	30,63
10	10	13,05	65,23
11	8	56,9	787,85
11	5	76,05	764,8
12	9	18,83	45,93
12	6	55,7	73,94
12	3	32,27	352,71
12	2	4,51	27,71
12	1	127,96	581,64
13	6	59,3	78,72
13	10	70,56	352,67
14	3	8,97	97,99
14	6	6,37	8,45
15	5	4,47	44,94
16	7	402	4975,32
17	5	431,89	4343,46
17	2	22,17	136,08
17	1	10,95	49,78
18	6	3,44	4,57
19	9	4,35	10,62
19	6	2,79	3,7
20	7	43,02	532,49
20	2	1,98	12,16
21	7	4,93	60,99
22	4	4,15	37,12
23	10	17,63	88,14
23	7	13,19	163,26
23	5	1,87	18,82
23	4	49,3	440,49
24	7	5,84	72,26
25	2	2,51	15,42
25	6	4,59	6,09
25	10	2	10
26	6	5,34	7,09
26	8	80,08	1108,93
26	9	3,87	9,44
27	3	2,67	29,15
27	7	253,46	3136,9
27	10	13,49	67,43
28	1	6,03	27,41
28	4	5,37	47,99
28	5	2,77	27,87
28	8	9,08	125,74
29	4	11,86	105,99
29	3	22,86	249,81
29	1	7,76	35,29
30	6	4,26	5,66
30	8	2,39	33,08
31	9	5,86	14,29
32	8	129,59	1794,5
32	6	26	34,51
32	4	37,31	333,29
33	6	18,79	24,94
34	2	8,81	54,1
35	9	38,14	93,03
35	4	1,3	11,6
36	2	67,66	415,31
36	3	53,88	588,9
37	1	111,71	507,79
37	4	2,21	19,73
37	6	0,82	1,09
37	7	59,8	740,12
38	9	1,57	3,82
39	10	135,88	679,17
39	7	27,72	343,03
39	1	3,62	16,47
40	10	3,72	18,6
40	9	0,68	1,65
40	8	2,6	35,94
40	5	4,83	48,61
40	2	12,81	78,6
41	6	3,35	4,45
41	2	2,85	17,52
42	5	11,55	116,17
42	7	83,94	1038,87
43	6	328,69	436,34
43	7	7,05	87,28
44	3	6,49	70,91
44	9	52,5	128,05
44	10	2,03	10,14
45	4	168,63	1506,55
46	10	5,87	29,34
47	8	13,02	180,29
47	2	10,12	62,1
48	3	16,77	183,26
48	7	5,15	63,69
49	1	10,04	45,63
50	4	3,73	33,3
50	5	53	533,01
51	2	4,45	27,33
51	9	2,12	5,17
52	9	10,99	26,82
53	1	35,25	160,25
53	2	5,67	34,79
53	3	8,28	90,5
54	4	60,18	537,64
54	7	14,55	180,06
54	10	56,76	283,74
55	1	24,65	112,06
56	4	26,32	235,11
56	2	13,98	85,79
57	2	24,17	148,34
57	1	10,9	49,56
58	4	1,97	17,63
58	5	45,11	453,71
58	6	55,77	74,03
59	5	324,15	3259,92
59	6	2,01	2,66
59	7	3,34	41,32
60	8	11,22	155,43
60	1	9,35	42,48
61	5	13,48	135,61
61	4	24,14	215,66
62	10	6,54	32,7
62	2	26,77	164,33
63	10	39,66	198,22
63	7	6,64	82,14
63	2	20,05	123,05
63	1	6,12	27,82
64	2	11,59	71,12
64	7	41,39	512,23
65	2	31,9	195,78
65	4	11,44	102,23
65	5	32,24	324,26
65	7	4,61	57,11
65	10	9,47	47,32
66	1	15,74	71,55
66	4	43,33	387,15
66	5	10,59	106,5
67	1	3,83	17,4
68	1	8,5	38,65
68	2	8,92	54,72
69	5	18,81	189,12
69	6	18,44	24,47
70	7	96,32	1192,09
71	7	16,36	202,45
71	5	5,41	54,41
72	2	3,99	24,52
72	3	2,57	28,06
72	5	221,08	2223,4
72	9	4,24	10,35
73	8	47,96	664,08
73	4	48,35	432,01
73	3	58,23	636,44
74	7	133,42	1651,25
74	5	7,51	75,5
74	3	22,66	247,68
75	3	71,48	781,29
75	8	2,66	36,84
76	4	5,03	44,94
76	7	44,92	555,95
76	8	4,23	58,51
77	2	8,45	51,84
77	1	861,34	3915,17
78	2	0,86	5,26
79	2	1356,17	8324,01
79	6	55,85	74,15
79	9	1,42	3,47
80	9	0,82	2,01
80	1	9,6	43,62
81	7	2,85	35,31
81	4	395,53	3533,73
82	2	293,93	1804,12
82	7	161,62	2000,32
83	1	5,18	23,52
83	9	38,54	94,01
84	7	6,1	75,47
85	2	3,33	20,45
86	8	2,47	34,23
86	7	5,14	63,58
87	7	11,92	147,58
87	4	4,49	40,09
88	5	109,83	1104,58
89	7	0,56	6,92
89	4	329,6	2944,71
90	6	3,51	4,66
90	3	5,73	62,67
90	1	28,98	131,74
91	8	6,08	84,12
91	4	259,63	2319,52
91	2	4,3	26,42
91	1	28,64	130,19
92	2	2,33	14,31
92	3	2,24	24,47
92	5	7,96	80,05
92	6	5,7	7,56
92	7	128,68	1592,64
93	5	163,75	1646,82
93	3	3,97	43,44
93	1	18,51	84,14
94	4	19,14	171,02
94	10	276,84	1383,76
95	3	13,06	142,78
95	7	3,64	45,03
96	8	31,67	438,49
96	7	105,25	1302,59
96	4	2,79	24,95
97	1	20,17	91,67
98	9	75,41	183,93
98	8	32,43	449,07
99	6	0,83	1,11
100	1	4,68	21,27
100	7	15,28	189,14

#jobId ddate weight rdate
1	622,784	32	169,256
2	216,333	23	218,046
3	703,913	9	139,598
4	625,962	23	55
5	627,231	5	216,064
6	190,339	10	70,915
7	508,388	14	210,698
8	420,197	47	89,586
9	249,143	25	177,96
10	559,973	11	137,371
11	765,291	34	145,298
12	226,892	18	114,772
13	156,872	35	19,701
14	765,219	15	200,827
15	576,106	38	163,999
16	431,551	15	179,448
17	565,81	27	225,603
18	507,387	7	117,988
19	797,618	17	57,882
20	580,084	9	230,303
21	801,699	1	41,126
22	810,756	31	199,869
23	652,077	21	114,383
24	615,955	11	9,562
25	413,019	3	166,297
26	825,293	34	195,132
27	152,487	49	187,56
28	178,011	31	238,009
29	548,87	6	73,687
30	458,705	12	76,612
31	15,612	6	118,759
32	442,116	33	229,254
33	235,893	42	172,634
34	114,706	14	176,67
35	734,072	45	225,35
36	282,909	40	26,962
37	71,904	21	231,77
38	539,294	9	122,171
39	145,513	9	178,197
40	316,609	26	74,825
41	427,244	8	55,249
42	155,411	27	171,527
43	77,485	37	231,364
44	314,463	5	168,4
45	703,966	3	10,794
46	605,931	3	80,803
47	612,785	10	75,989
48	264,664	18	110,515
49	679,488	49	90,054
50	791,035	11	84,744
51	409,178	20	216,615
52	271,69	25	150,381
53	95,533	12	165,332
54	299,464	8	58,692
55	51,271	13	170,375
56	279,753	23	192,628
57	111,482	20	108,129
58	105,469	49	155,055
59	278,1	38	46,451
60	675,247	17	89,941
61	468,617	30	35,806
62	439,817	40	212,616
63	575,278	21	123,507
64	452,015	32	145,828
65	694,796	4	89,52
66	40,071	37	60,969
67	74,024	29	114,21
68	437,115	45	194,158
69	676,692	13	86,774
70	346,41	22	237,846
71	618,401	16	74,044
72	742,098	5	191,348
73	449,165	41	128,664
74	390,547	15	155,242
75	39,499	42	142,382
76	636,732	14	71,298
77	774,257	47	68,008
78	16,081	45	171,778
79	644,164	17	9,001
80	595,019	26	171,999
81	454,658	26	65,391
82	825,435	15	192,138
83	279,148	29	226,162
84	819,305	36	122,793
85	777,203	41	149,242
86	237,938	11	113,605
87	50,099	4	11,417
88	824,956	35	117,435
89	414,567	30	172,091
90	348,811	38	27,981
91	634,335	41	198,005
92	250,581	19	221,36
93	642,107	39	15,124
94	455,68	18	102,167
95	585,769	38	226,806
96	186,117	5	22,214
97	58,668	28	116,065
98	103,423	33	155,691
99	386,28	39	133,878
100	683,124	5	117,391

#machId jobPred jobSucc setupTime
1	2	4	0,593
1	2	8	3,331
1	2	9	4,133
1	2	12	7,041
1	2	17	2,023
1	2	28	14,594
1	2	29	0,974
1	2	37	46,303
1	2	39	2,904
1	2	49	5,399
1	2	53	7,326
1	2	55	3,327
1	2	57	8,05
1	2	60	0,584
1	2	63	1,261
1	2	66	1,24
1	2	67	2,013
1	2	68	6,393
1	2	77	4,786
1	2	80	4,628
1	2	83	22,128
1	2	90	4,902
1	2	91	11,695
1	2	93	6,949
1	2	97	3,253
1	2	100	4,888
1	4	2	9,666
1	4	8	5,16
1	4	9	1,843
1	4	12	3,215
1	4	17	4,557
1	4	28	0,734
1	4	29	0,638
1	4	37	1,107
1	4	39	1,349
1	4	49	3,059
1	4	53	14,317
1	4	55	2,751
1	4	57	5,27
1	4	60	0,592
1	4	63	11,401
1	4	66	2,321
1	4	67	2,562
1	4	68	5,677
1	4	77	3,132
1	4	80	3,43
1	4	83	3,915
1	4	90	0,906
1	4	91	1,707
1	4	93	6,454
1	4	97	1,391
1	4	100	5,787
1	8	2	9,552
1	8	4	1,002
1	8	9	9,248
1	8	12	2,582
1	8	17	4,594
1	8	28	1,199
1	8	29	7,654
1	8	37	0,863
1	8	39	14,664
1	8	49	8,528
1	8	53	18,957
1	8	55	0,71
1	8	57	15,913
1	8	60	2,056
1	8	63	0,914
1	8	66	2,554
1	8	67	6,372
1	8	68	1,567
1	8	77	0,79
1	8	80	2,83
1	8	83	3,614
1	8	90	4,045
1	8	91	3,665
1	8	93	2,037
1	8	97	1,049
1	8	100	3,696
1	9	2	9,69
1	9	4	1,01
1	9	8	0,529
1	9	12	13,601
1	9	17	12,401
1	9	28	3,471
1	9	29	5,723
1	9	37	5,855
1	9	39	14,111
1	9	49	10,933
1	9	53	6,109
1	9	55	21,372
1	9	57	14,741
1	9	60	14,237
1	9	63	1,232
1	9	66	2,525
1	9	67	1,918
1	9	68	4,362
1	9	77	1,421
1	9	80	2,174
1	9	83	15,953
1	9	90	3,35
1	9	91	4,335
1	9	93	17,619
1	9	97	1,67
1	9	100	1,939
1	12	2	18,41
1	12	4	4,832
1	12	8	2,101
1	12	9	4,429
1	12	17	12,357
1	12	28	2,212
1	12	29	5,57
1	12	37	5,877
1	12	39	2,613
1	12	49	2,466
1	12	53	4,631
1	12	55	1,572
1	12	57	0,912
1	12	60	4,596
1	12	63	5,121
1	12	66	15,252
1	12	67	13,821
1	12	68	2,965
1	12	77	5,636
1	12	80	1,511
1	12	83	2,125
1	12	90	3,626
1	12	91	6,895
1	12	93	17,071
1	12	97	0,553
1	12	100	2,339
1	17	2	4,096
1	17	4	9,27
1	17	8	1,44
1	17	9	1,947
1	17	12	4,86
1	17	28	18,695
1	17	29	12,811
1	17	37	11,852
1	17	39	8,471
1	17	49	12,422
1	17	53	0,568
1	17	55	12,378
1	17	57	1,04
1	17	60	0,534
1	17	63	4,384
1	17	66	2,161
1	17	67	37,701
1	17	68	12,445
1	17	77	1,894
1	17	80	7,958
1	17	83	20,7
1	17	90	4,892
1	17	91	10,504
1	17	93	2,174
1	17	97	10,488
1	17	100	6,222
1	28	2	5,736
1	28	4	52,256
1	28	8	2,047
1	28	9	2,522
1	28	12	11,941
1	28	17	2,568
1	28	29	23,242
1	28	37	5,418
1	28	39	0,858
1	28	49	2,92
1	28	53	88,047
1	28	55	1,528
1	28	57	6,727
1	28	60	19,486
1	28	63	9,205
1	28	66	5,482
1	28	67	4,298
1	28	68	4,168
1	28	77	14,549
1	28	80	4,631
1	28	83	6,32
1	28	90	13,826
1	28	91	0,669
1	28	93	0,823
1	28	97	2,197
1	28	100	7,004
1	29	2	27,547
1	29	4	2,29
1	29	8	28,548
1	29	9	5,608
1	29	12	0,853
1	29	17	2,76
1	29	28	1,968
1	29	37	15,385
1	29	39	2,946
1	29	49	0,906
1	29	53	4,919
1	29	55	1,361
1	29	57	1,927
1	29	60	6,126
1	29	63	9,184
1	29	66	23,852
1	29	67	5,299
1	29	68	1,587
1	29	77	7,374
1	29	80	11,934
1	29	83	55,825
1	29	90	1,375
1	29	91	2,187
1	29	93	13,775
1	29	97	1,888
1	29	100	5,708
1	37	2	1,836
1	37	4	1,647
1	37	8	7,279
1	37	9	2,062
1	37	12	7,412
1	37	17	6,242
1	37	28	1,067
1	37	29	0,588
1	37	39	23,511
1	37	49	2,302
1	37	53	14,408
1	37	55	3,978
1	37	57	36,292
1	37	60	1,185
1	37	63	1,435
1	37	66	2,431
1	37	67	3,054
1	37	68	2,133
1	37	77	6,513
1	37	80	20,866
1	37	83	8,459
1	37	90	12,378
1	37	91	4,006
1	37	93	4,002
1	37	97	2,256
1	37	100	15,294
1	39	2	9,605
1	39	4	5,979
1	39	8	8,37
1	39	9	11,563
1	39	12	9,071
1	39	17	9,126
1	39	28	9,004
1	39	29	7,554
1	39	37	5,58
1	39	49	8,148
1	39	53	2,431
1	39	55	5,826
1	39	57	6,371
1	39	60	22,849
1	39	63	1,091
1	39	66	6,61
1	39	67	11,568
1	39	68	15,457
1	39	77	10,858
1	39	80	5,901
1	39	83	4,353
1	39	90	0,695
1	39	91	1,331
1	39	93	1,426
1	39	97	2,905
1	39	100	10,365
1	49	2	8,772
1	49	4	6,773
1	49	8	6,096
1	49	9	0,853
1	49	12	9,559
1	49	17	0,575
1	49	28	6,47
1	49	29	1,085
1	49	37	0,641
1	49	39	10,76
1	49	53	0,69
1	49	55	1,176
1	49	57	3,676
1	49	60	11,161
1	49	63	3,111
1	49	66	5,165
1	49	67	14,406
1	49	68	14,843
1	49	77	6,611
1	49	80	4,332
1	49	83	4,162
1	49	90	1,129
1	49	91	10,734
1	49	93	9,378
1	49	97	10,226
1	49	100	4,409
1	53	2	42,074
1	53	4	5,472
1	53	8	1,482
1	53	9	12,972
1	53	12	10,226
1	53	17	10,726
1	53	28	2,849
1	53	29	1,456
1	53	37	1,736
1	53	39	9,255
1	53	49	0,926
1	53	55	5,075
1	53	57	7,88
1	53	60	6,246
1	53	63	3,242
1	53	66	16,581
1	53	67	16,678
1	53	68	2,343
1	53	77	3,74
1	53	80	3,183
1	53	83	7,874
1	53	90	3,042
1	53	91	5,482
1	53	93	1,918
1	53	97	10,281
1	53	100	10,926
1	55	2	18,565
1	55	4	7,417
1	55	8	1,736
1	55	9	1,701
1	55	12	5,159
1	55	17	0,81
1	55	28	3,35
1	55	29	3,583
1	55	37	3,668
1	55	39	1,497
1	55	49	1,417
1	55	53	7,462
1	55	57	2,178
1	55	60	0,67
1	55	63	2,453
1	55	66	6,499
1	55	67	24,093
1	55	68	7,765
1	55	77	0,971
1	55	80	16,605
1	55	83	9,227
1	55	90	13,747
1	55	91	35,056
1	55	93	8,44
1	55	97	2,623
1	55	100	6,518
1	57	2	41,224
1	57	4	1,086
1	57	8	3,044
1	57	9	0,98
1	57	12	17,848
1	57	17	2,659
1	57	28	8,595
1	57	29	0,707
1	57	37	3,709
1	57	39	4,087
1	57	49	1,114
1	57	53	3,782
1	57	55	3,645
1	57	60	0,7
1	57	63	6,566
1	57	66	6,323
1	57	67	13,882
1	57	68	1,933
1	57	77	5,031
1	57	80	4,018
1	57	83	11,743
1	57	90	4,839
1	57	91	3,552
1	57	93	5,086
1	57	97	2,632
1	57	100	29,334
1	60	2	1,621
1	60	4	6,747
1	60	8	1,368
1	60	9	1,565
1	60	12	6,201
1	60	17	1,316
1	60	28	5,454
1	60	29	1,261
1	60	37	5,522
1	60	39	1,611
1	60	49	1,129
1	60	53	6,525
1	60	55	1,36
1	60	57	24,758
1	60	63	10,891
1	60	66	5,311
1	60	67	5,923
1	60	68	3,736
1	60	77	1,754
1	60	80	1,833
1	60	83	16,253
1	60	90	9,135
1	60	91	28,299
1	60	93	20,85
1	60	97	8,049
1	60	100	5,219
1	63	2	10,426
1	63	4	6,068
1	63	8	4,269
1	63	9	1,398
1	63	12	8,009
1	63	17	1,409
1	63	28	5,696
1	63	29	7,627
1	63	37	2,029
1	63	39	6,749
1	63	49	3,755
1	63	53	3,49
1	63	55	2,378
1	63	57	0,513
1	63	60	19,503
1	63	66	11,412
1	63	67	2,436
1	63	68	11,393
1	63	77	2,234
1	63	80	1,994
1	63	83	9,173
1	63	90	1,207
1	63	91	2,682
1	63	93	0,834
1	63	97	4,297
1	63	100	4,17
1	66	2	0,586
1	66	4	1,762
1	66	8	1,838
1	66	9	10,862
1	66	12	6,986
1	66	17	2,395
1	66	28	8,951
1	66	29	3,91
1	66	37	6,358
1	66	39	3,371
1	66	49	1,38
1	66	53	13,748
1	66	55	1,756
1	66	57	2,358
1	66	60	17,073
1	66	63	3,682
1	66	67	8,563
1	66	68	1,223
1	66	77	7,581
1	66	80	8,659
1	66	83	4,3
1	66	90	11,557
1	66	91	6,951
1	66	93	4,868
1	66	97	4,9
1	66	100	11,798
1	67	2	12,438
1	67	4	1,59
1	67	8	0,617
1	67	9	2,214
1	67	12	7,658
1	67	17	5,284
1	67	28	9,182
1	67	29	8,196
1	67	37	13,706
1	67	39	24,896
1	67	49	26,732
1	67	53	3,52
1	67	55	2,417
1	67	57	9,705
1	67	60	5,12
1	67	63	8,166
1	67	66	6,541
1	67	68	10,346
1	67	77	2,584
1	67	80	3,016
1	67	83	0,977
1	67	90	5,006
1	67	91	1,44
1	67	93	9,397
1	67	97	14,321
1	67	100	3,594
1	68	2	3,312
1	68	4	9,405
1	68	8	1,3
1	68	9	5,257
1	68	12	18,83
1	68	17	4,902
1	68	28	10,13
1	68	29	4,531
1	68	37	10,152
1	68	39	18,775
1	68	49	7,352
1	68	53	1,704
1	68	55	5,392
1	68	57	2,068
1	68	60	4,868
1	68	63	6,951
1	68	66	4,819
1	68	67	1,363
1	68	77	14,247
1	68	80	0,768
1	68	83	6,962
1	68	90	0,657
1	68	91	1,043
1	68	93	1,357
1	68	97	1,379
1	68	100	2,061
1	77	2	2,735
1	77	4	9,237
1	77	8	2,929
1	77	9	1,304
1	77	12	4,521
1	77	17	1,359
1	77	28	0,597
1	77	29	1,695
1	77	37	13,011
1	77	39	1,712
1	77	49	4,319
1	77	53	20,125
1	77	55	24,124
1	77	57	1,952
1	77	60	2,594
1	77	63	4,066
1	77	66	4,12
1	77	67	18,9
1	77	68	4,115
1	77	80	8,1
1	77	83	19,526
1	77	90	0,677
1	77	91	4,658
1	77	93	3,013
1	77	97	5,844
1	77	100	2,144
1	80	2	4,133
1	80	4	11,686
1	80	8	11,673
1	80	9	3,585
1	80	12	1,778
1	80	17	2,826
1	80	28	3,965
1	80	29	7,961
1	80	37	2,59
1	80	39	0,859
1	80	49	7,149
1	80	53	9,006
1	80	55	2,928
1	80	57	4,258
1	80	60	3,701
1	80	63	1,398
1	80	66	11,898
1	80	67	3,064
1	80	68	4,154
1	80	77	14,231
1	80	83	2,554
1	80	90	1,926
1	80	91	0,664
1	80	93	2,171
1	80	97	1,011
1	80	100	4,457
1	83	2	4,753
1	83	4	0,712
1	83	8	8,866
1	83	9	5,392
1	83	12	2,125
1	83	17	1,091
1	83	28	1,803
1	83	29	4,928
1	83	37	15,639
1	83	39	1,7
1	83	49	5,116
1	83	53	10,289
1	83	55	4,601
1	83	57	0,999
1	83	60	19,845
1	83	63	0,828
1	83	66	14,145
1	83	67	1,586
1	83	68	7,549
1	83	77	1,586
1	83	80	3,438
1	83	90	3,944
1	83	91	0,946
1	83	93	2,943
1	83	97	0,953
1	83	100	2,627
1	90	2	4,135
1	90	4	5,51
1	90	8	2,626
1	90	9	1,713
1	90	12	6,209
1	90	17	6,931
1	90	28	1,827
1	90	29	15,672
1	90	37	3,728
1	90	39	0,556
1	90	49	5,561
1	90	53	14,925
1	90	55	12,941
1	90	57	3,504
1	90	60	10,942
1	90	63	6,378
1	90	66	17,249
1	90	67	2,231
1	90	68	3,349
1	90	77	3,2
1	90	80	3,745
1	90	83	1,185
1	90	91	5,443
1	90	93	10,511
1	90	97	4,463
1	90	100	20,734
1	91	2	4,768
1	91	4	7,712
1	91	8	2,319
1	91	9	2,617
1	91	12	1,137
1	91	17	8,342
1	91	28	1,744
1	91	29	0,909
1	91	37	0,897
1	91	39	10,249
1	91	49	3,703
1	91	53	10,493
1	91	55	2,601
1	91	57	7,587
1	91	60	20,864
1	91	63	5,415
1	91	66	8,059
1	91	67	12,591
1	91	68	0,667
1	91	77	3,437
1	91	80	6,655
1	91	83	0,829
1	91	90	12,627
1	91	93	2,872
1	91	97	3,162
1	91	100	6,625
1	93	2	2,713
1	93	4	10,092
1	93	8	2,003
1	93	9	7,762
1	93	12	5,381
1	93	17	5,532
1	93	28	4,556
1	93	29	1,812
1	93	37	3,364
1	93	39	3,679
1	93	49	9,773
1	93	53	9,759
1	93	55	9,218
1	93	57	1,165
1	93	60	32,463
1	93	63	0,636
1	93	66	0,649
1	93	67	2,821
1	93	68	5,535
1	93	77	6,018
1	93	80	4,501
1	93	83	4,679
1	93	90	2,023
1	93	91	10,67
1	93	97	20,464
1	93	100	14,909
1	97	2	15,001
1	97	4	4,38
1	97	8	7,42
1	97	9	16,447
1	97	12	5,844
1	97	17	20,429
1	97	28	13,701
1	97	29	3,247
1	97	37	7,612
1	97	39	1,792
1	97	49	5,325
1	97	53	2,609
1	97	55	1,476
1	97	57	2,885
1	97	60	6,484
1	97	63	1,663
1	97	66	4,252
1	97	67	7,474
1	97	68	9,305
1	97	77	4,695
1	97	80	2,002
1	97	83	7,057
1	97	90	4,537
1	97	91	12,529
1	97	93	1,978
1	97	100	1,03
1	100	2	2,682
1	100	4	5,672
1	100	8	4,329
1	100	9	4,001
1	100	12	11,69
1	100	17	1,152
1	100	28	3,04
1	100	29	7,181
1	100	37	2,249
1	100	39	3,827
1	100	49	3,796
1	100	53	49,384
1	100	55	3,845
1	100	57	10,067
1	100	60	1,55
1	100	63	14,589
1	100	66	1,802
1	100	67	1,127
1	100	68	1,974
1	100	77	7,439
1	100	80	1,964
1	100	83	4,851
1	100	90	8,282
1	100	91	5,242
1	100	93	6,492
1	100	97	30,946
2	5	7	1,255
2	5	12	4,555
2	5	17	6,683
2	5	20	2,487
2	5	25	3,078
2	5	34	4,107
2	5	36	13,466
2	5	40	0,989
2	5	41	3,288
2	5	47	10,015
2	5	51	4,184
2	5	53	8,843
2	5	56	2,268
2	5	57	27,591
2	5	62	10,023
2	5	63	1,483
2	5	64	1,087
2	5	65	17,634
2	5	68	7,446
2	5	72	1,473
2	5	77	6,144
2	5	78	1,835
2	5	79	3,201
2	5	82	5,327
2	5	85	2,37
2	5	91	5,72
2	5	92	0,601
2	7	5	5,08
2	7	12	2,663
2	7	17	1,892
2	7	20	14,587
2	7	25	2,593
2	7	34	4,108
2	7	36	6,444
2	7	40	1,147
2	7	41	3,73
2	7	47	7,224
2	7	51	7,417
2	7	53	6,195
2	7	56	1,619
2	7	57	20,877
2	7	62	9,379
2	7	63	1,638
2	7	64	2,729
2	7	65	2,345
2	7	68	9,711
2	7	72	3,049
2	7	77	3,876
2	7	78	2,11
2	7	79	1,111
2	7	82	1,283
2	7	85	5,309
2	7	91	26,437
2	7	92	1,066
2	12	5	19,421
2	12	7	6,236
2	12	17	8,517
2	12	20	1,505
2	12	25	3,774
2	12	34	3,173
2	12	36	9,515
2	12	40	8,291
2	12	41	1,505
2	12	47	3,507
2	12	51	29,256
2	12	53	6,414
2	12	56	0,858
2	12	57	2,882
2	12	62	7,578
2	12	63	3,299
2	12	64	2,217
2	12	65	4,388
2	12	68	0,607
2	12	72	0,571
2	12	77	12,599
2	12	78	19,911
2	12	79	2,067
2	12	82	4,091
2	12	85	10,111
2	12	91	1,406
2	12	92	3,152
2	17	5	5,496
2	17	7	0,518
2	17	12	1,001
2	17	20	3,112
2	17	25	14,675
2	17	34	4,801
2	17	36	11,133
2	17	40	7,195
2	17	41	3,632
2	17	47	6,739
2	17	51	9,56
2	17	53	2,84
2	17	56	8,317
2	17	57	3,704
2	17	62	5,676
2	17	63	2,414
2	17	64	46,246
2	17	65	1,501
2	17	68	6,144
2	17	72	4,907
2	17	77	2,094
2	17	78	19,246
2	17	79	9,242
2	17	82	1,48
2	17	85	2,028
2	17	91	7,091
2	17	92	6,078
2	20	5	6,549
2	20	7	2,394
2	20	12	14,628
2	20	17	3,152
2	20	25	1,423
2	20	34	7,288
2	20	36	0,543
2	20	40	11,999
2	20	41	4,006
2	20	47	30,079
2	20	51	4,666
2	20	53	1,622
2	20	56	4,986
2	20	57	14,323
2	20	62	1,486
2	20	63	14,72
2	20	64	4,044
2	20	65	1,495
2	20	68	5,108
2	20	72	4,057
2	20	77	9,885
2	20	78	19,035
2	20	79	2,119
2	20	82	1,97
2	20	85	5,628
2	20	91	1,897
2	20	92	6,205
2	25	5	0,893
2	25	7	2,161
2	25	12	1,165
2	25	17	1,244
2	25	20	9,808
2	25	34	3,391
2	25	36	21,463
2	25	40	11,247
2	25	41	2,188
2	25	47	5,376
2	25	51	7,043
2	25	53	8,222
2	25	56	1,267
2	25	57	2,088
2	25	62	3,177
2	25	63	6,837
2	25	64	0,71
2	25	65	2,63
2	25	68	3,782
2	25	72	11,56
2	25	77	3,201
2	25	78	4,262
2	25	79	1,852
2	25	82	3,123
2	25	85	2,619
2	25	91	1,34
2	25	92	0,742
2	34	5	3,905
2	34	7	1,931
2	34	12	8,961
2	34	17	1,362
2	34	20	0,546
2	34	25	5,385
2	34	36	27,95
2	34	40	2,314
2	34	41	7,114
2	34	47	6,699
2	34	51	0,902
2	34	53	8,313
2	34	56	2,689
2	34	57	10,936
2	34	62	3,389
2	34	63	5,741
2	34	64	1,899
2	34	65	12,609
2	34	68	22,094
2	34	72	14,156
2	34	77	16,358
2	34	78	3,22
2	34	79	1,093
2	34	82	2,103
2	34	85	2,773
2	34	91	9,142
2	34	92	0,793
2	36	5	1,059
2	36	7	1,008
2	36	12	3,08
2	36	17	0,926
2	36	20	29,318
2	36	25	3,628
2	36	34	15,142
2	36	40	8,867
2	36	41	6,902
2	36	47	7,664
2	36	51	5,477
2	36	53	13,868
2	36	56	18,894
2	36	57	6,204
2	36	62	2,308
2	36	63	1,379
2	36	64	14,592
2	36	65	8,909
2	36	68	3,286
2	36	72	2,944
2	36	77	12,332
2	36	78	0,561
2	36	79	0,587
2	36	82	1,55
2	36	85	31,038
2	36	91	0,542
2	36	92	10,732
2	40	5	18,751
2	40	7	2,355
2	40	12	1,971
2	40	17	1,946
2	40	20	1,951
2	40	25	17,203
2	40	34	8,006
2	40	36	2,835
2	40	41	3,229
2	40	47	5,408
2	40	51	12,577
2	40	53	0,861
2	40	56	2,231
2	40	57	0,874
2	40	62	1,003
2	40	63	7,759
2	40	64	2,019
2	40	65	8,572
2	40	68	3,244
2	40	72	4,799
2	40	77	9,428
2	40	78	1,45
2	40	79	3,105
2	40	82	8,4
2	40	85	9,663
2	40	91	1,393
2	40	92	1,987
2	41	5	3,886
2	41	7	20,839
2	41	12	4,624
2	41	17	0,844
2	41	20	15,276
2	41	25	4,792
2	41	34	1,177
2	41	36	3,859
2	41	40	7,005
2	41	47	2,905
2	41	51	15,328
2	41	53	0,644
2	41	56	1,679
2	41	57	7,836
2	41	62	7,424
2	41	63	5,375
2	41	64	0,961
2	41	65	1,138
2	41	68	9,496
2	41	72	0,911
2	41	77	1,485
2	41	78	20,104
2	41	79	1,795
2	41	82	4,695
2	41	85	4,434
2	41	91	1,884
2	41	92	8,553
2	47	5	1,83
2	47	7	7,936
2	47	12	4,499
2	47	17	0,766
2	47	20	0,705
2	47	25	15,973
2	47	34	4,58
2	47	36	0,734
2	47	40	10,605
2	47	41	7,777
2	47	51	1,594
2	47	53	0,783
2	47	56	1,045
2	47	57	1,019
2	47	62	5,496
2	47	63	20,311
2	47	64	12,086
2	47	65	14,385
2	47	68	2,217
2	47	72	1,481
2	47	77	7,772
2	47	78	0,527
2	47	79	8,38
2	47	82	2,072
2	47	85	4,89
2	47	91	2,969
2	47	92	6,261
2	51	5	7,425
2	51	7	3,321
2	51	12	4,897
2	51	17	10,186
2	51	20	3,02
2	51	25	9,139
2	51	34	0,911
2	51	36	1,094
2	51	40	1,596
2	51	41	11,031
2	51	47	12,798
2	51	53	12,347
2	51	56	5,907
2	51	57	1,488
2	51	62	5,418
2	51	63	1,382
2	51	64	5,369
2	51	65	4,23
2	51	68	2,07
2	51	72	5,549
2	51	77	2,968
2	51	78	11,184
2	51	79	3,779
2	51	82	1,76
2	51	85	3,501
2	51	91	12,572
2	51	92	3,255
2	53	5	2,365
2	53	7	4,227
2	53	12	8,351
2	53	17	16,548
2	53	20	2,676
2	53	25	2,993
2	53	34	1,136
2	53	36	11,17
2	53	40	1,26
2	53	41	0,962
2	53	47	1,567
2	53	51	1,326
2	53	56	3,076
2	53	57	5,682
2	53	62	1,316
2	53	63	6,849
2	53	64	2,657
2	53	65	3,295
2	53	68	0,784
2	53	72	1,469
2	53	77	1,375
2	53	78	4,005
2	53	79	1,161
2	53	82	18,051
2	53	85	1,011
2	53	91	0,647
2	53	92	5,68
2	56	5	15,604
2	56	7	5,348
2	56	12	1,688
2	56	17	1,241
2	56	20	1,069
2	56	25	1,414
2	56	34	7,785
2	56	36	27,199
2	56	40	4,437
2	56	41	1,114
2	56	47	5,7
2	56	51	5,57
2	56	53	2,119
2	56	57	6,093
2	56	62	1,369
2	56	63	3,264
2	56	64	12,353
2	56	65	5,265
2	56	68	1,606
2	56	72	4,072
2	56	77	8,034
2	56	78	0,607
2	56	79	11,652
2	56	82	6,998
2	56	85	11,737
2	56	91	2,842
2	56	92	4,118
2	57	5	0,692
2	57	7	6,062
2	57	12	12,038
2	57	17	4,883
2	57	20	4,696
2	57	25	4,415
2	57	34	0,722
2	57	36	0,771
2	57	40	13,346
2	57	41	26,567
2	57	47	4,226
2	57	51	0,712
2	57	53	2,372
2	57	56	2,379
2	57	62	16,868
2	57	63	17,245
2	57	64	5,64
2	57	65	6,469
2	57	68	4,912
2	57	72	0,955
2	57	77	3,711
2	57	78	18,121
2	57	79	0,816
2	57	82	1,514
2	57	85	2,143
2	57	91	1,33
2	57	92	5,519
2	62	5	13,901
2	62	7	10,403
2	62	12	1,353
2	62	17	17,106
2	62	20	3,55
2	62	25	13,894
2	62	34	4,028
2	62	36	3,092
2	62	40	2,083
2	62	41	4,213
2	62	47	6,887
2	62	51	1,673
2	62	53	24,495
2	62	56	12,931
2	62	57	0,793
2	62	63	27,861
2	62	64	1,93
2	62	65	5,493
2	62	68	15,081
2	62	72	5,597
2	62	77	2,625
2	62	78	19,521
2	62	79	2,509
2	62	82	2,41
2	62	85	2,2
2	62	91	9,601
2	62	92	2,329
2	63	5	7,095
2	63	7	7,432
2	63	12	6,015
2	63	17	17,869
2	63	20	1,529
2	63	25	3,515
2	63	34	3,75
2	63	36	23,684
2	63	40	3,498
2	63	41	4,76
2	63	47	3,279
2	63	51	1,472
2	63	53	4,666
2	63	56	1,856
2	63	57	3,041
2	63	62	1,013
2	63	64	12,516
2	63	65	4,957
2	63	68	0,765
2	63	72	2,628
2	63	77	2,724
2	63	78	0,713
2	63	79	1,112
2	63	82	17,079
2	63	85	6,299
2	63	91	4,463
2	63	92	4,024
2	64	5	3,977
2	64	7	5,743
2	64	12	3,737
2	64	17	3,312
2	64	20	15,498
2	64	25	3,812
2	64	34	12,88
2	64	36	7,03
2	64	40	5,309
2	64	41	26,887
2	64	47	13,358
2	64	51	3,494
2	64	53	5,002
2	64	56	6,722
2	64	57	5,897
2	64	62	5,739
2	64	63	4,304
2	64	65	14,353
2	64	68	1,755
2	64	72	4,157
2	64	77	5,182
2	64	78	1,227
2	64	79	19,693
2	64	82	7,396
2	64	85	3,096
2	64	91	0,862
2	64	92	4,395
2	65	5	1,626
2	65	7	10,032
2	65	12	4,143
2	65	17	2,945
2	65	20	0,816
2	65	25	3,756
2	65	34	20,336
2	65	36	1,597
2	65	40	18,874
2	65	41	0,529
2	65	47	42,753
2	65	51	1,917
2	65	53	10,362
2	65	56	2,072
2	65	57	9,331
2	65	62	6,658
2	65	63	1,062
2	65	64	5,696
2	65	68	4,593
2	65	72	4,623
2	65	77	17,529
2	65	78	5,673
2	65	79	4,753
2	65	82	7,414
2	65	85	6,627
2	65	91	4,874
2	65	92	0,584
2	68	5	15,548
2	68	7	13,163
2	68	12	0,668
2	68	17	1,955
2	68	20	3,898
2	68	25	4,549
2	68	34	8,405
2	68	36	4,017
2	68	40	11,137
2	68	41	0,734
2	68	47	8,499
2	68	51	5,873
2	68	53	14,754
2	68	56	1,668
2	68	57	1,418
2	68	62	5,379
2	68	63	5,207
2	68	64	6,916
2	68	65	15,358
2	68	72	2,691
2	68	77	8,672
2	68	78	12,506
2	68	79	3,535
2	68	82	2,894
2	68	85	1,377
2	68	91	1,618
2	68	92	3,822
2	72	5	0,899
2	72	7	2,871
2	72	12	3,917
2	72	17	3,184
2	72	20	3,142
2	72	25	2,808
2	72	34	2,356
2	72	36	7,095
2	72	40	4,187
2	72	41	2,026
2	72	47	2,076
2	72	51	10,083
2	72	53	12,315
2	72	56	2,867
2	72	57	4,071
2	72	62	5,195
2	72	63	7,601
2	72	64	1,729
2	72	65	2,273
2	72	68	7,24
2	72	77	4,942
2	72	78	0,531
2	72	79	2,642
2	72	82	3,129
2	72	85	6,455
2	72	91	9,166
2	72	92	7,744
2	77	5	8,514
2	77	7	3,65
2	77	12	7,999
2	77	17	23,149
2	77	20	1,246
2	77	25	1,263
2	77	34	6,286
2	77	36	2,147
2	77	40	5,038
2	77	41	28,439
2	77	47	4,967
2	77	51	2,869
2	77	53	5,866
2	77	56	11,582
2	77	57	1,734
2	77	62	1,178
2	77	63	14,565
2	77	64	10,418
2	77	65	46,008
2	77	68	5,487
2	77	72	0,738
2	77	78	0,596
2	77	79	0,65
2	77	82	3,581
2	77	85	5,997
2	77	91	8,628
2	77	92	4,67
2	78	5	9,869
2	78	7	2,915
2	78	12	9,768
2	78	17	3,197
2	78	20	2,633
2	78	25	3,012
2	78	34	10,96
2	78	36	15,388
2	78	40	2,082
2	78	41	5,306
2	78	47	1,637
2	78	51	0,985
2	78	53	5,863
2	78	56	2,901
2	78	57	11,44
2	78	62	3,37
2	78	63	4,663
2	78	64	5,089
2	78	65	1,261
2	78	68	0,906
2	78	72	0,874
2	78	77	7,225
2	78	79	1,341
2	78	82	8,972
2	78	85	8,424
2	78	91	1,334
2	78	92	0,657
2	79	5	2,355
2	79	7	5,041
2	79	12	1,549
2	79	17	5,389
2	79	20	6,607
2	79	25	5,028
2	79	34	4,896
2	79	36	7,78
2	79	40	6,225
2	79	41	5,855
2	79	47	3,839
2	79	51	11,387
2	79	53	7,194
2	79	56	2,045
2	79	57	3,673
2	79	62	6,617
2	79	63	4,135
2	79	64	1,217
2	79	65	5,794
2	79	68	0,633
2	79	72	0,86
2	79	77	13,417
2	79	78	4,259
2	79	82	3,333
2	79	85	3,568
2	79	91	1,794
2	79	92	3,789
2	82	5	4,923
2	82	7	3,523
2	82	12	10,969
2	82	17	4,648
2	82	20	8,847
2	82	25	12,217
2	82	34	3,047
2	82	36	2,32
2	82	40	1,241
2	82	41	0,645
2	82	47	12,409
2	82	51	8,964
2	82	53	4,82
2	82	56	2,107
2	82	57	9,274
2	82	62	9,134
2	82	63	14,029
2	82	64	25,027
2	82	65	12,88
2	82	68	9,36
2	82	72	8,995
2	82	77	1,065
2	82	78	2,542
2	82	79	15,697
2	82	85	0,88
2	82	91	13,109
2	82	92	0,862
2	85	5	1,96
2	85	7	12,968
2	85	12	27,853
2	85	17	2,095
2	85	20	5,571
2	85	25	14,444
2	85	34	2,61
2	85	36	0,768
2	85	40	4,946
2	85	41	2,007
2	85	47	4,929
2	85	51	4,213
2	85	53	2,855
2	85	56	4,197
2	85	57	10,786
2	85	62	5,033
2	85	63	4,346
2	85	64	1,332
2	85	65	5,791
2	85	68	1,102
2	85	72	2,07
2	85	77	1,025
2	85	78	2,52
2	85	79	20,871
2	85	82	2,684
2	85	91	3,834
2	85	92	18,762
2	91	5	5,377
2	91	7	3,961
2	91	12	3,339
2	91	17	18,017
2	91	20	10,188
2	91	25	9,083
2	91	34	9,564
2	91	36	11,683
2	91	40	1,633
2	91	41	17,639
2	91	47	2,149
2	91	51	0,932
2	91	53	2,019
2	91	56	2,459
2	91	57	4,866
2	91	62	2,561
2	91	63	6,298
2	91	64	1,536
2	91	65	4,92
2	91	68	7,529
2	91	72	3,455
2	91	77	2,648
2	91	78	56,98
2	91	79	1,938
2	91	82	0,917
2	91	85	0,922
2	91	92	14,633
2	92	5	2,307
2	92	7	31,371
2	92	12	0,879
2	92	17	3,437
2	92	20	11,177
2	92	25	4,401
2	92	34	6,763
2	92	36	3,17
2	92	40	4,143
2	92	41	7,99
2	92	47	4,002
2	92	51	0,978
2	92	53	7,796
2	92	56	1,021
2	92	57	4,216
2	92	62	4,111
2	92	63	10,687
2	92	64	6,749
2	92	65	1,008
2	92	68	1,879
2	92	72	23,989
2	92	77	0,707
2	92	78	8,845
2	92	79	2,676
2	92	82	0,529
2	92	85	10,416
2	92	91	2,342
3	1	2	5,379
3	1	3	0,959
3	1	12	0,649
3	1	14	29,15
3	1	27	13,364
3	1	29	9,002
3	1	36	1,882
3	1	44	1,477
3	1	48	6,913
3	1	53	6,753
3	1	72	5,291
3	1	73	2,856
3	1	74	0,74
3	1	75	15,767
3	1	90	15,014
3	1	92	3,584
3	1	93	0,549
3	1	95	0,529
3	2	1	16,594
3	2	3	9,107
3	2	12	6,366
3	2	14	1,469
3	2	27	2,487
3	2	29	7,84
3	2	36	1,919
3	2	44	6,09
3	2	48	4,47
3	2	53	9,199
3	2	72	4,829
3	2	73	1,274
3	2	74	15,17
3	2	75	5,613
3	2	90	1,419
3	2	92	1,687
3	2	93	0,915
3	2	95	3,841
3	3	1	15,365
3	3	2	3,794
3	3	12	2,11
3	3	14	7,387
3	3	27	0,764
3	3	29	3,898
3	3	36	4,978
3	3	44	9,525
3	3	48	7,219
3	3	53	1,918
3	3	72	9,198
3	3	73	4,277
3	3	74	12,613
3	3	75	2,354
3	3	90	2,891
3	3	92	1,528
3	3	93	1,488
3	3	95	1,841
3	12	1	8,232
3	12	2	14,563
3	12	3	3,035
3	12	14	1,75
3	12	27	10,921
3	12	29	1,327
3	12	36	7
3	12	44	0,855
3	12	48	1,436
3	12	53	32,794
3	12	72	8,988
3	12	73	2,002
3	12	74	5,813
3	12	75	1,258
3	12	90	4,207
3	12	92	1,13
3	12	93	0,932
3	12	95	0,936
3	14	1	19,368
3	14	2	4,072
3	14	3	2,491
3	14	12	4,656
3	14	27	2,627
3	14	29	1,41
3	14	36	14,588
3	14	44	6,935
3	14	48	13,053
3	14	53	4,086
3	14	72	3,493
3	14	73	0,641
3	14	74	4,483
3	14	75	8,571
3	14	90	1,741
3	14	92	9,316
3	14	93	2,441
3	14	95	2,272
3	27	1	1,23
3	27	2	0,975
3	27	3	5,161
3	27	12	3,934
3	27	14	7,483
3	27	29	1,588
3	27	36	18,842
3	27	44	10,384
3	27	48	0,832
3	27	53	5,71
3	27	72	5,163
3	27	73	5,873
3	27	74	4,324
3	27	75	2,764
3	27	90	6,453
3	27	92	6,846
3	27	93	6,719
3	27	95	3,625
3	29	1	8,292
3	29	2	0,925
3	29	3	6,331
3	29	12	10,05
3	29	14	18,324
3	29	27	2,135
3	29	36	6,268
3	29	44	0,95
3	29	48	3,592
3	29	53	103,998
3	29	72	1,995
3	29	73	0,583
3	29	74	2,871
3	29	75	4,662
3	29	90	4,135
3	29	92	13,112
3	29	93	1,14
3	29	95	4,428
3	36	1	2,902
3	36	2	1,651
3	36	3	1,454
3	36	12	2,003
3	36	14	0,826
3	36	27	1,898
3	36	29	17,55
3	36	44	3,58
3	36	48	1,126
3	36	53	9,1
3	36	72	19,358
3	36	73	3,029
3	36	74	2,564
3	36	75	12,952
3	36	90	2,701
3	36	92	4,868
3	36	93	0,609
3	36	95	4,434
3	44	1	2,035
3	44	2	44,959
3	44	3	6,552
3	44	12	1,598
3	44	14	2,969
3	44	27	8,689
3	44	29	14,001
3	44	36	7,826
3	44	48	0,635
3	44	53	1,365
3	44	72	4,408
3	44	73	3,322
3	44	74	3,158
3	44	75	20,697
3	44	90	1,292
3	44	92	1,07
3	44	93	2,4
3	44	95	25,661
3	48	1	2,254
3	48	2	1,58
3	48	3	6,356
3	48	12	7,056
3	48	14	2,882
3	48	27	7,949
3	48	29	7,515
3	48	36	10,513
3	48	44	11,134
3	48	53	0,744
3	48	72	13,023
3	48	73	5,583
3	48	74	9,011
3	48	75	4,714
3	48	90	2,463
3	48	92	3,103
3	48	93	6,882
3	48	95	5,076
3	53	1	4,16
3	53	2	13,321
3	53	3	3,871
3	53	12	7,266
3	53	14	14,496
3	53	27	16,479
3	53	29	5,188
3	53	36	1,154
3	53	44	11,104
3	53	48	21,061
3	53	72	1,643
3	53	73	3,801
3	53	74	1,485
3	53	75	5,719
3	53	90	10,453
3	53	92	0,536
3	53	93	1,337
3	53	95	12,577
3	72	1	1,082
3	72	2	6,352
3	72	3	2,052
3	72	12	1,26
3	72	14	6,123
3	72	27	3,374
3	72	29	7,203
3	72	36	1,558
3	72	44	17,303
3	72	48	0,735
3	72	53	4,047
3	72	73	6,217
3	72	74	13,727
3	72	75	3,049
3	72	90	2,17
3	72	92	2,321
3	72	93	13,544
3	72	95	1,758
3	73	1	1,87
3	73	2	0,948
3	73	3	0,598
3	73	12	3,87
3	73	14	2,4
3	73	27	12,048
3	73	29	4,738
3	73	36	13,741
3	73	44	4,785
3	73	48	3,581
3	73	53	5,641
3	73	72	4,264
3	73	74	0,676
3	73	75	1,897
3	73	90	10,388
3	73	92	6,801
3	73	93	12,172
3	73	95	5,32
3	74	1	1,355
3	74	2	2,552
3	74	3	2,668
3	74	12	3,841
3	74	14	2,368
3	74	27	6,417
3	74	29	1,817
3	74	36	3,767
3	74	44	9,271
3	74	48	37,493
3	74	53	0,951
3	74	72	8,563
3	74	73	7,947
3	74	75	2,074
3	74	90	3,102
3	74	92	13,979
3	74	93	5,992
3	74	95	8,97
3	75	1	1,804
3	75	2	29,599
3	75	3	3,642
3	75	12	10,255
3	75	14	2,419
3	75	27	2,499
3	75	29	24,644
3	75	36	7,438
3	75	44	5,506
3	75	48	2,219
3	75	53	4,383
3	75	72	9,662
3	75	73	2,555
3	75	74	3,831
3	75	90	8,126
3	75	92	3,678
3	75	93	5,659
3	75	95	1,278
3	90	1	15,329
3	90	2	14,304
3	90	3	1,481
3	90	12	9,03
3	90	14	5,97
3	90	27	14,718
3	90	29	6,758
3	90	36	2,901
3	90	44	2,111
3	90	48	9,166
3	90	53	1,178
3	90	72	7,672
3	90	73	1,723
3	90	74	6,82
3	90	75	7,889
3	90	92	11,438
3	90	93	1,582
3	90	95	0,791
3	92	1	2,84
3	92	2	0,512
3	92	3	4,054
3	92	12	9,18
3	92	14	6,962
3	92	27	2,055
3	92	29	2,774
3	92	36	3,544
3	92	44	3,223
3	92	48	8,434
3	92	53	2,029
3	92	72	1,817
3	92	73	6,843
3	92	74	11,28
3	92	75	23,417
3	92	90	13,188
3	92	93	12,991
3	92	95	0,646
3	93	1	5,565
3	93	2	4,248
3	93	3	10,28
3	93	12	1,532
3	93	14	6,235
3	93	27	2,092
3	93	29	1,671
3	93	36	3,388
3	93	44	0,994
3	93	48	3,117
3	93	53	6,144
3	93	72	4,165
3	93	73	3,211
3	93	74	4,773
3	93	75	4,519
3	93	90	17,535
3	93	92	0,691
3	93	95	3,363
3	95	1	6,834
3	95	2	4,466
3	95	3	12,507
3	95	12	6,236
3	95	14	15,762
3	95	27	9,995
3	95	29	7,088
3	95	36	8,332
3	95	44	2,805
3	95	48	9,14
3	95	53	1,238
3	95	72	4,296
3	95	73	6,801
3	95	74	2,371
3	95	75	17,332
3	95	90	6,032
3	95	92	3,564
3	95	93	2,784
4	2	6	1,818
4	2	8	3,729
4	2	22	0,974
4	2	23	3,188
4	2	28	25,034
4	2	29	14,333
4	2	32	6,88
4	2	35	2,181
4	2	37	2,01
4	2	45	6,394
4	2	50	2,923
4	2	54	2,991
4	2	56	1,149
4	2	58	13,161
4	2	61	4,924
4	2	65	7,41
4	2	66	4,519
4	2	73	16,725
4	2	76	2,207
4	2	81	9,481
4	2	87	9,889
4	2	89	0,828
4	2	91	7,3
4	2	94	4,864
4	2	96	3,041
4	6	2	17,415
4	6	8	29,627
4	6	22	12,839
4	6	23	25,294
4	6	28	1,123
4	6	29	9,931
4	6	32	6,727
4	6	35	7,436
4	6	37	1,299
4	6	45	12,474
4	6	50	0,753
4	6	54	8,513
4	6	56	7,063
4	6	58	3,456
4	6	61	5,262
4	6	65	13,007
4	6	66	14,595
4	6	73	7,217
4	6	76	0,875
4	6	81	6,273
4	6	87	0,653
4	6	89	3,657
4	6	91	6,449
4	6	94	5,839
4	6	96	5,085
4	8	2	4,296
4	8	6	2,253
4	8	22	2,129
4	8	23	1,313
4	8	28	1,526
4	8	29	2,602
4	8	32	5,615
4	8	35	9,672
4	8	37	1,806
4	8	45	6,532
4	8	50	9,153
4	8	54	4,583
4	8	56	1,948
4	8	58	2,104
4	8	61	4,867
4	8	65	3,931
4	8	66	4,82
4	8	73	27,234
4	8	76	3,855
4	8	81	27,199
4	8	87	6,754
4	8	89	4,122
4	8	91	12,446
4	8	94	4,306
4	8	96	2,644
4	22	2	3,951
4	22	6	0,798
4	22	8	0,938
4	22	23	12,249
4	22	28	12,894
4	22	29	26,48
4	22	32	2
4	22	35	2,649
4	22	37	2,678
4	22	45	6,469
4	22	50	5,742
4	22	54	3,734
4	22	56	1,866
4	22	58	0,5
4	22	61	10,423
4	22	65	3,78
4	22	66	2,458
4	22	73	4,749
4	22	76	6,466
4	22	81	6,277
4	22	87	6,144
4	22	89	16,119
4	22	91	4,08
4	22	94	0,695
4	22	96	4,569
4	23	2	10,779
4	23	6	1,385
4	23	8	26,567
4	23	22	8,307
4	23	28	3,706
4	23	29	0,582
4	23	32	9,429
4	23	35	12,378
4	23	37	1,735
4	23	45	6,205
4	23	50	21,954
4	23	54	1,954
4	23	56	6,709
4	23	58	4,39
4	23	61	7,81
4	23	65	3,869
4	23	66	1,382
4	23	73	2,087
4	23	76	2,42
4	23	81	27,224
4	23	87	4,729
4	23	89	3,575
4	23	91	19,616
4	23	94	0,907
4	23	96	10,097
4	28	2	20,099
4	28	6	6,827
4	28	8	2,317
4	28	22	3,124
4	28	23	2,936
4	28	29	4,753
4	28	32	1,266
4	28	35	1,214
4	28	37	0,682
4	28	45	4,759
4	28	50	1,879
4	28	54	2,464
4	28	56	4,528
4	28	58	0,65
4	28	61	8,212
4	28	65	6,883
4	28	66	24,539
4	28	73	1,143
4	28	76	0,595
4	28	81	2,273
4	28	87	3,753
4	28	89	15,764
4	28	91	21,086
4	28	94	6,658
4	28	96	17,335
4	29	2	3,412
4	29	6	5,494
4	29	8	7,913
4	29	22	3,738
4	29	23	20,037
4	29	28	2,741
4	29	32	7,934
4	29	35	4,978
4	29	37	35,115
4	29	45	2,139
4	29	50	2,482
4	29	54	18,009
4	29	56	5,395
4	29	58	0,576
4	29	61	1,594
4	29	65	4,343
4	29	66	2,037
4	29	73	10,101
4	29	76	9,525
4	29	81	0,733
4	29	87	2,13
4	29	89	8,03
4	29	91	4,935
4	29	94	1,105
4	29	96	1,679
4	32	2	5,31
4	32	6	9,626
4	32	8	2,564
4	32	22	16,075
4	32	23	1,624
4	32	28	0,546
4	32	29	2,789
4	32	35	5,919
4	32	37	20,297
4	32	45	2,725
4	32	50	3,01
4	32	54	2,605
4	32	56	1,407
4	32	58	5,934
4	32	61	1,044
4	32	65	2,308
4	32	66	2,889
4	32	73	3,009
4	32	76	1,585
4	32	81	9,809
4	32	87	14,652
4	32	89	0,55
4	32	91	0,955
4	32	94	1,328
4	32	96	4,807
4	35	2	2,36
4	35	6	3,632
4	35	8	3,583
4	35	22	25,486
4	35	23	2,899
4	35	28	3,697
4	35	29	11,641
4	35	32	0,762
4	35	37	4,758
4	35	45	6,163
4	35	50	1,563
4	35	54	10,455
4	35	56	11,103
4	35	58	9,4
4	35	61	0,998
4	35	65	6,87
4	35	66	1,959
4	35	73	0,756
4	35	76	10,111
4	35	81	20,237
4	35	87	1,89
4	35	89	3,08
4	35	91	2,433
4	35	94	49,11
4	35	96	6,629
4	37	2	11,089
4	37	6	1,012
4	37	8	0,529
4	37	22	6,95
4	37	23	6,098
4	37	28	0,511
4	37	29	4,673
4	37	32	10,737
4	37	35	14,78
4	37	45	10,037
4	37	50	21,674
4	37	54	0,537
4	37	56	1,608
4	37	58	11,414
4	37	61	2,368
4	37	65	4,657
4	37	66	19,823
4	37	73	20,427
4	37	76	9,974
4	37	81	15,037
4	37	87	1,124
4	37	89	2,133
4	37	91	5,37
4	37	94	0,69
4	37	96	4,036
4	45	2	12,162
4	45	6	2,878
4	45	8	2,871
4	45	22	1,539
4	45	23	18,019
4	45	28	1,918
4	45	29	4,925
4	45	32	3,072
4	45	35	3,402
4	45	37	5,861
4	45	50	8,411
4	45	54	0,654
4	45	56	1,352
4	45	58	3,118
4	45	61	3,965
4	45	65	5,343
4	45	66	0,735
4	45	73	1,8
4	45	76	2,194
4	45	81	3,481
4	45	87	2,542
4	45	89	1,532
4	45	91	8,295
4	45	94	3,422
4	45	96	6,806
4	50	2	3,805
4	50	6	1,642
4	50	8	0,531
4	50	22	0,685
4	50	23	2,087
4	50	28	10,148
4	50	29	5,254
4	50	32	10,228
4	50	35	1,167
4	50	37	2,77
4	50	45	1,103
4	50	54	2,704
4	50	56	0,594
4	50	58	5,83
4	50	61	0,987
4	50	65	5,378
4	50	66	2,325
4	50	73	12,748
4	50	76	11,412
4	50	81	4,736
4	50	87	3,58
4	50	89	2,361
4	50	91	21,142
4	50	94	1,6
4	50	96	7,504
4	54	2	11,04
4	54	6	2,942
4	54	8	1,046
4	54	22	19,131
4	54	23	1,207
4	54	28	3,828
4	54	29	3,65
4	54	32	9,128
4	54	35	17,264
4	54	37	8,395
4	54	45	2,908
4	54	50	4,038
4	54	56	4,111
4	54	58	5,242
4	54	61	14,038
4	54	65	9,94
4	54	66	10,098
4	54	73	2,981
4	54	76	2,549
4	54	81	1,463
4	54	87	2,869
4	54	89	9,219
4	54	91	7,201
4	54	94	2,482
4	54	96	2,347
4	56	2	1,467
4	56	6	10,397
4	56	8	1,59
4	56	22	17,244
4	56	23	2,258
4	56	28	0,578
4	56	29	3,782
4	56	32	1,82
4	56	35	7,709
4	56	37	7,172
4	56	45	10,384
4	56	50	1,342
4	56	54	1,403
4	56	58	3,668
4	56	61	4,359
4	56	65	0,802
4	56	66	27,439
4	56	73	8,631
4	56	76	1,966
4	56	81	2,925
4	56	87	2,023
4	56	89	2,04
4	56	91	2,173
4	56	94	0,761
4	56	96	2,403
4	58	2	1,641
4	58	6	4,855
4	58	8	0,58
4	58	22	7,983
4	58	23	0,725
4	58	28	1,533
4	58	29	6,665
4	58	32	6,964
4	58	35	7,259
4	58	37	3,755
4	58	45	1,448
4	58	50	4,713
4	58	54	2,832
4	58	56	1,393
4	58	61	1,675
4	58	65	10,303
4	58	66	6,636
4	58	73	3,105
4	58	76	9,745
4	58	81	0,758
4	58	87	1,675
4	58	89	5,152
4	58	91	5,276
4	58	94	4,15
4	58	96	8,493
4	61	2	28,747
4	61	6	1,216
4	61	8	1,227
4	61	22	13,424
4	61	23	2,786
4	61	28	5,749
4	61	29	1,385
4	61	32	4,478
4	61	35	2,5
4	61	37	2,629
4	61	45	13,409
4	61	50	2,754
4	61	54	1,031
4	61	56	4,828
4	61	58	2,954
4	61	65	1,564
4	61	66	22,804
4	61	73	4,256
4	61	76	8,238
4	61	81	0,972
4	61	87	8,733
4	61	89	18,697
4	61	91	3,143
4	61	94	8,155
4	61	96	4,584
4	65	2	22,737
4	65	6	1,819
4	65	8	7,563
4	65	22	2,586
4	65	23	15,313
4	65	28	4,832
4	65	29	1,982
4	65	32	1,49
4	65	35	0,751
4	65	37	0,885
4	65	45	5,21
4	65	50	2,975
4	65	54	2,266
4	65	56	3,935
4	65	58	0,886
4	65	61	4,775
4	65	66	25,311
4	65	73	1,109
4	65	76	3,216
4	65	81	14,346
4	65	87	11,025
4	65	89	8,438
4	65	91	8,609
4	65	94	19,501
4	65	96	4,663
4	66	2	1,294
4	66	6	17,412
4	66	8	7,248
4	66	22	6,741
4	66	23	3,59
4	66	28	1,121
4	66	29	5,638
4	66	32	2,556
4	66	35	3,373
4	66	37	1,441
4	66	45	5,698
4	66	50	6,431
4	66	54	4,69
4	66	56	14,908
4	66	58	2,225
4	66	61	8,319
4	66	65	1,143
4	66	73	9,078
4	66	76	5,734
4	66	81	3,322
4	66	87	4,084
4	66	89	10,732
4	66	91	10,203
4	66	94	3,963
4	66	96	15,733
4	73	2	22,627
4	73	6	4,457
4	73	8	9,373
4	73	22	4,791
4	73	23	6,079
4	73	28	3,375
4	73	29	15,793
4	73	32	2,233
4	73	35	5,114
4	73	37	1,881
4	73	45	3,241
4	73	50	8,221
4	73	54	4,852
4	73	56	23,146
4	73	58	2,772
4	73	61	0,686
4	73	65	1,833
4	73	66	18,219
4	73	76	2,274
4	73	81	14,637
4	73	87	10,231
4	73	89	1,598
4	73	91	3,143
4	73	94	2,329
4	73	96	5,671
4	76	2	5,48
4	76	6	4,578
4	76	8	2,893
4	76	22	0,867
4	76	23	21,948
4	76	28	3,097
4	76	29	3,66
4	76	32	1,415
4	76	35	2,529
4	76	37	5,447
4	76	45	0,704
4	76	50	0,593
4	76	54	1,421
4	76	56	3,368
4	76	58	28,342
4	76	61	1,144
4	76	65	1,489
4	76	66	9,515
4	76	73	6,156
4	76	81	1,467
4	76	87	12,786
4	76	89	6,344
4	76	91	0,745
4	76	94	3,169
4	76	96	0,796
4	81	2	6,133
4	81	6	7,547
4	81	8	3,804
4	81	22	4,71
4	81	23	9,545
4	81	28	21,913
4	81	29	1,442
4	81	32	2,168
4	81	35	5,589
4	81	37	3,935
4	81	45	5,929
4	81	50	1,886
4	81	54	3,966
4	81	56	2,509
4	81	58	8,673
4	81	61	1,571
4	81	65	4,018
4	81	66	22,597
4	81	73	21,871
4	81	76	3,279
4	81	87	20,079
4	81	89	4,156
4	81	91	5,713
4	81	94	25,112
4	81	96	2,071
4	87	2	3,729
4	87	6	3,971
4	87	8	4,449
4	87	22	6,72
4	87	23	9,823
4	87	28	2,614
4	87	29	21,928
4	87	32	5,71
4	87	35	0,869
4	87	37	3,276
4	87	45	8,408
4	87	50	1,607
4	87	54	7,797
4	87	56	4,99
4	87	58	3,415
4	87	61	16,865
4	87	65	2,002
4	87	66	6,787
4	87	73	0,537
4	87	76	2,758
4	87	81	4,972
4	87	89	1,102
4	87	91	10,961
4	87	94	20,078
4	87	96	9,094
4	89	2	2,142
4	89	6	13,434
4	89	8	5,48
4	89	22	5,838
4	89	23	6,617
4	89	28	0,709
4	89	29	2,237
4	89	32	5,995
4	89	35	9,632
4	89	37	0,511
4	89	45	4,097
4	89	50	23,566
4	89	54	4,252
4	89	56	5,427
4	89	58	4,124
4	89	61	8,567
4	89	65	0,923
4	89	66	13,028
4	89	73	1,353
4	89	76	10,995
4	89	81	8,925
4	89	87	3,576
4	89	91	2,697
4	89	94	46,183
4	89	96	1,861
4	91	2	1,219
4	91	6	10,279
4	91	8	6,236
4	91	22	7,263
4	91	23	7,631
4	91	28	1,467
4	91	29	6,855
4	91	32	0,787
4	91	35	8,265
4	91	37	9,443
4	91	45	1,341
4	91	50	7,6
4	91	54	3,866
4	91	56	4,878
4	91	58	7,225
4	91	61	4,061
4	91	65	1,147
4	91	66	6,904
4	91	73	17,232
4	91	76	6,526
4	91	81	5,164
4	91	87	2,622
4	91	89	8,566
4	91	94	1,537
4	91	96	4,123
4	94	2	40,053
4	94	6	6,651
4	94	8	3,189
4	94	22	7,341
4	94	23	0,995
4	94	28	8,281
4	94	29	1,442
4	94	32	6,246
4	94	35	1,436
4	94	37	1,569
4	94	45	2,982
4	94	50	2,626
4	94	54	9,728
4	94	56	3,566
4	94	58	2,673
4	94	61	3,81
4	94	65	19,981
4	94	66	8,839
4	94	73	4,051
4	94	76	5,024
4	94	81	6,311
4	94	87	3,676
4	94	89	11,645
4	94	91	1,247
4	94	96	0,912
4	96	2	2,67
4	96	6	3,201
4	96	8	6,769
4	96	22	7,188
4	96	23	0,877
4	96	28	18,776
4	96	29	3,253
4	96	32	5,013
4	96	35	2,499
4	96	37	1,636
4	96	45	4,949
4	96	50	1,498
4	96	54	0,867
4	96	56	9,061
4	96	58	2,843
4	96	61	7,838
4	96	65	16,42
4	96	66	6,207
4	96	73	5,371
4	96	76	31,48
4	96	81	8,992
4	96	87	1,581
4	96	89	2,927
4	96	91	10,133
4	96	94	1,004
5	4	8	45,814
5	4	11	1,551
5	4	15	1,526
5	4	17	2,258
5	4	23	7,465
5	4	28	0,563
5	4	40	1,15
5	4	42	10,393
5	4	50	9,286
5	4	58	4,146
5	4	59	1,597
5	4	61	4,523
5	4	65	3,381
5	4	66	7,919
5	4	69	4,519
5	4	71	2,896
5	4	72	5,448
5	4	74	4,216
5	4	88	13,373
5	4	92	3,575
5	4	93	7,918
5	8	4	4,04
5	8	11	23,28
5	8	15	14,253
5	8	17	1,737
5	8	23	1,444
5	8	28	11,14
5	8	40	14,108
5	8	42	1,115
5	8	50	4,158
5	8	58	7,266
5	8	59	46,25
5	8	61	1,36
5	8	65	3,527
5	8	66	1,002
5	8	69	0,518
5	8	71	2,938
5	8	72	10,82
5	8	74	6,507
5	8	88	1,996
5	8	92	6,36
5	8	93	18,81
5	11	4	22,125
5	11	8	5,912
5	11	15	3,098
5	11	17	30,872
5	11	23	4,823
5	11	28	4,566
5	11	40	0,892
5	11	42	2,69
5	11	50	2,673
5	11	58	4,463
5	11	59	4,02
5	11	61	6,476
5	11	65	7,631
5	11	66	1,781
5	11	69	7,878
5	11	71	31,116
5	11	72	1,591
5	11	74	5,873
5	11	88	18,341
5	11	92	3,911
5	11	93	8,043
5	15	4	1,771
5	15	8	8,44
5	15	11	0,748
5	15	17	7,415
5	15	23	2,616
5	15	28	5,8
5	15	40	5,165
5	15	42	7,143
5	15	50	2,719
5	15	58	3,385
5	15	59	1,623
5	15	61	10,232
5	15	65	3,407
5	15	66	2,261
5	15	69	3,978
5	15	71	5,476
5	15	72	8,667
5	15	74	1,684
5	15	88	10,523
5	15	92	8,012
5	15	93	3,022
5	17	4	4,409
5	17	8	21,46
5	17	11	3,185
5	17	15	1,166
5	17	23	0,716
5	17	28	0,808
5	17	40	14,624
5	17	42	8,635
5	17	50	10,441
5	17	58	4,106
5	17	59	2,966
5	17	61	0,521
5	17	65	7,337
5	17	66	2,881
5	17	69	1,94
5	17	71	12,995
5	17	72	4,826
5	17	74	1,713
5	17	88	32,493
5	17	92	7,906
5	17	93	3,361
5	23	4	15,702
5	23	8	32,256
5	23	11	4,127
5	23	15	2,688
5	23	17	6,76
5	23	28	24,399
5	23	40	4,622
5	23	42	3,185
5	23	50	0,662
5	23	58	7,516
5	23	59	6,454
5	23	61	29,501
5	23	65	2,246
5	23	66	2,41
5	23	69	10,246
5	23	71	1,734
5	23	72	8,987
5	23	74	3,829
5	23	88	5,308
5	23	92	7,395
5	23	93	2,185
5	28	4	1,579
5	28	8	29,928
5	28	11	9,133
5	28	15	0,644
5	28	17	6,489
5	28	23	4,424
5	28	40	17,197
5	28	42	8,404
5	28	50	6,627
5	28	58	3,279
5	28	59	1,756
5	28	61	5,524
5	28	65	3,531
5	28	66	7,026
5	28	69	10,445
5	28	71	4,36
5	28	72	2,031
5	28	74	0,529
5	28	88	1,141
5	28	92	10,864
5	28	93	2,525
5	40	4	4,073
5	40	8	8,646
5	40	11	11,929
5	40	15	4,638
5	40	17	1,053
5	40	23	2,107
5	40	28	0,538
5	40	42	4,121
5	40	50	16,339
5	40	58	3,115
5	40	59	9,298
5	40	61	0,592
5	40	65	6,313
5	40	66	7,802
5	40	69	9,197
5	40	71	0,797
5	40	72	6,976
5	40	74	0,825
5	40	88	19,959
5	40	92	13,913
5	40	93	5,476
5	42	4	1,5
5	42	8	9,647
5	42	11	3,556
5	42	15	3,547
5	42	17	0,542
5	42	23	11,891
5	42	28	3,621
5	42	40	6,745
5	42	50	1,929
5	42	58	0,544
5	42	59	15,491
5	42	61	8,895
5	42	65	5,554
5	42	66	5,422
5	42	69	2,636
5	42	71	1,316
5	42	72	2,592
5	42	74	1,786
5	42	88	6,733
5	42	92	0,865
5	42	93	3,377
5	50	4	7,876
5	50	8	2,538
5	50	11	5,063
5	50	15	1,97
5	50	17	2,541
5	50	23	19,121
5	50	28	1,802
5	50	40	15,999
5	50	42	3,074
5	50	58	9,133
5	50	59	4,433
5	50	61	6,484
5	50	65	0,95
5	50	66	13,35
5	50	69	6,083
5	50	71	2,357
5	50	72	2,269
5	50	74	6,302
5	50	88	9,25
5	50	92	3,806
5	50	93	2,709
5	58	4	0,821
5	58	8	4,112
5	58	11	3,639
5	58	15	3,438
5	58	17	2,38
5	58	23	5,433
5	58	28	3,585
5	58	40	5,711
5	58	42	1,675
5	58	50	0,974
5	58	59	0,634
5	58	61	1,978
5	58	65	5,936
5	58	66	1,437
5	58	69	16,287
5	58	71	22,02
5	58	72	4,531
5	58	74	5,281
5	58	88	18,716
5	58	92	2,801
5	58	93	16,016
5	59	4	2,182
5	59	8	0,832
5	59	11	4,808
5	59	15	14,632
5	59	17	1,177
5	59	23	4,739
5	59	28	6,366
5	59	40	3,005
5	59	42	9,926
5	59	50	2,034
5	59	58	0,756
5	59	61	7,126
5	59	65	0,712
5	59	66	4,478
5	59	69	19,218
5	59	71	3,589
5	59	72	31,267
5	59	74	4,137
5	59	88	1,957
5	59	92	7,45
5	59	93	4,452
5	61	4	18,442
5	61	8	5,916
5	61	11	1,635
5	61	15	6,855
5	61	17	12,291
5	61	23	1,85
5	61	28	5,837
5	61	40	20,009
5	61	42	7,031
5	61	50	0,717
5	61	58	18,53
5	61	59	2,001
5	61	65	3,697
5	61	66	10,72
5	61	69	18,99
5	61	71	4,183
5	61	72	4,247
5	61	74	2,369
5	61	88	10,378
5	61	92	3,302
5	61	93	13,816
5	65	4	6,895
5	65	8	3,208
5	65	11	8,487
5	65	15	6,398
5	65	17	1,792
5	65	23	5,161
5	65	28	1,007
5	65	40	0,736
5	65	42	6,353
5	65	50	3,735
5	65	58	10,428
5	65	59	6,71
5	65	61	3,476
5	65	66	8,293
5	65	69	10,395
5	65	71	4,871
5	65	72	3,777
5	65	74	15,09
5	65	88	4,663
5	65	92	4,72
5	65	93	1,183
5	66	4	7,13
5	66	8	0,906
5	66	11	16,532
5	66	15	2,899
5	66	17	2,467
5	66	23	9,861
5	66	28	3,022
5	66	40	5,797
5	66	42	6,491
5	66	50	7,509
5	66	58	9,775
5	66	59	1,777
5	66	61	7,851
5	66	65	3,791
5	66	69	1,496
5	66	71	3,056
5	66	72	9,442
5	66	74	2,188
5	66	88	4,414
5	66	92	6,885
5	66	93	1,652
5	69	4	3,543
5	69	8	49,017
5	69	11	3,136
5	69	15	2,878
5	69	17	7,665
5	69	23	6,726
5	69	28	4,802
5	69	40	4,538
5	69	42	5,591
5	69	50	4,134
5	69	58	18,963
5	69	59	1,171
5	69	61	1,683
5	69	65	3,77
5	69	66	2,443
5	69	71	4,039
5	69	72	14,866
5	69	74	0,801
5	69	88	9,114
5	69	92	20,009
5	69	93	7,839
5	71	4	5,107
5	71	8	3,328
5	71	11	18,336
5	71	15	3,451
5	71	17	4,344
5	71	23	2,616
5	71	28	8,603
5	71	40	17,503
5	71	42	2,184
5	71	50	8,219
5	71	58	3,439
5	71	59	15,2
5	71	61	1,175
5	71	65	1,375
5	71	66	4,672
5	71	69	6,186
5	71	72	5,034
5	71	74	3,931
5	71	88	2,602
5	71	92	19,913
5	71	93	2,105
5	72	4	0,786
5	72	8	5,285
5	72	11	2,769
5	72	15	1,885
5	72	17	31,206
5	72	23	4,612
5	72	28	0,691
5	72	40	0,966
5	72	42	6,297
5	72	50	15,464
5	72	58	6,889
5	72	59	3,798
5	72	61	2,889
5	72	65	17,659
5	72	66	19,589
5	72	69	4,82
5	72	71	3,488
5	72	74	1,104
5	72	88	1,633
5	72	92	1,067
5	72	93	1,243
5	74	4	2,875
5	74	8	7,275
5	74	11	3,859
5	74	15	0,728
5	74	17	9,726
5	74	23	4,044
5	74	28	3,486
5	74	40	17,696
5	74	42	6,154
5	74	50	7,823
5	74	58	4,972
5	74	59	16,045
5	74	61	5,959
5	74	65	2,392
5	74	66	3,743
5	74	69	3,243
5	74	71	17,126
5	74	72	10,1
5	74	88	3,358
5	74	92	10,021
5	74	93	8,877
5	88	4	0,705
5	88	8	13,158
5	88	11	14,467
5	88	15	5,431
5	88	17	4,268
5	88	23	9,12
5	88	28	4,034
5	88	40	2,105
5	88	42	14,107
5	88	50	8,904
5	88	58	1,957
5	88	59	0,822
5	88	61	2,185
5	88	65	0,983
5	88	66	0,855
5	88	69	2,254
5	88	71	6,526
5	88	72	1,163
5	88	74	2,388
5	88	92	10,532
5	88	93	25,697
5	92	4	0,596
5	92	8	6,3
5	92	11	1,525
5	92	15	0,593
5	92	17	19,511
5	92	23	1,103
5	92	28	0,645
5	92	40	0,648
5	92	42	20,383
5	92	50	1,229
5	92	58	6,482
5	92	59	8,304
5	92	61	0,792
5	92	65	0,954
5	92	66	1,891
5	92	69	16,527
5	92	71	4,359
5	92	72	2,139
5	92	74	3,438
5	92	88	5,593
5	92	93	6,283
5	93	4	11,537
5	93	8	8,281
5	93	11	2,128
5	93	15	10,049
5	93	17	3,723
5	93	23	20,178
5	93	28	0,914
5	93	40	6,14
5	93	42	1,472
5	93	50	4,611
5	93	58	6,527
5	93	59	1,291
5	93	61	9,37
5	93	65	4,261
5	93	66	3,304
5	93	69	4,656
5	93	71	2,313
5	93	72	12,229
5	93	74	1,584
5	93	88	16,665
5	93	92	5,967
6	2	5	0,767
6	2	8	8,056
6	2	12	3,615
6	2	13	0,774
6	2	14	13,461
6	2	18	20,74
6	2	19	4,614
6	2	25	0,932
6	2	26	5,455
6	2	30	12,534
6	2	32	0,913
6	2	33	1,458
6	2	37	8,836
6	2	41	3,841
6	2	43	4,732
6	2	58	0,847
6	2	59	23,44
6	2	69	3,339
6	2	79	7,172
6	2	90	0,964
6	2	92	2,375
6	2	99	0,624
6	5	2	7,183
6	5	8	19,432
6	5	12	3,755
6	5	13	1,029
6	5	14	12,123
6	5	18	6,896
6	5	19	0,868
6	5	25	7,182
6	5	26	4,222
6	5	30	1,457
6	5	32	4,88
6	5	33	0,953
6	5	37	28,691
6	5	41	6,063
6	5	43	6,591
6	5	58	1,471
6	5	59	4,512
6	5	69	5,844
6	5	79	6,495
6	5	90	6,583
6	5	92	3,177
6	5	99	19,038
6	8	2	1,891
6	8	5	11,366
6	8	12	6,202
6	8	13	0,805
6	8	14	4,799
6	8	18	3,036
6	8	19	1,386
6	8	25	4,175
6	8	26	1,948
6	8	30	4,584
6	8	32	42,726
6	8	33	37,975
6	8	37	10,311
6	8	41	1,545
6	8	43	2,304
6	8	58	0,556
6	8	59	1,753
6	8	69	3,207
6	8	79	2,683
6	8	90	5,984
6	8	92	2,134
6	8	99	11,05
6	12	2	12,927
6	12	5	3,056
6	12	8	4,312
6	12	13	3,605
6	12	14	2,919
6	12	18	10,26
6	12	19	14,752
6	12	25	3,803
6	12	26	0,909
6	12	30	0,86
6	12	32	5,83
6	12	33	2,656
6	12	37	17,898
6	12	41	18,908
6	12	43	1,771
6	12	58	2,246
6	12	59	4,022
6	12	69	19,494
6	12	79	9,535
6	12	90	0,532
6	12	92	0,837
6	12	99	2,461
6	13	2	3,936
6	13	5	1,594
6	13	8	15,466
6	13	12	2,698
6	13	14	8,508
6	13	18	2,258
6	13	19	8,461
6	13	25	3,186
6	13	26	3,657
6	13	30	2,774
6	13	32	1,24
6	13	33	3,78
6	13	37	0,883
6	13	41	7,086
6	13	43	4,865
6	13	58	28,734
6	13	59	3,323
6	13	69	3,403
6	13	79	1,794
6	13	90	21,622
6	13	92	9,327
6	13	99	3,566
6	14	2	10,722
6	14	5	30,227
6	14	8	3,906
6	14	12	3,916
6	14	13	1,144
6	14	18	6,818
6	14	19	0,596
6	14	25	2,001
6	14	26	3,915
6	14	30	1,472
6	14	32	10,041
6	14	33	8,754
6	14	37	0,971
6	14	41	13,609
6	14	43	5,624
6	14	58	3,929
6	14	59	1,703
6	14	69	26,046
6	14	79	8,063
6	14	90	8,755
6	14	92	7,377
6	14	99	0,731
6	18	2	12,02
6	18	5	3,78
6	18	8	3,165
6	18	12	5,605
6	18	13	3,276
6	18	14	13,454
6	18	19	0,63
6	18	25	1,732
6	18	26	0,617
6	18	30	14,659
6	18	32	5,551
6	18	33	6,143
6	18	37	3,356
6	18	41	3,896
6	18	43	2,845
6	18	58	13,663
6	18	59	0,936
6	18	69	2,987
6	18	79	3,998
6	18	90	3,479
6	18	92	7,01
6	18	99	1,463
6	19	2	13,447
6	19	5	2,127
6	19	8	1,629
6	19	12	5,868
6	19	13	5,36
6	19	14	8,49
6	19	18	18,93
6	19	25	3,498
6	19	26	2,473
6	19	30	2,575
6	19	32	20,887
6	19	33	5,973
6	19	37	3,252
6	19	41	0,886
6	19	43	1,942
6	19	58	1,372
6	19	59	18,686
6	19	69	3,025
6	19	79	7,312
6	19	90	13,158
6	19	92	15,55
6	19	99	8,241
6	25	2	6,698
6	25	5	5,095
6	25	8	6,133
6	25	12	4,638
6	25	13	4,055
6	25	14	3,299
6	25	18	6,473
6	25	19	5,224
6	25	26	1,359
6	25	30	10,223
6	25	32	0,821
6	25	33	10,043
6	25	37	10,785
6	25	41	8,034
6	25	43	6,497
6	25	58	21,079
6	25	59	10,643
6	25	69	18,76
6	25	79	1,28
6	25	90	2,704
6	25	92	4,828
6	25	99	2,618
6	26	2	12,946
6	26	5	4,087
6	26	8	16,306
6	26	12	28,671
6	26	13	0,67
6	26	14	10,267
6	26	18	10,485
6	26	19	3,77
6	26	25	2,126
6	26	30	4,286
6	26	32	2,721
6	26	33	4,323
6	26	37	7,541
6	26	41	2,884
6	26	43	2,542
6	26	58	24,194
6	26	59	6,021
6	26	69	9,813
6	26	79	10,291
6	26	90	14,042
6	26	92	1,719
6	26	99	0,969
6	30	2	18,688
6	30	5	21,269
6	30	8	2,807
6	30	12	28,588
6	30	13	4,357
6	30	14	2,521
6	30	18	4,937
6	30	19	2,725
6	30	25	0,659
6	30	26	19,532
6	30	32	2,082
6	30	33	1,001
6	30	37	1,033
6	30	41	4,694
6	30	43	10,668
6	30	58	0,976
6	30	59	1,699
6	30	69	20,812
6	30	79	11,251
6	30	90	0,533
6	30	92	5,372
6	30	99	5,012
6	32	2	11,524
6	32	5	1,862
6	32	8	2,823
6	32	12	1,969
6	32	13	8,387
6	32	14	2,749
6	32	18	1,288
6	32	19	1,356
6	32	25	3,892
6	32	26	0,534
6	32	30	19,529
6	32	33	3,165
6	32	37	5,978
6	32	41	2,334
6	32	43	5,992
6	32	58	13,548
6	32	59	1,664
6	32	69	10,524
6	32	79	3,782
6	32	90	1,881
6	32	92	32,105
6	32	99	14,327
6	33	2	5,14
6	33	5	2,781
6	33	8	22,158
6	33	12	12,355
6	33	13	1,284
6	33	14	6,292
6	33	18	10,668
6	33	19	5,755
6	33	25	4,077
6	33	26	19,622
6	33	30	8,12
6	33	32	41,958
6	33	37	4,096
6	33	41	1,841
6	33	43	1,563
6	33	58	2,321
6	33	59	9,137
6	33	69	0,938
6	33	79	4,466
6	33	90	20,445
6	33	92	8,873
6	33	99	25,209
6	37	2	12,117
6	37	5	0,855
6	37	8	7,177
6	37	12	5,298
6	37	13	5,104
6	37	14	11,706
6	37	18	9,009
6	37	19	0,823
6	37	25	1,139
6	37	26	39,348
6	37	30	38,657
6	37	32	3,275
6	37	33	4,323
6	37	41	27,336
6	37	43	2,983
6	37	58	2,879
6	37	59	2,071
6	37	69	9,357
6	37	79	1,673
6	37	90	3,995
6	37	92	3,046
6	37	99	12,96
6	41	2	20,915
6	41	5	0,989
6	41	8	7,162
6	41	12	1,535
6	41	13	7,662
6	41	14	16,247
6	41	18	2,014
6	41	19	3,021
6	41	25	8,597
6	41	26	2,427
6	41	30	3,492
6	41	32	0,966
6	41	33	16,491
6	41	37	4,379
6	41	43	1,899
6	41	58	10,309
6	41	59	2,688
6	41	69	0,827
6	41	79	6,65
6	41	90	0,709
6	41	92	4,141
6	41	99	2,517
6	43	2	1,433
6	43	5	5,475
6	43	8	26,708
6	43	12	7,199
6	43	13	2,581
6	43	14	5,281
6	43	18	6,558
6	43	19	13,564
6	43	25	8,443
6	43	26	11,168
6	43	30	26,099
6	43	32	2,572
6	43	33	31,783
6	43	37	2,248
6	43	41	10,232
6	43	58	3,466
6	43	59	4,443
6	43	69	4,657
6	43	79	6,159
6	43	90	9,431
6	43	92	12,11
6	43	99	0,8
6	58	2	10,807
6	58	5	1,062
6	58	8	2,34
6	58	12	2,976
6	58	13	3,836
6	58	14	4,175
6	58	18	10,342
6	58	19	1,437
6	58	25	2,073
6	58	26	7,703
6	58	30	4,953
6	58	32	6,01
6	58	33	12,855
6	58	37	11,053
6	58	41	6,067
6	58	43	2,499
6	58	59	4,22
6	58	69	0,599
6	58	79	4,47
6	58	90	2,362
6	58	92	10,603
6	58	99	6,88
6	59	2	1,259
6	59	5	26,964
6	59	8	1,659
6	59	12	3,728
6	59	13	5,198
6	59	14	10,264
6	59	18	2,421
6	59	19	3,209
6	59	25	8,264
6	59	26	3,7
6	59	30	11,235
6	59	32	1,201
6	59	33	7,939
6	59	37	11,957
6	59	41	10,569
6	59	43	2,531
6	59	58	9,003
6	59	69	14,968
6	59	79	1,134
6	59	90	1,676
6	59	92	7,175
6	59	99	1,188
6	69	2	1,341
6	69	5	8,863
6	69	8	5,96
6	69	12	4,279
6	69	13	14,994
6	69	14	4,657
6	69	18	9,612
6	69	19	1,443
6	69	25	5,135
6	69	26	16,809
6	69	30	5,753
6	69	32	5,797
6	69	33	1,414
6	69	37	0,97
6	69	41	9,207
6	69	43	6,074
6	69	58	6,861
6	69	59	7,578
6	69	79	2,694
6	69	90	5,9
6	69	92	28,628
6	69	99	2,411
6	79	2	8,065
6	79	5	1,478
6	79	8	9,336
6	79	12	6,335
6	79	13	6,208
6	79	14	21,613
6	79	18	0,642
6	79	19	2,367
6	79	25	0,553
6	79	26	0,882
6	79	30	7,936
6	79	32	6,646
6	79	33	3,406
6	79	37	8,866
6	79	41	5,441
6	79	43	1,105
6	79	58	2,494
6	79	59	2,479
6	79	69	2,169
6	79	90	0,588
6	79	92	5,446
6	79	99	6,182
6	90	2	5,527
6	90	5	0,842
6	90	8	1,123
6	90	12	7,666
6	90	13	3,263
6	90	14	7,102
6	90	18	14,99
6	90	19	5,289
6	90	25	2,714
6	90	26	14,47
6	90	30	16,495
6	90	32	1,905
6	90	33	3,461
6	90	37	16,3
6	90	41	7,009
6	90	43	0,974
6	90	58	5,925
6	90	59	6,304
6	90	69	0,556
6	90	79	0,78
6	90	92	4,182
6	90	99	8,334
6	92	2	4,447
6	92	5	7,043
6	92	8	4,547
6	92	12	2,762
6	92	13	2,013
6	92	14	7,795
6	92	18	18,428
6	92	19	1,624
6	92	25	4,428
6	92	26	5,658
6	92	30	4,803
6	92	32	12,148
6	92	33	2,333
6	92	37	7,308
6	92	41	3,587
6	92	43	19,331
6	92	58	0,919
6	92	59	2,57
6	92	69	0,603
6	92	79	3,24
6	92	90	0,779
6	92	99	2,732
6	99	2	2,415
6	99	5	2,43
6	99	8	22,957
6	99	12	6,39
6	99	13	1,839
6	99	14	1,327
6	99	18	24,452
6	99	19	0,756
6	99	25	5,792
6	99	26	6,847
6	99	30	2,068
6	99	32	7,315
6	99	33	15,806
6	99	37	3,174
6	99	41	3,33
6	99	43	20,312
6	99	58	8,917
6	99	59	5,447
6	99	69	0,685
6	99	79	1,779
6	99	90	1,019
6	99	92	13,272
7	2	4	3,316
7	2	16	5,874
7	2	20	4,785
7	2	21	8,825
7	2	23	2,479
7	2	24	1,47
7	2	27	1,505
7	2	37	12,341
7	2	39	2,09
7	2	42	2,29
7	2	43	9,441
7	2	48	6,263
7	2	54	1,762
7	2	59	1,364
7	2	63	19,68
7	2	64	3,391
7	2	65	8,279
7	2	70	33,993
7	2	71	29,376
7	2	74	3,146
7	2	76	3,94
7	2	81	2,065
7	2	82	2,21
7	2	84	2,027
7	2	86	0,822
7	2	87	4,694
7	2	89	26,123
7	2	92	4,971
7	2	95	2,2
7	2	96	0,562
7	2	100	0,837
7	4	2	18,245
7	4	16	3,497
7	4	20	17,963
7	4	21	15,854
7	4	23	3,115
7	4	24	2,749
7	4	27	4,645
7	4	37	2,682
7	4	39	2,135
7	4	42	3,109
7	4	43	6,115
7	4	48	2,883
7	4	54	0,583
7	4	59	10,158
7	4	63	8,092
7	4	64	1,398
7	4	65	1,255
7	4	70	1,211
7	4	71	4,447
7	4	74	24,423
7	4	76	1,774
7	4	81	3,929
7	4	82	0,654
7	4	84	2,916
7	4	86	4,177
7	4	87	10,608
7	4	89	4,668
7	4	92	3,681
7	4	95	0,856
7	4	96	1,413
7	4	100	0,521
7	16	2	1,203
7	16	4	17,668
7	16	20	20,842
7	16	21	5,552
7	16	23	1,674
7	16	24	2,654
7	16	27	10,26
7	16	37	6,239
7	16	39	0,575
7	16	42	4,273
7	16	43	7,05
7	16	48	0,954
7	16	54	19,11
7	16	59	20,127
7	16	63	8,949
7	16	64	18,54
7	16	65	3,595
7	16	70	0,932
7	16	71	4,406
7	16	74	17,346
7	16	76	1,957
7	16	81	2,976
7	16	82	3,126
7	16	84	1,898
7	16	86	1,672
7	16	87	2,968
7	16	89	5,429
7	16	92	0,829
7	16	95	3,26
7	16	96	16,083
7	16	100	1,568
7	20	2	8,062
7	20	4	1,84
7	20	16	4,471
7	20	21	2,848
7	20	23	3,346
7	20	24	1,665
7	20	27	8,174
7	20	37	10,053
7	20	39	0,834
7	20	42	12,428
7	20	43	1,016
7	20	48	8,919
7	20	54	2,454
7	20	59	3,349
7	20	63	5,447
7	20	64	2,011
7	20	65	0,739
7	20	70	2,087
7	20	71	3,635
7	20	74	0,893
7	20	76	6,593
7	20	81	8,362
7	20	82	11,155
7	20	84	2,366
7	20	86	1,362
7	20	87	3,571
7	20	89	0,506
7	20	92	1,783
7	20	95	2,42
7	20	96	1,269
7	20	100	17,894
7	21	2	0,864
7	21	4	5,699
7	21	16	1,875
7	21	20	3,686
7	21	23	32,372
7	21	24	2,35
7	21	27	2,285
7	21	37	12,854
7	21	39	0,926
7	21	42	1,122
7	21	43	25,484
7	21	48	5,434
7	21	54	0,863
7	21	59	7,765
7	21	63	0,506
7	21	64	10,252
7	21	65	19,636
7	21	70	4,058
7	21	71	15,35
7	21	74	1,001
7	21	76	16,42
7	21	81	29
7	21	82	2,169
7	21	84	21,01
7	21	86	2,006
7	21	87	1,92
7	21	89	70,019
7	21	92	2,053
7	21	95	10,022
7	21	96	0,84
7	21	100	0,976
7	23	2	4,351
7	23	4	2,476
7	23	16	0,648
7	23	20	0,905
7	23	21	2,762
7	23	24	14,417
7	23	27	1,185
7	23	37	6,113
7	23	39	3,491
7	23	42	11,672
7	23	43	14,258
7	23	48	14,185
7	23	54	21,846
7	23	59	1,574
7	23	63	4,952
7	23	64	6,323
7	23	65	3,301
7	23	70	1,323
7	23	71	0,536
7	23	74	43,948
7	23	76	5,473
7	23	81	7,501
7	23	82	2,044
7	23	84	9,088
7	23	86	10,59
7	23	87	4,266
7	23	89	5,263
7	23	92	3,346
7	23	95	23,342
7	23	96	2,983
7	23	100	6,719
7	24	2	22,602
7	24	4	7,938
7	24	16	1,838
7	24	20	1,607
7	24	21	2,169
7	24	23	0,747
7	24	27	3,95
7	24	37	2,02
7	24	39	3,412
7	24	42	2,3
7	24	43	1,733
7	24	48	4,303
7	24	54	1,024
7	24	59	1,793
7	24	63	1,386
7	24	64	5,213
7	24	65	3,696
7	24	70	8,814
7	24	71	1,272
7	24	74	1,404
7	24	76	8,104
7	24	81	2,142
7	24	82	25,085
7	24	84	5,11
7	24	86	2,449
7	24	87	1,902
7	24	89	7,109
7	24	92	11,49
7	24	95	11,79
7	24	96	1,272
7	24	100	2,312
7	27	2	2,897
7	27	4	15,573
7	27	16	2,393
7	27	20	3,331
7	27	21	14,418
7	27	23	3,566
7	27	24	4,646
7	27	37	8,717
7	27	39	6,418
7	27	42	10,202
7	27	43	2,353
7	27	48	1,264
7	27	54	2,733
7	27	59	7,333
7	27	63	4,431
7	27	64	13,678
7	27	65	31,04
7	27	70	20,127
7	27	71	1,051
7	27	74	4,815
7	27	76	11,145
7	27	81	0,709
7	27	82	2,858
7	27	84	13,234
7	27	86	1,593
7	27	87	3,808
7	27	89	0,718
7	27	92	2,446
7	27	95	9,007
7	27	96	7,016
7	27	100	1,878
7	37	2	3,084
7	37	4	4,399
7	37	16	0,63
7	37	20	18,75
7	37	21	3,179
7	37	23	7,711
7	37	24	1,31
7	37	27	1,549
7	37	39	3,641
7	37	42	1,419
7	37	43	6,151
7	37	48	5,326
7	37	54	2,169
7	37	59	11,296
7	37	63	5,485
7	37	64	2,205
7	37	65	3,394
7	37	70	0,701
7	37	71	2,674
7	37	74	6,452
7	37	76	0,518
7	37	81	24,925
7	37	82	1,437
7	37	84	1,49
7	37	86	21,825
7	37	87	7,1
7	37	89	1,066
7	37	92	20,095
7	37	95	2,316
7	37	96	12,068
7	37	100	4,916
7	39	2	10,195
7	39	4	3,518
7	39	16	8,723
7	39	20	11,3
7	39	21	22,629
7	39	23	0,554
7	39	24	8,459
7	39	27	1,514
7	39	37	11,696
7	39	42	4,412
7	39	43	11,842
7	39	48	2,331
7	39	54	1,563
7	39	59	2,391
7	39	63	13,77
7	39	64	3,052
7	39	65	18,723
7	39	70	26,248
7	39	71	2,693
7	39	74	1,125
7	39	76	5,468
7	39	81	4,413
7	39	82	0,556
7	39	84	7,922
7	39	86	0,819
7	39	87	6,437
7	39	89	11,371
7	39	92	2,27
7	39	95	1,215
7	39	96	2,08
7	39	100	5,587
7	42	2	1,164
7	42	4	11,046
7	42	16	7,86
7	42	20	12,774
7	42	21	4,195
7	42	23	2,314
7	42	24	10,657
7	42	27	5,766
7	42	37	1,973
7	42	39	1,769
7	42	43	8,429
7	42	48	1,572
7	42	54	3,928
7	42	59	5,516
7	42	63	3,619
7	42	64	4,002
7	42	65	6,944
7	42	70	11,369
7	42	71	6,402
7	42	74	7,599
7	42	76	1,937
7	42	81	25,405
7	42	82	1,515
7	42	84	2,556
7	42	86	0,954
7	42	87	17,585
7	42	89	5,793
7	42	92	2,307
7	42	95	19,897
7	42	96	1,986
7	42	100	2,297
7	43	2	1,549
7	43	4	6,428
7	43	16	4,967
7	43	20	0,793
7	43	21	1,422
7	43	23	0,685
7	43	24	20,677
7	43	27	3,755
7	43	37	8,311
7	43	39	4,195
7	43	42	1,725
7	43	48	1,87
7	43	54	6,925
7	43	59	2,211
7	43	63	3,511
7	43	64	0,845
7	43	65	5,152
7	43	70	2,175
7	43	71	13,269
7	43	74	0,804
7	43	76	2,689
7	43	81	1,428
7	43	82	4,037
7	43	84	3,784
7	43	86	2,018
7	43	87	1,517
7	43	89	3,567
7	43	92	3,092
7	43	95	1,084
7	43	96	2,577
7	43	100	35,984
7	48	2	10,282
7	48	4	12,903
7	48	16	9,734
7	48	20	0,684
7	48	21	9,118
7	48	23	9,925
7	48	24	12,966
7	48	27	20,801
7	48	37	4,184
7	48	39	10,658
7	48	42	14,565
7	48	43	5,055
7	48	54	2,957
7	48	59	2,211
7	48	63	4,827
7	48	64	12,146
7	48	65	0,825
7	48	70	0,696
7	48	71	1,217
7	48	74	3,84
7	48	76	19,542
7	48	81	4,622
7	48	82	5,413
7	48	84	1,721
7	48	86	1,092
7	48	87	1,695
7	48	89	3,869
7	48	92	0,546
7	48	95	12,605
7	48	96	13,167
7	48	100	0,673
7	54	2	2,122
7	54	4	7,548
7	54	16	3,076
7	54	20	2,591
7	54	21	1,065
7	54	23	24,186
7	54	24	2,753
7	54	27	5,62
7	54	37	1,012
7	54	39	2,311
7	54	42	1,059
7	54	43	34,365
7	54	48	2,557
7	54	59	3,435
7	54	63	12,623
7	54	64	2,89
7	54	65	1,143
7	54	70	1,585
7	54	71	14,472
7	54	74	5,855
7	54	76	7,388
7	54	81	9,195
7	54	82	16,195
7	54	84	2,95
7	54	86	0,98
7	54	87	1,078
7	54	89	0,606
7	54	92	7,986
7	54	95	5,501
7	54	96	7,536
7	54	100	0,679
7	59	2	2,887
7	59	4	14,471
7	59	16	5,083
7	59	20	2,207
7	59	21	0,794
7	59	23	8,655
7	59	24	4,92
7	59	27	13,828
7	59	37	0,748
7	59	39	37,214
7	59	42	2,147
7	59	43	10,899
7	59	48	1,248
7	59	54	3,204
7	59	63	2,848
7	59	64	11,9
7	59	65	7,818
7	59	70	4,64
7	59	71	0,758
7	59	74	1,847
7	59	76	2,281
7	59	81	12,304
7	59	82	8,479
7	59	84	1,924
7	59	86	7,515
7	59	87	7,307
7	59	89	0,649
7	59	92	7,499
7	59	95	2,767
7	59	96	7,151
7	59	100	10,928
7	63	2	2,468
7	63	4	6,957
7	63	16	10,218
7	63	20	7,173
7	63	21	48,289
7	63	23	2,511
7	63	24	5,354
7	63	27	1,012
7	63	37	1,066
7	63	39	1,054
7	63	42	13,356
7	63	43	3,857
7	63	48	5,151
7	63	54	0,63
7	63	59	2,153
7	63	64	3,378
7	63	65	2,54
7	63	70	1,207
7	63	71	14,063
7	63	74	6,97
7	63	76	10,633
7	63	81	4,916
7	63	82	12,502
7	63	84	5,473
7	63	86	2,517
7	63	87	19,198
7	63	89	1,244
7	63	92	10,025
7	63	95	3,686
7	63	96	5,563
7	63	100	9,717
7	64	2	0,593
7	64	4	4,761
7	64	16	4,752
7	64	20	7,561
7	64	21	2,96
7	64	23	21,76
7	64	24	0,822
7	64	27	2,093
7	64	37	10,316
7	64	39	21,679
7	64	42	10,309
7	64	43	0,79
7	64	48	12,394
7	64	54	9,733
7	64	59	4,565
7	64	63	35,058
7	64	65	5,95
7	64	70	3,36
7	64	71	1,794
7	64	74	6,284
7	64	76	1,45
7	64	81	7,813
7	64	82	0,979
7	64	84	13,927
7	64	86	2,002
7	64	87	1,634
7	64	89	2,404
7	64	92	8,636
7	64	95	18,896
7	64	96	3,835
7	64	100	1,623
7	65	2	5,769
7	65	4	4,586
7	65	16	0,843
7	65	20	0,755
7	65	21	4,234
7	65	23	8,421
7	65	24	32,123
7	65	27	3,859
7	65	37	2,238
7	65	39	4,048
7	65	42	3,101
7	65	43	7,323
7	65	48	1,208
7	65	54	4,299
7	65	59	5,724
7	65	63	1,007
7	65	64	3,443
7	65	70	5,225
7	65	71	15,381
7	65	74	3,133
7	65	76	2,434
7	65	81	1,989
7	65	82	3,879
7	65	84	6,487
7	65	86	3,105
7	65	87	14,498
7	65	89	7,257
7	65	92	7,475
7	65	95	9,218
7	65	96	3,429
7	65	100	2,485
7	70	2	1,053
7	70	4	1,523
7	70	16	18,141
7	70	20	0,819
7	70	21	7,573
7	70	23	0,674
7	70	24	1,334
7	70	27	4,855
7	70	37	2,626
7	70	39	2,63
7	70	42	1,621
7	70	43	1,313
7	70	48	9,204
7	70	54	3,029
7	70	59	3,977
7	70	63	1,25
7	70	64	9,219
7	70	65	3,671
7	70	71	8,53
7	70	74	0,519
7	70	76	0,867
7	70	81	5,832
7	70	82	0,537
7	70	84	5,604
7	70	86	2,267
7	70	87	3,404
7	70	89	8,705
7	70	92	2,334
7	70	95	2,51
7	70	96	4,313
7	70	100	4,791
7	71	2	8,318
7	71	4	5,596
7	71	16	5,836
7	71	20	3,301
7	71	21	0,612
7	71	23	1,553
7	71	24	2,472
7	71	27	6,763
7	71	37	0,741
7	71	39	0,912
7	71	42	3,976
7	71	43	8,758
7	71	48	4,827
7	71	54	4,746
7	71	59	4,09
7	71	63	7,061
7	71	64	1,72
7	71	65	3,531
7	71	70	5,216
7	71	74	7,16
7	71	76	3,906
7	71	81	28,877
7	71	82	0,793
7	71	84	6,073
7	71	86	1,348
7	71	87	0,931
7	71	89	1,631
7	71	92	11,427
7	71	95	9,218
7	71	96	1,632
7	71	100	9,478
7	74	2	2,229
7	74	4	3,839
7	74	16	3,09
7	74	20	5,55
7	74	21	3,294
7	74	23	9,38
7	74	24	0,748
7	74	27	4,107
7	74	37	11,577
7	74	39	1,786
7	74	42	4,059
7	74	43	4,942
7	74	48	4,902
7	74	54	15,811
7	74	59	2,42
7	74	63	0,964
7	74	64	4,225
7	74	65	2,054
7	74	70	10,449
7	74	71	9,811
7	74	76	6,834
7	74	81	18,012
7	74	82	2,002
7	74	84	29,841
7	74	86	9,837
7	74	87	12,027
7	74	89	5,042
7	74	92	2,438
7	74	95	11,446
7	74	96	14,128
7	74	100	6,146
7	76	2	2,374
7	76	4	7,086
7	76	16	2,472
7	76	20	7,203
7	76	21	6,831
7	76	23	5,192
7	76	24	5,545
7	76	27	1,717
7	76	37	3,423
7	76	39	1,612
7	76	42	2,833
7	76	43	0,591
7	76	48	2,923
7	76	54	3,123
7	76	59	8,485
7	76	63	7,788
7	76	64	3,74
7	76	65	2,126
7	76	70	5,96
7	76	71	0,985
7	76	74	1,733
7	76	81	5,863
7	76	82	2,084
7	76	84	16,569
7	76	86	17,211
7	76	87	3,127
7	76	89	0,597
7	76	92	1,048
7	76	95	4,465
7	76	96	4,371
7	76	100	26,815
7	81	2	1,304
7	81	4	4,456
7	81	16	7,102
7	81	20	6,625
7	81	21	5,941
7	81	23	0,867
7	81	24	10,318
7	81	27	3,24
7	81	37	0,522
7	81	39	0,766
7	81	42	1,607
7	81	43	6,176
7	81	48	5,235
7	81	54	1,225
7	81	59	14,329
7	81	63	13,069
7	81	64	6,329
7	81	65	8,962
7	81	70	1,13
7	81	71	8,195
7	81	74	7,74
7	81	76	26,517
7	81	82	6,812
7	81	84	10,036
7	81	86	13,767
7	81	87	3,504
7	81	89	2,301
7	81	92	3,172
7	81	95	0,603
7	81	96	3,342
7	81	100	1,987
7	82	2	14,525
7	82	4	1,427
7	82	16	16,159
7	82	20	6,852
7	82	21	2,285
7	82	23	1,677
7	82	24	2,31
7	82	27	1,509
7	82	37	2,501
7	82	39	0,645
7	82	42	1,005
7	82	43	9,074
7	82	48	3,993
7	82	54	1,995
7	82	59	18,558
7	82	63	12,799
7	82	64	2,529
7	82	65	1,947
7	82	70	1,617
7	82	71	4,736
7	82	74	28,236
7	82	76	11,234
7	82	81	3,025
7	82	84	7,176
7	82	86	10,501
7	82	87	1,836
7	82	89	10,948
7	82	92	5,515
7	82	95	6,49
7	82	96	11,466
7	82	100	18,084
7	84	2	4,234
7	84	4	12,143
7	84	16	1,568
7	84	20	10,433
7	84	21	1,053
7	84	23	5,395
7	84	24	4,195
7	84	27	18,47
7	84	37	17,692
7	84	39	26,249
7	84	42	21,705
7	84	43	2,933
7	84	48	0,784
7	84	54	3,697
7	84	59	14,508
7	84	63	4,524
7	84	64	7,052
7	84	65	21,67
7	84	70	11,298
7	84	71	5,758
7	84	74	4,57
7	84	76	6,141
7	84	81	7,432
7	84	82	2,285
7	84	86	1,561
7	84	87	16,049
7	84	89	2,22
7	84	92	17,628
7	84	95	2,744
7	84	96	2,146
7	84	100	10,195
7	86	2	7,807
7	86	4	3,605
7	86	16	7,787
7	86	20	6,898
7	86	21	1,964
7	86	23	0,895
7	86	24	3,153
7	86	27	5,293
7	86	37	13,294
7	86	39	2,122
7	86	42	17,714
7	86	43	3,446
7	86	48	0,553
7	86	54	1,383
7	86	59	9,822
7	86	63	9,667
7	86	64	6,118
7	86	65	4,06
7	86	70	11,26
7	86	71	7,458
7	86	74	2,259
7	86	76	2,74
7	86	81	0,999
7	86	82	6,346
7	86	84	7,475
7	86	87	3,237
7	86	89	3,087
7	86	92	8,892
7	86	95	2,806
7	86	96	2,354
7	86	100	2,042
7	87	2	0,542
7	87	4	0,982
7	87	16	15,018
7	87	20	2,324
7	87	21	2,074
7	87	23	16,455
7	87	24	1,754
7	87	27	28,54
7	87	37	2,164
7	87	39	0,541
7	87	42	24,721
7	87	43	1,487
7	87	48	5,5
7	87	54	0,802
7	87	59	4,597
7	87	63	1,131
7	87	64	6,098
7	87	65	2,986
7	87	70	20,109
7	87	71	10,984
7	87	74	13,527
7	87	76	39,328
7	87	81	7,64
7	87	82	1,135
7	87	84	3,442
7	87	86	10,302
7	87	89	0,823
7	87	92	0,63
7	87	95	4,394
7	87	96	4,444
7	87	100	4,435
7	89	2	1,586
7	89	4	2,965
7	89	16	8,492
7	89	20	1,644
7	89	21	3,525
7	89	23	3,713
7	89	24	1,052
7	89	27	4,989
7	89	37	3,703
7	89	39	1,681
7	89	42	6,611
7	89	43	19,418
7	89	48	5,32
7	89	54	2,095
7	89	59	1,414
7	89	63	4,069
7	89	64	5,209
7	89	65	10,407
7	89	70	4,978
7	89	71	2,033
7	89	74	0,568
7	89	76	4,854
7	89	81	5,241
7	89	82	1,485
7	89	84	14,952
7	89	86	4,187
7	89	87	3,258
7	89	92	4,922
7	89	95	4,882
7	89	96	7,491
7	89	100	6,799
7	92	2	1,441
7	92	4	9,935
7	92	16	2,893
7	92	20	1,432
7	92	21	7,303
7	92	23	2,794
7	92	24	11,26
7	92	27	0,556
7	92	37	4,582
7	92	39	1,659
7	92	42	0,517
7	92	43	4,726
7	92	48	11,289
7	92	54	1,207
7	92	59	20,416
7	92	63	7,832
7	92	64	4,483
7	92	65	17,801
7	92	70	8,081
7	92	71	9,166
7	92	74	13,883
7	92	76	5,045
7	92	81	5,228
7	92	82	10,697
7	92	84	5,916
7	92	86	8,439
7	92	87	1,639
7	92	89	2,281
7	92	95	12,759
7	92	96	3,02
7	92	100	2,43
7	95	2	1,057
7	95	4	2,366
7	95	16	4,317
7	95	20	6,052
7	95	21	6,996
7	95	23	6,811
7	95	24	2,568
7	95	27	2,78
7	95	37	31,905
7	95	39	0,991
7	95	42	5,144
7	95	43	4,753
7	95	48	6,775
7	95	54	3,745
7	95	59	2,201
7	95	63	37,047
7	95	64	3,702
7	95	65	8,532
7	95	70	1,568
7	95	71	13,585
7	95	74	2,907
7	95	76	3,776
7	95	81	5,446
7	95	82	1,342
7	95	84	15,876
7	95	86	2,061
7	95	87	2,898
7	95	89	3,373
7	95	92	13,197
7	95	96	10,378
7	95	100	6,632
7	96	2	5,612
7	96	4	1,461
7	96	16	0,546
7	96	20	3,29
7	96	21	13,265
7	96	23	5,192
7	96	24	9,318
7	96	27	3,037
7	96	37	13,047
7	96	39	14,858
7	96	42	8,739
7	96	43	1,978
7	96	48	24,443
7	96	54	4,377
7	96	59	2,174
7	96	63	2,231
7	96	64	0,782
7	96	65	1,367
7	96	70	3,527
7	96	71	8,052
7	96	74	7,98
7	96	76	17,238
7	96	81	2,816
7	96	82	3,114
7	96	84	14,861
7	96	86	20,472
7	96	87	4,884
7	96	89	1,642
7	96	92	19,455
7	96	95	3,009
7	96	100	14,538
7	100	2	17,292
7	100	4	6,007
7	100	16	2,608
7	100	20	6,72
7	100	21	4,566
7	100	23	1,679
7	100	24	5,467
7	100	27	4,689
7	100	37	7,973
7	100	39	14,546
7	100	42	5,217
7	100	43	3,254
7	100	48	13,834
7	100	54	1,792
7	100	59	2,526
7	100	63	13,088
7	100	64	11,511
7	100	65	9,507
7	100	70	7,957
7	100	71	6,596
7	100	74	16,734
7	100	76	3,391
7	100	81	7,094
7	100	82	8,622
7	100	84	5,732
7	100	86	2,927
7	100	87	10,927
7	100	89	2,874
7	100	92	1,246
7	100	95	2,02
7	100	96	1,429
8	2	6	9,893
8	2	7	8,588
8	2	11	2,571
8	2	26	2,08
8	2	28	1,434
8	2	30	2,667
8	2	32	30,666
8	2	40	16,583
8	2	47	7,44
8	2	60	20,136
8	2	73	3,333
8	2	75	25,627
8	2	76	1,528
8	2	86	3,761
8	2	91	2,212
8	2	96	22,861
8	2	98	11,707
8	6	2	36,109
8	6	7	5,22
8	6	11	0,866
8	6	26	14,322
8	6	28	14,572
8	6	30	0,772
8	6	32	0,502
8	6	40	6,808
8	6	47	4,687
8	6	60	6,639
8	6	73	2,041
8	6	75	1,75
8	6	76	0,601
8	6	86	2,733
8	6	91	12,043
8	6	96	4,92
8	6	98	0,739
8	7	2	9,515
8	7	6	4,323
8	7	11	3,644
8	7	26	1,479
8	7	28	2,861
8	7	30	3,732
8	7	32	12,074
8	7	40	4,553
8	7	47	22,004
8	7	60	3,124
8	7	73	0,617
8	7	75	0,601
8	7	76	4,028
8	7	86	6,106
8	7	91	6,001
8	7	96	2,394
8	7	98	14,106
8	11	2	9,532
8	11	6	5,054
8	11	7	2,471
8	11	26	17,02
8	11	28	1,653
8	11	30	10,328
8	11	32	5,718
8	11	40	4,856
8	11	47	7,457
8	11	60	14,765
8	11	73	7,23
8	11	75	6,931
8	11	76	8,188
8	11	86	2,861
8	11	91	2,434
8	11	96	11,173
8	11	98	2,797
8	26	2	0,977
8	26	6	6,493
8	26	7	16,015
8	26	11	10,711
8	26	28	2,059
8	26	30	4,337
8	26	32	53,865
8	26	40	2,335
8	26	47	4,651
8	26	60	12,412
8	26	73	5,503
8	26	75	2,397
8	26	76	5,363
8	26	86	2,63
8	26	91	0,621
8	26	96	1,99
8	26	98	3,628
8	28	2	3,085
8	28	6	31,681
8	28	7	3,353
8	28	11	3,984
8	28	26	0,999
8	28	30	7,065
8	28	32	11,125
8	28	40	0,753
8	28	47	5,522
8	28	60	10,518
8	28	73	26,793
8	28	75	2,036
8	28	76	0,836
8	28	86	3,09
8	28	91	6,88
8	28	96	7,352
8	28	98	2,101
8	30	2	9,553
8	30	6	39,508
8	30	7	5,112
8	30	11	1,245
8	30	26	2,892
8	30	28	7,114
8	30	32	6,249
8	30	40	4,892
8	30	47	4,102
8	30	60	2,538
8	30	73	0,808
8	30	75	8,501
8	30	76	77,633
8	30	86	10,572
8	30	91	2,586
8	30	96	0,698
8	30	98	9,515
8	32	2	3,264
8	32	6	2,618
8	32	7	2,43
8	32	11	5,849
8	32	26	2,295
8	32	28	5,532
8	32	30	10,074
8	32	40	7,02
8	32	47	7,319
8	32	60	0,801
8	32	73	15,084
8	32	75	4,796
8	32	76	3,952
8	32	86	11,616
8	32	91	2,241
8	32	96	4,597
8	32	98	8,496
8	40	2	8,283
8	40	6	3,1
8	40	7	0,927
8	40	11	0,916
8	40	26	3,834
8	40	28	1,138
8	40	30	1,417
8	40	32	5,029
8	40	47	1,786
8	40	60	2,122
8	40	73	22,308
8	40	75	1,817
8	40	76	6,597
8	40	86	2,483
8	40	91	1,1
8	40	96	1,466
8	40	98	9,138
8	47	2	4,302
8	47	6	5,5
8	47	7	2,004
8	47	11	4,23
8	47	26	5,542
8	47	28	1,526
8	47	30	3,704
8	47	32	2,694
8	47	40	1,914
8	47	60	1,129
8	47	73	10,077
8	47	75	5,226
8	47	76	7,24
8	47	86	11,987
8	47	91	5,155
8	47	96	14,331
8	47	98	7,386
8	60	2	0,95
8	60	6	8,679
8	60	7	4
8	60	11	7,964
8	60	26	8,59
8	60	28	12,338
8	60	30	2,097
8	60	32	3,202
8	60	40	5,723
8	60	47	1,12
8	60	73	1,909
8	60	75	2,595
8	60	76	6,424
8	60	86	0,717
8	60	91	6,713
8	60	96	5,36
8	60	98	2,347
8	73	2	1,592
8	73	6	1,497
8	73	7	2,725
8	73	11	9,994
8	73	26	6,248
8	73	28	4,126
8	73	30	1,184
8	73	32	21,442
8	73	40	0,558
8	73	47	9,344
8	73	60	14,001
8	73	75	2,777
8	73	76	1,827
8	73	86	2,636
8	73	91	0,854
8	73	96	1,421
8	73	98	3,089
8	75	2	12,111
8	75	6	0,548
8	75	7	0,61
8	75	11	3,69
8	75	26	3,936
8	75	28	8,88
8	75	30	8,397
8	75	32	1,566
8	75	40	22,778
8	75	47	4,345
8	75	60	3,572
8	75	73	2,634
8	75	76	1,322
8	75	86	3,467
8	75	91	0,55
8	75	96	6,84
8	75	98	6,364
8	76	2	20,709
8	76	6	3,087
8	76	7	4,534
8	76	11	0,584
8	76	26	4,455
8	76	28	8,367
8	76	30	12,193
8	76	32	3,343
8	76	40	10,273
8	76	47	0,92
8	76	60	4,396
8	76	73	3,25
8	76	75	1,067
8	76	86	19,073
8	76	91	1,351
8	76	96	10,457
8	76	98	26,452
8	86	2	2,205
8	86	6	14,625
8	86	7	4,618
8	86	11	10,49
8	86	26	7,295
8	86	28	15,809
8	86	30	13
8	86	32	10,22
8	86	40	0,783
8	86	47	10,921
8	86	60	6,932
8	86	73	11,441
8	86	75	6,697
8	86	76	3,997
8	86	91	5,429
8	86	96	0,704
8	86	98	5,874
8	91	2	10,866
8	91	6	13,637
8	91	7	5,49
8	91	11	7,994
8	91	26	19,976
8	91	28	3,602
8	91	30	3,418
8	91	32	3,447
8	91	40	4,937
8	91	47	0,67
8	91	60	13,527
8	91	73	1,069
8	91	75	4,73
8	91	76	5,846
8	91	86	1,114
8	91	96	3,617
8	91	98	17,394
8	96	2	4,248
8	96	6	2,738
8	96	7	22,995
8	96	11	3,022
8	96	26	2,887
8	96	28	5,586
8	96	30	10,451
8	96	32	3,034
8	96	40	2,911
8	96	47	11,944
8	96	60	3,411
8	96	73	2,936
8	96	75	0,927
8	96	76	3,065
8	96	86	7,393
8	96	91	4,207
8	96	98	5,941
8	98	2	1,251
8	98	6	5,415
8	98	7	2,357
8	98	11	4,398
8	98	26	5,745
8	98	28	2,217
8	98	30	4,089
8	98	32	6,505
8	98	40	3,565
8	98	47	1,547
8	98	60	1,457
8	98	73	29,445
8	98	75	2,954
8	98	76	3,9
8	98	86	1,469
8	98	91	3,548
8	98	96	4,231
9	1	2	7,658
9	1	4	0,925
9	1	12	4,189
9	1	19	1,917
9	1	26	2,084
9	1	31	8,296
9	1	35	10,468
9	1	38	0,756
9	1	40	8,128
9	1	44	1,859
9	1	51	6,823
9	1	52	0,98
9	1	72	8,392
9	1	79	8,059
9	1	80	11,809
9	1	83	8,67
9	1	98	17,091
9	2	1	0,798
9	2	4	3,006
9	2	12	1,473
9	2	19	21,749
9	2	26	3,056
9	2	31	5,359
9	2	35	12,045
9	2	38	5,965
9	2	40	3,85
9	2	44	24,216
9	2	51	2,48
9	2	52	1,799
9	2	72	4,361
9	2	79	16,877
9	2	80	4,899
9	2	83	3,479
9	2	98	7,939
9	4	1	4,967
9	4	2	13,648
9	4	12	6,752
9	4	19	3,942
9	4	26	1,219
9	4	31	6,977
9	4	35	8,876
9	4	38	1,797
9	4	40	21,275
9	4	44	1,095
9	4	51	1,649
9	4	52	1,291
9	4	72	6,9
9	4	79	5,504
9	4	80	1,829
9	4	83	3,164
9	4	98	27,526
9	12	1	2,44
9	12	2	0,637
9	12	4	16,547
9	12	19	5,614
9	12	26	0,98
9	12	31	1,269
9	12	35	1,082
9	12	38	1,56
9	12	40	13,328
9	12	44	5,044
9	12	51	1,198
9	12	52	5,014
9	12	72	13,25
9	12	79	1,14
9	12	80	7,082
9	12	83	14,061
9	12	98	0,814
9	19	1	5,277
9	19	2	15,625
9	19	4	1,979
9	19	12	2,158
9	19	26	8,631
9	19	31	3,475
9	19	35	1,657
9	19	38	3,162
9	19	40	6,526
9	19	44	2,911
9	19	51	3,436
9	19	52	3,028
9	19	72	0,624
9	19	79	1,387
9	19	80	7,684
9	19	83	0,739
9	19	98	3,354
9	26	1	4,031
9	26	2	7,258
9	26	4	0,579
9	26	12	5,584
9	26	19	20,577
9	26	31	15,43
9	26	35	1,534
9	26	38	4,466
9	26	40	17,661
9	26	44	3,33
9	26	51	10,242
9	26	52	15,743
9	26	72	0,684
9	26	79	7,085
9	26	80	0,923
9	26	83	1,416
9	26	98	10,052
9	31	1	0,874
9	31	2	15,865
9	31	4	1,158
9	31	12	4,573
9	31	19	6,185
9	31	26	9,406
9	31	35	3,078
9	31	38	1,612
9	31	40	5,087
9	31	44	22,798
9	31	51	0,874
9	31	52	26,439
9	31	72	9,56
9	31	79	0,677
9	31	80	2,079
9	31	83	1,671
9	31	98	12,421
9	35	1	4,358
9	35	2	1,421
9	35	4	6,326
9	35	12	3,456
9	35	19	2,825
9	35	26	3,628
9	35	31	2,504
9	35	38	3,076
9	35	40	7,312
9	35	44	0,958
9	35	51	2,034
9	35	52	4,505
9	35	72	0,741
9	35	79	5,728
9	35	80	10,991
9	35	83	10,639
9	35	98	4,243
9	38	1	0,936
9	38	2	4,119
9	38	4	6,239
9	38	12	0,773
9	38	19	1,309
9	38	26	0,72
9	38	31	0,594
9	38	35	6,506
9	38	40	53,342
9	38	44	9,286
9	38	51	5,793
9	38	52	4,358
9	38	72	0,81
9	38	79	1,419
9	38	80	14,228
9	38	83	0,92
9	38	98	1,594
9	40	1	0,635
9	40	2	20,372
9	40	4	1,94
9	40	12	2,315
9	40	19	3,653
9	40	26	3,281
9	40	31	9,057
9	40	35	11,15
9	40	38	18,491
9	40	44	1,316
9	40	51	15,106
9	40	52	6,709
9	40	72	3,317
9	40	79	0,731
9	40	80	3,762
9	40	83	0,525
9	40	98	16,708
9	44	1	14,84
9	44	2	12,485
9	44	4	0,983
9	44	12	1,982
9	44	19	4,17
9	44	26	2,575
9	44	31	0,966
9	44	35	1,027
9	44	38	3,961
9	44	40	3,028
9	44	51	13,614
9	44	52	4,83
9	44	72	11,125
9	44	79	11,334
9	44	80	3,845
9	44	83	3,571
9	44	98	0,545
9	51	1	9,156
9	51	2	1,352
9	51	4	3,396
9	51	12	7,893
9	51	19	6,741
9	51	26	3,725
9	51	31	7,356
9	51	35	0,644
9	51	38	2,153
9	51	40	1,396
9	51	44	2,759
9	51	52	14,94
9	51	72	16,908
9	51	79	0,821
9	51	80	2,043
9	51	83	6,234
9	51	98	1,145
9	52	1	7,47
9	52	2	8,129
9	52	4	1,466
9	52	12	4,257
9	52	19	1,714
9	52	26	8,382
9	52	31	8,537
9	52	35	1,289
9	52	38	3,688
9	52	40	7,748
9	52	44	1,725
9	52	51	4,13
9	52	72	2,066
9	52	79	1,597
9	52	80	19,917
9	52	83	21,214
9	52	98	1,471
9	72	1	12,148
9	72	2	11,015
9	72	4	2,133
9	72	12	1,777
9	72	19	10,965
9	72	26	17
9	72	31	13,547
9	72	35	18,214
9	72	38	2,745
9	72	40	7,956
9	72	44	2,701
9	72	51	1,858
9	72	52	0,687
9	72	79	18,596
9	72	80	8,074
9	72	83	30,051
9	72	98	3,162
9	79	1	3,465
9	79	2	0,825
9	79	4	8,26
9	79	12	1,001
9	79	19	15,557
9	79	26	4,875
9	79	31	14,093
9	79	35	7,546
9	79	38	4,907
9	79	40	2,207
9	79	44	10,87
9	79	51	1,038
9	79	52	18,643
9	79	72	0,971
9	79	80	16,596
9	79	83	25,223
9	79	98	31,457
9	80	1	2,954
9	80	2	2,421
9	80	4	14,323
9	80	12	7,831
9	80	19	0,774
9	80	26	7,692
9	80	31	4,285
9	80	35	1,287
9	80	38	8,956
9	80	40	4,039
9	80	44	8,839
9	80	51	7,814
9	80	52	4,579
9	80	72	5,722
9	80	79	5,982
9	80	83	4,905
9	80	98	13,975
9	83	1	0,713
9	83	2	2,37
9	83	4	3,537
9	83	12	6,126
9	83	19	11,546
9	83	26	11,998
9	83	31	3,062
9	83	35	1,891
9	83	38	8,404
9	83	40	7,514
9	83	44	4,68
9	83	51	3,288
9	83	52	2,865
9	83	72	3,573
9	83	79	1,451
9	83	80	1,388
9	83	98	2,161
9	98	1	4,319
9	98	2	11,695
9	98	4	1,952
9	98	12	3,287
9	98	19	6,978
9	98	26	6,181
9	98	31	4,234
9	98	35	4,277
9	98	38	6,46
9	98	40	6,529
9	98	44	0,881
9	98	51	1,606
9	98	52	2,582
9	98	72	10,097
9	98	79	13,19
9	98	80	1,986
9	98	83	4,566
10	10	13	0,749
10	10	23	17,904
10	10	25	0,911
10	10	27	4,997
10	10	39	1,42
10	10	40	1,522
10	10	44	4,752
10	10	46	4,341
10	10	54	74,898
10	10	62	7,283
10	10	63	10,905
10	10	65	2,952
10	10	94	9,167
10	13	10	3,612
10	13	23	11,588
10	13	25	0,968
10	13	27	1,796
10	13	39	0,578
10	13	40	14,794
10	13	44	1,441
10	13	46	3,107
10	13	54	0,727
10	13	62	2,498
10	13	63	12,392
10	13	65	1,26
10	13	94	1,643
10	23	10	10,105
10	23	13	6,426
10	23	25	2,543
10	23	27	13,125
10	23	39	0,684
10	23	40	21,95
10	23	44	33,447
10	23	46	3,313
10	23	54	2,874
10	23	62	3,487
10	23	63	8,633
10	23	65	19,596
10	23	94	2,099
10	25	10	0,8
10	25	13	25,759
10	25	23	6,134
10	25	27	2,394
10	25	39	2,651
10	25	40	2,956
10	25	44	4,359
10	25	46	1,205
10	25	54	1,39
10	25	62	2,421
10	25	63	1,195
10	25	65	2,414
10	25	94	0,953
10	27	10	1,258
10	27	13	5,187
10	27	23	1,983
10	27	25	4,202
10	27	39	4,527
10	27	40	2,115
10	27	44	1,408
10	27	46	3,044
10	27	54	7,622
10	27	62	1,418
10	27	63	1,565
10	27	65	13,056
10	27	94	2,874
10	39	10	2,169
10	39	13	1,232
10	39	23	9,162
10	39	25	15,802
10	39	27	1,421
10	39	40	1,631
10	39	44	9,389
10	39	46	9,263
10	39	54	10,351
10	39	62	6,716
10	39	63	3,625
10	39	65	52,672
10	39	94	5,016
10	40	10	1,577
10	40	13	2,184
10	40	23	2,569
10	40	25	18,727
10	40	27	10,504
10	40	39	17,757
10	40	44	0,649
10	40	46	1,188
10	40	54	4,471
10	40	62	0,714
10	40	63	5,564
10	40	65	2,487
10	40	94	2,254
10	44	10	1,449
10	44	13	16,438
10	44	23	13,725
10	44	25	1,902
10	44	27	3,811
10	44	39	15,748
10	44	40	9,447
10	44	46	0,984
10	44	54	3,908
10	44	62	4,369
10	44	63	2,374
10	44	65	41,654
10	44	94	1,153
10	46	10	11,928
10	46	13	2,618
10	46	23	7,116
10	46	25	8,858
10	46	27	5,29
10	46	39	21,646
10	46	40	7,735
10	46	44	4,335
10	46	54	1,497
10	46	62	0,817
10	46	63	4,164
10	46	65	5,551
10	46	94	3,434
10	54	10	1,955
10	54	13	2,123
10	54	23	1,987
10	54	25	4,593
10	54	27	3,134
10	54	39	4,696
10	54	40	1,918
10	54	44	2,859
10	54	46	13,016
10	54	62	18,113
10	54	63	3,846
10	54	65	5,349
10	54	94	12,92
10	62	10	3,322
10	62	13	1,984
10	62	23	2,265
10	62	25	13,847
10	62	27	2,346
10	62	39	4,364
10	62	40	3,921
10	62	44	6,528
10	62	46	2,548
10	62	54	6,276
10	62	63	23,502
10	62	65	0,734
10	62	94	7,657
10	63	10	8,704
10	63	13	6,908
10	63	23	5,856
10	63	25	2,026
10	63	27	0,808
10	63	39	15,996
10	63	40	0,922
10	63	44	2,122
10	63	46	1,046
10	63	54	4,525
10	63	62	16,003
10	63	65	6,051
10	63	94	4,204
10	65	10	4,093
10	65	13	10,799
10	65	23	6,895
10	65	25	4,934
10	65	27	12,739
10	65	39	13,171
10	65	40	20,156
10	65	44	1,758
10	65	46	3,714
10	65	54	6,264
10	65	62	0,878
10	65	63	8,78
10	65	94	5,236
10	94	10	19,401
10	94	13	2,39
10	94	23	4,373
10	94	25	18,68
10	94	27	6,597
10	94	39	5,965
10	94	40	1,223
10	94	44	5,193
10	94	46	0,686
10	94	54	9,943
10	94	62	11,049
10	94	63	1,752
10	94	65	38,437

