#num jobs
100
#num machines
10

#jobId machId procTime energyCons
1	10	2,44	10,62
1	7	34,43	431,55
1	6	13,53	146,28
1	4	9,48	33,75
1	1	12,17	166,15
2	8	9,61	18,25
3	9	12,7	16,26
3	8	53,47	101,52
3	7	2,99	37,51
3	5	7,79	95,29
3	2	18,26	213,58
4	2	9,18	107,39
5	5	3,17	38,86
5	4	23,99	85,41
5	2	2,04	23,87
6	4	6,9	24,58
6	7	5,26	65,88
6	10	402,44	1747,44
7	3	409,74	2657,2
7	7	7,71	96,57
8	9	4,72	6,04
8	7	6,19	77,54
8	5	1336,29	16353,66
8	3	24,39	158,15
8	2	1,48	17,32
9	10	0,65	2,83
9	4	0,73	2,59
9	1	11,02	150,42
10	7	7,27	91,15
10	6	1,05	11,33
10	1	14,7	200,56
11	1	4,95	67,54
12	2	8,45	98,84
12	5	12,28	150,28
12	6	2,73	29,51
13	8	4,21	7,98
13	3	30,13	195,42
14	10	12,95	56,21
15	1	61,21	835,39
15	3	2,23	14,44
15	9	15,32	19,62
16	5	57,11	698,92
16	2	7,02	82,16
16	1	45,38	619,38
17	8	25,96	49,28
18	1	343,13	4683,06
18	4	926,56	3298,96
18	5	57,03	697,93
19	4	3,2	11,38
19	3	3,69	23,93
20	9	136,25	174,52
20	4	75,75	269,69
20	3	14,77	95,8
21	10	7,95	34,53
22	7	8,4	105,28
23	10	253,39	1100,24
24	8	1,5	2,84
24	6	5,45	58,98
25	4	908,02	3232,96
26	8	23,44	44,5
26	9	595,75	763,05
27	8	1,75	3,32
27	2	0,76	8,89
28	8	541,66	1028,36
28	6	5	54,04
29	10	7,23	31,4
30	10	17,71	76,91
30	1	361,54	4934,25
31	6	4,97	53,72
31	4	4,44	15,8
32	2	84	982,72
33	1	7,6	103,66
33	3	41,8	271,1
33	9	4,46	5,71
34	6	6,5	70,33
34	5	15,37	188,11
35	3	11	71,36
35	2	14,67	171,58
36	8	5,57	10,57
36	7	1,18	14,8
36	6	4,54	49,05
36	4	4,81	17,14
37	8	19,2	36,45
37	3	9,01	58,42
38	9	275,61	353,02
39	9	6,64	8,51
39	1	78,71	1074,17
40	10	79,47	345,07
40	8	1,69	3,21
41	10	2,62	11,37
41	4	11,28	40,16
41	3	5,61	36,36
42	4	21,95	78,15
42	9	4,96	6,36
42	10	0,58	2,5
43	9	6,31	8,09
43	10	4,17	18,1
44	7	11,47	143,75
44	6	20,21	218,49
44	5	6,94	84,87
45	2	12,99	151,99
45	7	9,56	119,78
46	2	10,14	118,59
46	3	21,86	141,78
46	5	26,48	324,08
46	7	56,38	706,65
47	4	15,35	54,64
47	7	1,73	21,73
47	8	8,22	15,61
47	10	3,38	14,69
48	4	153,75	547,42
48	5	80,98	991,02
48	8	139,11	264,11
48	10	0,2	0,87
49	8	2,79	5,29
49	6	7,85	84,85
49	5	6,68	81,69
49	2	8,08	94,56
49	1	4,94	67,38
50	5	5,11	62,59
51	5	7,01	85,85
51	9	47,1	60,33
51	10	1,45	6,3
52	8	219,63	416,98
52	5	22,21	271,84
52	4	46,8	166,62
52	3	4,9	31,78
53	6	5,2	56,28
53	2	1,3	15,2
54	4	7,64	27,22
55	1	2,52	34,39
56	9	5,23	6,7
57	1	5,08	69,35
58	1	5,66	77,2
58	5	103,79	1270,19
59	3	7,73	50,11
60	2	13,69	160,12
60	5	19,52	238,9
60	6	4,96	53,64
61	8	0,54	1,02
61	10	3,61	15,65
62	1	138,2	1886,09
62	6	46,33	500,96
63	4	41,27	146,95
63	5	39,98	489,33
63	9	1,69	2,16
64	8	27,08	51,41
64	3	11,51	74,64
65	4	13,76	49
65	5	3,38	41,33
65	6	2,1	22,75
65	9	285,92	366,21
66	7	16,61	208,21
67	4	3,15	11,23
68	9	8,06	10,33
69	2	10,15	118,77
69	5	0,14	1,68
69	6	2,9	31,38
70	6	144,29	1560,23
71	10	2,02	8,79
71	6	38,34	414,55
71	1	9,49	129,54
72	1	14,31	195,36
73	6	217,91	2356,29
73	9	5,38	6,9
74	1	197,65	2697,56
74	7	12,98	162,66
74	8	19,03	36,14
74	10	5,16	22,41
75	10	3,1	13,45
75	1	18,5	252,43
76	10	14,71	63,87
77	7	13,77	172,56
78	2	6,42	75,08
79	9	6,85	8,77
79	4	3,85	13,73
80	8	11,91	22,6
80	3	443,71	2877,53
81	4	3,27	11,64
82	9	4,91	6,29
82	2	74,77	874,79
83	10	2,53	10,98
83	6	110,41	1193,85
83	3	3,28	21,3
83	1	6,18	84,36
84	10	851,4	3696,9
85	1	6,02	82,1
85	7	15,98	200,23
86	3	1,55	10,04
86	4	1,58	5,64
86	5	12,28	150,24
86	6	126,39	1366,68
87	6	29,32	317,07
87	7	20,16	252,65
88	8	0,86	1,63
89	3	7,81	50,68
89	10	0,35	1,52
90	10	4,23	18,38
91	8	13,13	24,93
92	2	2,96	34,6
93	2	33,46	391,48
94	7	5,18	64,9
94	6	8,06	87,14
94	5	37,9	463,76
94	2	52,02	608,61
95	6	3,23	34,94
95	5	2,98	36,46
96	1	8	109,19
97	4	23,5	83,65
97	8	6,42	12,18
97	9	45,31	58,04
98	7	7,45	93,39
98	4	331,73	1181,11
99	1	2,2	30,01
99	3	5,63	36,54
99	4	37,68	134,15
100	10	25,71	111,65
100	4	30,45	108,4

#jobId ddate weight rdate
1	222,947	12	459,947
2	479,892	42	708,488
3	197,926	3	1118,389
4	218,917	31	66,551
5	434,876	48	531,352
6	145,348	32	76,859
7	384,196	26	878,627
8	515,658	24	75,915
9	31,073	29	780,593
10	28,032	32	512,202
11	106,65	14	950,648
12	285,919	28	994,161
13	381,166	3	1229,861
14	79,929	3	196,92
15	43,684	3	552,643
16	175,522	31	265,288
17	87,85	36	734,816
18	13,064	44	425,975
19	338,884	15	572,665
20	394,821	47	1122,047
21	142,459	23	424,735
22	217,737	16	280,668
23	182,194	32	372,392
24	216,813	6	714,898
25	316,215	26	760,668
26	244,524	32	1179,935
27	226,539	20	943,322
28	501,492	41	1154,898
29	474,55	20	233,966
30	198,652	16	1172,03
31	138,974	5	1270,308
32	50,257	41	1148,119
33	307,747	11	869,312
34	377,179	45	1287,763
35	508,049	1	982,037
36	321,819	37	546,564
37	193,037	27	235,902
38	344,304	7	420,705
39	286,813	22	406,86
40	331,52	2	662,41
41	480,047	19	1263,299
42	168,055	29	194,598
43	17,451	35	664,896
44	363,809	12	1146,384
45	222,296	37	927,842
46	248,964	7	1288,052
47	424,765	38	381,829
48	343,747	36	14,038
49	411,507	32	791,119
50	493,413	28	713,054
51	200,94	8	1245,011
52	90,109	1	1047,275
53	277,014	30	849,985
54	230,131	45	760,918
55	21,103	15	877,513
56	154,62	30	305,019
57	209,266	16	94,623
58	160,568	11	1071,333
59	143,72	47	340,75
60	349,248	27	695,814
61	481,549	48	114,541
62	70,294	46	407,173
63	41,489	45	330,468
64	374,216	17	1234,319
65	275,946	35	486,584
66	444,071	17	806,609
67	216,867	19	642,217
68	20,919	24	710,365
69	127,203	7	100,929
70	492,306	27	1170,417
71	31,858	6	1123,858
72	31,806	25	675,898
73	493,708	18	1181,467
74	197,035	49	282,829
75	366,696	7	892,07
76	515,852	22	1015,998
77	263,867	32	553,565
78	323,317	3	330,953
79	88,729	27	1151,576
80	255,142	12	1162,171
81	412,856	18	177,399
82	191,395	5	855,894
83	113,558	42	610,349
84	111,591	35	1180,353
85	510,029	14	49,58
86	204,62	43	440,002
87	181,473	15	332,82
88	357,349	24	571,097
89	468,953	30	575,797
90	40,23	32	1162,137
91	496,881	1	596,414
92	65,638	4	764,892
93	325,8	2	438,253
94	21,715	16	1005,734
95	309,625	26	380,691
96	485,377	11	837,664
97	399,461	27	1014,718
98	356,129	32	184,172
99	488,525	35	138,765
100	460,834	11	610,547

#machId jobPred jobSucc setupTime
1	1	9	4,007
1	1	10	0,718
1	1	11	8,635
1	1	15	21,567
1	1	16	8,222
1	1	18	1,142
1	1	30	0,981
1	1	33	9,635
1	1	39	18,724
1	1	49	10,209
1	1	55	5,325
1	1	57	13,058
1	1	58	0,629
1	1	62	2,08
1	1	71	25,342
1	1	72	6,485
1	1	74	1,535
1	1	75	3,763
1	1	83	5,284
1	1	85	0,517
1	1	96	1,17
1	1	99	2,43
1	9	1	1,492
1	9	10	0,814
1	9	11	10,467
1	9	15	22,405
1	9	16	8,247
1	9	18	1,435
1	9	30	0,985
1	9	33	1,215
1	9	39	4,006
1	9	49	25,053
1	9	55	25,742
1	9	57	3,2
1	9	58	2,579
1	9	62	3,513
1	9	71	2,356
1	9	72	7,382
1	9	74	1,505
1	9	75	4,144
1	9	83	2,319
1	9	85	9,974
1	9	96	0,824
1	9	99	8,274
1	10	1	9,791
1	10	9	1,44
1	10	11	9,722
1	10	15	1,258
1	10	16	1,134
1	10	18	1,8
1	10	30	0,776
1	10	33	2,842
1	10	39	1,721
1	10	49	6,668
1	10	55	1,143
1	10	57	10,901
1	10	58	14,757
1	10	62	1,212
1	10	71	4,815
1	10	72	6,522
1	10	74	14,039
1	10	75	2,699
1	10	83	3,106
1	10	85	1,9
1	10	96	0,895
1	10	99	3,101
1	11	1	3,968
1	11	9	4,703
1	11	10	1,93
1	11	15	1,326
1	11	16	0,686
1	11	18	2,027
1	11	30	5,947
1	11	33	2,327
1	11	39	3,949
1	11	49	1,938
1	11	55	17,158
1	11	57	6,34
1	11	58	5,537
1	11	62	14,15
1	11	71	7,597
1	11	72	3,922
1	11	74	2,333
1	11	75	17,797
1	11	83	0,56
1	11	85	6,477
1	11	96	4,134
1	11	99	1,998
1	15	1	9,368
1	15	9	2,04
1	15	10	19,237
1	15	11	1,925
1	15	16	7,166
1	15	18	6,53
1	15	30	2,444
1	15	33	8,875
1	15	39	6,16
1	15	49	3,352
1	15	55	8,291
1	15	57	11,361
1	15	58	10,677
1	15	62	1,97
1	15	71	5,519
1	15	72	0,512
1	15	74	7,243
1	15	75	1,965
1	15	83	1,912
1	15	85	0,622
1	15	96	8,039
1	15	99	4,303
1	16	1	5,421
1	16	9	6,466
1	16	10	0,511
1	16	11	3,09
1	16	15	1,242
1	16	18	18,889
1	16	30	2,979
1	16	33	9,945
1	16	39	8,235
1	16	49	1,926
1	16	55	14,081
1	16	57	11,236
1	16	58	2,208
1	16	62	4,582
1	16	71	1,373
1	16	72	2,743
1	16	74	5,072
1	16	75	9,699
1	16	83	6,969
1	16	85	7,313
1	16	96	11,508
1	16	99	2,138
1	18	1	0,578
1	18	9	0,615
1	18	10	3,984
1	18	11	36,744
1	18	15	3,327
1	18	16	4,338
1	18	30	5,179
1	18	33	1,893
1	18	39	3,08
1	18	49	1,42
1	18	55	11,138
1	18	57	1,448
1	18	58	0,925
1	18	62	17,616
1	18	71	11,211
1	18	72	6,015
1	18	74	0,505
1	18	75	2,657
1	18	83	2,881
1	18	85	14,202
1	18	96	7,003
1	18	99	7,349
1	30	1	18,919
1	30	9	11,747
1	30	10	4,441
1	30	11	2,547
1	30	15	4,734
1	30	16	7,1
1	30	18	2,86
1	30	33	2,302
1	30	39	4,037
1	30	49	2,938
1	30	55	3,328
1	30	57	2,597
1	30	58	27,34
1	30	62	2,195
1	30	71	1,185
1	30	72	9,113
1	30	74	1,31
1	30	75	25,613
1	30	83	4,746
1	30	85	4,213
1	30	96	1,867
1	30	99	6,693
1	33	1	6,066
1	33	9	3,319
1	33	10	13,131
1	33	11	2,179
1	33	15	9,294
1	33	16	1,217
1	33	18	1,363
1	33	30	3,198
1	33	39	9,988
1	33	49	7,512
1	33	55	0,683
1	33	57	0,679
1	33	58	1,211
1	33	62	4,94
1	33	71	4,345
1	33	72	6,241
1	33	74	6,195
1	33	75	6,002
1	33	83	0,878
1	33	85	2,755
1	33	96	1,354
1	33	99	15,59
1	39	1	4,392
1	39	9	3,847
1	39	10	1,51
1	39	11	21,733
1	39	15	1,001
1	39	16	1,428
1	39	18	1,188
1	39	30	1,236
1	39	33	2,104
1	39	49	1,611
1	39	55	1,667
1	39	57	0,534
1	39	58	24,071
1	39	62	23,514
1	39	71	8,697
1	39	72	23,881
1	39	74	0,95
1	39	75	1,794
1	39	83	1,841
1	39	85	8,228
1	39	96	6,2
1	39	99	4,526
1	49	1	23,242
1	49	9	7,455
1	49	10	13,724
1	49	11	0,796
1	49	15	14,326
1	49	16	1,119
1	49	18	2,64
1	49	30	23,395
1	49	33	4,137
1	49	39	3
1	49	55	5,288
1	49	57	4,972
1	49	58	3,971
1	49	62	26,076
1	49	71	5,888
1	49	72	4,866
1	49	74	0,508
1	49	75	0,793
1	49	83	12,29
1	49	85	14,57
1	49	96	2,756
1	49	99	0,795
1	55	1	5,89
1	55	9	3,937
1	55	10	6,291
1	55	11	5,141
1	55	15	1,327
1	55	16	4,476
1	55	18	3,647
1	55	30	15,959
1	55	33	1,46
1	55	39	1,523
1	55	49	1,605
1	55	57	30,214
1	55	58	3,112
1	55	62	8,423
1	55	71	2,236
1	55	72	2,876
1	55	74	1,4
1	55	75	9,204
1	55	83	12,885
1	55	85	0,526
1	55	96	5,236
1	55	99	4,799
1	57	1	3,319
1	57	9	4,85
1	57	10	6,705
1	57	11	3,792
1	57	15	0,524
1	57	16	1,45
1	57	18	1,985
1	57	30	3,332
1	57	33	3,141
1	57	39	1,601
1	57	49	3,963
1	57	55	5,675
1	57	58	4,73
1	57	62	6,917
1	57	71	3,306
1	57	72	1,594
1	57	74	13,748
1	57	75	0,533
1	57	83	3,718
1	57	85	1,933
1	57	96	2,435
1	57	99	3,219
1	58	1	0,716
1	58	9	67,089
1	58	10	9,48
1	58	11	1,066
1	58	15	14,394
1	58	16	7,604
1	58	18	7,198
1	58	30	0,584
1	58	33	6,831
1	58	39	4,692
1	58	49	1,129
1	58	55	2,454
1	58	57	0,767
1	58	62	1,764
1	58	71	3,586
1	58	72	1
1	58	74	7,844
1	58	75	1,654
1	58	83	6,907
1	58	85	1,611
1	58	96	5,444
1	58	99	1,738
1	62	1	1,03
1	62	9	3,23
1	62	10	1,572
1	62	11	2,064
1	62	15	13,953
1	62	16	8,424
1	62	18	2,286
1	62	30	8,949
1	62	33	1,306
1	62	39	4,054
1	62	49	0,82
1	62	55	5,139
1	62	57	1,152
1	62	58	2,527
1	62	71	2,348
1	62	72	7,977
1	62	74	11,957
1	62	75	2,751
1	62	83	16,64
1	62	85	0,529
1	62	96	0,544
1	62	99	1,404
1	71	1	47,008
1	71	9	6,71
1	71	10	1,02
1	71	11	15,465
1	71	15	9,972
1	71	16	6,969
1	71	18	1,382
1	71	30	0,604
1	71	33	17,375
1	71	39	4,723
1	71	49	2,824
1	71	55	1,224
1	71	57	1,864
1	71	58	4,835
1	71	62	15,235
1	71	72	6,057
1	71	74	4,431
1	71	75	19,713
1	71	83	3,296
1	71	85	7,758
1	71	96	5,168
1	71	99	0,672
1	72	1	13,611
1	72	9	1,553
1	72	10	0,805
1	72	11	2,08
1	72	15	8,08
1	72	16	2,402
1	72	18	0,981
1	72	30	13,79
1	72	33	1,549
1	72	39	8,883
1	72	49	18,604
1	72	55	16,23
1	72	57	4,285
1	72	58	7,636
1	72	62	7,826
1	72	71	11,527
1	72	74	13,408
1	72	75	11,065
1	72	83	2,1
1	72	85	0,548
1	72	96	0,688
1	72	99	0,824
1	74	1	5,976
1	74	9	10,426
1	74	10	2,526
1	74	11	3,202
1	74	15	2,347
1	74	16	2,759
1	74	18	33,272
1	74	30	27,725
1	74	33	1,547
1	74	39	11,636
1	74	49	14,686
1	74	55	1,711
1	74	57	1,161
1	74	58	3,283
1	74	62	11,277
1	74	71	4,066
1	74	72	10,926
1	74	75	5,769
1	74	83	2,447
1	74	85	3,464
1	74	96	5,238
1	74	99	0,519
1	75	1	4,359
1	75	9	2,623
1	75	10	0,961
1	75	11	11,358
1	75	15	1,791
1	75	16	12,438
1	75	18	6,664
1	75	30	2,711
1	75	33	6,627
1	75	39	13,537
1	75	49	0,731
1	75	55	1,483
1	75	57	2,724
1	75	58	6,178
1	75	62	1,085
1	75	71	1,668
1	75	72	81,365
1	75	74	8,232
1	75	83	2,038
1	75	85	0,665
1	75	96	15,187
1	75	99	6,743
1	83	1	2,366
1	83	9	22,974
1	83	10	16,749
1	83	11	55,495
1	83	15	1,965
1	83	16	2,577
1	83	18	6,727
1	83	30	25,035
1	83	33	3,629
1	83	39	3,356
1	83	49	1,026
1	83	55	5,925
1	83	57	11,105
1	83	58	4,213
1	83	62	2,02
1	83	71	6,163
1	83	72	9,624
1	83	74	4,825
1	83	75	3,134
1	83	85	34,545
1	83	96	1,607
1	83	99	4,806
1	85	1	4,583
1	85	9	5,843
1	85	10	1,147
1	85	11	2,677
1	85	15	5,035
1	85	16	3,716
1	85	18	3,015
1	85	30	14,38
1	85	33	1,621
1	85	39	0,767
1	85	49	10,849
1	85	55	2,073
1	85	57	19,554
1	85	58	2,827
1	85	62	17,324
1	85	71	11,433
1	85	72	4,862
1	85	74	2,431
1	85	75	3,667
1	85	83	3,862
1	85	96	9,477
1	85	99	4,552
1	96	1	1,599
1	96	9	25,687
1	96	10	0,545
1	96	11	1,942
1	96	15	11,876
1	96	16	7,612
1	96	18	3,687
1	96	30	10,226
1	96	33	19,612
1	96	39	0,794
1	96	49	9,866
1	96	55	6,661
1	96	57	11,524
1	96	58	3,604
1	96	62	23,2
1	96	71	2,717
1	96	72	7,833
1	96	74	11,879
1	96	75	6,448
1	96	83	4,58
1	96	85	8,422
1	96	99	2,77
1	99	1	3,002
1	99	9	7,301
1	99	10	16,444
1	99	11	56,77
1	99	15	5,553
1	99	16	2,858
1	99	18	6,781
1	99	30	3,247
1	99	33	7,08
1	99	39	9,701
1	99	49	0,956
1	99	55	5,043
1	99	57	7,91
1	99	58	11,198
1	99	62	2,263
1	99	71	10,897
1	99	72	15,212
1	99	74	16,232
1	99	75	0,836
1	99	83	4,735
1	99	85	1,072
1	99	96	5,374
2	3	4	8,497
2	3	5	19,024
2	3	8	7,641
2	3	12	1,221
2	3	16	2,324
2	3	27	0,737
2	3	32	3,902
2	3	35	1,283
2	3	45	1,276
2	3	46	7,484
2	3	49	1,159
2	3	53	0,645
2	3	60	8,919
2	3	69	1,617
2	3	78	2,003
2	3	82	6,399
2	3	92	19,993
2	3	93	5,458
2	3	94	2,036
2	4	3	1,221
2	4	5	1,148
2	4	8	3,586
2	4	12	4,248
2	4	16	2,933
2	4	27	3,615
2	4	32	12,33
2	4	35	6,338
2	4	45	6,616
2	4	46	13,881
2	4	49	1,684
2	4	53	0,962
2	4	60	7,886
2	4	69	18,711
2	4	78	13,493
2	4	82	9,022
2	4	92	4,099
2	4	93	0,673
2	4	94	1,965
2	5	3	1,716
2	5	4	6,243
2	5	8	1,774
2	5	12	6,986
2	5	16	17,763
2	5	27	0,98
2	5	32	1,179
2	5	35	16,199
2	5	45	6,824
2	5	46	16,548
2	5	49	1,271
2	5	53	3,043
2	5	60	1,714
2	5	69	17,486
2	5	78	2,63
2	5	82	15,431
2	5	92	33,512
2	5	93	15,557
2	5	94	1,516
2	8	3	17,048
2	8	4	2,672
2	8	5	5
2	8	12	1,874
2	8	16	5,083
2	8	27	3,354
2	8	32	5,513
2	8	35	9,158
2	8	45	1,195
2	8	46	2,723
2	8	49	4,072
2	8	53	4,967
2	8	60	1,138
2	8	69	9,734
2	8	78	8,078
2	8	82	5,066
2	8	92	2,14
2	8	93	0,813
2	8	94	9,097
2	12	3	3,151
2	12	4	20,535
2	12	5	1,172
2	12	8	7,349
2	12	16	0,522
2	12	27	1,504
2	12	32	2,28
2	12	35	11,476
2	12	45	0,717
2	12	46	0,746
2	12	49	1,514
2	12	53	3,709
2	12	60	3,546
2	12	69	8,183
2	12	78	9,343
2	12	82	32,162
2	12	92	2,948
2	12	93	13,15
2	12	94	4,36
2	16	3	3,407
2	16	4	13,041
2	16	5	2,708
2	16	8	23,455
2	16	12	3,622
2	16	27	14,514
2	16	32	1,146
2	16	35	2,274
2	16	45	6,89
2	16	46	7,211
2	16	49	5,865
2	16	53	14,478
2	16	60	4,323
2	16	69	13,134
2	16	78	4,226
2	16	82	9,112
2	16	92	1,774
2	16	93	29,357
2	16	94	13,401
2	27	3	13,404
2	27	4	1,161
2	27	5	3,385
2	27	8	8,95
2	27	12	2,614
2	27	16	1,486
2	27	32	5,591
2	27	35	4,416
2	27	45	10,565
2	27	46	0,6
2	27	49	2,682
2	27	53	0,786
2	27	60	3,162
2	27	69	1,283
2	27	78	2,719
2	27	82	6,886
2	27	92	1,274
2	27	93	2,332
2	27	94	8,554
2	32	3	12,408
2	32	4	2,162
2	32	5	1,994
2	32	8	4,981
2	32	12	3,38
2	32	16	1,264
2	32	27	9,494
2	32	35	1,117
2	32	45	0,551
2	32	46	3,899
2	32	49	1,443
2	32	53	7,174
2	32	60	14,414
2	32	69	6,469
2	32	78	1,77
2	32	82	3,47
2	32	92	13,417
2	32	93	2,246
2	32	94	5,281
2	35	3	4,627
2	35	4	7,216
2	35	5	0,591
2	35	8	1,202
2	35	12	7,84
2	35	16	0,729
2	35	27	2,628
2	35	32	7,712
2	35	45	14,961
2	35	46	3,102
2	35	49	3,003
2	35	53	14,293
2	35	60	17,62
2	35	69	6,362
2	35	78	7,284
2	35	82	5,173
2	35	92	3,919
2	35	93	5,439
2	35	94	1,544
2	45	3	22,882
2	45	4	3,162
2	45	5	1,014
2	45	8	24,987
2	45	12	18,043
2	45	16	5,825
2	45	27	11,678
2	45	32	5,166
2	45	35	7,281
2	45	46	5,758
2	45	49	2,484
2	45	53	3,519
2	45	60	0,84
2	45	69	2,141
2	45	78	6,124
2	45	82	5,453
2	45	92	7,452
2	45	93	15,56
2	45	94	2,999
2	46	3	2,718
2	46	4	5,105
2	46	5	1,758
2	46	8	1,631
2	46	12	1,61
2	46	16	5,542
2	46	27	2,034
2	46	32	2,824
2	46	35	5,821
2	46	45	1,664
2	46	49	0,924
2	46	53	5,05
2	46	60	4,134
2	46	69	6,529
2	46	78	2,387
2	46	82	4,152
2	46	92	3,795
2	46	93	8,788
2	46	94	5,518
2	49	3	6,607
2	49	4	1,236
2	49	5	4,329
2	49	8	2,318
2	49	12	1,257
2	49	16	3,386
2	49	27	3,025
2	49	32	5,13
2	49	35	1,387
2	49	45	4,498
2	49	46	2,713
2	49	53	8,398
2	49	60	3,298
2	49	69	7,073
2	49	78	1,636
2	49	82	7,973
2	49	92	3,567
2	49	93	3,636
2	49	94	18,072
2	53	3	14,863
2	53	4	10,157
2	53	5	3,519
2	53	8	3,707
2	53	12	4,217
2	53	16	1,99
2	53	27	2,526
2	53	32	0,607
2	53	35	1,388
2	53	45	2,24
2	53	46	22,302
2	53	49	3,348
2	53	60	9,842
2	53	69	3,012
2	53	78	2,07
2	53	82	3,098
2	53	92	2,955
2	53	93	0,651
2	53	94	6,638
2	60	3	1,889
2	60	4	14,162
2	60	5	11,145
2	60	8	4,867
2	60	12	3,986
2	60	16	9,713
2	60	27	24,007
2	60	32	14,404
2	60	35	8,426
2	60	45	0,827
2	60	46	7,292
2	60	49	1,611
2	60	53	2,917
2	60	69	2,341
2	60	78	9,493
2	60	82	9,962
2	60	92	3,891
2	60	93	9,301
2	60	94	14,509
2	69	3	2,762
2	69	4	20,404
2	69	5	13,345
2	69	8	10,032
2	69	12	2,244
2	69	16	4,259
2	69	27	7,254
2	69	32	32,192
2	69	35	1,332
2	69	45	0,505
2	69	46	3,569
2	69	49	7,951
2	69	53	2,081
2	69	60	1,044
2	69	78	11,601
2	69	82	6,395
2	69	92	2,024
2	69	93	3,163
2	69	94	2,87
2	78	3	1,653
2	78	4	0,73
2	78	5	22,924
2	78	8	2,889
2	78	12	1,534
2	78	16	28,634
2	78	27	1,48
2	78	32	0,981
2	78	35	8,389
2	78	45	6,65
2	78	46	4,341
2	78	49	3,047
2	78	53	1,071
2	78	60	2,45
2	78	69	24,065
2	78	82	15,595
2	78	92	0,501
2	78	93	21,427
2	78	94	0,527
2	82	3	5,997
2	82	4	2,735
2	82	5	3,507
2	82	8	11,334
2	82	12	4,22
2	82	16	7,856
2	82	27	10,833
2	82	32	0,535
2	82	35	3,659
2	82	45	2,769
2	82	46	2,508
2	82	49	0,687
2	82	53	5,587
2	82	60	5,457
2	82	69	1,1
2	82	78	6,71
2	82	92	11,636
2	82	93	1,218
2	82	94	16,381
2	92	3	12,173
2	92	4	1,32
2	92	5	1,222
2	92	8	21,784
2	92	12	2,397
2	92	16	2,523
2	92	27	8,908
2	92	32	18,663
2	92	35	7,503
2	92	45	2,877
2	92	46	0,995
2	92	49	0,54
2	92	53	6,117
2	92	60	2,888
2	92	69	4,93
2	92	78	4,444
2	92	82	1,506
2	92	93	0,799
2	92	94	16,036
2	93	3	1,845
2	93	4	7,564
2	93	5	8,668
2	93	8	2,852
2	93	12	1,677
2	93	16	12,231
2	93	27	0,616
2	93	32	16,073
2	93	35	7,926
2	93	45	9,04
2	93	46	8,055
2	93	49	16,647
2	93	53	0,637
2	93	60	8,914
2	93	69	8,121
2	93	78	35,83
2	93	82	0,639
2	93	92	0,791
2	93	94	20,873
2	94	3	5,824
2	94	4	10,712
2	94	5	2,671
2	94	8	0,841
2	94	12	0,918
2	94	16	10,409
2	94	27	14,391
2	94	32	9,701
2	94	35	1,797
2	94	45	10,939
2	94	46	44,242
2	94	49	4,879
2	94	53	3,942
2	94	60	6,04
2	94	69	13,095
2	94	78	9,826
2	94	82	2,412
2	94	92	13,033
2	94	93	1,334
3	7	8	2,186
3	7	13	26,385
3	7	15	1,198
3	7	19	8,868
3	7	20	2,014
3	7	33	5,416
3	7	35	4,868
3	7	37	9,075
3	7	41	0,887
3	7	46	1,365
3	7	52	22,679
3	7	59	1,12
3	7	64	9,076
3	7	80	12,396
3	7	83	5,9
3	7	86	7,204
3	7	89	10,098
3	7	99	2,869
3	8	7	7,187
3	8	13	3,625
3	8	15	0,544
3	8	19	10,221
3	8	20	14,241
3	8	33	7,718
3	8	35	4,878
3	8	37	5,464
3	8	41	16,693
3	8	46	2,707
3	8	52	0,93
3	8	59	5,71
3	8	64	2,002
3	8	80	1,696
3	8	83	8,082
3	8	86	2,195
3	8	89	0,925
3	8	99	5,569
3	13	7	5,931
3	13	8	0,726
3	13	15	3,949
3	13	19	7,103
3	13	20	1,043
3	13	33	19,897
3	13	35	6,403
3	13	37	9,688
3	13	41	5,335
3	13	46	5,109
3	13	52	0,571
3	13	59	1,664
3	13	64	3,749
3	13	80	3,974
3	13	83	4,683
3	13	86	2,342
3	13	89	3,424
3	13	99	1,692
3	15	7	0,787
3	15	8	4,642
3	15	13	7,549
3	15	19	1,775
3	15	20	2,555
3	15	33	2,915
3	15	35	0,911
3	15	37	0,775
3	15	41	5,165
3	15	46	3,656
3	15	52	4,497
3	15	59	12,831
3	15	64	3,672
3	15	80	3,689
3	15	83	1,741
3	15	86	1,644
3	15	89	6,834
3	15	99	6,565
3	19	7	11,119
3	19	8	5,425
3	19	13	15,702
3	19	15	3,521
3	19	20	3,697
3	19	33	20,135
3	19	35	0,694
3	19	37	11,696
3	19	41	7,348
3	19	46	7,36
3	19	52	1,338
3	19	59	8,005
3	19	64	1,644
3	19	80	4,817
3	19	83	3,288
3	19	86	1,61
3	19	89	14,669
3	19	99	13,495
3	20	7	7,672
3	20	8	5,331
3	20	13	13,115
3	20	15	1,852
3	20	19	7,508
3	20	33	25,188
3	20	35	7,138
3	20	37	10,315
3	20	41	13,212
3	20	46	3,455
3	20	52	6,675
3	20	59	1,606
3	20	64	15,101
3	20	80	3,817
3	20	83	3,484
3	20	86	0,885
3	20	89	7,159
3	20	99	3,274
3	33	7	1,218
3	33	8	13,079
3	33	13	6,238
3	33	15	2,77
3	33	19	1,877
3	33	20	1,007
3	33	35	0,693
3	33	37	5,911
3	33	41	0,882
3	33	46	4,43
3	33	52	12,88
3	33	59	1,432
3	33	64	5,102
3	33	80	3,385
3	33	83	3,287
3	33	86	18,858
3	33	89	6,965
3	33	99	11,426
3	35	7	0,665
3	35	8	2,69
3	35	13	1,659
3	35	15	4,173
3	35	19	4,981
3	35	20	5,045
3	35	33	11,266
3	35	37	4,088
3	35	41	1,46
3	35	46	8,983
3	35	52	4,014
3	35	59	5,144
3	35	64	4,181
3	35	80	2,601
3	35	83	22,009
3	35	86	6,28
3	35	89	3,091
3	35	99	22,298
3	37	7	5,316
3	37	8	28,681
3	37	13	3,096
3	37	15	6,926
3	37	19	0,884
3	37	20	3,416
3	37	33	19,239
3	37	35	11,823
3	37	41	3,31
3	37	46	9,099
3	37	52	7,856
3	37	59	2,259
3	37	64	1,322
3	37	80	0,701
3	37	83	4,218
3	37	86	10,663
3	37	89	1,128
3	37	99	1,696
3	41	7	1,959
3	41	8	13,343
3	41	13	22,794
3	41	15	18,422
3	41	19	6,914
3	41	20	11,969
3	41	33	1,873
3	41	35	3,901
3	41	37	5,636
3	41	46	0,812
3	41	52	3,931
3	41	59	2,152
3	41	64	1,199
3	41	80	18,267
3	41	83	3,175
3	41	86	1,787
3	41	89	22,521
3	41	99	1,839
3	46	7	7,382
3	46	8	3,48
3	46	13	3,111
3	46	15	3,538
3	46	19	11,092
3	46	20	2,059
3	46	33	1,918
3	46	35	12,424
3	46	37	6,28
3	46	41	20,847
3	46	52	1,043
3	46	59	1,621
3	46	64	1,667
3	46	80	13,892
3	46	83	9,405
3	46	86	11,069
3	46	89	21,8
3	46	99	1,04
3	52	7	1,411
3	52	8	13,058
3	52	13	3,81
3	52	15	12,283
3	52	19	19,496
3	52	20	1,326
3	52	33	0,983
3	52	35	5,722
3	52	37	4,009
3	52	41	18,857
3	52	46	2,206
3	52	59	3,207
3	52	64	1,128
3	52	80	2,944
3	52	83	3,356
3	52	86	2,806
3	52	89	16,897
3	52	99	3,072
3	59	7	0,877
3	59	8	14,973
3	59	13	2,643
3	59	15	10,503
3	59	19	3,489
3	59	20	6,256
3	59	33	58,849
3	59	35	2,627
3	59	37	4,058
3	59	41	12,693
3	59	46	0,931
3	59	52	2,857
3	59	64	8,647
3	59	80	4,048
3	59	83	2,308
3	59	86	3,643
3	59	89	2,447
3	59	99	20,098
3	64	7	20,957
3	64	8	1,606
3	64	13	11,268
3	64	15	3,237
3	64	19	0,822
3	64	20	1,891
3	64	33	1,239
3	64	35	2,711
3	64	37	12,023
3	64	41	1,024
3	64	46	1,307
3	64	52	1,851
3	64	59	10,994
3	64	80	2,266
3	64	83	0,99
3	64	86	9,952
3	64	89	12,214
3	64	99	1,314
3	80	7	3,247
3	80	8	6,69
3	80	13	6,671
3	80	15	7,26
3	80	19	3,325
3	80	20	2,96
3	80	33	45,333
3	80	35	4,431
3	80	37	2,757
3	80	41	11,311
3	80	46	8,315
3	80	52	1,274
3	80	59	4,902
3	80	64	4,3
3	80	83	3,855
3	80	86	8,191
3	80	89	1,093
3	80	99	19,493
3	83	7	1,758
3	83	8	2,799
3	83	13	3,841
3	83	15	2,347
3	83	19	21,261
3	83	20	1,015
3	83	33	8,934
3	83	35	1,858
3	83	37	4,413
3	83	41	8,973
3	83	46	8,951
3	83	52	7,429
3	83	59	2,179
3	83	64	0,716
3	83	80	1,313
3	83	86	17,405
3	83	89	1,327
3	83	99	1,824
3	86	7	5,584
3	86	8	2,838
3	86	13	1,712
3	86	15	4,998
3	86	19	1,785
3	86	20	0,586
3	86	33	3,676
3	86	35	2,238
3	86	37	0,804
3	86	41	1,59
3	86	46	1,302
3	86	52	1,099
3	86	59	7,069
3	86	64	10,237
3	86	80	2,502
3	86	83	11,903
3	86	89	1,392
3	86	99	2,576
3	89	7	29,853
3	89	8	7,375
3	89	13	5,57
3	89	15	1,336
3	89	19	14,325
3	89	20	2,426
3	89	33	2,465
3	89	35	1,161
3	89	37	3,036
3	89	41	2,905
3	89	46	2,899
3	89	52	2,686
3	89	59	3,05
3	89	64	43,162
3	89	80	6,426
3	89	83	17,243
3	89	86	4,355
3	89	99	9,448
3	99	7	2,79
3	99	8	3,903
3	99	13	11,461
3	99	15	6,389
3	99	19	2,042
3	99	20	0,903
3	99	33	10,004
3	99	35	11,244
3	99	37	2,994
3	99	41	7,095
3	99	46	3,462
3	99	52	1,756
3	99	59	3,296
3	99	64	1,154
3	99	80	0,632
3	99	83	10,499
3	99	86	3,075
3	99	89	8,596
4	1	5	7,335
4	1	6	8,965
4	1	9	1,419
4	1	18	3,319
4	1	19	1,08
4	1	20	4,219
4	1	25	23,72
4	1	31	2,802
4	1	36	4,871
4	1	41	13,711
4	1	42	3,21
4	1	47	2,76
4	1	48	1,868
4	1	52	7,474
4	1	54	6,826
4	1	63	9,033
4	1	65	67,532
4	1	67	2,382
4	1	79	18,434
4	1	81	0,612
4	1	86	6,321
4	1	97	2,553
4	1	98	2,929
4	1	99	1,178
4	1	100	1,974
4	5	1	4,656
4	5	6	16,698
4	5	9	3,098
4	5	18	2,23
4	5	19	9,645
4	5	20	14,365
4	5	25	1,777
4	5	31	0,932
4	5	36	14,401
4	5	41	6,303
4	5	42	11,945
4	5	47	5,408
4	5	48	6,474
4	5	52	7,931
4	5	54	6,085
4	5	63	3,662
4	5	65	3,508
4	5	67	4,01
4	5	79	0,859
4	5	81	7,067
4	5	86	4,072
4	5	97	13,253
4	5	98	16,182
4	5	99	1,133
4	5	100	4,036
4	6	1	2,6
4	6	5	3,718
4	6	9	1,497
4	6	18	1,603
4	6	19	10,052
4	6	20	17,147
4	6	25	1,353
4	6	31	1,436
4	6	36	2,561
4	6	41	6,113
4	6	42	3,62
4	6	47	1,829
4	6	48	1,154
4	6	52	43,513
4	6	54	1,367
4	6	63	20,587
4	6	65	2,537
4	6	67	7,049
4	6	79	1,521
4	6	81	4,086
4	6	86	10,345
4	6	97	8,206
4	6	98	7,539
4	6	99	0,582
4	6	100	2,122
4	9	1	5,433
4	9	5	5,355
4	9	6	3,534
4	9	18	40,833
4	9	19	4,691
4	9	20	6,539
4	9	25	7,469
4	9	31	2,894
4	9	36	1,51
4	9	41	1,066
4	9	42	1,085
4	9	47	0,965
4	9	48	2,166
4	9	52	5,876
4	9	54	2,394
4	9	63	6,86
4	9	65	14,845
4	9	67	1,446
4	9	79	17,454
4	9	81	2,778
4	9	86	1,893
4	9	97	2,016
4	9	98	1,446
4	9	99	4,379
4	9	100	0,587
4	18	1	10,57
4	18	5	36,129
4	18	6	4,77
4	18	9	3,94
4	18	19	1,235
4	18	20	2,841
4	18	25	1,327
4	18	31	10,12
4	18	36	1,175
4	18	41	14,092
4	18	42	4,134
4	18	47	0,692
4	18	48	7,532
4	18	52	2,382
4	18	54	6,423
4	18	63	7,776
4	18	65	10,978
4	18	67	2,466
4	18	79	15,383
4	18	81	24,159
4	18	86	18,374
4	18	97	9,59
4	18	98	2,981
4	18	99	5,489
4	18	100	1,642
4	19	1	6,798
4	19	5	9,625
4	19	6	10,224
4	19	9	5,64
4	19	18	5,856
4	19	20	8,541
4	19	25	1,173
4	19	31	4,12
4	19	36	2,576
4	19	41	1,068
4	19	42	11,517
4	19	47	1,869
4	19	48	0,555
4	19	52	3,924
4	19	54	0,591
4	19	63	9,284
4	19	65	14,128
4	19	67	10,082
4	19	79	1,319
4	19	81	1,655
4	19	86	3,642
4	19	97	22,474
4	19	98	2,959
4	19	99	0,743
4	19	100	6,59
4	20	1	8,778
4	20	5	8,199
4	20	6	5,136
4	20	9	0,96
4	20	18	0,801
4	20	19	1,068
4	20	25	5,502
4	20	31	3,172
4	20	36	4,176
4	20	41	11,716
4	20	42	2,231
4	20	47	19,13
4	20	48	2,681
4	20	52	5,258
4	20	54	3,402
4	20	63	2,229
4	20	65	1,935
4	20	67	12,638
4	20	79	7,728
4	20	81	6,89
4	20	86	2,653
4	20	97	7,549
4	20	98	6,227
4	20	99	7,575
4	20	100	3,44
4	25	1	0,903
4	25	5	2,338
4	25	6	6,86
4	25	9	4,373
4	25	18	1,014
4	25	19	5,033
4	25	20	5,653
4	25	31	1,798
4	25	36	4,013
4	25	41	1,177
4	25	42	5,328
4	25	47	1,705
4	25	48	8,312
4	25	52	11,609
4	25	54	7,858
4	25	63	11,027
4	25	65	0,525
4	25	67	3,073
4	25	79	0,708
4	25	81	3,224
4	25	86	10,771
4	25	97	3,073
4	25	98	1,153
4	25	99	4,636
4	25	100	4,2
4	31	1	2,102
4	31	5	12,198
4	31	6	4,189
4	31	9	22,733
4	31	18	11,636
4	31	19	2,932
4	31	20	6,478
4	31	25	1,644
4	31	36	6,549
4	31	41	1,89
4	31	42	8,139
4	31	47	1,242
4	31	48	1,933
4	31	52	6,269
4	31	54	0,824
4	31	63	5,936
4	31	65	8,557
4	31	67	2,785
4	31	79	8,199
4	31	81	12,113
4	31	86	1,311
4	31	97	9,91
4	31	98	2,423
4	31	99	7,117
4	31	100	3,877
4	36	1	0,548
4	36	5	13,075
4	36	6	1,235
4	36	9	0,807
4	36	18	1,198
4	36	19	3,421
4	36	20	0,798
4	36	25	15,135
4	36	31	4,441
4	36	41	1,345
4	36	42	1,855
4	36	47	3,288
4	36	48	22,957
4	36	52	0,643
4	36	54	1,425
4	36	63	4,94
4	36	65	0,999
4	36	67	0,87
4	36	79	12,576
4	36	81	8,01
4	36	86	5,456
4	36	97	4,612
4	36	98	15,141
4	36	99	12,767
4	36	100	21,175
4	41	1	0,782
4	41	5	8,243
4	41	6	17,267
4	41	9	12,725
4	41	18	3,42
4	41	19	3,328
4	41	20	1,978
4	41	25	7,349
4	41	31	2,641
4	41	36	7,407
4	41	42	8,58
4	41	47	0,853
4	41	48	21,344
4	41	52	4,156
4	41	54	61,474
4	41	63	18,452
4	41	65	2,47
4	41	67	5,941
4	41	79	0,578
4	41	81	24,988
4	41	86	4,119
4	41	97	20,889
4	41	98	4,418
4	41	99	1,046
4	41	100	15,135
4	42	1	3,265
4	42	5	2,651
4	42	6	16,843
4	42	9	10,941
4	42	18	20,069
4	42	19	4,485
4	42	20	23,704
4	42	25	3,074
4	42	31	4,168
4	42	36	10,97
4	42	41	6,34
4	42	47	1,532
4	42	48	0,91
4	42	52	1,572
4	42	54	7,912
4	42	63	9,52
4	42	65	13,706
4	42	67	11,563
4	42	79	6,752
4	42	81	4,961
4	42	86	10,899
4	42	97	1,872
4	42	98	4,989
4	42	99	16,9
4	42	100	0,687
4	47	1	2,504
4	47	5	2,004
4	47	6	5,661
4	47	9	4,861
4	47	18	2,65
4	47	19	8,04
4	47	20	9,316
4	47	25	2,109
4	47	31	1,62
4	47	36	2,649
4	47	41	8,238
4	47	42	1,759
4	47	48	1,793
4	47	52	16,47
4	47	54	0,941
4	47	63	17,054
4	47	65	5,898
4	47	67	11,96
4	47	79	1,476
4	47	81	1,362
4	47	86	6,903
4	47	97	5,276
4	47	98	25,816
4	47	99	7,973
4	47	100	6,774
4	48	1	1,816
4	48	5	3,853
4	48	6	2,927
4	48	9	1,221
4	48	18	6,433
4	48	19	2,636
4	48	20	5,84
4	48	25	1,314
4	48	31	5,045
4	48	36	17,809
4	48	41	17,772
4	48	42	0,878
4	48	47	4,09
4	48	52	0,539
4	48	54	1,338
4	48	63	3,362
4	48	65	5,306
4	48	67	3,776
4	48	79	18,255
4	48	81	2,156
4	48	86	2,623
4	48	97	3,019
4	48	98	2,187
4	48	99	2,926
4	48	100	2,75
4	52	1	1,018
4	52	5	4,333
4	52	6	4,513
4	52	9	6,262
4	52	18	3,278
4	52	19	7,776
4	52	20	25,824
4	52	25	0,815
4	52	31	7,769
4	52	36	1,765
4	52	41	3,237
4	52	42	13,929
4	52	47	4,129
4	52	48	9,804
4	52	54	3,918
4	52	63	3,328
4	52	65	3,174
4	52	67	3,987
4	52	79	29,966
4	52	81	1,13
4	52	86	5,326
4	52	97	2,751
4	52	98	3,35
4	52	99	0,876
4	52	100	6,019
4	54	1	6,608
4	54	5	7,465
4	54	6	2,025
4	54	9	7,03
4	54	18	3,095
4	54	19	2,074
4	54	20	2,13
4	54	25	1,633
4	54	31	0,556
4	54	36	5,896
4	54	41	12,012
4	54	42	13,012
4	54	47	2,776
4	54	48	4,09
4	54	52	3,307
4	54	63	10,672
4	54	65	8,748
4	54	67	3,666
4	54	79	3,165
4	54	81	2,092
4	54	86	1,376
4	54	97	2,718
4	54	98	1,34
4	54	99	20,236
4	54	100	4,082
4	63	1	15,792
4	63	5	6,697
4	63	6	5,265
4	63	9	4,321
4	63	18	0,912
4	63	19	9,737
4	63	20	2,34
4	63	25	10,045
4	63	31	4,266
4	63	36	12,299
4	63	41	1,976
4	63	42	1,81
4	63	47	0,892
4	63	48	6,739
4	63	52	6,686
4	63	54	1,881
4	63	65	8,295
4	63	67	6,279
4	63	79	11,709
4	63	81	3,876
4	63	86	4,687
4	63	97	14,291
4	63	98	3,302
4	63	99	0,525
4	63	100	7,004
4	65	1	10,944
4	65	5	1,559
4	65	6	4,795
4	65	9	3,087
4	65	18	2,68
4	65	19	32,528
4	65	20	1,898
4	65	25	11,377
4	65	31	7,806
4	65	36	1,567
4	65	41	14,113
4	65	42	8,955
4	65	47	6,088
4	65	48	1,332
4	65	52	0,606
4	65	54	5,009
4	65	63	7,495
4	65	67	1,624
4	65	79	2,114
4	65	81	0,964
4	65	86	11,723
4	65	97	0,638
4	65	98	9,706
4	65	99	2,144
4	65	100	2,831
4	67	1	23,218
4	67	5	2,688
4	67	6	4,467
4	67	9	21,172
4	67	18	7,125
4	67	19	8,028
4	67	20	1,861
4	67	25	3,864
4	67	31	3,331
4	67	36	12,594
4	67	41	1,037
4	67	42	5,372
4	67	47	7,997
4	67	48	1,133
4	67	52	2,306
4	67	54	4,145
4	67	63	6,93
4	67	65	3,423
4	67	79	10,672
4	67	81	8,428
4	67	86	4,833
4	67	97	8,143
4	67	98	0,691
4	67	99	3,098
4	67	100	30,962
4	79	1	0,576
4	79	5	24,643
4	79	6	19,759
4	79	9	8,65
4	79	18	3,058
4	79	19	5,325
4	79	20	10,492
4	79	25	2,483
4	79	31	6,833
4	79	36	4,734
4	79	41	0,568
4	79	42	1,849
4	79	47	9,82
4	79	48	5,084
4	79	52	3,094
4	79	54	15,288
4	79	63	2,712
4	79	65	1,67
4	79	67	2,685
4	79	81	0,623
4	79	86	3,893
4	79	97	1,878
4	79	98	16,133
4	79	99	2,756
4	79	100	29,641
4	81	1	10,753
4	81	5	4,836
4	81	6	19,121
4	81	9	0,891
4	81	18	1,785
4	81	19	1,116
4	81	20	4,784
4	81	25	2,537
4	81	31	2,432
4	81	36	2,278
4	81	41	1,021
4	81	42	1,887
4	81	47	9,307
4	81	48	5,289
4	81	52	3,764
4	81	54	5,598
4	81	63	2,469
4	81	65	3,362
4	81	67	4,242
4	81	79	3,1
4	81	86	1,179
4	81	97	3,825
4	81	98	6,16
4	81	99	2,975
4	81	100	1,762
4	86	1	5,7
4	86	5	26,025
4	86	6	4,517
4	86	9	14,673
4	86	18	22,664
4	86	19	6,167
4	86	20	1,406
4	86	25	3,414
4	86	31	1,432
4	86	36	8,124
4	86	41	0,776
4	86	42	1,125
4	86	47	44,495
4	86	48	4,938
4	86	52	1,406
4	86	54	8,306
4	86	63	4,191
4	86	65	2,317
4	86	67	2,636
4	86	79	2,065
4	86	81	13,286
4	86	97	5,993
4	86	98	2,841
4	86	99	5,214
4	86	100	5,591
4	97	1	11,174
4	97	5	2,826
4	97	6	2,626
4	97	9	8,214
4	97	18	12,874
4	97	19	2,184
4	97	20	5,561
4	97	25	1,031
4	97	31	13,575
4	97	36	0,694
4	97	41	4,097
4	97	42	4,515
4	97	47	6,5
4	97	48	0,985
4	97	52	19,007
4	97	54	9,762
4	97	63	5,914
4	97	65	19,682
4	97	67	1,329
4	97	79	8,447
4	97	81	0,553
4	97	86	5,134
4	97	98	2,589
4	97	99	1,338
4	97	100	3,747
4	98	1	12,413
4	98	5	1,039
4	98	6	2,821
4	98	9	0,945
4	98	18	0,617
4	98	19	10,126
4	98	20	8,156
4	98	25	2,881
4	98	31	0,859
4	98	36	1,909
4	98	41	48,489
4	98	42	2,708
4	98	47	6,513
4	98	48	1,418
4	98	52	10,794
4	98	54	1,457
4	98	63	1,189
4	98	65	3,162
4	98	67	2,597
4	98	79	27,139
4	98	81	0,856
4	98	86	9,614
4	98	97	5,422
4	98	99	15,246
4	98	100	8,421
4	99	1	1,237
4	99	5	1,778
4	99	6	1,77
4	99	9	1,386
4	99	18	2,25
4	99	19	20,27
4	99	20	3,082
4	99	25	11,859
4	99	31	0,763
4	99	36	1,941
4	99	41	4,674
4	99	42	2,328
4	99	47	13,611
4	99	48	2,282
4	99	52	0,815
4	99	54	16,798
4	99	63	6,725
4	99	65	2,67
4	99	67	3,594
4	99	79	4,623
4	99	81	1,392
4	99	86	3,369
4	99	97	13,601
4	99	98	5,105
4	99	100	13,427
4	100	1	9,649
4	100	5	7,515
4	100	6	18,332
4	100	9	5,485
4	100	18	5,814
4	100	19	4,43
4	100	20	3,239
4	100	25	5,434
4	100	31	63,74
4	100	36	1,916
4	100	41	8,017
4	100	42	4,035
4	100	47	14,184
4	100	48	23,835
4	100	52	4,417
4	100	54	4,25
4	100	63	7,794
4	100	65	0,627
4	100	67	4,413
4	100	79	3,432
4	100	81	7,278
4	100	86	0,562
4	100	97	0,981
4	100	98	4,026
4	100	99	13,325
5	3	5	3,277
5	3	8	43,092
5	3	12	7,231
5	3	16	3,621
5	3	18	10,084
5	3	34	9,3
5	3	44	2,515
5	3	46	6,612
5	3	48	11,004
5	3	49	3,659
5	3	50	1,906
5	3	51	5,727
5	3	52	12,722
5	3	58	3,403
5	3	60	4,971
5	3	63	1,61
5	3	65	18,431
5	3	69	0,983
5	3	86	0,812
5	3	94	18,365
5	3	95	5,375
5	5	3	1,449
5	5	8	9,924
5	5	12	2,436
5	5	16	7,573
5	5	18	9,086
5	5	34	4,419
5	5	44	15,831
5	5	46	17,602
5	5	48	3,756
5	5	49	20,494
5	5	50	4,497
5	5	51	1,011
5	5	52	10,925
5	5	58	0,712
5	5	60	3,27
5	5	63	10,631
5	5	65	30,906
5	5	69	12,697
5	5	86	11,881
5	5	94	10,464
5	5	95	3,222
5	8	3	4,54
5	8	5	4,5
5	8	12	3,734
5	8	16	0,601
5	8	18	20,613
5	8	34	7,393
5	8	44	16,674
5	8	46	0,741
5	8	48	1,046
5	8	49	11,646
5	8	50	1,919
5	8	51	14,029
5	8	52	2,615
5	8	58	4,316
5	8	60	4,24
5	8	63	8,747
5	8	65	18,069
5	8	69	41,963
5	8	86	1,983
5	8	94	4,364
5	8	95	7,139
5	12	3	4,007
5	12	5	0,945
5	12	8	12,542
5	12	16	3,533
5	12	18	11,581
5	12	34	6,981
5	12	44	7,152
5	12	46	5,387
5	12	48	2,479
5	12	49	1,83
5	12	50	1,833
5	12	51	5,693
5	12	52	2,532
5	12	58	6,473
5	12	60	9,998
5	12	63	11,734
5	12	65	2,532
5	12	69	12,959
5	12	86	6,35
5	12	94	2,119
5	12	95	0,703
5	16	3	6,609
5	16	5	8,42
5	16	8	14,834
5	16	12	0,678
5	16	18	14,024
5	16	34	1,062
5	16	44	3,939
5	16	46	11,896
5	16	48	3,496
5	16	49	5,158
5	16	50	0,528
5	16	51	5,868
5	16	52	0,929
5	16	58	2,425
5	16	60	1,323
5	16	63	0,831
5	16	65	4,531
5	16	69	9,587
5	16	86	4,64
5	16	94	3,564
5	16	95	3,236
5	18	3	0,543
5	18	5	3,533
5	18	8	0,951
5	18	12	5,383
5	18	16	1,47
5	18	34	7,626
5	18	44	6,962
5	18	46	6,959
5	18	48	3,98
5	18	49	4,588
5	18	50	2,499
5	18	51	1,196
5	18	52	5,865
5	18	58	1,917
5	18	60	2,271
5	18	63	1,085
5	18	65	5,672
5	18	69	17,979
5	18	86	7,982
5	18	94	0,835
5	18	95	5,134
5	34	3	4,966
5	34	5	1,885
5	34	8	12,057
5	34	12	6,079
5	34	16	2,404
5	34	18	2,489
5	34	44	0,72
5	34	46	4,839
5	34	48	5,119
5	34	49	5,926
5	34	50	5,05
5	34	51	5,969
5	34	52	3,641
5	34	58	9,25
5	34	60	12,463
5	34	63	7,346
5	34	65	2,582
5	34	69	5,936
5	34	86	17,47
5	34	94	0,912
5	34	95	15,645
5	44	3	2,908
5	44	5	3,559
5	44	8	5,843
5	44	12	3,361
5	44	16	2,699
5	44	18	10,916
5	44	34	8,377
5	44	46	7,6
5	44	48	0,723
5	44	49	2,394
5	44	50	0,887
5	44	51	23,54
5	44	52	1,631
5	44	58	1,796
5	44	60	2,691
5	44	63	0,922
5	44	65	1,22
5	44	69	1,38
5	44	86	4,903
5	44	94	3,382
5	44	95	2,591
5	46	3	1,956
5	46	5	2,016
5	46	8	2,118
5	46	12	0,927
5	46	16	1,04
5	46	18	12,367
5	46	34	2,236
5	46	44	3,953
5	46	48	14,776
5	46	49	13,753
5	46	50	1,243
5	46	51	11,117
5	46	52	3,27
5	46	58	13,923
5	46	60	7,438
5	46	63	3,481
5	46	65	5,334
5	46	69	4,19
5	46	86	31,667
5	46	94	9,186
5	46	95	6,904
5	48	3	2,664
5	48	5	5,625
5	48	8	18,012
5	48	12	7,785
5	48	16	3,686
5	48	18	9,57
5	48	34	2,199
5	48	44	20,644
5	48	46	3,249
5	48	49	7,128
5	48	50	26,243
5	48	51	10,727
5	48	52	3,609
5	48	58	1,329
5	48	60	1,74
5	48	63	10,007
5	48	65	26,142
5	48	69	5,31
5	48	86	8,93
5	48	94	5,55
5	48	95	10,076
5	49	3	2,093
5	49	5	11,014
5	49	8	3,275
5	49	12	1,862
5	49	16	81,83
5	49	18	19,435
5	49	34	6,849
5	49	44	0,548
5	49	46	6,963
5	49	48	3,061
5	49	50	1,343
5	49	51	0,654
5	49	52	7,144
5	49	58	8,543
5	49	60	1,135
5	49	63	1,258
5	49	65	8,434
5	49	69	1,32
5	49	86	3,389
5	49	94	1,742
5	49	95	0,842
5	50	3	4,4
5	50	5	2,444
5	50	8	10,08
5	50	12	35,472
5	50	16	5,704
5	50	18	39,335
5	50	34	1,725
5	50	44	5,067
5	50	46	1,86
5	50	48	3,346
5	50	49	42,669
5	50	51	15,819
5	50	52	3,07
5	50	58	9,538
5	50	60	19,241
5	50	63	1,208
5	50	65	3,016
5	50	69	3,554
5	50	86	1,945
5	50	94	30,866
5	50	95	22,015
5	51	3	4,39
5	51	5	2,616
5	51	8	3,5
5	51	12	6,858
5	51	16	2,397
5	51	18	5,325
5	51	34	1,072
5	51	44	11,323
5	51	46	4,059
5	51	48	12,251
5	51	49	3,901
5	51	50	1,296
5	51	52	0,506
5	51	58	14,173
5	51	60	0,809
5	51	63	5,937
5	51	65	2,479
5	51	69	3,127
5	51	86	2,475
5	51	94	5,998
5	51	95	1,062
5	52	3	12,428
5	52	5	10,282
5	52	8	19,115
5	52	12	3,632
5	52	16	2,918
5	52	18	2,01
5	52	34	1,988
5	52	44	8,027
5	52	46	3,053
5	52	48	16,879
5	52	49	0,838
5	52	50	26,922
5	52	51	4,165
5	52	58	1,938
5	52	60	2,976
5	52	63	1,266
5	52	65	1,161
5	52	69	5,375
5	52	86	9,711
5	52	94	1,765
5	52	95	11,809
5	58	3	0,653
5	58	5	0,811
5	58	8	0,773
5	58	12	2,551
5	58	16	6,027
5	58	18	0,715
5	58	34	8,925
5	58	44	4,874
5	58	46	1,009
5	58	48	5,267
5	58	49	1,677
5	58	50	1,028
5	58	51	6,069
5	58	52	4,069
5	58	60	16,731
5	58	63	0,804
5	58	65	4,786
5	58	69	13,316
5	58	86	1,832
5	58	94	8,742
5	58	95	4,059
5	60	3	11,793
5	60	5	11,932
5	60	8	12,622
5	60	12	0,876
5	60	16	2,685
5	60	18	4,426
5	60	34	2,39
5	60	44	2,403
5	60	46	17,449
5	60	48	11,612
5	60	49	6,624
5	60	50	2,445
5	60	51	1,517
5	60	52	0,913
5	60	58	2,536
5	60	63	3,068
5	60	65	1,475
5	60	69	0,684
5	60	86	4,32
5	60	94	8,283
5	60	95	0,761
5	63	3	5,917
5	63	5	2,705
5	63	8	2,22
5	63	12	2,35
5	63	16	35,885
5	63	18	0,866
5	63	34	1,165
5	63	44	4,024
5	63	46	1,912
5	63	48	4,971
5	63	49	19,092
5	63	50	7,32
5	63	51	0,713
5	63	52	1,123
5	63	58	1,727
5	63	60	7,368
5	63	65	1,372
5	63	69	0,804
5	63	86	12,37
5	63	94	16,593
5	63	95	6,732
5	65	3	1,524
5	65	5	5,568
5	65	8	2,433
5	65	12	11,615
5	65	16	36,216
5	65	18	2,399
5	65	34	7,792
5	65	44	2,296
5	65	46	2,367
5	65	48	6,001
5	65	49	2,51
5	65	50	5,892
5	65	51	1,22
5	65	52	1,173
5	65	58	9,735
5	65	60	8,372
5	65	63	3,708
5	65	69	34,471
5	65	86	2,046
5	65	94	5,283
5	65	95	1,258
5	69	3	7,703
5	69	5	7,345
5	69	8	2,233
5	69	12	0,703
5	69	16	4,919
5	69	18	7,688
5	69	34	4,182
5	69	44	3,685
5	69	46	8,828
5	69	48	8,261
5	69	49	0,767
5	69	50	2,643
5	69	51	4,255
5	69	52	3,91
5	69	58	1,962
5	69	60	10,613
5	69	63	1,556
5	69	65	5,164
5	69	86	3,024
5	69	94	11,679
5	69	95	1,147
5	86	3	11,424
5	86	5	4,293
5	86	8	6,595
5	86	12	1,684
5	86	16	3,165
5	86	18	4,447
5	86	34	2,522
5	86	44	2,435
5	86	46	7,772
5	86	48	1,3
5	86	49	1,274
5	86	50	7,518
5	86	51	1,534
5	86	52	2,614
5	86	58	1,391
5	86	60	2,682
5	86	63	5,32
5	86	65	8,789
5	86	69	5,427
5	86	94	15,582
5	86	95	3,731
5	94	3	8,632
5	94	5	12,401
5	94	8	6,209
5	94	12	7,12
5	94	16	1,652
5	94	18	3,076
5	94	34	2,312
5	94	44	4,435
5	94	46	15,509
5	94	48	9,211
5	94	49	5,211
5	94	50	0,859
5	94	51	12,307
5	94	52	2,855
5	94	58	0,657
5	94	60	9,586
5	94	63	19,432
5	94	65	6,439
5	94	69	4,093
5	94	86	14,669
5	94	95	8,852
5	95	3	6,529
5	95	5	11,654
5	95	8	2,777
5	95	12	5,628
5	95	16	4,255
5	95	18	5,418
5	95	34	18,68
5	95	44	2,9
5	95	46	13,286
5	95	48	1,069
5	95	49	7,941
5	95	50	2,88
5	95	51	9,096
5	95	52	9,416
5	95	58	6,883
5	95	60	1,836
5	95	63	28,544
5	95	65	13,398
5	95	69	3,679
5	95	86	2,757
5	95	94	5,498
6	1	10	10,567
6	1	12	1,636
6	1	24	6,943
6	1	28	16,875
6	1	31	5,021
6	1	34	8,969
6	1	36	6,797
6	1	44	11,055
6	1	49	0,972
6	1	53	4,842
6	1	60	8,633
6	1	62	5,21
6	1	65	7,698
6	1	69	2,725
6	1	70	1,274
6	1	71	5,822
6	1	73	14,978
6	1	83	0,836
6	1	86	3,37
6	1	87	29,777
6	1	94	2,409
6	1	95	16,138
6	10	1	1,297
6	10	12	4,347
6	10	24	0,752
6	10	28	15,989
6	10	31	4,126
6	10	34	11,491
6	10	36	3,548
6	10	44	4,722
6	10	49	1,035
6	10	53	8,982
6	10	60	2,704
6	10	62	2,941
6	10	65	7,655
6	10	69	11,262
6	10	70	7,24
6	10	71	0,926
6	10	73	1,052
6	10	83	4,801
6	10	86	2,176
6	10	87	3,599
6	10	94	21,205
6	10	95	5,531
6	12	1	2,317
6	12	10	17,127
6	12	24	33,479
6	12	28	2,084
6	12	31	0,516
6	12	34	18,174
6	12	36	2,867
6	12	44	3,208
6	12	49	2,898
6	12	53	23,124
6	12	60	1,297
6	12	62	7,408
6	12	65	24,656
6	12	69	6,278
6	12	70	0,583
6	12	71	7,82
6	12	73	1,051
6	12	83	2,091
6	12	86	4,875
6	12	87	5,223
6	12	94	17,923
6	12	95	27,463
6	24	1	2,912
6	24	10	6,368
6	24	12	11,352
6	24	28	5,393
6	24	31	29,089
6	24	34	4,934
6	24	36	5,042
6	24	44	16,496
6	24	49	3,621
6	24	53	11,139
6	24	60	4,53
6	24	62	2,823
6	24	65	7,439
6	24	69	0,639
6	24	70	9,429
6	24	71	2,871
6	24	73	13,229
6	24	83	9,05
6	24	86	13,695
6	24	87	0,636
6	24	94	2
6	24	95	3,275
6	28	1	1,198
6	28	10	14,262
6	28	12	0,594
6	28	24	1,582
6	28	31	3,222
6	28	34	2,767
6	28	36	8,351
6	28	44	5,684
6	28	49	11,176
6	28	53	10,548
6	28	60	19,526
6	28	62	4,919
6	28	65	0,654
6	28	69	5,211
6	28	70	2,966
6	28	71	17,379
6	28	73	1,41
6	28	83	5,033
6	28	86	0,734
6	28	87	3,272
6	28	94	1,471
6	28	95	4,538
6	31	1	4,331
6	31	10	1,279
6	31	12	8,007
6	31	24	2,582
6	31	28	2,427
6	31	34	11,673
6	31	36	2,271
6	31	44	7,72
6	31	49	4,854
6	31	53	1,57
6	31	60	12,945
6	31	62	6,355
6	31	65	3,366
6	31	69	12,165
6	31	70	8,995
6	31	71	3,967
6	31	73	1,181
6	31	83	1,796
6	31	86	15,095
6	31	87	3,021
6	31	94	2,922
6	31	95	1,052
6	34	1	7,481
6	34	10	5,548
6	34	12	5,11
6	34	24	1,215
6	34	28	6,028
6	34	31	1,695
6	34	36	2,604
6	34	44	4,455
6	34	49	2,17
6	34	53	2,48
6	34	60	2,399
6	34	62	2,962
6	34	65	22,441
6	34	69	0,873
6	34	70	7,594
6	34	71	2,87
6	34	73	11,557
6	34	83	4,16
6	34	86	1,268
6	34	87	34,814
6	34	94	0,624
6	34	95	4,499
6	36	1	2,237
6	36	10	8,207
6	36	12	1,3
6	36	24	24,876
6	36	28	4,923
6	36	31	1,033
6	36	34	7,538
6	36	44	14,534
6	36	49	2,887
6	36	53	3,036
6	36	60	3,784
6	36	62	7,646
6	36	65	3,87
6	36	69	12,586
6	36	70	9,119
6	36	71	1,23
6	36	73	1,631
6	36	83	4,666
6	36	86	16,028
6	36	87	8,584
6	36	94	23,042
6	36	95	3,966
6	44	1	1,42
6	44	10	6,044
6	44	12	1,029
6	44	24	32,733
6	44	28	0,559
6	44	31	12,514
6	44	34	18,767
6	44	36	4,361
6	44	49	4,372
6	44	53	10,655
6	44	60	10,579
6	44	62	10,23
6	44	65	2,131
6	44	69	32,364
6	44	70	4,088
6	44	71	7,742
6	44	73	7,677
6	44	83	15,346
6	44	86	4,915
6	44	87	1,547
6	44	94	24,479
6	44	95	14,709
6	49	1	1,588
6	49	10	2,959
6	49	12	5,663
6	49	24	11,227
6	49	28	18,004
6	49	31	0,927
6	49	34	6,893
6	49	36	0,957
6	49	44	1,034
6	49	53	2,515
6	49	60	1,131
6	49	62	3,079
6	49	65	8,749
6	49	69	3,429
6	49	70	4,595
6	49	71	5,853
6	49	73	2,279
6	49	83	4,047
6	49	86	1,883
6	49	87	6,384
6	49	94	1,667
6	49	95	8,604
6	53	1	8,235
6	53	10	2,403
6	53	12	3,671
6	53	24	5,53
6	53	28	0,641
6	53	31	2,038
6	53	34	0,82
6	53	36	4,189
6	53	44	3,052
6	53	49	8,324
6	53	60	2,16
6	53	62	7,249
6	53	65	4,234
6	53	69	2,241
6	53	70	1,009
6	53	71	9,386
6	53	73	3,464
6	53	83	3,165
6	53	86	1,923
6	53	87	4,836
6	53	94	4,791
6	53	95	3,833
6	60	1	1,693
6	60	10	8,932
6	60	12	2,063
6	60	24	2,542
6	60	28	7,54
6	60	31	5,188
6	60	34	1,973
6	60	36	0,993
6	60	44	3,268
6	60	49	1,317
6	60	53	1,303
6	60	62	5,512
6	60	65	11,829
6	60	69	11,362
6	60	70	2,519
6	60	71	2,166
6	60	73	1,305
6	60	83	0,648
6	60	86	4,214
6	60	87	1,076
6	60	94	2,483
6	60	95	19,953
6	62	1	24,934
6	62	10	5,418
6	62	12	8,383
6	62	24	3,78
6	62	28	1,97
6	62	31	1,822
6	62	34	12,894
6	62	36	1,299
6	62	44	8,144
6	62	49	0,661
6	62	53	7,026
6	62	60	0,519
6	62	65	0,728
6	62	69	7,196
6	62	70	1,276
6	62	71	1,042
6	62	73	6,206
6	62	83	4,825
6	62	86	0,925
6	62	87	9,752
6	62	94	3,717
6	62	95	6,327
6	65	1	1,165
6	65	10	1,402
6	65	12	1,349
6	65	24	9,317
6	65	28	3,389
6	65	31	9,493
6	65	34	1,971
6	65	36	1,187
6	65	44	6,748
6	65	49	1,462
6	65	53	20,349
6	65	60	24,961
6	65	62	7,565
6	65	69	4,47
6	65	70	26,929
6	65	71	3,009
6	65	73	0,721
6	65	83	9,494
6	65	86	14,979
6	65	87	22,404
6	65	94	11,611
6	65	95	2,331
6	69	1	2,72
6	69	10	2,988
6	69	12	5,003
6	69	24	2,296
6	69	28	9,943
6	69	31	1,274
6	69	34	3,699
6	69	36	4,673
6	69	44	0,503
6	69	49	4,981
6	69	53	8,957
6	69	60	2,029
6	69	62	14,277
6	69	65	9,287
6	69	70	3,047
6	69	71	8,968
6	69	73	1,914
6	69	83	3,41
6	69	86	1,461
6	69	87	4,368
6	69	94	9,757
6	69	95	15,892
6	70	1	9,28
6	70	10	1,582
6	70	12	16,488
6	70	24	5,96
6	70	28	0,555
6	70	31	8,058
6	70	34	0,527
6	70	36	4,322
6	70	44	2,674
6	70	49	8,051
6	70	53	2,139
6	70	60	2,977
6	70	62	36,859
6	70	65	3,781
6	70	69	1,813
6	70	71	4,776
6	70	73	1,382
6	70	83	4,883
6	70	86	2,523
6	70	87	2,367
6	70	94	16,25
6	70	95	3,097
6	71	1	8,307
6	71	10	3,795
6	71	12	5,89
6	71	24	4,786
6	71	28	4,711
6	71	31	8,432
6	71	34	10,689
6	71	36	4,393
6	71	44	14,527
6	71	49	15,108
6	71	53	3,452
6	71	60	1,149
6	71	62	4,277
6	71	65	8,435
6	71	69	9,162
6	71	70	2,733
6	71	73	2,972
6	71	83	1,871
6	71	86	5,943
6	71	87	2,163
6	71	94	1,341
6	71	95	24,043
6	73	1	4,208
6	73	10	13,583
6	73	12	9,139
6	73	24	1,215
6	73	28	8,174
6	73	31	12,219
6	73	34	0,666
6	73	36	6,034
6	73	44	7,287
6	73	49	20,076
6	73	53	2,589
6	73	60	6,75
6	73	62	33,04
6	73	65	1,901
6	73	69	4,018
6	73	70	1,56
6	73	71	2,101
6	73	83	2,253
6	73	86	15,251
6	73	87	2,241
6	73	94	5,357
6	73	95	13,439
6	83	1	1,909
6	83	10	10,464
6	83	12	7,388
6	83	24	0,925
6	83	28	12,176
6	83	31	1,519
6	83	34	11,536
6	83	36	1,105
6	83	44	1,777
6	83	49	7,555
6	83	53	12,981
6	83	60	2,094
6	83	62	3,343
6	83	65	15,796
6	83	69	1,776
6	83	70	2,004
6	83	71	2,023
6	83	73	4,342
6	83	86	11,497
6	83	87	12,769
6	83	94	0,809
6	83	95	8,477
6	86	1	3,745
6	86	10	1,305
6	86	12	4,844
6	86	24	1,186
6	86	28	3,74
6	86	31	3,654
6	86	34	3,83
6	86	36	4,687
6	86	44	4,633
6	86	49	3,735
6	86	53	14,69
6	86	60	1,146
6	86	62	6,424
6	86	65	2,213
6	86	69	7,056
6	86	70	4,888
6	86	71	4,348
6	86	73	22,137
6	86	83	4,35
6	86	87	4,355
6	86	94	4,302
6	86	95	7,749
6	87	1	16,062
6	87	10	10,708
6	87	12	8,816
6	87	24	4,38
6	87	28	0,92
6	87	31	1,768
6	87	34	9,986
6	87	36	1,102
6	87	44	13,828
6	87	49	2,769
6	87	53	8,063
6	87	60	4,066
6	87	62	3,701
6	87	65	5,017
6	87	69	4,66
6	87	70	8,261
6	87	71	2,353
6	87	73	5,181
6	87	83	0,535
6	87	86	1,408
6	87	94	1,516
6	87	95	2,237
6	94	1	17,586
6	94	10	7,111
6	94	12	0,779
6	94	24	1,448
6	94	28	13,056
6	94	31	1,944
6	94	34	0,745
6	94	36	38,988
6	94	44	2,081
6	94	49	4,291
6	94	53	9,021
6	94	60	1,348
6	94	62	0,968
6	94	65	7,502
6	94	69	0,746
6	94	70	5,553
6	94	71	10,268
6	94	73	3,071
6	94	83	2,866
6	94	86	2,556
6	94	87	1,917
6	94	95	10,207
6	95	1	15,381
6	95	10	0,956
6	95	12	11,43
6	95	24	5,913
6	95	28	0,626
6	95	31	1,843
6	95	34	3,085
6	95	36	8,885
6	95	44	0,957
6	95	49	2,052
6	95	53	2,879
6	95	60	0,616
6	95	62	1,276
6	95	65	2,994
6	95	69	10,635
6	95	70	3,768
6	95	71	7,742
6	95	73	8,379
6	95	83	14,393
6	95	86	1,774
6	95	87	11,798
6	95	94	1,612
7	1	3	2,149
7	1	6	4,792
7	1	7	18,573
7	1	8	6,538
7	1	10	1,651
7	1	22	30,156
7	1	36	7,67
7	1	44	2,912
7	1	45	0,867
7	1	46	1,797
7	1	47	1,337
7	1	66	7,142
7	1	74	2,319
7	1	77	1,527
7	1	85	14,477
7	1	87	5,023
7	1	94	11,25
7	1	98	2,393
7	3	1	4,783
7	3	6	5,711
7	3	7	1,07
7	3	8	1,254
7	3	10	10,628
7	3	22	6,144
7	3	36	11,975
7	3	44	4,849
7	3	45	2,786
7	3	46	0,89
7	3	47	2,274
7	3	66	0,691
7	3	74	0,882
7	3	77	1,86
7	3	85	11,604
7	3	87	0,766
7	3	94	1,88
7	3	98	1,873
7	6	1	3,939
7	6	3	1,454
7	6	7	8,856
7	6	8	8,522
7	6	10	9,414
7	6	22	0,587
7	6	36	1,041
7	6	44	3,795
7	6	45	8,121
7	6	46	13,639
7	6	47	0,558
7	6	66	4,403
7	6	74	1,077
7	6	77	3,993
7	6	85	10,267
7	6	87	1,351
7	6	94	1,844
7	6	98	2,53
7	7	1	8,717
7	7	3	5,686
7	7	6	1,804
7	7	8	8,276
7	7	10	9,024
7	7	22	3,843
7	7	36	8,203
7	7	44	1,524
7	7	45	2,486
7	7	46	0,551
7	7	47	1,251
7	7	66	7,687
7	7	74	14,802
7	7	77	5,872
7	7	85	6,473
7	7	87	1,895
7	7	94	3,936
7	7	98	1,403
7	8	1	2,617
7	8	3	2,88
7	8	6	2,748
7	8	7	4,87
7	8	10	1,195
7	8	22	14,106
7	8	36	4,931
7	8	44	2,863
7	8	45	4,476
7	8	46	5,254
7	8	47	4,768
7	8	66	0,523
7	8	74	36,047
7	8	77	5,871
7	8	85	4,859
7	8	87	5,654
7	8	94	26,64
7	8	98	25,297
7	10	1	2,422
7	10	3	0,744
7	10	6	2,453
7	10	7	0,844
7	10	8	1,885
7	10	22	4,436
7	10	36	0,513
7	10	44	0,833
7	10	45	1,509
7	10	46	18,987
7	10	47	24,831
7	10	66	3,378
7	10	74	5,958
7	10	77	9,463
7	10	85	9,965
7	10	87	7,307
7	10	94	12,972
7	10	98	2,174
7	22	1	13,538
7	22	3	5,727
7	22	6	2,888
7	22	7	12,687
7	22	8	1,507
7	22	10	3,398
7	22	36	10,65
7	22	44	10,594
7	22	45	8,424
7	22	46	2,888
7	22	47	1,678
7	22	66	2,209
7	22	74	5,632
7	22	77	7,318
7	22	85	1,994
7	22	87	17,23
7	22	94	3,236
7	22	98	6,474
7	36	1	6,235
7	36	3	4,921
7	36	6	3,202
7	36	7	4,164
7	36	8	7,758
7	36	10	3,464
7	36	22	0,948
7	36	44	1,121
7	36	45	6,735
7	36	46	7,531
7	36	47	3,363
7	36	66	4,945
7	36	74	10,151
7	36	77	10,225
7	36	85	13,407
7	36	87	4,18
7	36	94	3,403
7	36	98	1,026
7	44	1	4,57
7	44	3	6,41
7	44	6	14,664
7	44	7	3,82
7	44	8	3,321
7	44	10	2,015
7	44	22	4,83
7	44	36	2,516
7	44	45	3,747
7	44	46	0,963
7	44	47	1,994
7	44	66	6,625
7	44	74	4,913
7	44	77	17,005
7	44	85	3,435
7	44	87	2,615
7	44	94	12,779
7	44	98	2,291
7	45	1	5,307
7	45	3	5,562
7	45	6	27,071
7	45	7	1,238
7	45	8	2,392
7	45	10	26,258
7	45	22	1,189
7	45	36	1,825
7	45	44	2,005
7	45	46	7,582
7	45	47	1,873
7	45	66	2,358
7	45	74	4,727
7	45	77	2,28
7	45	85	6,223
7	45	87	3,366
7	45	94	11,557
7	45	98	5,478
7	46	1	5,073
7	46	3	1,869
7	46	6	13,703
7	46	7	4,982
7	46	8	32,27
7	46	10	1,457
7	46	22	4,727
7	46	36	4,425
7	46	44	3,738
7	46	45	4,99
7	46	47	5,295
7	46	66	3,402
7	46	74	5,232
7	46	77	1,743
7	46	85	1,193
7	46	87	15,367
7	46	94	8,008
7	46	98	7,271
7	47	1	6,671
7	47	3	5,913
7	47	6	2,016
7	47	7	19,1
7	47	8	0,522
7	47	10	1,165
7	47	22	29,04
7	47	36	18,177
7	47	44	25,909
7	47	45	0,509
7	47	46	7,899
7	47	66	10,484
7	47	74	5,76
7	47	77	14,293
7	47	85	2,147
7	47	87	2,978
7	47	94	3,027
7	47	98	2,559
7	66	1	1,421
7	66	3	4,709
7	66	6	7,683
7	66	7	10,152
7	66	8	2,929
7	66	10	10,58
7	66	22	6,489
7	66	36	5,831
7	66	44	6,229
7	66	45	3,117
7	66	46	4,377
7	66	47	9,94
7	66	74	3,083
7	66	77	1,037
7	66	85	10,563
7	66	87	1,686
7	66	94	1,126
7	66	98	15,21
7	74	1	2,265
7	74	3	1,588
7	74	6	5,727
7	74	7	0,757
7	74	8	17,291
7	74	10	8,304
7	74	22	21,501
7	74	36	2,083
7	74	44	0,607
7	74	45	5,933
7	74	46	2,785
7	74	47	16,681
7	74	66	20,758
7	74	77	5,175
7	74	85	3,651
7	74	87	5,382
7	74	94	17,744
7	74	98	6,232
7	77	1	5,805
7	77	3	6,311
7	77	6	1,451
7	77	7	5,122
7	77	8	10,164
7	77	10	3,989
7	77	22	23,492
7	77	36	5,091
7	77	44	1,653
7	77	45	4,188
7	77	46	9,113
7	77	47	7,702
7	77	66	12,341
7	77	74	4,74
7	77	85	5,901
7	77	87	4,152
7	77	94	10,232
7	77	98	22,267
7	85	1	3,506
7	85	3	9,438
7	85	6	4,017
7	85	7	2,905
7	85	8	15,093
7	85	10	1,481
7	85	22	6,881
7	85	36	6,353
7	85	44	2,373
7	85	45	1,474
7	85	46	37,228
7	85	47	1,788
7	85	66	2,373
7	85	74	5,048
7	85	77	1,634
7	85	87	5,081
7	85	94	6,583
7	85	98	5,953
7	87	1	1,533
7	87	3	9,015
7	87	6	6,613
7	87	7	2,612
7	87	8	8,319
7	87	10	0,597
7	87	22	2,095
7	87	36	13,649
7	87	44	1,355
7	87	45	2,564
7	87	46	2,679
7	87	47	1,848
7	87	66	1,624
7	87	74	0,996
7	87	77	6,192
7	87	85	1,401
7	87	94	15,942
7	87	98	9,88
7	94	1	6,032
7	94	3	17,415
7	94	6	1,002
7	94	7	4,434
7	94	8	11,917
7	94	10	6,394
7	94	22	3,339
7	94	36	4,389
7	94	44	17,61
7	94	45	2,566
7	94	46	8,497
7	94	47	11,191
7	94	66	2,807
7	94	74	0,648
7	94	77	5,129
7	94	85	1,445
7	94	87	7,599
7	94	98	9,507
7	98	1	3,66
7	98	3	16,134
7	98	6	0,62
7	98	7	8,487
7	98	8	10,07
7	98	10	1,76
7	98	22	0,543
7	98	36	4,21
7	98	44	6,956
7	98	45	5,209
7	98	46	2,476
7	98	47	1,768
7	98	66	4,584
7	98	74	0,544
7	98	77	2,561
7	98	85	23,618
7	98	87	2,932
7	98	94	11,803
8	2	3	7,209
8	2	13	5,954
8	2	17	3,456
8	2	24	3,314
8	2	26	4,3
8	2	27	1,84
8	2	28	1,083
8	2	36	5,341
8	2	37	38,191
8	2	40	7,364
8	2	47	4,922
8	2	48	2,115
8	2	49	6,268
8	2	52	3,223
8	2	61	3,665
8	2	64	1,224
8	2	74	0,592
8	2	80	5,82
8	2	88	4,724
8	2	91	0,72
8	2	97	2,595
8	3	2	13,591
8	3	13	0,824
8	3	17	1,394
8	3	24	10,193
8	3	26	11,693
8	3	27	9,887
8	3	28	6,009
8	3	36	2,245
8	3	37	3,883
8	3	40	8,053
8	3	47	4,312
8	3	48	3,399
8	3	49	6,976
8	3	52	2,003
8	3	61	0,622
8	3	64	2,328
8	3	74	3,218
8	3	80	6,462
8	3	88	7,017
8	3	91	2,727
8	3	97	5,742
8	13	2	4,571
8	13	3	7,563
8	13	17	7,181
8	13	24	12,608
8	13	26	0,551
8	13	27	3,772
8	13	28	9,123
8	13	36	5,209
8	13	37	6,092
8	13	40	1,804
8	13	47	3,194
8	13	48	8,379
8	13	49	8,316
8	13	52	4,362
8	13	61	1,673
8	13	64	5,472
8	13	74	3,094
8	13	80	5,754
8	13	88	0,514
8	13	91	1,041
8	13	97	5,2
8	17	2	4,492
8	17	3	0,881
8	17	13	4,354
8	17	24	7,482
8	17	26	7,362
8	17	27	7,731
8	17	28	6,183
8	17	36	2,828
8	17	37	1,296
8	17	40	20,308
8	17	47	3,853
8	17	48	4,614
8	17	49	20,503
8	17	52	1,343
8	17	61	2,787
8	17	64	2,19
8	17	74	9,965
8	17	80	10,206
8	17	88	1,768
8	17	91	11,627
8	17	97	2,381
8	24	2	3,573
8	24	3	0,948
8	24	13	11,272
8	24	17	23,434
8	24	26	6,602
8	24	27	11,1
8	24	28	15,467
8	24	36	6,402
8	24	37	1,083
8	24	40	8,523
8	24	47	34,945
8	24	48	7,388
8	24	49	3,621
8	24	52	3,183
8	24	61	1,823
8	24	64	4,284
8	24	74	5,23
8	24	80	3,774
8	24	88	5,203
8	24	91	3,915
8	24	97	2,302
8	26	2	1,501
8	26	3	5,566
8	26	13	1,119
8	26	17	16,496
8	26	24	5,34
8	26	27	12,032
8	26	28	12,757
8	26	36	15,968
8	26	37	7,536
8	26	40	0,616
8	26	47	2,874
8	26	48	2,103
8	26	49	1,249
8	26	52	1,595
8	26	61	11,72
8	26	64	8,224
8	26	74	1,486
8	26	80	7,318
8	26	88	7,209
8	26	91	4,372
8	26	97	11,979
8	27	2	13,018
8	27	3	4,24
8	27	13	7,934
8	27	17	32,065
8	27	24	1,08
8	27	26	7,651
8	27	28	3,443
8	27	36	2,099
8	27	37	22,917
8	27	40	32,344
8	27	47	18,918
8	27	48	14,94
8	27	49	6,83
8	27	52	12,43
8	27	61	1,06
8	27	64	7,763
8	27	74	2,735
8	27	80	2,676
8	27	88	36,352
8	27	91	5,462
8	27	97	8,607
8	28	2	1,618
8	28	3	2,44
8	28	13	10,038
8	28	17	17,064
8	28	24	3,011
8	28	26	1,877
8	28	27	4,115
8	28	36	19,441
8	28	37	0,817
8	28	40	0,636
8	28	47	6,925
8	28	48	4,571
8	28	49	8,606
8	28	52	6,162
8	28	61	1,167
8	28	64	1,735
8	28	74	3,533
8	28	80	1,056
8	28	88	4,772
8	28	91	11,613
8	28	97	9,988
8	36	2	0,509
8	36	3	5,339
8	36	13	3,742
8	36	17	3,845
8	36	24	2,772
8	36	26	2,202
8	36	27	3,213
8	36	28	26,35
8	36	37	2,601
8	36	40	1,048
8	36	47	3,925
8	36	48	4,365
8	36	49	2,028
8	36	52	4,174
8	36	61	1,157
8	36	64	1,915
8	36	74	3,829
8	36	80	8,011
8	36	88	2,644
8	36	91	0,726
8	36	97	3,246
8	37	2	1,859
8	37	3	3,488
8	37	13	4,12
8	37	17	3,552
8	37	24	2,229
8	37	26	0,676
8	37	27	0,793
8	37	28	4,389
8	37	36	3,448
8	37	40	2,103
8	37	47	1,852
8	37	48	2,267
8	37	49	0,729
8	37	52	7,947
8	37	61	0,87
8	37	64	2,221
8	37	74	6,978
8	37	80	5,337
8	37	88	1,137
8	37	91	1,212
8	37	97	1,148
8	40	2	1,607
8	40	3	12,374
8	40	13	1,095
8	40	17	0,531
8	40	24	6,827
8	40	26	6,123
8	40	27	5,012
8	40	28	3,426
8	40	36	13,703
8	40	37	15,773
8	40	47	0,916
8	40	48	2,095
8	40	49	0,744
8	40	52	5,899
8	40	61	17,504
8	40	64	7,66
8	40	74	9,894
8	40	80	7,237
8	40	88	4,489
8	40	91	1,22
8	40	97	3,885
8	47	2	5,058
8	47	3	5,286
8	47	13	1,237
8	47	17	3,231
8	47	24	3,599
8	47	26	17,109
8	47	27	14,455
8	47	28	3,724
8	47	36	7,046
8	47	37	15,67
8	47	40	2,82
8	47	48	4,188
8	47	49	7,015
8	47	52	6,409
8	47	61	4,69
8	47	64	1,198
8	47	74	4,335
8	47	80	4,132
8	47	88	2,032
8	47	91	1,969
8	47	97	2,443
8	48	2	6,703
8	48	3	4,138
8	48	13	2,849
8	48	17	1,261
8	48	24	6,071
8	48	26	2,279
8	48	27	3,655
8	48	28	5,379
8	48	36	4,513
8	48	37	5,448
8	48	40	4,769
8	48	47	8,564
8	48	49	6,462
8	48	52	6,621
8	48	61	9,59
8	48	64	4,299
8	48	74	0,538
8	48	80	15,228
8	48	88	8,134
8	48	91	20,549
8	48	97	7,436
8	49	2	18,914
8	49	3	3,663
8	49	13	11,864
8	49	17	5,664
8	49	24	2,669
8	49	26	9,703
8	49	27	2,651
8	49	28	0,976
8	49	36	38,067
8	49	37	13,82
8	49	40	7,1
8	49	47	14,007
8	49	48	1,328
8	49	52	0,923
8	49	61	5,965
8	49	64	12,645
8	49	74	11,985
8	49	80	15,723
8	49	88	9,036
8	49	91	8,685
8	49	97	6,542
8	52	2	4,412
8	52	3	8,239
8	52	13	1,398
8	52	17	5,118
8	52	24	0,731
8	52	26	1,772
8	52	27	2,987
8	52	28	11,484
8	52	36	1,736
8	52	37	3,488
8	52	40	2,183
8	52	47	4,925
8	52	48	13,988
8	52	49	14,062
8	52	61	4,366
8	52	64	29,91
8	52	74	1,811
8	52	80	2,296
8	52	88	0,546
8	52	91	9,921
8	52	97	3,004
8	61	2	3,643
8	61	3	2,245
8	61	13	1,153
8	61	17	1,538
8	61	24	1,036
8	61	26	8,296
8	61	27	6,097
8	61	28	4,703
8	61	36	3,023
8	61	37	1,761
8	61	40	20,9
8	61	47	1,881
8	61	48	5,82
8	61	49	12,785
8	61	52	7,002
8	61	64	1,036
8	61	74	2,426
8	61	80	3,413
8	61	88	0,653
8	61	91	8,001
8	61	97	13,94
8	64	2	5,562
8	64	3	28,595
8	64	13	1,414
8	64	17	2,256
8	64	24	4,441
8	64	26	8,886
8	64	27	1,723
8	64	28	3,555
8	64	36	3,39
8	64	37	13,991
8	64	40	3,267
8	64	47	8,895
8	64	48	7,106
8	64	49	2
8	64	52	3,341
8	64	61	5,343
8	64	74	5,733
8	64	80	8,632
8	64	88	4,362
8	64	91	3,493
8	64	97	8,605
8	74	2	10,401
8	74	3	6,992
8	74	13	14,81
8	74	17	3,947
8	74	24	3,838
8	74	26	1,974
8	74	27	0,637
8	74	28	2,91
8	74	36	4,835
8	74	37	3,123
8	74	40	1,484
8	74	47	15,342
8	74	48	2,155
8	74	49	2,671
8	74	52	2,322
8	74	61	1,146
8	74	64	3,188
8	74	80	20,884
8	74	88	5,84
8	74	91	5,936
8	74	97	1,505
8	80	2	0,764
8	80	3	11,329
8	80	13	4,413
8	80	17	8,357
8	80	24	11,419
8	80	26	12,343
8	80	27	18,234
8	80	28	7,274
8	80	36	1,453
8	80	37	47,134
8	80	40	19,932
8	80	47	0,935
8	80	48	2,892
8	80	49	12,636
8	80	52	0,904
8	80	61	0,574
8	80	64	3,977
8	80	74	20,893
8	80	88	11,699
8	80	91	1,45
8	80	97	5,345
8	88	2	1,606
8	88	3	9,468
8	88	13	2,847
8	88	17	3,924
8	88	24	1,033
8	88	26	16,059
8	88	27	1,806
8	88	28	2,492
8	88	36	4,375
8	88	37	0,85
8	88	40	8,314
8	88	47	9,125
8	88	48	6,336
8	88	49	11,881
8	88	52	1,351
8	88	61	0,88
8	88	64	5,073
8	88	74	1,982
8	88	80	10,162
8	88	91	3,134
8	88	97	8,126
8	91	2	1,612
8	91	3	4,91
8	91	13	9,43
8	91	17	1,793
8	91	24	14,541
8	91	26	2,713
8	91	27	7,968
8	91	28	4,974
8	91	36	6,104
8	91	37	2,4
8	91	40	4,004
8	91	47	2,578
8	91	48	3,986
8	91	49	3,095
8	91	52	3,657
8	91	61	3,183
8	91	64	10,273
8	91	74	3,01
8	91	80	11,655
8	91	88	1,395
8	91	97	21,149
8	97	2	12,301
8	97	3	2,139
8	97	13	8,559
8	97	17	1,686
8	97	24	3,775
8	97	26	3,496
8	97	27	28,447
8	97	28	2,477
8	97	36	23,466
8	97	37	20,885
8	97	40	1,452
8	97	47	0,506
8	97	48	1,862
8	97	49	2,114
8	97	52	4,861
8	97	61	2,106
8	97	64	2,69
8	97	74	4,046
8	97	80	0,815
8	97	88	28,628
8	97	91	2,902
9	3	8	24,972
9	3	15	16,459
9	3	20	2,471
9	3	26	11,446
9	3	33	1,955
9	3	38	5,039
9	3	39	3,122
9	3	42	6,923
9	3	43	2,437
9	3	51	2,86
9	3	56	12,894
9	3	63	7,636
9	3	65	1,127
9	3	68	3,07
9	3	73	1,496
9	3	79	0,86
9	3	82	2,428
9	3	97	4,337
9	8	3	0,871
9	8	15	1,264
9	8	20	5,11
9	8	26	1,609
9	8	33	1,857
9	8	38	4,847
9	8	39	21,979
9	8	42	6,299
9	8	43	3,423
9	8	51	1,364
9	8	56	7,46
9	8	63	2,088
9	8	65	1,312
9	8	68	3,762
9	8	73	0,717
9	8	79	0,501
9	8	82	13,559
9	8	97	1,726
9	15	3	1,556
9	15	8	1,905
9	15	20	11,293
9	15	26	3,445
9	15	33	4,484
9	15	38	7,436
9	15	39	3,119
9	15	42	9,161
9	15	43	35,749
9	15	51	13,243
9	15	56	5,65
9	15	63	5,623
9	15	65	4,065
9	15	68	1,133
9	15	73	0,672
9	15	79	1,736
9	15	82	5,349
9	15	97	4,216
9	20	3	2,696
9	20	8	1,125
9	20	15	12,549
9	20	26	8,13
9	20	33	4,007
9	20	38	10,999
9	20	39	5,53
9	20	42	2,036
9	20	43	1,803
9	20	51	11,484
9	20	56	0,563
9	20	63	3,982
9	20	65	3,761
9	20	68	0,755
9	20	73	0,945
9	20	79	10,04
9	20	82	14,957
9	20	97	3,313
9	26	3	3,689
9	26	8	16,159
9	26	15	1,366
9	26	20	15,866
9	26	33	1,329
9	26	38	2,132
9	26	39	0,794
9	26	42	6,464
9	26	43	2,889
9	26	51	9,64
9	26	56	8,096
9	26	63	7,272
9	26	65	1,239
9	26	68	9,143
9	26	73	2,121
9	26	79	8,237
9	26	82	12,31
9	26	97	13,941
9	33	3	4,321
9	33	8	1,332
9	33	15	16,777
9	33	20	7,769
9	33	26	2,426
9	33	38	1,413
9	33	39	1,581
9	33	42	10,879
9	33	43	1,566
9	33	51	0,802
9	33	56	0,71
9	33	63	2,388
9	33	65	23,931
9	33	68	1,385
9	33	73	7,972
9	33	79	15,15
9	33	82	29,318
9	33	97	6,624
9	38	3	0,781
9	38	8	5,13
9	38	15	4,662
9	38	20	0,52
9	38	26	2,98
9	38	33	3,809
9	38	39	10,588
9	38	42	3,681
9	38	43	3,322
9	38	51	3,7
9	38	56	1,194
9	38	63	2,396
9	38	65	14,846
9	38	68	2,064
9	38	73	3,022
9	38	79	1,843
9	38	82	27,631
9	38	97	6,546
9	39	3	2,812
9	39	8	6,692
9	39	15	5,808
9	39	20	2,116
9	39	26	10,858
9	39	33	6,917
9	39	38	1,691
9	39	42	1,63
9	39	43	7,975
9	39	51	10,463
9	39	56	1,889
9	39	63	9,127
9	39	65	3,907
9	39	68	4,092
9	39	73	2,809
9	39	79	6,2
9	39	82	3,045
9	39	97	5,65
9	42	3	0,668
9	42	8	2,209
9	42	15	2,111
9	42	20	10,574
9	42	26	4,866
9	42	33	3,885
9	42	38	3,031
9	42	39	2,299
9	42	43	0,901
9	42	51	3,556
9	42	56	5,691
9	42	63	12,346
9	42	65	22,489
9	42	68	0,802
9	42	73	14,484
9	42	79	2,615
9	42	82	2,897
9	42	97	2,094
9	43	3	4,385
9	43	8	2,227
9	43	15	1,057
9	43	20	8,792
9	43	26	13,532
9	43	33	3,589
9	43	38	1,412
9	43	39	12,173
9	43	42	2,889
9	43	51	3,489
9	43	56	2,099
9	43	63	7,634
9	43	65	11,323
9	43	68	3,988
9	43	73	1,913
9	43	79	0,802
9	43	82	6,913
9	43	97	7,325
9	51	3	11,784
9	51	8	2,658
9	51	15	5,587
9	51	20	3,144
9	51	26	0,63
9	51	33	1,894
9	51	38	13,857
9	51	39	0,823
9	51	42	8,331
9	51	43	2,859
9	51	56	3,527
9	51	63	4,27
9	51	65	17,782
9	51	68	6,889
9	51	73	0,561
9	51	79	8,147
9	51	82	8,126
9	51	97	3,29
9	56	3	11,566
9	56	8	0,913
9	56	15	5,914
9	56	20	9,267
9	56	26	1,725
9	56	33	15,283
9	56	38	30,271
9	56	39	3,924
9	56	42	2,597
9	56	43	4,431
9	56	51	5,606
9	56	63	2,145
9	56	65	2,256
9	56	68	13,71
9	56	73	15,087
9	56	79	8,021
9	56	82	6,835
9	56	97	2,746
9	63	3	4,431
9	63	8	13,489
9	63	15	7,212
9	63	20	3,9
9	63	26	0,796
9	63	33	11,926
9	63	38	8,75
9	63	39	1,441
9	63	42	3,418
9	63	43	6,659
9	63	51	21,273
9	63	56	0,633
9	63	65	17,027
9	63	68	2,343
9	63	73	2,227
9	63	79	4,151
9	63	82	4,709
9	63	97	5,388
9	65	3	2,535
9	65	8	7,072
9	65	15	1,7
9	65	20	5,332
9	65	26	7,234
9	65	33	0,718
9	65	38	5,394
9	65	39	4,953
9	65	42	1,265
9	65	43	5,089
9	65	51	0,632
9	65	56	6,996
9	65	63	0,552
9	65	68	6,536
9	65	73	0,678
9	65	79	5,737
9	65	82	0,824
9	65	97	1,864
9	68	3	2,726
9	68	8	27,613
9	68	15	12,347
9	68	20	3,09
9	68	26	18,085
9	68	33	13,035
9	68	38	3,211
9	68	39	0,8
9	68	42	3,112
9	68	43	2,026
9	68	51	1,816
9	68	56	2,344
9	68	63	6,892
9	68	65	7,944
9	68	73	1,299
9	68	79	1,725
9	68	82	23,092
9	68	97	2,534
9	73	3	1,538
9	73	8	1,74
9	73	15	3,587
9	73	20	9,191
9	73	26	1,23
9	73	33	7,753
9	73	38	5,758
9	73	39	3,63
9	73	42	6,298
9	73	43	2,403
9	73	51	0,91
9	73	56	19,784
9	73	63	4,775
9	73	65	0,731
9	73	68	10,645
9	73	79	1,149
9	73	82	4,566
9	73	97	1,682
9	79	3	2,494
9	79	8	0,898
9	79	15	1,662
9	79	20	0,884
9	79	26	8,506
9	79	33	3,487
9	79	38	9,535
9	79	39	0,781
9	79	42	8,236
9	79	43	7,267
9	79	51	29,598
9	79	56	1,849
9	79	63	3,85
9	79	65	1,448
9	79	68	3,874
9	79	73	6,933
9	79	82	0,685
9	79	97	1,94
9	82	3	6,402
9	82	8	1,497
9	82	15	7,639
9	82	20	6,289
9	82	26	16,948
9	82	33	16,846
9	82	38	1,235
9	82	39	5,868
9	82	42	5,479
9	82	43	3,894
9	82	51	2,155
9	82	56	2,127
9	82	63	1,321
9	82	65	6,298
9	82	68	11,804
9	82	73	12,894
9	82	79	3,528
9	82	97	5,591
9	97	3	9,237
9	97	8	6,973
9	97	15	1,509
9	97	20	1,395
9	97	26	1,27
9	97	33	10,552
9	97	38	8,42
9	97	39	8,095
9	97	42	4,662
9	97	43	13,979
9	97	51	2,57
9	97	56	6,024
9	97	63	1,735
9	97	65	1,428
9	97	68	2,148
9	97	73	8,133
9	97	79	2,201
9	97	82	9,755
10	1	6	1,207
10	1	9	2,604
10	1	14	11,2
10	1	21	61,753
10	1	23	2,454
10	1	29	6,261
10	1	30	2,958
10	1	40	2,191
10	1	41	0,528
10	1	42	11,473
10	1	43	2,431
10	1	47	17,198
10	1	48	0,79
10	1	51	0,812
10	1	61	2,173
10	1	71	2,584
10	1	74	2,51
10	1	75	1,092
10	1	76	3,462
10	1	83	10,714
10	1	84	0,701
10	1	89	2,327
10	1	90	5,84
10	1	100	3,947
10	6	1	12,23
10	6	9	1,884
10	6	14	5,828
10	6	21	2,945
10	6	23	3,235
10	6	29	53,904
10	6	30	13,501
10	6	40	12,962
10	6	41	8,061
10	6	42	3,609
10	6	43	4,768
10	6	47	2,164
10	6	48	1,155
10	6	51	7,44
10	6	61	9,981
10	6	71	2,452
10	6	74	12,182
10	6	75	1,346
10	6	76	2,909
10	6	83	6,929
10	6	84	7,52
10	6	89	10,212
10	6	90	11,398
10	6	100	4,265
10	9	1	5,804
10	9	6	3,495
10	9	14	28,031
10	9	21	0,968
10	9	23	9,442
10	9	29	1,804
10	9	30	2,836
10	9	40	1,924
10	9	41	1,068
10	9	42	6,481
10	9	43	11,655
10	9	47	2,916
10	9	48	6,798
10	9	51	5,426
10	9	61	2,098
10	9	71	2,634
10	9	74	23,564
10	9	75	1,719
10	9	76	2,873
10	9	83	6,528
10	9	84	2,848
10	9	89	3,592
10	9	90	9,072
10	9	100	15,104
10	14	1	11,271
10	14	6	15,55
10	14	9	6,569
10	14	21	1,678
10	14	23	1,765
10	14	29	5,54
10	14	30	5,423
10	14	40	4,755
10	14	41	8,13
10	14	42	1,56
10	14	43	2,782
10	14	47	2,151
10	14	48	7,458
10	14	51	1,035
10	14	61	1,869
10	14	71	24,456
10	14	74	2,193
10	14	75	6,078
10	14	76	2,748
10	14	83	1,341
10	14	84	3,905
10	14	89	0,617
10	14	90	3,717
10	14	100	1,058
10	21	1	10,521
10	21	6	5,097
10	21	9	2,827
10	21	14	10,488
10	21	23	16,791
10	21	29	9,164
10	21	30	20,003
10	21	40	8,005
10	21	41	7,471
10	21	42	4,748
10	21	43	32,044
10	21	47	1,647
10	21	48	2,163
10	21	51	1,888
10	21	61	26,647
10	21	71	5,914
10	21	74	12,66
10	21	75	6,871
10	21	76	4,315
10	21	83	9,701
10	21	84	5,76
10	21	89	1,306
10	21	90	0,891
10	21	100	23,666
10	23	1	4,547
10	23	6	24,134
10	23	9	2,548
10	23	14	8,378
10	23	21	7,488
10	23	29	1,025
10	23	30	32,356
10	23	40	12,178
10	23	41	1,906
10	23	42	10,715
10	23	43	0,66
10	23	47	6,411
10	23	48	6,577
10	23	51	4,951
10	23	61	2,659
10	23	71	10,523
10	23	74	2,338
10	23	75	5,281
10	23	76	5,872
10	23	83	4,786
10	23	84	5,88
10	23	89	5,929
10	23	90	4,536
10	23	100	0,852
10	29	1	17,673
10	29	6	2,116
10	29	9	6,123
10	29	14	7,958
10	29	21	1,861
10	29	23	2,696
10	29	30	3,174
10	29	40	0,604
10	29	41	12,071
10	29	42	9,973
10	29	43	1,341
10	29	47	7,842
10	29	48	3,126
10	29	51	24,633
10	29	61	9,412
10	29	71	5,265
10	29	74	3,456
10	29	75	2,129
10	29	76	3,709
10	29	83	1,552
10	29	84	8,317
10	29	89	13,401
10	29	90	2,373
10	29	100	4,807
10	30	1	2,481
10	30	6	23,786
10	30	9	14,663
10	30	14	8,272
10	30	21	0,937
10	30	23	8,939
10	30	29	3,35
10	30	40	2,682
10	30	41	2,454
10	30	42	3,428
10	30	43	2,334
10	30	47	5,063
10	30	48	1,088
10	30	51	9,174
10	30	61	12,848
10	30	71	2,508
10	30	74	2,876
10	30	75	3,249
10	30	76	11,964
10	30	83	0,801
10	30	84	16,505
10	30	89	3,758
10	30	90	14,669
10	30	100	4,346
10	40	1	1,234
10	40	6	3,617
10	40	9	2,349
10	40	14	9,273
10	40	21	0,81
10	40	23	1,241
10	40	29	9,035
10	40	30	2,51
10	40	41	2,796
10	40	42	3,124
10	40	43	6,058
10	40	47	4,897
10	40	48	2,603
10	40	51	9,93
10	40	61	0,738
10	40	71	2,322
10	40	74	3,199
10	40	75	5,022
10	40	76	4,936
10	40	83	3,165
10	40	84	1,222
10	40	89	1,121
10	40	90	1,763
10	40	100	1,069
10	41	1	8,984
10	41	6	3,697
10	41	9	0,822
10	41	14	1,004
10	41	21	17,551
10	41	23	5,537
10	41	29	0,585
10	41	30	9,05
10	41	40	4,272
10	41	42	5,888
10	41	43	4,308
10	41	47	4,861
10	41	48	7,413
10	41	51	3,049
10	41	61	0,797
10	41	71	8,582
10	41	74	3,691
10	41	75	3,678
10	41	76	2,668
10	41	83	5,69
10	41	84	22,86
10	41	89	3,851
10	41	90	9,929
10	41	100	4,586
10	42	1	10,256
10	42	6	5,274
10	42	9	3,572
10	42	14	3,003
10	42	21	10,223
10	42	23	1,113
10	42	29	6,034
10	42	30	15,311
10	42	40	7,728
10	42	41	2,47
10	42	43	1,238
10	42	47	20,433
10	42	48	12,394
10	42	51	8,422
10	42	61	3,911
10	42	71	1,37
10	42	74	2,602
10	42	75	1,949
10	42	76	14,646
10	42	83	11,598
10	42	84	5,111
10	42	89	13,388
10	42	90	2,979
10	42	100	8,841
10	43	1	7,026
10	43	6	2,941
10	43	9	2,702
10	43	14	3,549
10	43	21	12,841
10	43	23	13,375
10	43	29	6,267
10	43	30	3,154
10	43	40	2,757
10	43	41	14,1
10	43	42	10,151
10	43	47	5,021
10	43	48	4,029
10	43	51	4,557
10	43	61	1,692
10	43	71	6,49
10	43	74	3,923
10	43	75	1,852
10	43	76	1,076
10	43	83	7,978
10	43	84	3,191
10	43	89	2,902
10	43	90	1,237
10	43	100	3,407
10	47	1	1,734
10	47	6	4,3
10	47	9	4,288
10	47	14	1,154
10	47	21	3,706
10	47	23	0,54
10	47	29	16,103
10	47	30	4,677
10	47	40	14,69
10	47	41	8,213
10	47	42	1,975
10	47	43	1,985
10	47	48	2,567
10	47	51	3,468
10	47	61	2,611
10	47	71	5,307
10	47	74	11,34
10	47	75	2,684
10	47	76	5,893
10	47	83	25,545
10	47	84	7,543
10	47	89	0,607
10	47	90	6,625
10	47	100	22,309
10	48	1	26,147
10	48	6	3,718
10	48	9	14,896
10	48	14	12,288
10	48	21	2,388
10	48	23	0,513
10	48	29	4,743
10	48	30	6,953
10	48	40	0,926
10	48	41	1,996
10	48	42	5,033
10	48	43	1,29
10	48	47	3,597
10	48	51	1,106
10	48	61	14,805
10	48	71	0,554
10	48	74	0,746
10	48	75	2,606
10	48	76	8,936
10	48	83	16,862
10	48	84	5,054
10	48	89	2,991
10	48	90	2,677
10	48	100	25,15
10	51	1	4,82
10	51	6	3,017
10	51	9	3,314
10	51	14	18,666
10	51	21	3,926
10	51	23	2,339
10	51	29	4,195
10	51	30	3,101
10	51	40	10,472
10	51	41	3,694
10	51	42	4,244
10	51	43	3,935
10	51	47	2,043
10	51	48	18,354
10	51	61	4,311
10	51	71	1,949
10	51	74	2,077
10	51	75	4,08
10	51	76	3,505
10	51	83	2,181
10	51	84	25,679
10	51	89	2,096
10	51	90	5,165
10	51	100	8,59
10	61	1	6,761
10	61	6	25,184
10	61	9	0,751
10	61	14	3,284
10	61	21	2,61
10	61	23	1,941
10	61	29	4,611
10	61	30	5,802
10	61	40	6,254
10	61	41	3,486
10	61	42	2,942
10	61	43	0,934
10	61	47	0,844
10	61	48	6,256
10	61	51	7,394
10	61	71	6,479
10	61	74	2,022
10	61	75	11,362
10	61	76	3,029
10	61	83	14,431
10	61	84	10,412
10	61	89	9,657
10	61	90	2,345
10	61	100	0,808
10	71	1	5,628
10	71	6	2,049
10	71	9	11,005
10	71	14	2,891
10	71	21	9,529
10	71	23	17,959
10	71	29	7,749
10	71	30	13,4
10	71	40	4,286
10	71	41	1,404
10	71	42	5,545
10	71	43	8,378
10	71	47	3,751
10	71	48	3,876
10	71	51	4,025
10	71	61	0,508
10	71	74	10,065
10	71	75	6,987
10	71	76	2,621
10	71	83	1,476
10	71	84	12,538
10	71	89	11,599
10	71	90	2,422
10	71	100	1,545
10	74	1	0,576
10	74	6	9,192
10	74	9	7,564
10	74	14	19,338
10	74	21	3,228
10	74	23	9,159
10	74	29	0,608
10	74	30	17,206
10	74	40	7,001
10	74	41	3,107
10	74	42	3,65
10	74	43	3,515
10	74	47	0,888
10	74	48	3,647
10	74	51	1,264
10	74	61	1,082
10	74	71	2,815
10	74	75	3,801
10	74	76	0,659
10	74	83	4,182
10	74	84	1,37
10	74	89	1,484
10	74	90	6,526
10	74	100	8,417
10	75	1	4,386
10	75	6	0,536
10	75	9	2,681
10	75	14	2,108
10	75	21	5,921
10	75	23	27,834
10	75	29	2,558
10	75	30	4,181
10	75	40	8,328
10	75	41	21,084
10	75	42	3,648
10	75	43	20,085
10	75	47	2,062
10	75	48	3,985
10	75	51	1,371
10	75	61	3,38
10	75	71	6,285
10	75	74	6,478
10	75	76	0,771
10	75	83	3,318
10	75	84	4,38
10	75	89	10,27
10	75	90	23,272
10	75	100	8,104
10	76	1	5,231
10	76	6	8,105
10	76	9	14,84
10	76	14	4,782
10	76	21	15,416
10	76	23	2,487
10	76	29	0,987
10	76	30	4,865
10	76	40	2,425
10	76	41	6,95
10	76	42	1,277
10	76	43	2,326
10	76	47	6,193
10	76	48	8,54
10	76	51	7,154
10	76	61	8,861
10	76	71	5,57
10	76	74	10,095
10	76	75	1,782
10	76	83	2,471
10	76	84	16,519
10	76	89	2,919
10	76	90	1,945
10	76	100	7,41
10	83	1	1,779
10	83	6	0,604
10	83	9	4,181
10	83	14	1,873
10	83	21	4,853
10	83	23	27,077
10	83	29	8,208
10	83	30	2,549
10	83	40	4,444
10	83	41	3,334
10	83	42	0,915
10	83	43	3,88
10	83	47	3,952
10	83	48	17,332
10	83	51	12,159
10	83	61	22,16
10	83	71	3,941
10	83	74	3,968
10	83	75	5,829
10	83	76	5,595
10	83	84	13,451
10	83	89	9,183
10	83	90	10,399
10	83	100	3,411
10	84	1	2,688
10	84	6	2,157
10	84	9	44,899
10	84	14	4,919
10	84	21	6,931
10	84	23	7,994
10	84	29	19,324
10	84	30	4,294
10	84	40	5,214
10	84	41	2,192
10	84	42	3,188
10	84	43	6,678
10	84	47	6
10	84	48	1,045
10	84	51	3,77
10	84	61	7,191
10	84	71	1,144
10	84	74	1,4
10	84	75	2,024
10	84	76	1,956
10	84	83	5,321
10	84	89	12,97
10	84	90	11,345
10	84	100	9,016
10	89	1	20,146
10	89	6	1,103
10	89	9	2,431
10	89	14	6,893
10	89	21	3,448
10	89	23	3,186
10	89	29	6,013
10	89	30	4,779
10	89	40	10,676
10	89	41	11,631
10	89	42	5,378
10	89	43	9,444
10	89	47	4,415
10	89	48	0,671
10	89	51	13,94
10	89	61	1,077
10	89	71	16,031
10	89	74	6,82
10	89	75	6,861
10	89	76	5,56
10	89	83	1,625
10	89	84	2,912
10	89	90	5,068
10	89	100	1,166
10	90	1	18,708
10	90	6	2,254
10	90	9	9,661
10	90	14	5,08
10	90	21	21,309
10	90	23	5,076
10	90	29	9,042
10	90	30	6,938
10	90	40	1,833
10	90	41	3,197
10	90	42	2,058
10	90	43	1,847
10	90	47	1,955
10	90	48	14,058
10	90	51	2,947
10	90	61	0,835
10	90	71	3,371
10	90	74	22,685
10	90	75	2,322
10	90	76	1,658
10	90	83	3,213
10	90	84	8,394
10	90	89	0,838
10	90	100	4,814
10	100	1	15,196
10	100	6	7,442
10	100	9	4,782
10	100	14	3,315
10	100	21	8,62
10	100	23	8,986
10	100	29	9,793
10	100	30	12,692
10	100	40	3,521
10	100	41	2,964
10	100	42	9,969
10	100	43	5,143
10	100	47	1,751
10	100	48	2,265
10	100	51	0,981
10	100	61	1,288
10	100	71	38,04
10	100	74	0,99
10	100	75	1,41
10	100	76	0,722
10	100	83	24,879
10	100	84	1,418
10	100	89	2,65
10	100	90	3,613

