#num jobs
100
#num machines
10

#jobId machId procTime energyCons
1	3	11,86	126,39
2	5	4,9	54,01
3	9	33,18	136,65
3	6	9,7	129,25
3	2	66,08	274,59
4	10	30,8	261,45
4	5	5,79	63,86
4	4	10,61	93,02
5	1	3,3	18,58
5	3	3,84	40,92
5	5	10,36	114,21
6	8	121	1419,66
6	6	98,89	1316,97
6	4	22,23	194,86
7	5	5,68	62,59
7	9	20,22	83,3
8	8	1,71	20,07
8	7	14,12	147,7
9	8	75,23	882,66
9	4	10,63	93,2
10	1	4,09	23,05
10	2	21,64	89,93
10	3	4,76	50,73
11	10	11,16	94,7
11	9	71,82	295,8
11	5	1,38	15,18
12	3	10,95	116,67
12	2	6,77	28,13
13	1	1,31	7,36
13	6	5,06	67,39
13	9	66,8	275,14
14	1	3,35	18,85
14	6	1,98	26,4
14	7	7,86	82,24
14	10	4,98	42,27
15	10	1,51	12,78
15	8	23,88	280,24
15	6	9,86	131,28
16	8	5,06	59,42
16	4	4,65	40,77
17	1	3,43	19,34
18	9	24,26	99,91
18	2	83,27	346,01
19	8	5121,46	60090,83
19	3	422,14	4497,21
20	3	5,18	55,18
21	8	3,87	45,46
21	1	6,21	34,97
22	9	8,79	36,21
22	8	22,83	267,84
22	7	8,22	85,97
22	4	41,38	362,66
23	9	17,04	70,16
24	1	8,93	50,3
24	2	2,38	9,91
24	6	135,08	1798,94
24	9	9,9	40,77
25	5	4,32	47,61
26	6	27,71	369,01
27	7	4,83	50,53
27	1	3,06	17,26
28	4	6,66	58,34
28	5	2,2	24,23
28	6	231,22	3079,35
29	3	47,05	501,18
30	4	14,03	122,95
31	3	18,14	193,29
32	1	5,07	28,54
32	4	7,73	67,74
32	10	9,91	84,15
33	9	18,31	75,42
34	3	8,15	86,87
34	2	3,1	12,86
35	4	3,26	28,6
36	2	8,68	36,08
37	2	91,89	381,83
37	3	5,69	60,64
37	7	24,98	261,32
38	3	32,44	345,63
38	5	0,74	8,13
38	6	6,98	92,99
38	10	2,45	20,81
39	1	9,57	53,93
40	6	250,19	3331,97
40	7	2,99	31,26
41	9	2,68	11,03
41	8	17,43	204,51
41	2	16,65	69,2
41	1	17,79	100,19
42	10	3,62	30,74
42	8	3,8	44,54
42	6	1,28	17
42	1	5,86	33,02
43	3	6,22	66,23
44	9	28,1	115,75
44	6	2,68	35,74
44	3	3,65	38,87
44	1	2,54	14,33
45	4	1,32	11,61
46	3	74,55	794,2
46	9	4,21	17,34
47	10	51,58	437,91
47	9	13,1	53,94
47	3	15,57	165,88
48	10	8,19	69,56
48	9	11,04	45,47
48	5	29,72	327,73
48	3	18,32	195,2
49	1	5,01	28,24
49	6	100,6	1339,86
49	9	18,99	78,21
50	5	43,18	476,13
51	9	9,19	37,86
51	7	2,09	21,91
52	8	53,95	633,06
52	9	2,76	11,36
53	8	7,13	83,7
53	2	9,56	39,74
53	1	14,6	82,25
54	1	51,76	291,55
54	4	7,59	66,54
54	9	18,88	77,76
54	10	5,96	50,61
55	1	1,27	7,13
55	6	48,5	645,99
55	7	1,52	15,95
56	9	10,57	43,54
56	4	2,54	22,24
57	7	15,53	162,43
57	2	19,29	80,15
58	1	0,5	2,81
58	5	0,84	9,3
59	8	122,55	1437,94
59	6	6806,54	90649,35
59	5	8,79	96,88
59	1	366,52	2064,46
60	6	4,91	65,35
61	1	38,78	218,43
61	10	3111,84	26417,05
62	8	12,05	141,39
63	10	3,92	33,31
63	3	4,79	51,07
64	1	1,44	8,11
65	7	41,36	432,77
65	1	1,65	9,27
66	8	4,18	49,01
66	9	7,42	30,57
67	8	4,75	55,69
68	10	16,67	141,52
68	9	2,05	8,45
68	7	7,11	74,38
68	4	53,75	471,16
69	1	26,02	146,57
70	8	2,98	34,95
70	7	5,44	56,88
70	2	17,25	71,68
70	1	0,63	3,56
71	4	2,83	24,82
71	1	1,5	8,45
72	4	75,8	664,41
72	5	2,46	27,16
72	8	37,29	437,57
72	9	115,51	475,77
73	10	8,3	70,46
74	10	4,92	41,8
74	4	14,99	131,38
74	3	1,57	16,72
75	10	5,8	49,22
75	8	2,76	32,43
75	4	2,09	18,33
75	3	17,35	184,81
76	9	3,35	13,79
76	7	6,84	71,58
76	1	19,99	112,58
77	10	5,05	42,89
77	8	10,96	128,54
77	7	5,1	53,31
77	3	6,02	64,09
78	6	3,68	49,06
78	2	27,5	114,26
78	1	414,99	2337,47
79	2	9,9	41,15
79	3	30,6	325,98
79	5	1,54	17,03
79	6	5,78	76,96
80	10	23,22	197,11
80	8	1,61	18,88
80	5	3,7	40,81
81	10	33,57	284,97
82	8	3,13	36,68
82	1	773,5	4356,8
83	2	321,5	1335,89
84	7	16,05	167,88
85	10	75,15	637,93
85	7	2,59	27,14
85	2	56,45	234,56
86	10	357,18	3032,15
87	10	314,11	2666,55
87	5	1,34	14,75
87	1	3,75	21,14
88	6	14,06	187,29
88	9	33,75	139,02
88	10	459,21	3898,29
89	1	227,58	1281,86
90	3	2789,24	29714,54
90	6	26,35	350,89
91	2	92,94	386,17
91	8	42,79	502,08
91	10	9,15	77,66
92	9	11,44	47,12
92	3	3,87	41,18
93	5	4,58	50,46
93	9	11,02	45,4
94	1	3,27	18,44
94	4	11,15	97,77
94	5	23,26	256,49
94	7	16,47	172,36
95	6	0,57	7,56
96	3	5,27	56,12
97	10	3,96	33,64
97	4	1,35	11,85
97	2	1,4	5,8
98	8	8,82	103,52
98	6	3,71	49,37
98	1	1,13	6,37
99	8	2,44	28,68
99	2	122,2	507,74
100	6	37,94	505,25
100	8	1,41	16,53

#jobId ddate weight rdate
1	2724,395	20	1517,062
2	1462,54	47	2416,008
3	2823,658	48	2040,593
4	1991,498	22	2493,03
5	1571,958	6	1815,024
6	2313,432	45	409,277
7	2420,622	44	1246,862
8	1891,473	23	1088,253
9	2233,979	31	1329,292
10	2390,26	8	720,909
11	2590,693	39	1086,199
12	2763,016	7	893,743
13	1332,379	39	1962,764
14	1396,693	13	2201,09
15	1962,598	15	26,67
16	1840,25	39	1035,056
17	2422,48	28	1194,368
18	2761,233	37	1395,822
19	2846,647	9	1388,204
20	2788,181	21	1335,664
21	1836,477	25	722,329
22	2605,695	27	1622,739
23	2344,81	18	636,299
24	2867,8	20	1635,088
25	1528,22	32	1706,547
26	2316,911	20	2502,855
27	1570,446	6	656,215
28	2613,1	41	2567,696
29	2240,333	44	2337,163
30	1376,704	40	2482,011
31	2830,882	12	195,059
32	1882,681	28	1888,423
33	2483,981	20	1549,567
34	2514,058	8	1780,462
35	2003,587	41	1879,196
36	1551,476	44	2055,02
37	1482,304	29	882,894
38	2503,872	13	2029,559
39	1786,186	15	1327,024
40	2386,584	36	608,937
41	2340,571	15	1613,51
42	2160,143	27	61,53
43	1575,183	46	2030,628
44	1423,742	18	2342,945
45	1332,451	28	1048,71
46	2820,823	13	1015,856
47	2863,892	6	1148,095
48	1311,359	30	2445,396
49	1682,812	15	545,017
50	2852,126	11	160,825
51	1732,337	18	162,329
52	2354,548	4	289,145
53	2657,38	34	2360,469
54	1755,086	1	2581,884
55	2806,225	22	97,603
56	1642,772	19	1952,367
57	2392,916	6	897,001
58	1363,215	39	1825,883
59	2285,596	34	1715,353
60	2389,475	40	795,551
61	1702,578	35	493,158
62	2437,571	41	2107,072
63	1318,292	15	917,901
64	2108,816	24	272,405
65	2206,037	23	1848,01
66	1465,348	44	129,952
67	1573,362	23	66,733
68	2767,163	36	765,351
69	1460,836	18	615,203
70	2198,57	23	114,92
71	1910,001	30	446,507
72	2691,389	40	87,513
73	1776,288	12	614,424
74	2271,972	20	540,8
75	1443,468	12	473,499
76	2304,167	49	1216,693
77	1847,477	30	1367,08
78	2548,566	14	1360,189
79	1865,016	44	847,087
80	2874,286	28	1627,893
81	2044,362	16	1154,265
82	2622,162	46	331,359
83	2710,654	33	1812,475
84	2342,864	40	2103,162
85	2352,217	41	1457,045
86	1418,445	6	2206,158
87	2067,072	38	1215,843
88	1898,68	26	585,156
89	2649,407	32	1557,12
90	1812,358	35	1377,288
91	2727,249	31	791,4
92	2355,571	38	379,35
93	1449,59	3	656,907
94	1789,917	38	1943,918
95	1813,96	36	1795,75
96	2552,622	48	327,249
97	2032,429	24	744,285
98	2545,109	8	1345,357
99	2566,713	11	242,804
100	2543,782	27	2575,988

#machId jobPred jobSucc setupTime
1	5	10	1,625
1	5	13	11,474
1	5	14	6,526
1	5	17	2,271
1	5	21	6,017
1	5	24	4,402
1	5	27	0,641
1	5	32	6,714
1	5	39	6,102
1	5	41	14,394
1	5	42	4,226
1	5	44	6,398
1	5	49	1,636
1	5	53	1,015
1	5	54	8,653
1	5	55	1,082
1	5	58	9,233
1	5	59	10,431
1	5	61	2,251
1	5	64	6,294
1	5	65	9,886
1	5	69	1,916
1	5	70	37,433
1	5	71	2,957
1	5	76	1,744
1	5	78	4,647
1	5	82	0,799
1	5	87	5,298
1	5	89	5,685
1	5	94	2,778
1	5	98	5,82
1	10	5	6,993
1	10	13	10,216
1	10	14	16,589
1	10	17	1,256
1	10	21	10,379
1	10	24	3,925
1	10	27	7,096
1	10	32	12,54
1	10	39	4,894
1	10	41	2,026
1	10	42	10,868
1	10	44	4,16
1	10	49	3,69
1	10	53	1,982
1	10	54	5,987
1	10	55	8,404
1	10	58	6,5
1	10	59	0,563
1	10	61	3,621
1	10	64	3,649
1	10	65	1,297
1	10	69	2,467
1	10	70	3,383
1	10	71	26,342
1	10	76	1,882
1	10	78	8,62
1	10	82	9,835
1	10	87	3,461
1	10	89	1,222
1	10	94	5,185
1	10	98	22,993
1	13	5	10,435
1	13	10	9,75
1	13	14	25,392
1	13	17	9,491
1	13	21	23,81
1	13	24	3,211
1	13	27	7,006
1	13	32	2,684
1	13	39	10,56
1	13	41	1,272
1	13	42	4,273
1	13	44	1,837
1	13	49	9,921
1	13	53	1,272
1	13	54	4,237
1	13	55	3,417
1	13	58	1,619
1	13	59	20,195
1	13	61	1,636
1	13	64	3,774
1	13	65	36,286
1	13	69	1,895
1	13	70	1,189
1	13	71	1,118
1	13	76	7,616
1	13	78	8,777
1	13	82	6,898
1	13	87	15,66
1	13	89	5,891
1	13	94	0,864
1	13	98	52,581
1	14	5	8,581
1	14	10	1,367
1	14	13	14,792
1	14	17	1,094
1	14	21	2,49
1	14	24	5,155
1	14	27	3,984
1	14	32	1,663
1	14	39	1,128
1	14	41	8,569
1	14	42	2,087
1	14	44	1,023
1	14	49	19,67
1	14	53	10,445
1	14	54	11,795
1	14	55	4,071
1	14	58	11,646
1	14	59	1,886
1	14	61	0,72
1	14	64	10,024
1	14	65	2,076
1	14	69	2,579
1	14	70	30,194
1	14	71	0,689
1	14	76	1,664
1	14	78	3,782
1	14	82	2,92
1	14	87	5,106
1	14	89	0,615
1	14	94	10,465
1	14	98	1,285
1	17	5	0,581
1	17	10	9,831
1	17	13	3,715
1	17	14	2,324
1	17	21	32,602
1	17	24	2,354
1	17	27	4,573
1	17	32	4,881
1	17	39	13,081
1	17	41	6,403
1	17	42	2,981
1	17	44	1,554
1	17	49	26,118
1	17	53	5,79
1	17	54	1,014
1	17	55	4,796
1	17	58	0,608
1	17	59	11,056
1	17	61	7,135
1	17	64	18,587
1	17	65	1,133
1	17	69	5,605
1	17	70	6,991
1	17	71	7,401
1	17	76	2,771
1	17	78	3,409
1	17	82	5,198
1	17	87	1,54
1	17	89	4,319
1	17	94	2,063
1	17	98	7,059
1	21	5	32,987
1	21	10	1,809
1	21	13	5,278
1	21	14	5,286
1	21	17	16,113
1	21	24	5,955
1	21	27	2,458
1	21	32	6,66
1	21	39	10,752
1	21	41	16,302
1	21	42	45,769
1	21	44	2,742
1	21	49	0,578
1	21	53	4,724
1	21	54	1,309
1	21	55	4,367
1	21	58	0,798
1	21	59	1,206
1	21	61	4,073
1	21	64	1,615
1	21	65	5,317
1	21	69	4,26
1	21	70	6,106
1	21	71	3,442
1	21	76	1
1	21	78	3,965
1	21	82	14,577
1	21	87	19,801
1	21	89	14,468
1	21	94	7,193
1	21	98	2,249
1	24	5	8,874
1	24	10	5,864
1	24	13	12,025
1	24	14	1,233
1	24	17	0,535
1	24	21	0,635
1	24	27	13,192
1	24	32	1,587
1	24	39	6,523
1	24	41	13,505
1	24	42	32,532
1	24	44	17,058
1	24	49	1,843
1	24	53	1,791
1	24	54	3,917
1	24	55	2,296
1	24	58	5,838
1	24	59	6,822
1	24	61	6,926
1	24	64	10,107
1	24	65	9,772
1	24	69	0,546
1	24	70	0,572
1	24	71	2,845
1	24	76	1,222
1	24	78	2,226
1	24	82	3,22
1	24	87	4,422
1	24	89	5,529
1	24	94	2,261
1	24	98	16,701
1	27	5	11,318
1	27	10	5,141
1	27	13	3,436
1	27	14	13,792
1	27	17	2,988
1	27	21	4,912
1	27	24	10,387
1	27	32	1,161
1	27	39	3,792
1	27	41	4,042
1	27	42	7,09
1	27	44	2,221
1	27	49	4,546
1	27	53	5,233
1	27	54	3,09
1	27	55	11,891
1	27	58	2,851
1	27	59	19,609
1	27	61	0,789
1	27	64	3,817
1	27	65	4,354
1	27	69	4,156
1	27	70	9,578
1	27	71	11,979
1	27	76	4,585
1	27	78	7,346
1	27	82	4,983
1	27	87	6,071
1	27	89	1,595
1	27	94	5,541
1	27	98	1,861
1	32	5	11,094
1	32	10	6,84
1	32	13	2,078
1	32	14	2,059
1	32	17	2,098
1	32	21	14,447
1	32	24	2,593
1	32	27	1,212
1	32	39	1,409
1	32	41	1,016
1	32	42	4,451
1	32	44	10,895
1	32	49	1,854
1	32	53	11,872
1	32	54	2,964
1	32	55	2,474
1	32	58	2,67
1	32	59	0,955
1	32	61	0,919
1	32	64	4,714
1	32	65	0,803
1	32	69	0,64
1	32	70	0,657
1	32	71	9,331
1	32	76	1,076
1	32	78	3,916
1	32	82	3,073
1	32	87	2,781
1	32	89	0,566
1	32	94	4,909
1	32	98	4,124
1	39	5	1,709
1	39	10	2,01
1	39	13	5,483
1	39	14	7,144
1	39	17	3,761
1	39	21	1,689
1	39	24	1,758
1	39	27	0,881
1	39	32	14,284
1	39	41	3,977
1	39	42	5,911
1	39	44	23,761
1	39	49	5,737
1	39	53	2,461
1	39	54	6,131
1	39	55	3,986
1	39	58	0,703
1	39	59	8,573
1	39	61	14,824
1	39	64	0,733
1	39	65	1,484
1	39	69	1,779
1	39	70	6,653
1	39	71	8,486
1	39	76	6,744
1	39	78	11,953
1	39	82	4,749
1	39	87	15,472
1	39	89	11,985
1	39	94	2,473
1	39	98	2,995
1	41	5	11,712
1	41	10	6,759
1	41	13	4,743
1	41	14	10,002
1	41	17	9,205
1	41	21	4,891
1	41	24	10,807
1	41	27	4,227
1	41	32	9,326
1	41	39	5,954
1	41	42	6,903
1	41	44	4,033
1	41	49	36,48
1	41	53	5,834
1	41	54	2,823
1	41	55	10,24
1	41	58	8,247
1	41	59	9,149
1	41	61	6,521
1	41	64	2,188
1	41	65	29,836
1	41	69	5,014
1	41	70	3,394
1	41	71	6,651
1	41	76	0,535
1	41	78	0,609
1	41	82	5,59
1	41	87	6,739
1	41	89	6,372
1	41	94	6,933
1	41	98	0,886
1	42	5	4,54
1	42	10	23,736
1	42	13	5,943
1	42	14	1,845
1	42	17	33,295
1	42	21	4,729
1	42	24	4,699
1	42	27	8,334
1	42	32	1,06
1	42	39	13,688
1	42	41	2,034
1	42	44	0,951
1	42	49	1,877
1	42	53	1,405
1	42	54	3,717
1	42	55	2,535
1	42	58	41,209
1	42	59	2,29
1	42	61	1,081
1	42	64	4,986
1	42	65	7,227
1	42	69	1,822
1	42	70	23,479
1	42	71	2,585
1	42	76	10,062
1	42	78	0,813
1	42	82	1,059
1	42	87	2,421
1	42	89	5,524
1	42	94	4,279
1	42	98	11,615
1	44	5	20,74
1	44	10	4,041
1	44	13	5,07
1	44	14	5,522
1	44	17	2,402
1	44	21	2,149
1	44	24	0,528
1	44	27	16,331
1	44	32	2,734
1	44	39	5,18
1	44	41	3,496
1	44	42	3,683
1	44	49	1,582
1	44	53	1,291
1	44	54	2,336
1	44	55	1,645
1	44	58	10,449
1	44	59	6,422
1	44	61	8,669
1	44	64	4,112
1	44	65	1,69
1	44	69	19,606
1	44	70	5,573
1	44	71	2,979
1	44	76	3,849
1	44	78	2,627
1	44	82	1,454
1	44	87	5,242
1	44	89	0,776
1	44	94	0,87
1	44	98	20,709
1	49	5	5,246
1	49	10	1,822
1	49	13	3,37
1	49	14	35,839
1	49	17	1,018
1	49	21	7,43
1	49	24	1,459
1	49	27	2,035
1	49	32	12,131
1	49	39	2,1
1	49	41	3,749
1	49	42	1,153
1	49	44	6,563
1	49	53	1,211
1	49	54	6,893
1	49	55	6,436
1	49	58	2,193
1	49	59	3,003
1	49	61	3,552
1	49	64	3,945
1	49	65	6,69
1	49	69	6,428
1	49	70	5,748
1	49	71	2,564
1	49	76	4,437
1	49	78	1,459
1	49	82	6,952
1	49	87	1,983
1	49	89	8,266
1	49	94	9,427
1	49	98	1,574
1	53	5	4,539
1	53	10	23,516
1	53	13	0,901
1	53	14	1,123
1	53	17	2,982
1	53	21	11,471
1	53	24	10,444
1	53	27	14,255
1	53	32	2,216
1	53	39	0,589
1	53	41	3,116
1	53	42	5,213
1	53	44	12,549
1	53	49	2,189
1	53	54	2,855
1	53	55	3,011
1	53	58	13,175
1	53	59	8,343
1	53	61	8,157
1	53	64	8,449
1	53	65	28,6
1	53	69	13,903
1	53	70	15,929
1	53	71	6,594
1	53	76	1,261
1	53	78	0,853
1	53	82	0,819
1	53	87	7,762
1	53	89	9,498
1	53	94	2,37
1	53	98	3,14
1	54	5	10,024
1	54	10	2,69
1	54	13	2,591
1	54	14	3,685
1	54	17	6,856
1	54	21	0,993
1	54	24	0,763
1	54	27	4,683
1	54	32	25,113
1	54	39	1,271
1	54	41	1,748
1	54	42	0,639
1	54	44	2,688
1	54	49	11,615
1	54	53	4,394
1	54	55	1,409
1	54	58	2,264
1	54	59	4,946
1	54	61	1,235
1	54	64	1,434
1	54	65	5,858
1	54	69	6,532
1	54	70	12,206
1	54	71	1,072
1	54	76	5,178
1	54	78	1,078
1	54	82	1,326
1	54	87	5,087
1	54	89	2,05
1	54	94	1,173
1	54	98	3,337
1	55	5	1,037
1	55	10	6,717
1	55	13	0,907
1	55	14	4,059
1	55	17	27,296
1	55	21	1,858
1	55	24	5,591
1	55	27	2,972
1	55	32	5,121
1	55	39	6,005
1	55	41	0,924
1	55	42	5,006
1	55	44	2,636
1	55	49	6,454
1	55	53	2,946
1	55	54	2,81
1	55	58	0,516
1	55	59	3,621
1	55	61	5,263
1	55	64	6,113
1	55	65	1,796
1	55	69	7,301
1	55	70	7,062
1	55	71	5,251
1	55	76	3,436
1	55	78	2,799
1	55	82	23,536
1	55	87	7,764
1	55	89	3,881
1	55	94	2,368
1	55	98	1,582
1	58	5	4,99
1	58	10	1,442
1	58	13	7,856
1	58	14	1,99
1	58	17	1,763
1	58	21	41,949
1	58	24	18,235
1	58	27	1,253
1	58	32	5,104
1	58	39	4,73
1	58	41	2,867
1	58	42	12,966
1	58	44	5,59
1	58	49	1,063
1	58	53	1,566
1	58	54	19,275
1	58	55	0,964
1	58	59	1,042
1	58	61	3,599
1	58	64	7,249
1	58	65	6,293
1	58	69	2,088
1	58	70	4,275
1	58	71	2,522
1	58	76	1,275
1	58	78	12,068
1	58	82	3,595
1	58	87	2,867
1	58	89	13,776
1	58	94	0,824
1	58	98	6,919
1	59	5	4,856
1	59	10	3,077
1	59	13	2,225
1	59	14	2,654
1	59	17	4,665
1	59	21	1,792
1	59	24	1,21
1	59	27	6,272
1	59	32	2,918
1	59	39	3,67
1	59	41	0,672
1	59	42	2,428
1	59	44	1,925
1	59	49	1,393
1	59	53	0,763
1	59	54	23,424
1	59	55	1,169
1	59	58	1,348
1	59	61	6,317
1	59	64	2,729
1	59	65	22,547
1	59	69	23,745
1	59	70	1,494
1	59	71	2,357
1	59	76	0,588
1	59	78	19,261
1	59	82	4,704
1	59	87	0,732
1	59	89	8,59
1	59	94	1,044
1	59	98	2,249
1	61	5	1,35
1	61	10	5,148
1	61	13	5,933
1	61	14	4,503
1	61	17	1,753
1	61	21	6,403
1	61	24	11,46
1	61	27	7,617
1	61	32	3,222
1	61	39	3,067
1	61	41	3,506
1	61	42	1,554
1	61	44	1,634
1	61	49	4,612
1	61	53	3,755
1	61	54	0,874
1	61	55	5,674
1	61	58	9,67
1	61	59	8,609
1	61	64	0,905
1	61	65	1,532
1	61	69	10,845
1	61	70	3,518
1	61	71	0,653
1	61	76	1,364
1	61	78	3,485
1	61	82	1,904
1	61	87	3,943
1	61	89	1,858
1	61	94	2,427
1	61	98	0,677
1	64	5	35,059
1	64	10	1,216
1	64	13	20,647
1	64	14	2,426
1	64	17	1,867
1	64	21	3,943
1	64	24	2,327
1	64	27	1,605
1	64	32	4,001
1	64	39	1,827
1	64	41	1,276
1	64	42	3,366
1	64	44	4,331
1	64	49	5,784
1	64	53	2,781
1	64	54	3,086
1	64	55	7,381
1	64	58	5,415
1	64	59	6,042
1	64	61	0,592
1	64	65	6,434
1	64	69	4,923
1	64	70	1,013
1	64	71	4,64
1	64	76	19,332
1	64	78	1,69
1	64	82	1,387
1	64	87	1,028
1	64	89	23,914
1	64	94	3,448
1	64	98	1,399
1	65	5	9,966
1	65	10	2,721
1	65	13	18,491
1	65	14	2,124
1	65	17	9,885
1	65	21	1,7
1	65	24	16,483
1	65	27	1,207
1	65	32	3,458
1	65	39	2,137
1	65	41	7,581
1	65	42	13,59
1	65	44	4,907
1	65	49	11,85
1	65	53	4,063
1	65	54	0,997
1	65	55	1,106
1	65	58	1,715
1	65	59	3,008
1	65	61	6,364
1	65	64	2,915
1	65	69	54,242
1	65	70	13,403
1	65	71	4,756
1	65	76	1,651
1	65	78	1,678
1	65	82	14,9
1	65	87	17,335
1	65	89	2,095
1	65	94	1,809
1	65	98	4,219
1	69	5	2,137
1	69	10	13,07
1	69	13	11,753
1	69	14	16,94
1	69	17	2,69
1	69	21	2,167
1	69	24	6,118
1	69	27	4,898
1	69	32	3,427
1	69	39	7,478
1	69	41	0,907
1	69	42	10,38
1	69	44	19,188
1	69	49	0,925
1	69	53	1,376
1	69	54	1,124
1	69	55	7,238
1	69	58	19,095
1	69	59	2,916
1	69	61	2,819
1	69	64	0,694
1	69	65	17,765
1	69	70	1,958
1	69	71	4,713
1	69	76	7,536
1	69	78	6,013
1	69	82	38,389
1	69	87	16,116
1	69	89	24,925
1	69	94	3,319
1	69	98	11,276
1	70	5	5,129
1	70	10	27,133
1	70	13	3,133
1	70	14	5,018
1	70	17	2,352
1	70	21	0,517
1	70	24	11,858
1	70	27	2,22
1	70	32	2,813
1	70	39	3,386
1	70	41	1,967
1	70	42	7,451
1	70	44	20,173
1	70	49	3,745
1	70	53	1,952
1	70	54	1,226
1	70	55	9,423
1	70	58	15,546
1	70	59	1,223
1	70	61	3,705
1	70	64	12,925
1	70	65	2,554
1	70	69	12,384
1	70	71	8,564
1	70	76	9,308
1	70	78	18,722
1	70	82	4,262
1	70	87	8,28
1	70	89	2,415
1	70	94	2,98
1	70	98	10,56
1	71	5	1,057
1	71	10	8,651
1	71	13	2,425
1	71	14	7,047
1	71	17	5,337
1	71	21	6,906
1	71	24	9,161
1	71	27	1,892
1	71	32	3,129
1	71	39	2,729
1	71	41	1,132
1	71	42	1,215
1	71	44	19,397
1	71	49	2,54
1	71	53	6,147
1	71	54	4,958
1	71	55	3,757
1	71	58	2,213
1	71	59	29,901
1	71	61	5,775
1	71	64	6,225
1	71	65	7,101
1	71	69	5,73
1	71	70	3,424
1	71	76	9,646
1	71	78	2,848
1	71	82	20,737
1	71	87	4,96
1	71	89	1,036
1	71	94	5,816
1	71	98	4,109
1	76	5	7,519
1	76	10	13,152
1	76	13	7,273
1	76	14	5,546
1	76	17	26,205
1	76	21	3,605
1	76	24	4,166
1	76	27	2,293
1	76	32	1,951
1	76	39	1,558
1	76	41	1,065
1	76	42	0,722
1	76	44	1,649
1	76	49	6,537
1	76	53	51,933
1	76	54	7,143
1	76	55	4,057
1	76	58	8,044
1	76	59	6,211
1	76	61	6,515
1	76	64	2,267
1	76	65	2,908
1	76	69	13,959
1	76	70	1,75
1	76	71	11,654
1	76	78	6,883
1	76	82	4,631
1	76	87	7,177
1	76	89	1,344
1	76	94	2,701
1	76	98	15,341
1	78	5	1,279
1	78	10	3,213
1	78	13	14,862
1	78	14	18,547
1	78	17	24,966
1	78	21	18,539
1	78	24	1,433
1	78	27	18,246
1	78	32	2,734
1	78	39	4,874
1	78	41	2,398
1	78	42	3,26
1	78	44	3,085
1	78	49	1,402
1	78	53	2,862
1	78	54	8,387
1	78	55	18,107
1	78	58	4,572
1	78	59	13,196
1	78	61	6,827
1	78	64	17,968
1	78	65	4,446
1	78	69	0,907
1	78	70	13,356
1	78	71	3,994
1	78	76	2,51
1	78	82	3,253
1	78	87	1,399
1	78	89	4,407
1	78	94	1,37
1	78	98	4,144
1	82	5	3,58
1	82	10	3,393
1	82	13	3,221
1	82	14	16,442
1	82	17	14,148
1	82	21	18,904
1	82	24	11,4
1	82	27	0,516
1	82	32	5,62
1	82	39	4,997
1	82	41	11,849
1	82	42	6,932
1	82	44	2,559
1	82	49	6,835
1	82	53	19,162
1	82	54	1,771
1	82	55	0,967
1	82	58	6,128
1	82	59	1,102
1	82	61	9,959
1	82	64	2,621
1	82	65	4,119
1	82	69	9,089
1	82	70	2,361
1	82	71	5,92
1	82	76	1,175
1	82	78	15,626
1	82	87	9,006
1	82	89	2,481
1	82	94	15,49
1	82	98	6,586
1	87	5	4,799
1	87	10	8,886
1	87	13	14,105
1	87	14	5,645
1	87	17	9,072
1	87	21	3,123
1	87	24	5,397
1	87	27	4,273
1	87	32	2,092
1	87	39	4,488
1	87	41	2,266
1	87	42	0,715
1	87	44	2,354
1	87	49	4,898
1	87	53	1,821
1	87	54	17,566
1	87	55	13,857
1	87	58	3,728
1	87	59	5,191
1	87	61	4,642
1	87	64	2,587
1	87	65	12,111
1	87	69	5,398
1	87	70	34,905
1	87	71	20,927
1	87	76	1,219
1	87	78	0,902
1	87	82	8,357
1	87	89	7,253
1	87	94	3,77
1	87	98	25,794
1	89	5	2,115
1	89	10	10,623
1	89	13	1,167
1	89	14	3,484
1	89	17	9,143
1	89	21	3,013
1	89	24	3,589
1	89	27	3,896
1	89	32	6,602
1	89	39	4,525
1	89	41	1,847
1	89	42	5,599
1	89	44	1,31
1	89	49	5,011
1	89	53	0,788
1	89	54	5,379
1	89	55	9,651
1	89	58	13,459
1	89	59	4,861
1	89	61	9,568
1	89	64	4,125
1	89	65	1,619
1	89	69	6,33
1	89	70	4,056
1	89	71	8,756
1	89	76	12,291
1	89	78	12,618
1	89	82	1,692
1	89	87	3,769
1	89	94	0,647
1	89	98	7,963
1	94	5	7,265
1	94	10	6,272
1	94	13	20,431
1	94	14	2,087
1	94	17	1,244
1	94	21	5,555
1	94	24	1,439
1	94	27	0,863
1	94	32	2,228
1	94	39	4,38
1	94	41	3,919
1	94	42	1,617
1	94	44	2,238
1	94	49	7,333
1	94	53	2,923
1	94	54	3,178
1	94	55	27,09
1	94	58	4,484
1	94	59	2,128
1	94	61	3,033
1	94	64	2,845
1	94	65	13,886
1	94	69	3,989
1	94	70	1,502
1	94	71	18,065
1	94	76	6,046
1	94	78	6,118
1	94	82	8,097
1	94	87	4,769
1	94	89	19,959
1	94	98	11,156
1	98	5	2,364
1	98	10	12,074
1	98	13	10,969
1	98	14	4,313
1	98	17	3,622
1	98	21	3,689
1	98	24	5,6
1	98	27	1,327
1	98	32	0,758
1	98	39	2,331
1	98	41	18,338
1	98	42	0,582
1	98	44	0,609
1	98	49	4,956
1	98	53	16,774
1	98	54	3,939
1	98	55	1,111
1	98	58	10,454
1	98	59	8,757
1	98	61	1,885
1	98	64	7,109
1	98	65	2,573
1	98	69	9,073
1	98	70	1,562
1	98	71	4,54
1	98	76	0,918
1	98	78	1,746
1	98	82	3,648
1	98	87	4,013
1	98	89	16,428
1	98	94	2,621
2	3	10	6,907
2	3	12	3,209
2	3	18	3,812
2	3	24	4,8
2	3	34	10,324
2	3	36	34,369
2	3	37	10,772
2	3	41	2,333
2	3	53	3,316
2	3	57	0,612
2	3	70	2,694
2	3	78	0,839
2	3	79	6,772
2	3	83	4,757
2	3	85	17,086
2	3	91	5,694
2	3	97	23,992
2	3	99	6,564
2	10	3	3,082
2	10	12	5,876
2	10	18	11,32
2	10	24	1,383
2	10	34	8,301
2	10	36	4,298
2	10	37	3,258
2	10	41	2,249
2	10	53	5,739
2	10	57	2,541
2	10	70	1,937
2	10	78	14,236
2	10	79	0,992
2	10	83	10,354
2	10	85	15,84
2	10	91	0,617
2	10	97	19,285
2	10	99	12,653
2	12	3	2,701
2	12	10	2,709
2	12	18	10,209
2	12	24	33,59
2	12	34	2,333
2	12	36	8,088
2	12	37	9,997
2	12	41	34,942
2	12	53	7,907
2	12	57	9,5
2	12	70	2,528
2	12	78	3,956
2	12	79	22,116
2	12	83	6,241
2	12	85	1,645
2	12	91	13,619
2	12	97	2,915
2	12	99	6,219
2	18	3	10,447
2	18	10	15,087
2	18	12	6,769
2	18	24	3,093
2	18	34	6,889
2	18	36	17,174
2	18	37	3,289
2	18	41	0,825
2	18	53	4,097
2	18	57	13,497
2	18	70	52,848
2	18	78	5,533
2	18	79	12,654
2	18	83	2,135
2	18	85	10,568
2	18	91	2,779
2	18	97	39,638
2	18	99	0,523
2	24	3	0,693
2	24	10	0,766
2	24	12	5,199
2	24	18	8,584
2	24	34	4,209
2	24	36	19,681
2	24	37	6,487
2	24	41	6,432
2	24	53	1,684
2	24	57	1,327
2	24	70	1,455
2	24	78	12,296
2	24	79	1,546
2	24	83	5,137
2	24	85	8,947
2	24	91	2,337
2	24	97	1,677
2	24	99	23,439
2	34	3	1,061
2	34	10	10,419
2	34	12	1,379
2	34	18	14,512
2	34	24	7,161
2	34	36	16,325
2	34	37	20,055
2	34	41	4,589
2	34	53	7,476
2	34	57	10,045
2	34	70	1,682
2	34	78	7,265
2	34	79	4,523
2	34	83	0,973
2	34	85	0,868
2	34	91	9,706
2	34	97	15,473
2	34	99	1,118
2	36	3	3,656
2	36	10	8,701
2	36	12	5,917
2	36	18	2,747
2	36	24	13,483
2	36	34	1,186
2	36	37	7,09
2	36	41	11,616
2	36	53	2,329
2	36	57	1,855
2	36	70	2,542
2	36	78	3,273
2	36	79	6,524
2	36	83	3,722
2	36	85	4,074
2	36	91	0,645
2	36	97	0,626
2	36	99	2,453
2	37	3	2,719
2	37	10	14,519
2	37	12	6,965
2	37	18	13,511
2	37	24	5,057
2	37	34	5,547
2	37	36	4,974
2	37	41	2,227
2	37	53	0,53
2	37	57	12,985
2	37	70	10,944
2	37	78	8,939
2	37	79	14,885
2	37	83	3,561
2	37	85	5,619
2	37	91	5,782
2	37	97	1,999
2	37	99	8,941
2	41	3	4,958
2	41	10	3,292
2	41	12	1,468
2	41	18	15,526
2	41	24	0,623
2	41	34	8,207
2	41	36	0,972
2	41	37	7,729
2	41	53	3,883
2	41	57	6,398
2	41	70	5,839
2	41	78	19,047
2	41	79	2,923
2	41	83	2,353
2	41	85	11,417
2	41	91	2,243
2	41	97	16,474
2	41	99	15,258
2	53	3	6,059
2	53	10	1,855
2	53	12	3,048
2	53	18	26,494
2	53	24	2,503
2	53	34	3,657
2	53	36	6,975
2	53	37	14,077
2	53	41	7,773
2	53	57	2,366
2	53	70	3,558
2	53	78	1,468
2	53	79	1,815
2	53	83	2,954
2	53	85	6,391
2	53	91	12,508
2	53	97	6,553
2	53	99	2,981
2	57	3	7,183
2	57	10	6,881
2	57	12	16,117
2	57	18	2,602
2	57	24	16,345
2	57	34	4,11
2	57	36	2,836
2	57	37	3,943
2	57	41	0,916
2	57	53	1,719
2	57	70	1,574
2	57	78	1,079
2	57	79	1,687
2	57	83	2,678
2	57	85	9,193
2	57	91	3,062
2	57	97	2,039
2	57	99	6,221
2	70	3	0,727
2	70	10	8,136
2	70	12	3,746
2	70	18	13,581
2	70	24	2,19
2	70	34	3,583
2	70	36	0,985
2	70	37	6,285
2	70	41	13,436
2	70	53	17,179
2	70	57	1,864
2	70	78	11,931
2	70	79	6,169
2	70	83	18,711
2	70	85	13,433
2	70	91	25,696
2	70	97	2,5
2	70	99	1,454
2	78	3	4,548
2	78	10	3,399
2	78	12	4,717
2	78	18	2,871
2	78	24	8,927
2	78	34	6,768
2	78	36	0,938
2	78	37	7,636
2	78	41	11,813
2	78	53	1,476
2	78	57	3,174
2	78	70	10,876
2	78	79	4,365
2	78	83	0,931
2	78	85	1,444
2	78	91	3,204
2	78	97	4,27
2	78	99	13,554
2	79	3	1,033
2	79	10	8,271
2	79	12	7,316
2	79	18	20,537
2	79	24	14,313
2	79	34	1,189
2	79	36	1,515
2	79	37	7,781
2	79	41	15,122
2	79	53	3,741
2	79	57	15,673
2	79	70	1,915
2	79	78	0,857
2	79	83	14,486
2	79	85	1,968
2	79	91	5,957
2	79	97	0,994
2	79	99	6,353
2	83	3	5,981
2	83	10	2,364
2	83	12	0,82
2	83	18	30,256
2	83	24	5,095
2	83	34	1,764
2	83	36	1,312
2	83	37	1,096
2	83	41	2,928
2	83	53	1,878
2	83	57	22,04
2	83	70	0,586
2	83	78	14,17
2	83	79	8,887
2	83	85	1,724
2	83	91	10,61
2	83	97	5,464
2	83	99	2,602
2	85	3	13,411
2	85	10	3,745
2	85	12	4,861
2	85	18	2,324
2	85	24	8,767
2	85	34	8,859
2	85	36	4,936
2	85	37	15,453
2	85	41	2,802
2	85	53	7,211
2	85	57	0,883
2	85	70	7,407
2	85	78	0,816
2	85	79	4,024
2	85	83	2,826
2	85	91	2,739
2	85	97	1,205
2	85	99	3,677
2	91	3	17,328
2	91	10	0,611
2	91	12	5,696
2	91	18	22,842
2	91	24	2,313
2	91	34	7,149
2	91	36	18,09
2	91	37	2,079
2	91	41	3,026
2	91	53	8,538
2	91	57	1,356
2	91	70	0,678
2	91	78	0,947
2	91	79	4,9
2	91	83	6,13
2	91	85	6,762
2	91	97	12,259
2	91	99	9,275
2	97	3	0,826
2	97	10	1,221
2	97	12	5,609
2	97	18	7,862
2	97	24	0,81
2	97	34	9,15
2	97	36	2,88
2	97	37	7,472
2	97	41	4,716
2	97	53	2,938
2	97	57	1,075
2	97	70	2,651
2	97	78	5,234
2	97	79	2,349
2	97	83	2,449
2	97	85	0,742
2	97	91	2,674
2	97	99	3,762
2	99	3	3,922
2	99	10	7,729
2	99	12	7,668
2	99	18	8,281
2	99	24	9,902
2	99	34	9,786
2	99	36	27,906
2	99	37	8,073
2	99	41	0,713
2	99	53	1,107
2	99	57	20,68
2	99	70	3,074
2	99	78	4,2
2	99	79	9,39
2	99	83	4,609
2	99	85	15,21
2	99	91	3,115
2	99	97	0,882
3	1	5	3,347
3	1	10	9,272
3	1	12	4,112
3	1	19	1,909
3	1	20	0,604
3	1	29	5,884
3	1	31	7,186
3	1	34	4,292
3	1	37	17,848
3	1	38	1,254
3	1	43	3,524
3	1	44	13,302
3	1	46	1,457
3	1	47	31,517
3	1	48	3,286
3	1	63	3,481
3	1	74	0,862
3	1	75	2,66
3	1	77	4,399
3	1	79	2,885
3	1	90	12,531
3	1	92	8,856
3	1	96	4,413
3	5	1	18,518
3	5	10	8,259
3	5	12	3,055
3	5	19	4,157
3	5	20	2,472
3	5	29	1,139
3	5	31	34,719
3	5	34	10,913
3	5	37	12,474
3	5	38	0,87
3	5	43	1,068
3	5	44	27,211
3	5	46	4,788
3	5	47	2,089
3	5	48	4,351
3	5	63	1,495
3	5	74	0,954
3	5	75	1,475
3	5	77	10,65
3	5	79	1,119
3	5	90	13,253
3	5	92	7,278
3	5	96	17,536
3	10	1	21,708
3	10	5	2,517
3	10	12	2,038
3	10	19	17,59
3	10	20	4,49
3	10	29	1,938
3	10	31	2,621
3	10	34	4,49
3	10	37	1,691
3	10	38	2,447
3	10	43	1,102
3	10	44	1,734
3	10	46	11,717
3	10	47	3,521
3	10	48	3,048
3	10	63	37,873
3	10	74	4,526
3	10	75	0,619
3	10	77	6,979
3	10	79	0,846
3	10	90	18,904
3	10	92	0,684
3	10	96	4,774
3	12	1	1,782
3	12	5	1,28
3	12	10	1,46
3	12	19	4,98
3	12	20	1,766
3	12	29	9,216
3	12	31	2,82
3	12	34	10,07
3	12	37	13,368
3	12	38	2,107
3	12	43	9,09
3	12	44	3,003
3	12	46	10,339
3	12	47	17,245
3	12	48	2,351
3	12	63	3,365
3	12	74	4,537
3	12	75	1,145
3	12	77	2,276
3	12	79	5,236
3	12	90	5,202
3	12	92	0,557
3	12	96	4,277
3	19	1	21,128
3	19	5	1,278
3	19	10	19,181
3	19	12	6,538
3	19	20	8,725
3	19	29	2,832
3	19	31	5,238
3	19	34	9,058
3	19	37	3,359
3	19	38	1,12
3	19	43	8,19
3	19	44	10,169
3	19	46	1,945
3	19	47	1,724
3	19	48	4,82
3	19	63	1,015
3	19	74	8,376
3	19	75	17,692
3	19	77	1,876
3	19	79	2,696
3	19	90	6,161
3	19	92	5,03
3	19	96	2,893
3	20	1	3,436
3	20	5	4,562
3	20	10	3,389
3	20	12	3,225
3	20	19	7,107
3	20	29	2,698
3	20	31	1,638
3	20	34	0,787
3	20	37	13,628
3	20	38	0,591
3	20	43	1,364
3	20	44	2,724
3	20	46	22,574
3	20	47	5,584
3	20	48	11,885
3	20	63	4,035
3	20	74	8,297
3	20	75	4,054
3	20	77	3,74
3	20	79	4,838
3	20	90	4,007
3	20	92	7,37
3	20	96	3,838
3	29	1	6,804
3	29	5	1,052
3	29	10	1,741
3	29	12	31,48
3	29	19	1,948
3	29	20	22,395
3	29	31	3,412
3	29	34	4,129
3	29	37	1,42
3	29	38	3,801
3	29	43	2,388
3	29	44	5,315
3	29	46	1,999
3	29	47	2,141
3	29	48	0,566
3	29	63	4,148
3	29	74	4,632
3	29	75	12,971
3	29	77	12,273
3	29	79	3,662
3	29	90	10,434
3	29	92	5,833
3	29	96	18,164
3	31	1	8,469
3	31	5	4,675
3	31	10	5,295
3	31	12	5,009
3	31	19	14,169
3	31	20	7,373
3	31	29	7,38
3	31	34	4,199
3	31	37	12,281
3	31	38	8,401
3	31	43	0,566
3	31	44	36,174
3	31	46	5,269
3	31	47	5,67
3	31	48	7,683
3	31	63	7,963
3	31	74	1,768
3	31	75	24,851
3	31	77	4,043
3	31	79	11,274
3	31	90	9,098
3	31	92	13,477
3	31	96	5,894
3	34	1	1,737
3	34	5	1,925
3	34	10	0,55
3	34	12	4,31
3	34	19	14,3
3	34	20	7,043
3	34	29	3,899
3	34	31	0,804
3	34	37	1,762
3	34	38	5,655
3	34	43	8,211
3	34	44	4,445
3	34	46	4,416
3	34	47	29,452
3	34	48	12,425
3	34	63	8,609
3	34	74	4,895
3	34	75	0,743
3	34	77	4,285
3	34	79	3,44
3	34	90	11,147
3	34	92	3,673
3	34	96	14,768
3	37	1	4,486
3	37	5	9,024
3	37	10	3,2
3	37	12	18,559
3	37	19	1,51
3	37	20	3,716
3	37	29	2,62
3	37	31	10,151
3	37	34	3,672
3	37	38	2,899
3	37	43	10,526
3	37	44	2,278
3	37	46	2,661
3	37	47	0,781
3	37	48	4,718
3	37	63	16,728
3	37	74	0,502
3	37	75	3,015
3	37	77	1,368
3	37	79	0,61
3	37	90	4,401
3	37	92	4,23
3	37	96	1,723
3	38	1	5,048
3	38	5	1,235
3	38	10	3,967
3	38	12	4,375
3	38	19	2,364
3	38	20	1,907
3	38	29	5,895
3	38	31	2,949
3	38	34	7,727
3	38	37	15,772
3	38	43	2,668
3	38	44	8,608
3	38	46	3,557
3	38	47	3,919
3	38	48	7,979
3	38	63	2,469
3	38	74	1,716
3	38	75	8,971
3	38	77	4,764
3	38	79	2,945
3	38	90	1,33
3	38	92	1,093
3	38	96	1,99
3	43	1	2,414
3	43	5	25,983
3	43	10	5,329
3	43	12	2,338
3	43	19	11,223
3	43	20	4,766
3	43	29	10,88
3	43	31	4,232
3	43	34	18,133
3	43	37	3,389
3	43	38	1,427
3	43	44	2,392
3	43	46	8,232
3	43	47	26,866
3	43	48	6,445
3	43	63	10,627
3	43	74	1,012
3	43	75	1,867
3	43	77	0,718
3	43	79	18,553
3	43	90	9,547
3	43	92	2,641
3	43	96	1,855
3	44	1	3,775
3	44	5	4,075
3	44	10	3,236
3	44	12	1,994
3	44	19	6,061
3	44	20	6,615
3	44	29	4,224
3	44	31	1,501
3	44	34	8,686
3	44	37	10,308
3	44	38	7,419
3	44	43	7,774
3	44	46	3,743
3	44	47	10,946
3	44	48	2,971
3	44	63	1,229
3	44	74	3,095
3	44	75	33,595
3	44	77	3,958
3	44	79	5,654
3	44	90	12,167
3	44	92	0,566
3	44	96	11,632
3	46	1	0,535
3	46	5	29,454
3	46	10	0,699
3	46	12	2,619
3	46	19	0,711
3	46	20	7,332
3	46	29	1,765
3	46	31	4,386
3	46	34	7,854
3	46	37	7,693
3	46	38	40,062
3	46	43	1,362
3	46	44	13,126
3	46	47	1,956
3	46	48	5,317
3	46	63	1,523
3	46	74	1,298
3	46	75	3,615
3	46	77	2,202
3	46	79	2,652
3	46	90	11,213
3	46	92	21,117
3	46	96	12,403
3	47	1	9,42
3	47	5	27,447
3	47	10	2,273
3	47	12	6,699
3	47	19	6,801
3	47	20	6,479
3	47	29	5,174
3	47	31	2,044
3	47	34	1,752
3	47	37	0,994
3	47	38	2,868
3	47	43	4,561
3	47	44	7,704
3	47	46	17,734
3	47	48	6,688
3	47	63	4,75
3	47	74	8,419
3	47	75	26,9
3	47	77	2,794
3	47	79	3,465
3	47	90	6,826
3	47	92	1,116
3	47	96	3,043
3	48	1	2,861
3	48	5	3,201
3	48	10	3,135
3	48	12	6,226
3	48	19	5,942
3	48	20	1,226
3	48	29	1,394
3	48	31	10,394
3	48	34	6,967
3	48	37	25,996
3	48	38	6,056
3	48	43	2,38
3	48	44	6,48
3	48	46	16,275
3	48	47	7,119
3	48	63	2,587
3	48	74	1,09
3	48	75	3,769
3	48	77	7,041
3	48	79	0,6
3	48	90	9,417
3	48	92	2,28
3	48	96	3,908
3	63	1	4,982
3	63	5	5,788
3	63	10	1,144
3	63	12	18,892
3	63	19	2,181
3	63	20	8,755
3	63	29	1,589
3	63	31	7,312
3	63	34	10,396
3	63	37	0,684
3	63	38	3,255
3	63	43	0,656
3	63	44	15,093
3	63	46	2,046
3	63	47	3,748
3	63	48	3,143
3	63	74	1,676
3	63	75	19,222
3	63	77	0,789
3	63	79	3,729
3	63	90	6,5
3	63	92	4,958
3	63	96	1,183
3	74	1	6,305
3	74	5	1,829
3	74	10	3,58
3	74	12	5,491
3	74	19	3,739
3	74	20	15,465
3	74	29	1,529
3	74	31	5,492
3	74	34	7,267
3	74	37	2,442
3	74	38	4,73
3	74	43	17,911
3	74	44	16,317
3	74	46	5,866
3	74	47	13,004
3	74	48	9,37
3	74	63	10,354
3	74	75	1,76
3	74	77	11,393
3	74	79	20,103
3	74	90	0,934
3	74	92	2,956
3	74	96	0,878
3	75	1	3,583
3	75	5	13,833
3	75	10	2,173
3	75	12	3,884
3	75	19	3,462
3	75	20	1,685
3	75	29	13,808
3	75	31	5,69
3	75	34	0,825
3	75	37	3,647
3	75	38	12,48
3	75	43	0,782
3	75	44	0,739
3	75	46	17,455
3	75	47	0,565
3	75	48	0,556
3	75	63	6,397
3	75	74	9,227
3	75	77	6,714
3	75	79	1,476
3	75	90	10,127
3	75	92	4,75
3	75	96	15,836
3	77	1	8,487
3	77	5	5,067
3	77	10	1,721
3	77	12	2,346
3	77	19	4,459
3	77	20	1,255
3	77	29	7,916
3	77	31	8,108
3	77	34	0,592
3	77	37	2,107
3	77	38	11,983
3	77	43	3,726
3	77	44	3,006
3	77	46	11,592
3	77	47	11,314
3	77	48	7,07
3	77	63	5,069
3	77	74	2,488
3	77	75	5,302
3	77	79	0,865
3	77	90	16,157
3	77	92	0,682
3	77	96	2,423
3	79	1	3,087
3	79	5	3,113
3	79	10	8,913
3	79	12	7,014
3	79	19	4,144
3	79	20	2,309
3	79	29	6,839
3	79	31	4,399
3	79	34	5,417
3	79	37	4,613
3	79	38	11,897
3	79	43	14,723
3	79	44	8,374
3	79	46	0,951
3	79	47	0,883
3	79	48	2,495
3	79	63	12,922
3	79	74	5,292
3	79	75	18,365
3	79	77	2,543
3	79	90	3,559
3	79	92	1,844
3	79	96	15,963
3	90	1	2,397
3	90	5	1,381
3	90	10	6,235
3	90	12	0,732
3	90	19	3,306
3	90	20	0,803
3	90	29	8,214
3	90	31	2,474
3	90	34	12,135
3	90	37	1,05
3	90	38	4,499
3	90	43	6,814
3	90	44	0,649
3	90	46	1,157
3	90	47	5,519
3	90	48	9,85
3	90	63	5,841
3	90	74	8,526
3	90	75	3,749
3	90	77	33,965
3	90	79	11,16
3	90	92	7,634
3	90	96	11,054
3	92	1	5,869
3	92	5	35,254
3	92	10	9,204
3	92	12	9,996
3	92	19	6,865
3	92	20	1,342
3	92	29	16,54
3	92	31	4,172
3	92	34	7,08
3	92	37	5,076
3	92	38	1,942
3	92	43	23,016
3	92	44	6,184
3	92	46	12,488
3	92	47	5,239
3	92	48	11,588
3	92	63	9,511
3	92	74	5,851
3	92	75	1,937
3	92	77	3,693
3	92	79	1,685
3	92	90	13,377
3	92	96	1,164
3	96	1	1,657
3	96	5	1,826
3	96	10	15,21
3	96	12	6,548
3	96	19	12,038
3	96	20	6,078
3	96	29	7,563
3	96	31	4,352
3	96	34	17,956
3	96	37	14,159
3	96	38	8,4
3	96	43	9,695
3	96	44	5,357
3	96	46	8,299
3	96	47	12,088
3	96	48	2,442
3	96	63	16,701
3	96	74	4,862
3	96	75	1,516
3	96	77	0,567
3	96	79	9,812
3	96	90	0,955
3	96	92	13,963
4	4	6	4,775
4	4	9	17,015
4	4	16	1,478
4	4	22	1,175
4	4	28	1,481
4	4	30	9,59
4	4	32	3,643
4	4	35	9,51
4	4	45	16,306
4	4	54	1,247
4	4	56	0,627
4	4	68	4,244
4	4	71	1,951
4	4	72	8,275
4	4	74	14,286
4	4	75	14,913
4	4	94	0,922
4	4	97	14,673
4	6	4	1,703
4	6	9	22,271
4	6	16	11,179
4	6	22	4,985
4	6	28	4,232
4	6	30	1,166
4	6	32	4,666
4	6	35	0,992
4	6	45	0,777
4	6	54	2,136
4	6	56	15,432
4	6	68	4,956
4	6	71	3,155
4	6	72	4,676
4	6	74	2,453
4	6	75	1,533
4	6	94	5,18
4	6	97	2,635
4	9	4	8,747
4	9	6	11,372
4	9	16	3,613
4	9	22	7,983
4	9	28	2,156
4	9	30	0,765
4	9	32	6,39
4	9	35	5,068
4	9	45	0,679
4	9	54	3,542
4	9	56	4,509
4	9	68	9,572
4	9	71	23,945
4	9	72	0,677
4	9	74	8,375
4	9	75	25,098
4	9	94	18,745
4	9	97	5,604
4	16	4	3,062
4	16	6	1,154
4	16	9	26,737
4	16	22	4,558
4	16	28	4,238
4	16	30	9,398
4	16	32	5,902
4	16	35	1,108
4	16	45	0,619
4	16	54	2,733
4	16	56	1,474
4	16	68	4,969
4	16	71	1,202
4	16	72	5,207
4	16	74	1,858
4	16	75	7,02
4	16	94	19,319
4	16	97	4,154
4	22	4	1,942
4	22	6	4,494
4	22	9	6,582
4	22	16	9,948
4	22	28	2,747
4	22	30	7,27
4	22	32	12,68
4	22	35	0,813
4	22	45	14,394
4	22	54	17,005
4	22	56	1,601
4	22	68	6,104
4	22	71	6,695
4	22	72	22,338
4	22	74	1,837
4	22	75	10,256
4	22	94	10,971
4	22	97	27,897
4	28	4	2,568
4	28	6	16,349
4	28	9	8,375
4	28	16	24,255
4	28	22	7,777
4	28	30	3,481
4	28	32	15,482
4	28	35	4,512
4	28	45	4,763
4	28	54	1,11
4	28	56	0,724
4	28	68	5,846
4	28	71	6,203
4	28	72	11,65
4	28	74	3,936
4	28	75	5,633
4	28	94	9,18
4	28	97	9,695
4	30	4	1,037
4	30	6	0,967
4	30	9	11,088
4	30	16	11,562
4	30	22	10,278
4	30	28	5,804
4	30	32	11,985
4	30	35	5,876
4	30	45	7,469
4	30	54	2,493
4	30	56	3,708
4	30	68	17,035
4	30	71	6,242
4	30	72	3,129
4	30	74	4,803
4	30	75	7,175
4	30	94	9,274
4	30	97	11,117
4	32	4	5,217
4	32	6	5,6
4	32	9	1,098
4	32	16	5,882
4	32	22	6,7
4	32	28	1,153
4	32	30	16,744
4	32	35	2,83
4	32	45	3,275
4	32	54	3,247
4	32	56	3,615
4	32	68	0,834
4	32	71	3,279
4	32	72	29,89
4	32	74	10,149
4	32	75	12,765
4	32	94	0,755
4	32	97	5,671
4	35	4	20,068
4	35	6	2,124
4	35	9	13,16
4	35	16	9,985
4	35	22	13,72
4	35	28	2,056
4	35	30	0,589
4	35	32	10,089
4	35	45	2,277
4	35	54	8,243
4	35	56	2,809
4	35	68	12,249
4	35	71	1,085
4	35	72	2,685
4	35	74	2,65
4	35	75	4,774
4	35	94	10,718
4	35	97	2,216
4	45	4	1,465
4	45	6	7,9
4	45	9	10,401
4	45	16	18,836
4	45	22	3,434
4	45	28	3,555
4	45	30	5,66
4	45	32	14,32
4	45	35	7,42
4	45	54	19,786
4	45	56	1,627
4	45	68	2,043
4	45	71	3,855
4	45	72	1,142
4	45	74	2,127
4	45	75	2,351
4	45	94	1,645
4	45	97	1,61
4	54	4	4,396
4	54	6	1,306
4	54	9	10,737
4	54	16	0,626
4	54	22	8,343
4	54	28	6,523
4	54	30	0,731
4	54	32	9,312
4	54	35	1,069
4	54	45	1,426
4	54	56	9,682
4	54	68	1,607
4	54	71	4,39
4	54	72	2,75
4	54	74	5,354
4	54	75	1,359
4	54	94	2,662
4	54	97	2,499
4	56	4	4,415
4	56	6	2,931
4	56	9	9,842
4	56	16	21,669
4	56	22	13,824
4	56	28	14,979
4	56	30	31,704
4	56	32	12,432
4	56	35	2,398
4	56	45	3,738
4	56	54	15,211
4	56	68	1,842
4	56	71	16,085
4	56	72	6,447
4	56	74	11,454
4	56	75	4,117
4	56	94	3,405
4	56	97	6,722
4	68	4	7,95
4	68	6	4,888
4	68	9	0,822
4	68	16	3,118
4	68	22	1,005
4	68	28	6,59
4	68	30	5,629
4	68	32	11,805
4	68	35	1,769
4	68	45	7,347
4	68	54	0,51
4	68	56	0,567
4	68	71	2,973
4	68	72	6,012
4	68	74	10,634
4	68	75	1,219
4	68	94	3,764
4	68	97	3,075
4	71	4	2,4
4	71	6	3,548
4	71	9	4,186
4	71	16	8,174
4	71	22	7,711
4	71	28	6,973
4	71	30	6,588
4	71	32	1,525
4	71	35	4,025
4	71	45	13,117
4	71	54	1,799
4	71	56	3,377
4	71	68	1,03
4	71	72	3,121
4	71	74	6,86
4	71	75	0,59
4	71	94	6,727
4	71	97	1,621
4	72	4	3,243
4	72	6	1,366
4	72	9	9,8
4	72	16	7,466
4	72	22	0,501
4	72	28	7,778
4	72	30	2,795
4	72	32	2,767
4	72	35	1,112
4	72	45	11,968
4	72	54	2,126
4	72	56	1,02
4	72	68	6,187
4	72	71	3,712
4	72	74	1,488
4	72	75	1,243
4	72	94	10,134
4	72	97	1,655
4	74	4	13,267
4	74	6	3,262
4	74	9	3,474
4	74	16	3,084
4	74	22	2,296
4	74	28	1,873
4	74	30	4,35
4	74	32	4,397
4	74	35	16,936
4	74	45	2,266
4	74	54	3,454
4	74	56	2,817
4	74	68	3,786
4	74	71	0,558
4	74	72	7,307
4	74	75	0,599
4	74	94	2,771
4	74	97	4,816
4	75	4	9,468
4	75	6	8,547
4	75	9	6,795
4	75	16	1,706
4	75	22	18,313
4	75	28	3,009
4	75	30	5,048
4	75	32	19,777
4	75	35	2,878
4	75	45	4,863
4	75	54	4,867
4	75	56	12,759
4	75	68	1,825
4	75	71	5,198
4	75	72	4,789
4	75	74	9,767
4	75	94	0,806
4	75	97	7,328
4	94	4	2,158
4	94	6	6,885
4	94	9	3,916
4	94	16	7,171
4	94	22	3,913
4	94	28	3,067
4	94	30	13,993
4	94	32	2,889
4	94	35	11,178
4	94	45	6,803
4	94	54	6,657
4	94	56	10,316
4	94	68	2,092
4	94	71	4,806
4	94	72	4,447
4	94	74	4,509
4	94	75	19,403
4	94	97	4,609
4	97	4	1,508
4	97	6	8,512
4	97	9	0,922
4	97	16	1,205
4	97	22	0,866
4	97	28	4,945
4	97	30	1,424
4	97	32	2,33
4	97	35	5,916
4	97	45	8,047
4	97	54	3,64
4	97	56	2,714
4	97	68	7,988
4	97	71	6,159
4	97	72	16,474
4	97	74	1,078
4	97	75	7,464
4	97	94	2,608
5	2	4	5,284
5	2	5	18,57
5	2	7	0,721
5	2	11	1,437
5	2	25	1,755
5	2	28	2,164
5	2	38	21,309
5	2	48	6,412
5	2	50	10,755
5	2	58	6,774
5	2	59	5,888
5	2	72	4,894
5	2	79	1,003
5	2	80	12,133
5	2	87	3,436
5	2	93	5,694
5	2	94	26,342
5	4	2	1,386
5	4	5	8,199
5	4	7	0,823
5	4	11	2,323
5	4	25	4,262
5	4	28	74,868
5	4	38	2,095
5	4	48	3,866
5	4	50	4,453
5	4	58	5,338
5	4	59	2,157
5	4	72	11,743
5	4	79	11,728
5	4	80	1,527
5	4	87	2,597
5	4	93	6,026
5	4	94	1,917
5	5	2	6,148
5	5	4	4,682
5	5	7	2,966
5	5	11	3,646
5	5	25	4,966
5	5	28	10,289
5	5	38	6,449
5	5	48	4,325
5	5	50	7,452
5	5	58	2,661
5	5	59	1,307
5	5	72	3,056
5	5	79	18,943
5	5	80	1,901
5	5	87	2,245
5	5	93	12,903
5	5	94	1,641
5	7	2	4,355
5	7	4	2,463
5	7	5	15,842
5	7	11	1,44
5	7	25	25,784
5	7	28	2,585
5	7	38	4,112
5	7	48	7,401
5	7	50	2,338
5	7	58	0,648
5	7	59	3,411
5	7	72	0,775
5	7	79	0,98
5	7	80	0,69
5	7	87	8,306
5	7	93	1,535
5	7	94	4,032
5	11	2	1,817
5	11	4	2,241
5	11	5	3,356
5	11	7	1,817
5	11	25	6,384
5	11	28	2,323
5	11	38	3,725
5	11	48	3,126
5	11	50	1,781
5	11	58	5,857
5	11	59	2,343
5	11	72	28,216
5	11	79	3,223
5	11	80	2,268
5	11	87	4,363
5	11	93	5,99
5	11	94	7,525
5	25	2	1,947
5	25	4	3,928
5	25	5	14,24
5	25	7	6,17
5	25	11	2,938
5	25	28	6,194
5	25	38	37,812
5	25	48	23,674
5	25	50	11,314
5	25	58	4,972
5	25	59	6,585
5	25	72	4,155
5	25	79	11,02
5	25	80	8,114
5	25	87	3,202
5	25	93	19,933
5	25	94	0,799
5	28	2	4,798
5	28	4	0,895
5	28	5	6,875
5	28	7	7,453
5	28	11	1,252
5	28	25	8,372
5	28	38	4,139
5	28	48	11,353
5	28	50	0,983
5	28	58	5,607
5	28	59	12,96
5	28	72	8,477
5	28	79	1,925
5	28	80	2,263
5	28	87	1,227
5	28	93	4,606
5	28	94	2,185
5	38	2	7,789
5	38	4	1,269
5	38	5	17,282
5	38	7	3,577
5	38	11	5,522
5	38	25	1,363
5	38	28	3,74
5	38	48	5,192
5	38	50	6,177
5	38	58	4,761
5	38	59	0,71
5	38	72	3,274
5	38	79	15,759
5	38	80	2,607
5	38	87	6,306
5	38	93	28,526
5	38	94	9,946
5	48	2	2,426
5	48	4	1,448
5	48	5	0,98
5	48	7	1,322
5	48	11	16,084
5	48	25	3,478
5	48	28	4,536
5	48	38	6,538
5	48	50	0,522
5	48	58	22,448
5	48	59	0,729
5	48	72	3,5
5	48	79	9,163
5	48	80	6,065
5	48	87	2,012
5	48	93	41,371
5	48	94	21,54
5	50	2	3,417
5	50	4	17,286
5	50	5	11,696
5	50	7	2,742
5	50	11	1,113
5	50	25	0,952
5	50	28	1,644
5	50	38	10,668
5	50	48	4,188
5	50	58	2,264
5	50	59	2,924
5	50	72	5,56
5	50	79	5,958
5	50	80	0,602
5	50	87	8,237
5	50	93	9,174
5	50	94	4,456
5	58	2	1,373
5	58	4	1,075
5	58	5	8,311
5	58	7	3,757
5	58	11	5,385
5	58	25	4,943
5	58	28	0,65
5	58	38	1,242
5	58	48	5,815
5	58	50	6,031
5	58	59	7,04
5	58	72	20,697
5	58	79	5,881
5	58	80	12,766
5	58	87	2,541
5	58	93	11,92
5	58	94	17,362
5	59	2	5,726
5	59	4	4,401
5	59	5	6,427
5	59	7	5,144
5	59	11	0,631
5	59	25	27,042
5	59	28	11,301
5	59	38	0,833
5	59	48	1,732
5	59	50	13,827
5	59	58	9,612
5	59	72	1,361
5	59	79	1,359
5	59	80	1,735
5	59	87	6,851
5	59	93	18,585
5	59	94	3,286
5	72	2	2,15
5	72	4	1,237
5	72	5	20,106
5	72	7	3,106
5	72	11	9,353
5	72	25	3,486
5	72	28	1,324
5	72	38	0,983
5	72	48	0,974
5	72	50	6,941
5	72	58	16,959
5	72	59	5,167
5	72	79	5,252
5	72	80	47,186
5	72	87	7,317
5	72	93	12,222
5	72	94	13,907
5	79	2	13,575
5	79	4	25,07
5	79	5	1,834
5	79	7	1,589
5	79	11	5,107
5	79	25	2,277
5	79	28	5,899
5	79	38	1,784
5	79	48	1,743
5	79	50	2,465
5	79	58	3,116
5	79	59	11,62
5	79	72	2,554
5	79	80	3,53
5	79	87	5,841
5	79	93	2,395
5	79	94	3,648
5	80	2	11,264
5	80	4	1,949
5	80	5	3,875
5	80	7	1,577
5	80	11	7,334
5	80	25	4,606
5	80	28	2,202
5	80	38	0,787
5	80	48	4,618
5	80	50	7,179
5	80	58	1,346
5	80	59	9,977
5	80	72	68,236
5	80	79	0,715
5	80	87	12,472
5	80	93	7,32
5	80	94	3,14
5	87	2	6,378
5	87	4	1,877
5	87	5	10,014
5	87	7	11,843
5	87	11	2,454
5	87	25	9,931
5	87	28	9,681
5	87	38	0,839
5	87	48	4,616
5	87	50	8,108
5	87	58	3,967
5	87	59	6,214
5	87	72	9,028
5	87	79	1,517
5	87	80	5,418
5	87	93	13,078
5	87	94	2,991
5	93	2	12,543
5	93	4	0,545
5	93	5	9,711
5	93	7	0,53
5	93	11	5,316
5	93	25	11,789
5	93	28	2,959
5	93	38	0,54
5	93	48	32,256
5	93	50	1,191
5	93	58	4,744
5	93	59	1,279
5	93	72	6,726
5	93	79	16,053
5	93	80	2,805
5	93	87	3,252
5	93	94	1,668
5	94	2	0,757
5	94	4	3,019
5	94	5	15,041
5	94	7	5,273
5	94	11	3,072
5	94	25	8,177
5	94	28	18,142
5	94	38	1,092
5	94	48	1,671
5	94	50	4,886
5	94	58	8,075
5	94	59	1,323
5	94	72	3,481
5	94	79	6,98
5	94	80	12,697
5	94	87	1,261
5	94	93	1,97
6	3	6	0,941
6	3	13	1,142
6	3	14	1,014
6	3	15	1,888
6	3	24	2,548
6	3	26	14,803
6	3	28	5,088
6	3	38	6,128
6	3	40	16,356
6	3	42	5,424
6	3	44	9,664
6	3	49	6,251
6	3	55	0,589
6	3	59	3,821
6	3	60	3,144
6	3	78	25,165
6	3	79	1,031
6	3	88	22,865
6	3	90	31,227
6	3	95	9,446
6	3	98	2,722
6	3	100	12,178
6	6	3	3,941
6	6	13	8,048
6	6	14	6,18
6	6	15	4,784
6	6	24	1,248
6	6	26	0,757
6	6	28	5,405
6	6	38	4,738
6	6	40	4,712
6	6	42	14,401
6	6	44	0,791
6	6	49	1,954
6	6	55	15,011
6	6	59	2,105
6	6	60	8,117
6	6	78	2,387
6	6	79	0,585
6	6	88	4,765
6	6	90	13,401
6	6	95	6,815
6	6	98	3,086
6	6	100	13,858
6	13	3	0,781
6	13	6	2,394
6	13	14	1,122
6	13	15	0,644
6	13	24	4,98
6	13	26	0,836
6	13	28	11,846
6	13	38	14,807
6	13	40	2,967
6	13	42	13,291
6	13	44	2,527
6	13	49	1,625
6	13	55	5,26
6	13	59	5,6
6	13	60	2,035
6	13	78	0,607
6	13	79	38,578
6	13	88	3,387
6	13	90	3,834
6	13	95	1,47
6	13	98	74,379
6	13	100	9,531
6	14	3	3,917
6	14	6	0,93
6	14	13	8,314
6	14	15	3,253
6	14	24	4,113
6	14	26	1,524
6	14	28	5,213
6	14	38	2,439
6	14	40	7,508
6	14	42	1,479
6	14	44	3,667
6	14	49	5,459
6	14	55	12,182
6	14	59	3,56
6	14	60	1,034
6	14	78	1,088
6	14	79	16,054
6	14	88	5,575
6	14	90	4,658
6	14	95	1,33
6	14	98	8,221
6	14	100	1,772
6	15	3	5,276
6	15	6	5,254
6	15	13	0,944
6	15	14	7,833
6	15	24	7,602
6	15	26	1,164
6	15	28	2,971
6	15	38	8,603
6	15	40	2,917
6	15	42	0,613
6	15	44	6,961
6	15	49	3,546
6	15	55	6,246
6	15	59	25,718
6	15	60	41,957
6	15	78	6,951
6	15	79	1,414
6	15	88	4,622
6	15	90	1,587
6	15	95	14,803
6	15	98	7,97
6	15	100	7,837
6	24	3	4,508
6	24	6	2,08
6	24	13	1,913
6	24	14	1,067
6	24	15	13,46
6	24	26	4,68
6	24	28	6,222
6	24	38	5,336
6	24	40	7,07
6	24	42	12,469
6	24	44	7,168
6	24	49	17,973
6	24	55	3,795
6	24	59	9,94
6	24	60	4,447
6	24	78	2,45
6	24	79	0,598
6	24	88	3,495
6	24	90	3,542
6	24	95	4,205
6	24	98	5,711
6	24	100	6,486
6	26	3	11,764
6	26	6	1,397
6	26	13	6,079
6	26	14	8,457
6	26	15	3,11
6	26	24	12,2
6	26	28	5,129
6	26	38	1,056
6	26	40	2,912
6	26	42	10,414
6	26	44	13,157
6	26	49	10,473
6	26	55	1,791
6	26	59	24,346
6	26	60	4,453
6	26	78	3,274
6	26	79	16,946
6	26	88	1,289
6	26	90	10,138
6	26	95	4,568
6	26	98	11,323
6	26	100	0,792
6	28	3	0,606
6	28	6	5,237
6	28	13	2,632
6	28	14	4,07
6	28	15	4,793
6	28	24	1,062
6	28	26	12,991
6	28	38	2,699
6	28	40	4,705
6	28	42	1,805
6	28	44	2,576
6	28	49	0,535
6	28	55	1,244
6	28	59	3,917
6	28	60	3,577
6	28	78	3,844
6	28	79	0,725
6	28	88	8,245
6	28	90	12,755
6	28	95	17,676
6	28	98	4,936
6	28	100	9,836
6	38	3	12,247
6	38	6	13,765
6	38	13	16,107
6	38	14	4,038
6	38	15	2,92
6	38	24	28,078
6	38	26	4,109
6	38	28	0,652
6	38	40	8,652
6	38	42	1,862
6	38	44	14,743
6	38	49	7,613
6	38	55	6,512
6	38	59	2,565
6	38	60	4,98
6	38	78	10,02
6	38	79	7,884
6	38	88	8,384
6	38	90	3,784
6	38	95	1,606
6	38	98	2,698
6	38	100	18,522
6	40	3	4,726
6	40	6	2,013
6	40	13	9,451
6	40	14	4,747
6	40	15	4,557
6	40	24	6,73
6	40	26	6,816
6	40	28	8,664
6	40	38	0,587
6	40	42	9,815
6	40	44	14,394
6	40	49	9,122
6	40	55	1,847
6	40	59	4,767
6	40	60	1,592
6	40	78	3,259
6	40	79	12,156
6	40	88	10,773
6	40	90	2,939
6	40	95	17,573
6	40	98	3,184
6	40	100	0,798
6	42	3	9,019
6	42	6	0,91
6	42	13	2,386
6	42	14	0,944
6	42	15	2,498
6	42	24	3,719
6	42	26	3,969
6	42	28	6,961
6	42	38	3,379
6	42	40	38,187
6	42	44	6,766
6	42	49	1,713
6	42	55	7,452
6	42	59	19,689
6	42	60	10,68
6	42	78	0,749
6	42	79	2,86
6	42	88	2,223
6	42	90	1,745
6	42	95	3,376
6	42	98	0,758
6	42	100	4,173
6	44	3	16,78
6	44	6	18,976
6	44	13	8,151
6	44	14	1,672
6	44	15	6,102
6	44	24	32,089
6	44	26	4,125
6	44	28	1,813
6	44	38	16,692
6	44	40	8,637
6	44	42	3,887
6	44	49	9,12
6	44	55	16,947
6	44	59	2,391
6	44	60	3,487
6	44	78	2,79
6	44	79	3,141
6	44	88	3,057
6	44	90	3,27
6	44	95	12,506
6	44	98	37,687
6	44	100	6,283
6	49	3	1,226
6	49	6	0,796
6	49	13	3,266
6	49	14	3,139
6	49	15	0,85
6	49	24	13,965
6	49	26	16,642
6	49	28	1,919
6	49	38	1,272
6	49	40	1,286
6	49	42	2,569
6	49	44	4,489
6	49	55	3,264
6	49	59	4,973
6	49	60	5,851
6	49	78	1,213
6	49	79	4,683
6	49	88	1,866
6	49	90	0,992
6	49	95	3,254
6	49	98	2,425
6	49	100	9,475
6	55	3	21,683
6	55	6	0,95
6	55	13	5,03
6	55	14	2,095
6	55	15	2,841
6	55	24	3,031
6	55	26	12,322
6	55	28	0,697
6	55	38	14,97
6	55	40	20,18
6	55	42	1,991
6	55	44	1,86
6	55	49	2,991
6	55	59	4,376
6	55	60	0,528
6	55	78	6,362
6	55	79	2,861
6	55	88	6,772
6	55	90	1,241
6	55	95	5,312
6	55	98	1,104
6	55	100	5,967
6	59	3	7,591
6	59	6	7,193
6	59	13	10,773
6	59	14	0,816
6	59	15	10,74
6	59	24	9,136
6	59	26	3,256
6	59	28	3,654
6	59	38	8,939
6	59	40	5,427
6	59	42	0,765
6	59	44	6,186
6	59	49	8,595
6	59	55	0,81
6	59	60	6,789
6	59	78	5,516
6	59	79	2,389
6	59	88	1,244
6	59	90	31,782
6	59	95	3,767
6	59	98	1,157
6	59	100	7,73
6	60	3	7,865
6	60	6	3,099
6	60	13	2,499
6	60	14	5,285
6	60	15	19,33
6	60	24	9,485
6	60	26	5,629
6	60	28	15,417
6	60	38	1,386
6	60	40	3,107
6	60	42	4,247
6	60	44	8,444
6	60	49	1,116
6	60	55	13,906
6	60	59	4,729
6	60	78	0,829
6	60	79	1,142
6	60	88	6,251
6	60	90	13,326
6	60	95	11,748
6	60	98	0,68
6	60	100	8,781
6	78	3	5,669
6	78	6	4,7
6	78	13	17,051
6	78	14	6,292
6	78	15	1,793
6	78	24	9,121
6	78	26	13,222
6	78	28	9,324
6	78	38	10,279
6	78	40	5,487
6	78	42	3,153
6	78	44	8,916
6	78	49	7,131
6	78	55	7,059
6	78	59	0,779
6	78	60	1,565
6	78	79	2,46
6	78	88	3,332
6	78	90	9,15
6	78	95	53,237
6	78	98	1,359
6	78	100	1,969
6	79	3	5,556
6	79	6	2,044
6	79	13	3,155
6	79	14	1,425
6	79	15	13,186
6	79	24	3,92
6	79	26	4,145
6	79	28	24,113
6	79	38	1,69
6	79	40	1,461
6	79	42	2,608
6	79	44	2,868
6	79	49	22,95
6	79	55	1,891
6	79	59	6,432
6	79	60	0,541
6	79	78	1,019
6	79	88	6,188
6	79	90	4,723
6	79	95	5,631
6	79	98	2,057
6	79	100	1,353
6	88	3	3,623
6	88	6	3,051
6	88	13	2,11
6	88	14	3,779
6	88	15	6,949
6	88	24	2,328
6	88	26	6,06
6	88	28	4,822
6	88	38	5,885
6	88	40	8,106
6	88	42	5,58
6	88	44	1,543
6	88	49	6,674
6	88	55	5,812
6	88	59	0,802
6	88	60	4,961
6	88	78	5,632
6	88	79	4,866
6	88	90	4,899
6	88	95	2,604
6	88	98	4,216
6	88	100	12,412
6	90	3	12,688
6	90	6	0,934
6	90	13	6,178
6	90	14	5,462
6	90	15	0,84
6	90	24	1,076
6	90	26	20,925
6	90	28	10,255
6	90	38	1,976
6	90	40	3,648
6	90	42	13,535
6	90	44	2,021
6	90	49	7,905
6	90	55	15,916
6	90	59	2,089
6	90	60	3,736
6	90	78	0,822
6	90	79	3,884
6	90	88	1,6
6	90	95	3,167
6	90	98	3,012
6	90	100	3,93
6	95	3	4,948
6	95	6	13,046
6	95	13	18,823
6	95	14	5,032
6	95	15	0,928
6	95	24	9,13
6	95	26	4,836
6	95	28	4,781
6	95	38	1,827
6	95	40	3,451
6	95	42	8,887
6	95	44	3,82
6	95	49	5,42
6	95	55	10,189
6	95	59	0,717
6	95	60	2,836
6	95	78	2,396
6	95	79	3,506
6	95	88	11,136
6	95	90	16,121
6	95	98	3,088
6	95	100	0,524
6	98	3	8,393
6	98	6	2,691
6	98	13	10,279
6	98	14	7,361
6	98	15	3,894
6	98	24	5,997
6	98	26	5,303
6	98	28	15,799
6	98	38	4,557
6	98	40	0,622
6	98	42	9,685
6	98	44	10,286
6	98	49	6,991
6	98	55	1,014
6	98	59	10,131
6	98	60	8,424
6	98	78	0,586
6	98	79	7,188
6	98	88	5,658
6	98	90	0,945
6	98	95	10,531
6	98	100	4,851
6	100	3	1,924
6	100	6	1,156
6	100	13	4,323
6	100	14	3,358
6	100	15	2,923
6	100	24	1,202
6	100	26	4,827
6	100	28	3,287
6	100	38	2,998
6	100	40	11,293
6	100	42	5,502
6	100	44	4,489
6	100	49	8,399
6	100	55	3,348
6	100	59	5,419
6	100	60	8,282
6	100	78	1,87
6	100	79	3,798
6	100	88	7,977
6	100	90	2,455
6	100	95	0,954
6	100	98	0,618
7	8	14	3,42
7	8	22	7,184
7	8	27	2,639
7	8	37	1,767
7	8	40	12,653
7	8	51	2,976
7	8	55	3,087
7	8	57	6,427
7	8	65	4,364
7	8	68	1,221
7	8	70	7,438
7	8	76	8,529
7	8	77	1,664
7	8	84	1,959
7	8	85	5,516
7	8	94	13,896
7	14	8	1,831
7	14	22	6,018
7	14	27	34,762
7	14	37	3,953
7	14	40	1,924
7	14	51	1,829
7	14	55	4,18
7	14	57	3,38
7	14	65	0,748
7	14	68	3,216
7	14	70	15,192
7	14	76	12,638
7	14	77	22,096
7	14	84	8,725
7	14	85	13,11
7	14	94	2,662
7	22	8	7,018
7	22	14	9,054
7	22	27	3,785
7	22	37	10,833
7	22	40	1,354
7	22	51	7,031
7	22	55	10,489
7	22	57	1,7
7	22	65	1,705
7	22	68	6,041
7	22	70	4,921
7	22	76	6,401
7	22	77	0,919
7	22	84	0,876
7	22	85	7,222
7	22	94	5,56
7	27	8	4,211
7	27	14	23,945
7	27	22	7,155
7	27	37	1,703
7	27	40	6,597
7	27	51	2,581
7	27	55	3,499
7	27	57	5,077
7	27	65	9,986
7	27	68	4,476
7	27	70	15,428
7	27	76	3,072
7	27	77	1,434
7	27	84	2,918
7	27	85	4,933
7	27	94	2,908
7	37	8	0,825
7	37	14	3,228
7	37	22	1,226
7	37	27	0,743
7	37	40	3,142
7	37	51	3,739
7	37	55	1,076
7	37	57	7,195
7	37	65	7,097
7	37	68	1,601
7	37	70	1,965
7	37	76	9,421
7	37	77	15,904
7	37	84	4,528
7	37	85	5,858
7	37	94	13,167
7	40	8	28,528
7	40	14	1,65
7	40	22	5,467
7	40	27	8,191
7	40	37	26,965
7	40	51	15,02
7	40	55	9,207
7	40	57	1,416
7	40	65	22,597
7	40	68	4,514
7	40	70	6,454
7	40	76	1,413
7	40	77	1,724
7	40	84	5,723
7	40	85	0,528
7	40	94	5,8
7	51	8	2,607
7	51	14	1,867
7	51	22	1,71
7	51	27	4,365
7	51	37	3,944
7	51	40	7,145
7	51	55	3,279
7	51	57	4,215
7	51	65	4,963
7	51	68	0,869
7	51	70	4,118
7	51	76	1,497
7	51	77	8,912
7	51	84	1,9
7	51	85	3,586
7	51	94	2,226
7	55	8	6,866
7	55	14	3,179
7	55	22	18,862
7	55	27	5,1
7	55	37	8,831
7	55	40	13,359
7	55	51	0,502
7	55	57	2,879
7	55	65	6,192
7	55	68	12,526
7	55	70	18,978
7	55	76	14,926
7	55	77	3,82
7	55	84	3,411
7	55	85	0,65
7	55	94	1,818
7	57	8	6,131
7	57	14	2,253
7	57	22	7,045
7	57	27	10,029
7	57	37	1,626
7	57	40	5,417
7	57	51	6,426
7	57	55	2,369
7	57	65	0,966
7	57	68	10,827
7	57	70	3,83
7	57	76	0,619
7	57	77	5,851
7	57	84	7,324
7	57	85	5,133
7	57	94	6,959
7	65	8	6,41
7	65	14	1,135
7	65	22	16,868
7	65	27	3,751
7	65	37	0,802
7	65	40	0,843
7	65	51	6,915
7	65	55	1,314
7	65	57	6,236
7	65	68	6,947
7	65	70	1,799
7	65	76	7,171
7	65	77	7,357
7	65	84	2,158
7	65	85	6,255
7	65	94	0,546
7	68	8	6,967
7	68	14	22,612
7	68	22	2,526
7	68	27	6,157
7	68	37	6,434
7	68	40	4,52
7	68	51	21,199
7	68	55	8,117
7	68	57	3,829
7	68	65	3,042
7	68	70	1,183
7	68	76	4,398
7	68	77	0,74
7	68	84	5,318
7	68	85	1,762
7	68	94	6,563
7	70	8	2,29
7	70	14	14,985
7	70	22	2,622
7	70	27	7,705
7	70	37	1,818
7	70	40	2,265
7	70	51	1,234
7	70	55	6,464
7	70	57	1,251
7	70	65	6,128
7	70	68	3,452
7	70	76	2,194
7	70	77	2,9
7	70	84	12,828
7	70	85	3,632
7	70	94	3,278
7	76	8	12,778
7	76	14	13,399
7	76	22	4,699
7	76	27	0,503
7	76	37	20,183
7	76	40	4,265
7	76	51	3,991
7	76	55	13,032
7	76	57	11,769
7	76	65	17,127
7	76	68	7,962
7	76	70	11,668
7	76	77	3,307
7	76	84	3,839
7	76	85	2,884
7	76	94	1,618
7	77	8	6,79
7	77	14	10,5
7	77	22	6,346
7	77	27	8,046
7	77	37	18,263
7	77	40	0,595
7	77	51	9,943
7	77	55	3,883
7	77	57	0,984
7	77	65	21,882
7	77	68	6,313
7	77	70	5,1
7	77	76	3,338
7	77	84	13,556
7	77	85	3,936
7	77	94	12,94
7	84	8	5,068
7	84	14	3,101
7	84	22	0,511
7	84	27	12,889
7	84	37	5,396
7	84	40	2,67
7	84	51	6,769
7	84	55	1,6
7	84	57	4,496
7	84	65	2,236
7	84	68	18,699
7	84	70	0,507
7	84	76	3,537
7	84	77	3,995
7	84	85	4,12
7	84	94	8,374
7	85	8	4,689
7	85	14	1,11
7	85	22	11,345
7	85	27	4,754
7	85	37	4,111
7	85	40	4,756
7	85	51	9,892
7	85	55	4,478
7	85	57	7,539
7	85	65	0,726
7	85	68	2,944
7	85	70	1,089
7	85	76	11,75
7	85	77	0,801
7	85	84	4,653
7	85	94	0,505
7	94	8	24,973
7	94	14	9,703
7	94	22	0,884
7	94	27	2,785
7	94	37	3,118
7	94	40	4,569
7	94	51	4,71
7	94	55	8,292
7	94	57	1,187
7	94	65	0,73
7	94	68	1,261
7	94	70	18,212
7	94	76	12,515
7	94	77	1,072
7	94	84	16,523
7	94	85	5,077
8	6	8	4,075
8	6	9	19,74
8	6	15	3,729
8	6	16	1,416
8	6	19	2,894
8	6	21	1,465
8	6	22	2,837
8	6	41	21,318
8	6	42	1,043
8	6	52	2,021
8	6	53	0,934
8	6	59	2,24
8	6	62	0,998
8	6	66	11,163
8	6	67	1,26
8	6	70	5,816
8	6	72	6,024
8	6	75	30,298
8	6	77	1,222
8	6	80	8,301
8	6	82	0,974
8	6	91	3,521
8	6	98	0,675
8	6	99	2,503
8	6	100	6,551
8	8	6	14,812
8	8	9	16,35
8	8	15	2,282
8	8	16	11,842
8	8	19	6,988
8	8	21	26,754
8	8	22	2,754
8	8	41	14,127
8	8	42	4,93
8	8	52	6,512
8	8	53	6,331
8	8	59	1,213
8	8	62	1,689
8	8	66	9,76
8	8	67	8,337
8	8	70	10,737
8	8	72	9,784
8	8	75	3,683
8	8	77	2,362
8	8	80	13,278
8	8	82	4,997
8	8	91	2,348
8	8	98	2,655
8	8	99	1,893
8	8	100	8,116
8	9	6	1,788
8	9	8	5,182
8	9	15	7,082
8	9	16	17,224
8	9	19	0,925
8	9	21	3,915
8	9	22	3,578
8	9	41	4,189
8	9	42	15,243
8	9	52	5,227
8	9	53	6,594
8	9	59	2,506
8	9	62	57,221
8	9	66	11,212
8	9	67	5,786
8	9	70	2,276
8	9	72	15,687
8	9	75	1,133
8	9	77	0,728
8	9	80	1,158
8	9	82	6,028
8	9	91	2,214
8	9	98	2,153
8	9	99	4,588
8	9	100	18,583
8	15	6	4,012
8	15	8	11,368
8	15	9	3,486
8	15	16	10,256
8	15	19	1,088
8	15	21	18,456
8	15	22	3,028
8	15	41	4,222
8	15	42	2,331
8	15	52	1,994
8	15	53	2,634
8	15	59	3,491
8	15	62	7,575
8	15	66	16,904
8	15	67	6,651
8	15	70	1,49
8	15	72	8,572
8	15	75	2,804
8	15	77	4,851
8	15	80	1,986
8	15	82	14,127
8	15	91	5,446
8	15	98	7,849
8	15	99	18,006
8	15	100	5,868
8	16	6	0,855
8	16	8	7,203
8	16	9	6,162
8	16	15	2,188
8	16	19	7,117
8	16	21	0,979
8	16	22	26,486
8	16	41	10,788
8	16	42	4,122
8	16	52	15,534
8	16	53	4,758
8	16	59	4,628
8	16	62	14,05
8	16	66	6,07
8	16	67	1,596
8	16	70	3,407
8	16	72	5,437
8	16	75	5,356
8	16	77	1,754
8	16	80	0,584
8	16	82	2,592
8	16	91	10,913
8	16	98	0,566
8	16	99	3,501
8	16	100	2,402
8	19	6	15,229
8	19	8	1,07
8	19	9	6,397
8	19	15	1,896
8	19	16	2,158
8	19	21	6,042
8	19	22	8,403
8	19	41	6,56
8	19	42	0,608
8	19	52	13,171
8	19	53	11,03
8	19	59	7,481
8	19	62	5,343
8	19	66	18,771
8	19	67	1,253
8	19	70	4,352
8	19	72	0,512
8	19	75	3,388
8	19	77	10,302
8	19	80	10,973
8	19	82	1,594
8	19	91	2,674
8	19	98	3,918
8	19	99	12,553
8	19	100	4,477
8	21	6	2,162
8	21	8	2,059
8	21	9	11,869
8	21	15	4,439
8	21	16	1,269
8	21	19	2,832
8	21	22	3,438
8	21	41	1,741
8	21	42	23,099
8	21	52	20,962
8	21	53	2,935
8	21	59	6,781
8	21	62	1,871
8	21	66	5,006
8	21	67	2,909
8	21	70	0,82
8	21	72	11,444
8	21	75	2,754
8	21	77	2,03
8	21	80	6,446
8	21	82	7,105
8	21	91	8,191
8	21	98	18,163
8	21	99	2,007
8	21	100	1,058
8	22	6	3,133
8	22	8	4,351
8	22	9	4,076
8	22	15	2,064
8	22	16	6,611
8	22	19	3,952
8	22	21	16,333
8	22	41	6,699
8	22	42	0,677
8	22	52	2,577
8	22	53	13,297
8	22	59	5,515
8	22	62	9,118
8	22	66	3,383
8	22	67	6,428
8	22	70	16,751
8	22	72	2,422
8	22	75	11,623
8	22	77	27,645
8	22	80	10,397
8	22	82	2,647
8	22	91	3,832
8	22	98	16,389
8	22	99	5,778
8	22	100	3,675
8	41	6	2,254
8	41	8	2,858
8	41	9	3,846
8	41	15	0,658
8	41	16	2,262
8	41	19	7,513
8	41	21	0,567
8	41	22	8,618
8	41	42	10,285
8	41	52	0,825
8	41	53	13,619
8	41	59	2,501
8	41	62	2,42
8	41	66	3,248
8	41	67	6,365
8	41	70	1,83
8	41	72	1,207
8	41	75	6,206
8	41	77	4,699
8	41	80	5,14
8	41	82	3,352
8	41	91	4,44
8	41	98	4,501
8	41	99	5,233
8	41	100	1,801
8	42	6	8,897
8	42	8	9,104
8	42	9	1,612
8	42	15	10,292
8	42	16	1,517
8	42	19	1,279
8	42	21	2,325
8	42	22	3,561
8	42	41	5,113
8	42	52	1,112
8	42	53	0,777
8	42	59	2,697
8	42	62	10,665
8	42	66	8,099
8	42	67	5,355
8	42	70	7,831
8	42	72	3,344
8	42	75	3,589
8	42	77	10,078
8	42	80	3,189
8	42	82	38,105
8	42	91	6,482
8	42	98	1,545
8	42	99	8,753
8	42	100	8,184
8	52	6	0,919
8	52	8	5,639
8	52	9	2,336
8	52	15	3,076
8	52	16	3,186
8	52	19	2,428
8	52	21	6,87
8	52	22	3,676
8	52	41	0,507
8	52	42	6,432
8	52	53	2,622
8	52	59	0,745
8	52	62	20,703
8	52	66	2,674
8	52	67	5,175
8	52	70	0,929
8	52	72	3,344
8	52	75	5,394
8	52	77	0,975
8	52	80	0,598
8	52	82	1,25
8	52	91	4,605
8	52	98	2,446
8	52	99	5,634
8	52	100	22,135
8	53	6	52,784
8	53	8	9,233
8	53	9	0,836
8	53	15	1,013
8	53	16	2,503
8	53	19	3,781
8	53	21	3,871
8	53	22	2,213
8	53	41	2,13
8	53	42	17,123
8	53	52	2,956
8	53	59	21,811
8	53	62	9,555
8	53	66	1,22
8	53	67	1,714
8	53	70	1,528
8	53	72	22,942
8	53	75	10,738
8	53	77	4,657
8	53	80	1,266
8	53	82	4,238
8	53	91	11,009
8	53	98	1,693
8	53	99	2,575
8	53	100	8,946
8	59	6	0,855
8	59	8	1,765
8	59	9	2,961
8	59	15	10,534
8	59	16	0,655
8	59	19	2,418
8	59	21	14,076
8	59	22	2,735
8	59	41	4,102
8	59	42	8,336
8	59	52	3,952
8	59	53	2,798
8	59	62	2,949
8	59	66	0,66
8	59	67	9,93
8	59	70	1,888
8	59	72	1,962
8	59	75	5,133
8	59	77	27,438
8	59	80	4,051
8	59	82	4,093
8	59	91	5,064
8	59	98	12,24
8	59	99	1,049
8	59	100	1,477
8	62	6	1,72
8	62	8	1,783
8	62	9	11,437
8	62	15	9,173
8	62	16	8,365
8	62	19	1,106
8	62	21	25,937
8	62	22	2,321
8	62	41	11,726
8	62	42	1,148
8	62	52	2,262
8	62	53	1,323
8	62	59	4,267
8	62	66	1,135
8	62	67	15,495
8	62	70	2,233
8	62	72	2,341
8	62	75	14,633
8	62	77	20,878
8	62	80	0,792
8	62	82	2,259
8	62	91	1,145
8	62	98	5,313
8	62	99	9,13
8	62	100	2,69
8	66	6	5,038
8	66	8	0,695
8	66	9	6,623
8	66	15	5,022
8	66	16	2,405
8	66	19	2,267
8	66	21	4,648
8	66	22	7,696
8	66	41	0,898
8	66	42	0,629
8	66	52	1,509
8	66	53	18,801
8	66	59	0,529
8	66	62	4,406
8	66	67	4,09
8	66	70	18,559
8	66	72	3,224
8	66	75	3,274
8	66	77	11,494
8	66	80	1,686
8	66	82	24,134
8	66	91	1,356
8	66	98	14,145
8	66	99	0,575
8	66	100	8,991
8	67	6	0,747
8	67	8	5,792
8	67	9	5,037
8	67	15	1,412
8	67	16	13,19
8	67	19	0,915
8	67	21	6,89
8	67	22	1,585
8	67	41	6,524
8	67	42	3,183
8	67	52	3,156
8	67	53	16,014
8	67	59	9,519
8	67	62	2,075
8	67	66	0,763
8	67	70	7,866
8	67	72	13,893
8	67	75	2,681
8	67	77	12,587
8	67	80	5,991
8	67	82	0,591
8	67	91	4,663
8	67	98	1,995
8	67	99	1,215
8	67	100	8,352
8	70	6	5,247
8	70	8	17,968
8	70	9	22,133
8	70	15	8,229
8	70	16	9,506
8	70	19	14,715
8	70	21	0,749
8	70	22	1,696
8	70	41	0,548
8	70	42	5,461
8	70	52	17,823
8	70	53	7,826
8	70	59	4,613
8	70	62	1,289
8	70	66	3,915
8	70	67	2,009
8	70	72	2,205
8	70	75	1,713
8	70	77	2,001
8	70	80	1,474
8	70	82	4,875
8	70	91	0,675
8	70	98	2,764
8	70	99	7,411
8	70	100	0,911
8	72	6	0,849
8	72	8	6,243
8	72	9	1,4
8	72	15	19,211
8	72	16	7,42
8	72	19	1,986
8	72	21	3,693
8	72	22	18,644
8	72	41	12,781
8	72	42	14,495
8	72	52	6,431
8	72	53	3,094
8	72	59	2,867
8	72	62	10,046
8	72	66	10,059
8	72	67	17,753
8	72	70	5,178
8	72	75	6,434
8	72	77	3,16
8	72	80	9,983
8	72	82	1,11
8	72	91	21,303
8	72	98	7,578
8	72	99	4,552
8	72	100	4,253
8	75	6	0,529
8	75	8	4,664
8	75	9	7,326
8	75	15	1,698
8	75	16	4,228
8	75	19	17,496
8	75	21	30,876
8	75	22	3,194
8	75	41	4,652
8	75	42	3,494
8	75	52	4,199
8	75	53	2,32
8	75	59	0,698
8	75	62	3,17
8	75	66	16,773
8	75	67	3,83
8	75	70	9,642
8	75	72	6,309
8	75	77	1,572
8	75	80	3,439
8	75	82	3,931
8	75	91	17,655
8	75	98	4,715
8	75	99	3,943
8	75	100	3,786
8	77	6	16,341
8	77	8	4,783
8	77	9	25,895
8	77	15	2,646
8	77	16	14,111
8	77	19	2,661
8	77	21	0,924
8	77	22	7,911
8	77	41	12,78
8	77	42	3,386
8	77	52	2,834
8	77	53	15,439
8	77	59	10,345
8	77	62	4,433
8	77	66	14,59
8	77	67	8,057
8	77	70	0,985
8	77	72	28,406
8	77	75	2,47
8	77	80	2,938
8	77	82	38,552
8	77	91	8,397
8	77	98	5,693
8	77	99	2,481
8	77	100	14,311
8	80	6	5,297
8	80	8	4,26
8	80	9	10,95
8	80	15	2,277
8	80	16	3,32
8	80	19	0,783
8	80	21	1,668
8	80	22	8,981
8	80	41	5,269
8	80	42	5,699
8	80	52	9,404
8	80	53	2,32
8	80	59	0,912
8	80	62	1,32
8	80	66	13,538
8	80	67	9,864
8	80	70	9,001
8	80	72	0,567
8	80	75	31,614
8	80	77	15,997
8	80	82	28,179
8	80	91	1,502
8	80	98	0,659
8	80	99	13,899
8	80	100	1,349
8	82	6	1,882
8	82	8	8,298
8	82	9	6,604
8	82	15	4,693
8	82	16	2,482
8	82	19	13,936
8	82	21	1,472
8	82	22	0,902
8	82	41	14,118
8	82	42	2,352
8	82	52	12,225
8	82	53	3,397
8	82	59	4,101
8	82	62	1,206
8	82	66	2,421
8	82	67	3,051
8	82	70	11,732
8	82	72	9,4
8	82	75	3,481
8	82	77	9,784
8	82	80	3,131
8	82	91	3,267
8	82	98	0,826
8	82	99	0,995
8	82	100	3,45
8	91	6	3,664
8	91	8	1,38
8	91	9	14,508
8	91	15	5,138
8	91	16	20,188
8	91	19	1,415
8	91	21	12,576
8	91	22	1,632
8	91	41	3,647
8	91	42	5,776
8	91	52	3,977
8	91	53	18,853
8	91	59	3,997
8	91	62	4,007
8	91	66	5,557
8	91	67	3,663
8	91	70	3,089
8	91	72	2,457
8	91	75	4,903
8	91	77	1,883
8	91	80	2,087
8	91	82	3,127
8	91	98	5,243
8	91	99	20,73
8	91	100	1,442
8	98	6	2,116
8	98	8	1,48
8	98	9	6,798
8	98	15	1,732
8	98	16	10,684
8	98	19	13,662
8	98	21	4,227
8	98	22	7,23
8	98	41	2,89
8	98	42	2,122
8	98	52	6,298
8	98	53	10,366
8	98	59	43,71
8	98	62	1,521
8	98	66	30,841
8	98	67	0,945
8	98	70	14,42
8	98	72	4,609
8	98	75	1,552
8	98	77	4,191
8	98	80	0,604
8	98	82	8,081
8	98	91	4,808
8	98	99	11,458
8	98	100	23,751
8	99	6	2,365
8	99	8	5,248
8	99	9	1,88
8	99	15	1,938
8	99	16	1,489
8	99	19	7,526
8	99	21	5,707
8	99	22	9,347
8	99	41	5,757
8	99	42	6,341
8	99	52	6,127
8	99	53	1,82
8	99	59	19,138
8	99	62	1,361
8	99	66	6,319
8	99	67	2,375
8	99	70	2,51
8	99	72	4,681
8	99	75	0,853
8	99	77	4,312
8	99	80	1,401
8	99	82	0,74
8	99	91	7,657
8	99	98	2,836
8	99	100	5,39
8	100	6	1,308
8	100	8	5,177
8	100	9	1,241
8	100	15	0,668
8	100	16	2,046
8	100	19	1,891
8	100	21	2,75
8	100	22	1,988
8	100	41	5,84
8	100	42	3,987
8	100	52	1,583
8	100	53	2,169
8	100	59	1,352
8	100	62	1,052
8	100	66	1,206
8	100	67	2,728
8	100	70	12,496
8	100	72	1,097
8	100	75	3,211
8	100	77	1,029
8	100	80	9,907
8	100	82	3,79
8	100	91	16,053
8	100	98	12,046
8	100	99	7,59
9	3	7	4,103
9	3	11	2,143
9	3	13	1,114
9	3	18	10,233
9	3	22	4,548
9	3	23	0,776
9	3	24	5,791
9	3	33	1,711
9	3	41	16,408
9	3	44	10,448
9	3	46	2,882
9	3	47	2,317
9	3	48	1,371
9	3	49	3,842
9	3	51	5,338
9	3	52	5,367
9	3	54	4,991
9	3	56	3,019
9	3	66	1,384
9	3	68	1,991
9	3	72	3,359
9	3	76	1,209
9	3	88	2,667
9	3	92	7,746
9	3	93	8,675
9	7	3	3,738
9	7	11	2,477
9	7	13	5,796
9	7	18	7,024
9	7	22	4,125
9	7	23	9,217
9	7	24	4,208
9	7	33	1,123
9	7	41	1,773
9	7	44	0,648
9	7	46	6,589
9	7	47	8,395
9	7	48	5,879
9	7	49	11,616
9	7	51	8,731
9	7	52	1,279
9	7	54	4,934
9	7	56	2,691
9	7	66	6,778
9	7	68	4,885
9	7	72	7,063
9	7	76	8,463
9	7	88	1,037
9	7	92	11,063
9	7	93	2,36
9	11	3	10,683
9	11	7	0,634
9	11	13	3,742
9	11	18	1,184
9	11	22	0,883
9	11	23	6,681
9	11	24	3,425
9	11	33	1,172
9	11	41	20,08
9	11	44	3,352
9	11	46	3,326
9	11	47	15,126
9	11	48	1,362
9	11	49	18,613
9	11	51	11,656
9	11	52	1,701
9	11	54	5,514
9	11	56	2,384
9	11	66	3,088
9	11	68	0,646
9	11	72	5,547
9	11	76	9,862
9	11	88	1,668
9	11	92	5,119
9	11	93	12,73
9	13	3	20,202
9	13	7	26,184
9	13	11	11,863
9	13	18	2,901
9	13	22	9,115
9	13	23	10,35
9	13	24	4,526
9	13	33	3,075
9	13	41	1,74
9	13	44	0,889
9	13	46	39,937
9	13	47	32,386
9	13	48	9,933
9	13	49	4,872
9	13	51	24,021
9	13	52	1,16
9	13	54	13,883
9	13	56	8,702
9	13	66	4,134
9	13	68	6,466
9	13	72	4,485
9	13	76	11,99
9	13	88	8,877
9	13	92	9,563
9	13	93	5,493
9	18	3	6,952
9	18	7	2,525
9	18	11	7,963
9	18	13	10,874
9	18	22	1,036
9	18	23	17,542
9	18	24	13,749
9	18	33	6,411
9	18	41	4,022
9	18	44	5,631
9	18	46	7,795
9	18	47	2,11
9	18	48	8,089
9	18	49	3,999
9	18	51	0,855
9	18	52	2,502
9	18	54	2,821
9	18	56	5,395
9	18	66	2,021
9	18	68	3,247
9	18	72	5,032
9	18	76	5,624
9	18	88	13,483
9	18	92	6,146
9	18	93	5,807
9	22	3	8,73
9	22	7	11,356
9	22	11	2,209
9	22	13	3,231
9	22	18	13,842
9	22	23	1,411
9	22	24	0,961
9	22	33	3,708
9	22	41	0,886
9	22	44	16,76
9	22	46	0,539
9	22	47	47,696
9	22	48	3,622
9	22	49	15,422
9	22	51	3,028
9	22	52	11,413
9	22	54	1,152
9	22	56	10,215
9	22	66	2,164
9	22	68	7,498
9	22	72	0,881
9	22	76	3,089
9	22	88	24,629
9	22	92	2,062
9	22	93	3,843
9	23	3	0,635
9	23	7	3,456
9	23	11	4,363
9	23	13	3,263
9	23	18	1,455
9	23	22	2,101
9	23	24	7,08
9	23	33	3,406
9	23	41	29,359
9	23	44	7,759
9	23	46	5,091
9	23	47	1,707
9	23	48	1,157
9	23	49	10,862
9	23	51	4,293
9	23	52	1,259
9	23	54	14,79
9	23	56	5,818
9	23	66	7,552
9	23	68	0,774
9	23	72	4,518
9	23	76	5,42
9	23	88	1,419
9	23	92	4,355
9	23	93	8,004
9	24	3	4,024
9	24	7	2,866
9	24	11	4,239
9	24	13	4,595
9	24	18	2,506
9	24	22	7,931
9	24	23	12,866
9	24	33	8,599
9	24	41	1,257
9	24	44	6,22
9	24	46	2,592
9	24	47	4,084
9	24	48	0,565
9	24	49	8,125
9	24	51	2,855
9	24	52	2,552
9	24	54	1,213
9	24	56	4,366
9	24	66	4,157
9	24	68	10,771
9	24	72	5,521
9	24	76	3,09
9	24	88	4,669
9	24	92	0,635
9	24	93	0,859
9	33	3	14,708
9	33	7	4,21
9	33	11	5,967
9	33	13	2,004
9	33	18	15,775
9	33	22	23,679
9	33	23	5,005
9	33	24	3,002
9	33	41	3,449
9	33	44	7,024
9	33	46	17,532
9	33	47	4,857
9	33	48	7,444
9	33	49	15,89
9	33	51	17,613
9	33	52	6,251
9	33	54	2,559
9	33	56	1,564
9	33	66	1,755
9	33	68	17,391
9	33	72	1,467
9	33	76	0,828
9	33	88	18,149
9	33	92	2,018
9	33	93	44,077
9	41	3	5,021
9	41	7	7,702
9	41	11	10,119
9	41	13	5,481
9	41	18	7,984
9	41	22	2,13
9	41	23	20,738
9	41	24	1,612
9	41	33	10,752
9	41	44	0,758
9	41	46	10,553
9	41	47	3,148
9	41	48	1,551
9	41	49	1,044
9	41	51	9,633
9	41	52	2,217
9	41	54	1,16
9	41	56	4,114
9	41	66	5,924
9	41	68	10,129
9	41	72	5,503
9	41	76	22,271
9	41	88	0,853
9	41	92	6,235
9	41	93	10,222
9	44	3	6,058
9	44	7	1,078
9	44	11	7,023
9	44	13	2,607
9	44	18	4,841
9	44	22	6,369
9	44	23	23,633
9	44	24	10,98
9	44	33	0,575
9	44	41	3,241
9	44	46	0,577
9	44	47	1,281
9	44	48	5,564
9	44	49	8,768
9	44	51	2,369
9	44	52	7,349
9	44	54	8,197
9	44	56	5,992
9	44	66	6,649
9	44	68	8,481
9	44	72	5,765
9	44	76	0,786
9	44	88	9,588
9	44	92	4,084
9	44	93	56,974
9	46	3	0,61
9	46	7	9,531
9	46	11	2,349
9	46	13	1,475
9	46	18	1,786
9	46	22	0,893
9	46	23	0,862
9	46	24	8,98
9	46	33	2,466
9	46	41	11,943
9	46	44	11,081
9	46	47	9,141
9	46	48	6,365
9	46	49	1,535
9	46	51	10,664
9	46	52	14,027
9	46	54	5,032
9	46	56	1,199
9	46	66	1,221
9	46	68	1,668
9	46	72	10,011
9	46	76	1,025
9	46	88	5,308
9	46	92	1,657
9	46	93	5,2
9	47	3	1,998
9	47	7	6,157
9	47	11	8,159
9	47	13	2,758
9	47	18	15,098
9	47	22	1,855
9	47	23	6,781
9	47	24	3,486
9	47	33	1,754
9	47	41	2,24
9	47	44	5,713
9	47	46	2,324
9	47	48	0,813
9	47	49	5,814
9	47	51	1,483
9	47	52	5,055
9	47	54	1,886
9	47	56	10,041
9	47	66	6,245
9	47	68	31,495
9	47	72	1,999
9	47	76	2,252
9	47	88	0,507
9	47	92	4,333
9	47	93	0,584
9	48	3	6,159
9	48	7	3,078
9	48	11	3,789
9	48	13	7,542
9	48	18	0,95
9	48	22	7,392
9	48	23	12,969
9	48	24	26,052
9	48	33	1,312
9	48	41	2,943
9	48	44	1,421
9	48	46	2,875
9	48	47	18,402
9	48	49	11,503
9	48	51	6,044
9	48	52	1,435
9	48	54	2,599
9	48	56	1,491
9	48	66	1,335
9	48	68	2,533
9	48	72	1,608
9	48	76	2,731
9	48	88	1,105
9	48	92	1,772
9	48	93	7,015
9	49	3	2,366
9	49	7	5,139
9	49	11	5,954
9	49	13	4,298
9	49	18	3,727
9	49	22	2,268
9	49	23	3,087
9	49	24	15,668
9	49	33	6,997
9	49	41	17,598
9	49	44	5,008
9	49	46	5,508
9	49	47	2,735
9	49	48	3,801
9	49	51	2,918
9	49	52	2,501
9	49	54	18,935
9	49	56	2,676
9	49	66	1,174
9	49	68	8,929
9	49	72	1,756
9	49	76	3,254
9	49	88	3,297
9	49	92	2,084
9	49	93	59,861
9	51	3	5,047
9	51	7	1,977
9	51	11	8,365
9	51	13	0,519
9	51	18	1,382
9	51	22	3,21
9	51	23	4,948
9	51	24	5,942
9	51	33	1,283
9	51	41	1,221
9	51	44	14,463
9	51	46	7,76
9	51	47	0,835
9	51	48	14,785
9	51	49	2,27
9	51	52	2,191
9	51	54	3,698
9	51	56	1,314
9	51	66	3,554
9	51	68	5,363
9	51	72	5,086
9	51	76	6,941
9	51	88	17,498
9	51	92	7,03
9	51	93	8,817
9	52	3	23,468
9	52	7	8,571
9	52	11	1,643
9	52	13	0,538
9	52	18	2,844
9	52	22	1,003
9	52	23	5,689
9	52	24	10,867
9	52	33	5,838
9	52	41	5,671
9	52	44	1,582
9	52	46	3,989
9	52	47	9,516
9	52	48	1,507
9	52	49	6,889
9	52	51	6,219
9	52	54	3,738
9	52	56	2,146
9	52	66	10,584
9	52	68	0,922
9	52	72	5,289
9	52	76	1,571
9	52	88	2,028
9	52	92	6,096
9	52	93	11,498
9	54	3	4,786
9	54	7	0,766
9	54	11	5,727
9	54	13	8,086
9	54	18	12,428
9	54	22	4,759
9	54	23	20,652
9	54	24	9,473
9	54	33	2,825
9	54	41	6,535
9	54	44	100,552
9	54	46	1,734
9	54	47	3,888
9	54	48	3,503
9	54	49	4,821
9	54	51	0,678
9	54	52	1,735
9	54	56	3,013
9	54	66	1,706
9	54	68	13,517
9	54	72	2,694
9	54	76	17,056
9	54	88	14,406
9	54	92	11,406
9	54	93	3,033
9	56	3	3,457
9	56	7	1,073
9	56	11	1,141
9	56	13	1,663
9	56	18	2,154
9	56	22	18,539
9	56	23	3,505
9	56	24	4,277
9	56	33	8,552
9	56	41	0,895
9	56	44	6,223
9	56	46	1,909
9	56	47	3,55
9	56	48	14,132
9	56	49	2,211
9	56	51	4,885
9	56	52	18,253
9	56	54	5,661
9	56	66	2,511
9	56	68	3,763
9	56	72	0,724
9	56	76	3,841
9	56	88	20,937
9	56	92	3,597
9	56	93	0,779
9	66	3	12,564
9	66	7	6,734
9	66	11	9,007
9	66	13	2,309
9	66	18	6,5
9	66	22	10,724
9	66	23	5,733
9	66	24	6,845
9	66	33	4,117
9	66	41	1,976
9	66	44	10,331
9	66	46	18,941
9	66	47	4,409
9	66	48	1,505
9	66	49	9,918
9	66	51	7,62
9	66	52	5,731
9	66	54	25,847
9	66	56	0,585
9	66	68	2,959
9	66	72	1,915
9	66	76	3,983
9	66	88	10,997
9	66	92	7,679
9	66	93	33,29
9	68	3	3,576
9	68	7	11,628
9	68	11	21,779
9	68	13	4,351
9	68	18	2,553
9	68	22	5,911
9	68	23	4,867
9	68	24	2,094
9	68	33	17,159
9	68	41	3,732
9	68	44	1,991
9	68	46	16,689
9	68	47	8,426
9	68	48	1,423
9	68	49	5,444
9	68	51	5,637
9	68	52	5,306
9	68	54	0,974
9	68	56	21,663
9	68	66	4,763
9	68	72	5,575
9	68	76	9,915
9	68	88	1,649
9	68	92	3,486
9	68	93	1,854
9	72	3	5,264
9	72	7	5,456
9	72	11	3,846
9	72	13	1,816
9	72	18	2,626
9	72	22	0,934
9	72	23	6,633
9	72	24	11,939
9	72	33	1,302
9	72	41	0,79
9	72	44	0,801
9	72	46	5,231
9	72	47	26,361
9	72	48	5,143
9	72	49	1,937
9	72	51	3,528
9	72	52	1,987
9	72	54	3,556
9	72	56	4,924
9	72	66	6,327
9	72	68	2,851
9	72	76	1,761
9	72	88	6,608
9	72	92	1,086
9	72	93	0,814
9	76	3	3,051
9	76	7	2,251
9	76	11	8,719
9	76	13	0,682
9	76	18	3,647
9	76	22	4,306
9	76	23	1,578
9	76	24	7,156
9	76	33	9,776
9	76	41	13,614
9	76	44	17,368
9	76	46	9,9
9	76	47	2,713
9	76	48	1,596
9	76	49	0,749
9	76	51	3,024
9	76	52	20,912
9	76	54	12,202
9	76	56	4,941
9	76	66	0,578
9	76	68	21,586
9	76	72	7,902
9	76	88	4,589
9	76	92	2,929
9	76	93	8,051
9	88	3	8,843
9	88	7	5,655
9	88	11	9,316
9	88	13	1,546
9	88	18	1,697
9	88	22	38,642
9	88	23	11,213
9	88	24	5,765
9	88	33	2,015
9	88	41	1,927
9	88	44	7,358
9	88	46	12,985
9	88	47	14,431
9	88	48	2,062
9	88	49	4,434
9	88	51	1,374
9	88	52	3,468
9	88	54	6,518
9	88	56	4,064
9	88	66	8,302
9	88	68	2,197
9	88	72	4,387
9	88	76	2,079
9	88	92	11,032
9	88	93	0,796
9	92	3	14,816
9	92	7	13,578
9	92	11	7,574
9	92	13	2,769
9	92	18	2,439
9	92	22	1,335
9	92	23	8,149
9	92	24	1,035
9	92	33	3,923
9	92	41	2,948
9	92	44	18,662
9	92	46	16
9	92	47	24,128
9	92	48	5,396
9	92	49	3,116
9	92	51	3,605
9	92	52	0,952
9	92	54	2,298
9	92	56	1,583
9	92	66	16,737
9	92	68	10,368
9	92	72	3,841
9	92	76	2,555
9	92	88	5,191
9	92	93	6,816
9	93	3	5,833
9	93	7	2,784
9	93	11	1,432
9	93	13	9,388
9	93	18	4,543
9	93	22	0,999
9	93	23	5,395
9	93	24	0,959
9	93	33	21,502
9	93	41	8,013
9	93	44	8,323
9	93	46	2,227
9	93	47	6,26
9	93	48	0,671
9	93	49	3,839
9	93	51	10,796
9	93	52	3,615
9	93	54	1,737
9	93	56	1,705
9	93	66	2,019
9	93	68	6,735
9	93	72	3,383
9	93	76	14,052
9	93	88	16,88
9	93	92	1,325
10	4	11	2,181
10	4	14	8,799
10	4	15	5,407
10	4	32	2,897
10	4	38	21,487
10	4	42	3,131
10	4	47	6,53
10	4	48	4,212
10	4	54	9,975
10	4	61	2,236
10	4	63	3,266
10	4	68	0,959
10	4	73	26,254
10	4	74	1,207
10	4	75	4,202
10	4	77	4,372
10	4	80	4,908
10	4	81	4,038
10	4	85	2,672
10	4	86	3,975
10	4	87	3,722
10	4	88	4,569
10	4	91	4,154
10	4	97	3,428
10	11	4	1,179
10	11	14	9,181
10	11	15	7,337
10	11	32	2,574
10	11	38	1,412
10	11	42	0,766
10	11	47	20,461
10	11	48	4,022
10	11	54	1,864
10	11	61	4,847
10	11	63	2,436
10	11	68	6,723
10	11	73	0,837
10	11	74	11,231
10	11	75	21,118
10	11	77	3,067
10	11	80	2,095
10	11	81	4,859
10	11	85	2,324
10	11	86	2,91
10	11	87	3,484
10	11	88	3,553
10	11	91	2,909
10	11	97	1,512
10	14	4	8,91
10	14	11	2,37
10	14	15	0,677
10	14	32	2,693
10	14	38	1,885
10	14	42	2,711
10	14	47	0,639
10	14	48	11,007
10	14	54	4,607
10	14	61	6,534
10	14	63	1,358
10	14	68	5,781
10	14	73	23,1
10	14	74	4,276
10	14	75	4,067
10	14	77	0,693
10	14	80	25,541
10	14	81	3,22
10	14	85	2,213
10	14	86	2,997
10	14	87	1,411
10	14	88	2,987
10	14	91	9,084
10	14	97	6,593
10	15	4	12,026
10	15	11	15,048
10	15	14	14,546
10	15	32	5,672
10	15	38	0,57
10	15	42	1,638
10	15	47	0,512
10	15	48	8,187
10	15	54	2,797
10	15	61	5,264
10	15	63	8,924
10	15	68	2,579
10	15	73	2,263
10	15	74	2,487
10	15	75	4,449
10	15	77	2,792
10	15	80	1,68
10	15	81	8,781
10	15	85	2,673
10	15	86	5,726
10	15	87	4,114
10	15	88	2,598
10	15	91	0,636
10	15	97	8,647
10	32	4	5,51
10	32	11	5,069
10	32	14	1,926
10	32	15	4,263
10	32	38	4,521
10	32	42	3,593
10	32	47	3,285
10	32	48	3,072
10	32	54	11,018
10	32	61	26,171
10	32	63	20,694
10	32	68	6,603
10	32	73	1,849
10	32	74	3,88
10	32	75	1,524
10	32	77	2,28
10	32	80	1,316
10	32	81	1,882
10	32	85	1,33
10	32	86	16,761
10	32	87	8,244
10	32	88	1,206
10	32	91	14,128
10	32	97	12,663
10	38	4	1,231
10	38	11	2,161
10	38	14	1,802
10	38	15	4,14
10	38	32	7,705
10	38	42	7,8
10	38	47	2,108
10	38	48	1,589
10	38	54	2,569
10	38	61	12,24
10	38	63	5,023
10	38	68	1,459
10	38	73	1,098
10	38	74	0,649
10	38	75	24,369
10	38	77	1,225
10	38	80	3,665
10	38	81	1,259
10	38	85	20,871
10	38	86	12,79
10	38	87	3,138
10	38	88	3,457
10	38	91	6,988
10	38	97	1,839
10	42	4	1,818
10	42	11	3,411
10	42	14	8,398
10	42	15	1,308
10	42	32	11,744
10	42	38	13,728
10	42	47	21,544
10	42	48	4,603
10	42	54	3,403
10	42	61	4,18
10	42	63	1,065
10	42	68	2,729
10	42	73	4,051
10	42	74	1,353
10	42	75	10,766
10	42	77	8,449
10	42	80	2,247
10	42	81	2,714
10	42	85	4,506
10	42	86	12,822
10	42	87	5,954
10	42	88	2,529
10	42	91	3,298
10	42	97	1,648
10	47	4	1,746
10	47	11	1,64
10	47	14	4,462
10	47	15	3,335
10	47	32	4,237
10	47	38	0,892
10	47	42	1,612
10	47	48	0,836
10	47	54	0,989
10	47	61	3,682
10	47	63	5,548
10	47	68	2,207
10	47	73	1,922
10	47	74	13,031
10	47	75	7,566
10	47	77	6,062
10	47	80	4,468
10	47	81	5,898
10	47	85	2,993
10	47	86	5,551
10	47	87	1,157
10	47	88	6,419
10	47	91	4,428
10	47	97	15,803
10	48	4	1,597
10	48	11	0,675
10	48	14	7,608
10	48	15	12,239
10	48	32	2,915
10	48	38	2,792
10	48	42	11,814
10	48	47	4,157
10	48	54	8,629
10	48	61	4,656
10	48	63	7,306
10	48	68	16,247
10	48	73	1,593
10	48	74	2,607
10	48	75	8,051
10	48	77	2,61
10	48	80	3,973
10	48	81	6,749
10	48	85	1,588
10	48	86	5,798
10	48	87	11,164
10	48	88	11,157
10	48	91	10,821
10	48	97	7,403
10	54	4	6,509
10	54	11	3,071
10	54	14	2,443
10	54	15	5,76
10	54	32	1,083
10	54	38	3,641
10	54	42	3,592
10	54	47	1,027
10	54	48	0,698
10	54	61	6,585
10	54	63	13,511
10	54	68	1,01
10	54	73	1,282
10	54	74	6,582
10	54	75	0,679
10	54	77	1,01
10	54	80	1,604
10	54	81	9,898
10	54	85	8,826
10	54	86	1,06
10	54	87	21,346
10	54	88	5,359
10	54	91	5,199
10	54	97	2,638
10	61	4	7,304
10	61	11	24,148
10	61	14	10,175
10	61	15	6,997
10	61	32	2,289
10	61	38	6,002
10	61	42	8,822
10	61	47	2,305
10	61	48	0,626
10	61	54	6,197
10	61	63	5,707
10	61	68	3,847
10	61	73	11,474
10	61	74	2,603
10	61	75	1,821
10	61	77	1,552
10	61	80	3,71
10	61	81	1,751
10	61	85	18,455
10	61	86	15,348
10	61	87	0,92
10	61	88	0,915
10	61	91	18,002
10	61	97	2,302
10	63	4	0,862
10	63	11	0,746
10	63	14	1,377
10	63	15	10,763
10	63	32	1,42
10	63	38	0,723
10	63	42	1,049
10	63	47	6,194
10	63	48	3,769
10	63	54	0,994
10	63	61	4,266
10	63	68	2,049
10	63	73	10,208
10	63	74	5,593
10	63	75	6,628
10	63	77	4,773
10	63	80	2,653
10	63	81	3,952
10	63	85	26,054
10	63	86	1,671
10	63	87	3,331
10	63	88	2,118
10	63	91	1,474
10	63	97	6,743
10	68	4	2,49
10	68	11	7,072
10	68	14	4,084
10	68	15	8,779
10	68	32	1,302
10	68	38	0,729
10	68	42	0,798
10	68	47	2,415
10	68	48	21,253
10	68	54	12,632
10	68	61	7,012
10	68	63	2,291
10	68	73	0,94
10	68	74	1,232
10	68	75	5,724
10	68	77	6,405
10	68	80	1,71
10	68	81	2,86
10	68	85	6,194
10	68	86	9,783
10	68	87	2,465
10	68	88	7,134
10	68	91	2,311
10	68	97	8,162
10	73	4	19,602
10	73	11	4,159
10	73	14	11,695
10	73	15	2,009
10	73	32	4,712
10	73	38	5,36
10	73	42	5,965
10	73	47	5,522
10	73	48	5,348
10	73	54	0,937
10	73	61	10,273
10	73	63	1,695
10	73	68	24,006
10	73	74	7,946
10	73	75	1,176
10	73	77	11,224
10	73	80	5,084
10	73	81	2,407
10	73	85	2,587
10	73	86	2,023
10	73	87	3,532
10	73	88	2,535
10	73	91	2,384
10	73	97	20,579
10	74	4	6,856
10	74	11	1,474
10	74	14	11,219
10	74	15	3,581
10	74	32	1,856
10	74	38	3,566
10	74	42	15,251
10	74	47	3,107
10	74	48	7,959
10	74	54	5,923
10	74	61	1,807
10	74	63	0,573
10	74	68	7,387
10	74	73	21,147
10	74	75	1,295
10	74	77	9,542
10	74	80	2,704
10	74	81	8,275
10	74	85	2,997
10	74	86	2,654
10	74	87	3,843
10	74	88	21,414
10	74	91	10,591
10	74	97	6,556
10	75	4	4,008
10	75	11	2,792
10	75	14	41,164
10	75	15	5,263
10	75	32	2,759
10	75	38	6,189
10	75	42	3,227
10	75	47	2,908
10	75	48	5,85
10	75	54	1,855
10	75	61	0,991
10	75	63	6,072
10	75	68	0,994
10	75	73	2,26
10	75	74	3,776
10	75	77	4,464
10	75	80	12,042
10	75	81	4,167
10	75	85	9,385
10	75	86	2,927
10	75	87	2,936
10	75	88	3,512
10	75	91	12,415
10	75	97	10,436
10	77	4	3,699
10	77	11	2,444
10	77	14	3,943
10	77	15	4,413
10	77	32	7,111
10	77	38	9,561
10	77	42	18,512
10	77	47	10,404
10	77	48	2,608
10	77	54	3,97
10	77	61	30,579
10	77	63	2,529
10	77	68	7,627
10	77	73	5,794
10	77	74	1,643
10	77	75	2,974
10	77	80	5,551
10	77	81	24,699
10	77	85	9,728
10	77	86	4,887
10	77	87	12,016
10	77	88	1,271
10	77	91	1,191
10	77	97	1,512
10	80	4	6,639
10	80	11	1,769
10	80	14	4,763
10	80	15	47,07
10	80	32	4,946
10	80	38	0,682
10	80	42	0,907
10	80	47	6,657
10	80	48	8,497
10	80	54	33,619
10	80	61	1,599
10	80	63	3,78
10	80	68	0,928
10	80	73	1,541
10	80	74	3,297
10	80	75	5,372
10	80	77	17,907
10	80	81	19,617
10	80	85	13,585
10	80	86	4,899
10	80	87	2,407
10	80	88	0,688
10	80	91	8,056
10	80	97	1,038
10	81	4	23,069
10	81	11	15,893
10	81	14	9,458
10	81	15	0,589
10	81	32	7,99
10	81	38	1,44
10	81	42	5,728
10	81	47	4,38
10	81	48	0,583
10	81	54	3,475
10	81	61	19,211
10	81	63	7,524
10	81	68	1,414
10	81	73	2,827
10	81	74	1,651
10	81	75	10,794
10	81	77	1,707
10	81	80	3,177
10	81	85	8,005
10	81	86	1,379
10	81	87	3,21
10	81	88	2,301
10	81	91	22,622
10	81	97	1,723
10	85	4	5,09
10	85	11	1,563
10	85	14	9,019
10	85	15	0,563
10	85	32	11,161
10	85	38	2,118
10	85	42	1,542
10	85	47	1,974
10	85	48	10,923
10	85	54	0,698
10	85	61	2,069
10	85	63	1,528
10	85	68	18,905
10	85	73	2,218
10	85	74	2,978
10	85	75	6,559
10	85	77	25,226
10	85	80	5,026
10	85	81	0,908
10	85	86	1,166
10	85	87	1,74
10	85	88	0,629
10	85	91	15,001
10	85	97	1,925
10	86	4	2,237
10	86	11	3,304
10	86	14	2,211
10	86	15	3,312
10	86	32	20,555
10	86	38	7,178
10	86	42	1,418
10	86	47	19,834
10	86	48	6,182
10	86	54	6,111
10	86	61	2,756
10	86	63	3,291
10	86	68	1,406
10	86	73	1,571
10	86	74	5,961
10	86	75	18,948
10	86	77	9,194
10	86	80	1,4
10	86	81	0,914
10	86	85	5,287
10	86	87	2,346
10	86	88	1,109
10	86	91	4,309
10	86	97	5,814
10	87	4	1,184
10	87	11	9,938
10	87	14	15,72
10	87	15	1,39
10	87	32	3,366
10	87	38	4,749
10	87	42	6,161
10	87	47	2,376
10	87	48	3,148
10	87	54	29,335
10	87	61	3,531
10	87	63	2,288
10	87	68	11,171
10	87	73	1,658
10	87	74	0,875
10	87	75	1,303
10	87	77	6,485
10	87	80	0,834
10	87	81	18,078
10	87	85	4,142
10	87	86	6,012
10	87	88	1,356
10	87	91	3,58
10	87	97	4,613
10	88	4	2,816
10	88	11	2,912
10	88	14	3,036
10	88	15	1,696
10	88	32	3,14
10	88	38	6,587
10	88	42	4,988
10	88	47	0,665
10	88	48	5,983
10	88	54	2,859
10	88	61	1,431
10	88	63	2,258
10	88	68	10,192
10	88	73	8,599
10	88	74	2,014
10	88	75	1,966
10	88	77	19,393
10	88	80	2,85
10	88	81	2,409
10	88	85	3,536
10	88	86	2,884
10	88	87	5,211
10	88	91	9,636
10	88	97	4,022
10	91	4	0,636
10	91	11	7,131
10	91	14	1,815
10	91	15	15,236
10	91	32	5,828
10	91	38	3,268
10	91	42	4,087
10	91	47	4,109
10	91	48	14,076
10	91	54	4,256
10	91	61	1,077
10	91	63	3,818
10	91	68	2,508
10	91	73	7,856
10	91	74	8,956
10	91	75	1,327
10	91	77	4,14
10	91	80	2,786
10	91	81	2,285
10	91	85	0,756
10	91	86	1,813
10	91	87	5,106
10	91	88	4,745
10	91	97	18,48
10	97	4	11,964
10	97	11	15,721
10	97	14	4,903
10	97	15	0,872
10	97	32	18,628
10	97	38	3,133
10	97	42	7,848
10	97	47	1,984
10	97	48	2,272
10	97	54	17,38
10	97	61	4,171
10	97	63	1,253
10	97	68	2,815
10	97	73	1,769
10	97	74	2,356
10	97	75	1,396
10	97	77	34,439
10	97	80	24,387
10	97	81	5,025
10	97	85	1,823
10	97	86	4,506
10	97	87	15,1
10	97	88	1,438
10	97	91	9,282

