#num jobs
100
#num machines
10

#jobId machId procTime energyCons
1	6	14,18	64,52
1	5	21,39	293,55
1	4	9,77	20,3
2	7	15,55	39,77
3	5	8,03	110,16
3	8	25,96	279,92
3	10	59,93	289,84
4	3	17,99	85,69
5	10	39,48	190,94
5	9	9,37	44,03
5	5	50,4	691,57
5	4	27,23	56,6
5	1	24,42	297,42
6	6	6,22	28,33
6	8	16,81	181,31
7	10	11,78	56,96
7	6	9,86	44,9
7	5	4,86	66,69
7	4	3,48	7,23
7	1	10,94	133,29
8	4	5,92	12,3
8	3	6,2	29,54
9	4	5,65	11,73
9	8	4,62	49,83
10	1	4,38	53,37
10	3	7,74	36,87
11	8	43,26	466,53
11	10	114,4	553,31
12	7	2,61	6,68
12	5	1,61	22,03
13	5	6,64	91,11
13	6	8	36,43
13	8	14,41	155,36
14	3	5,61	26,72
15	1	32,41	394,71
15	8	1247,71	13456,1
16	1	33,18	404,11
16	4	537,08	1116,28
17	1	2,44	29,74
17	8	8,88	95,75
18	8	23628,11	254819,87
18	4	29,45	61,22
19	1	15,76	191,92
19	10	2,76	13,33
20	2	8,46	25,01
20	6	10,57	48,11
20	8	6,94	74,86
21	2	7,08	20,93
21	9	37,75	177,32
22	4	0,82	1,71
22	6	12,14	55,27
22	10	16,31	78,87
23	7	9,73	24,87
24	5	59,06	810,35
24	2	4,59	13,59
25	5	0,26	3,54
25	6	3,31	15,05
26	5	32,67	448,23
26	1	19,01	231,5
27	6	2,36	10,73
27	5	65,48	898,51
28	5	14,53	199,35
29	7	8,13	20,79
29	6	10,24	46,6
29	4	39,15	81,38
30	1	3,39	41,34
31	8	2,25	24,31
32	9	6,96	32,7
33	7	5,94	15,19
33	10	10,57	51,13
34	10	1,92	9,31
35	6	13,13	59,78
35	7	20,49	52,39
36	4	72,39	150,45
37	3	5,94	28,28
38	1	1983,18	24155,84
38	6	1265,21	5758,55
38	8	7,34	79,11
38	9	5,29	24,85
39	3	7,68	36,58
39	4	11,73	24,38
40	2	20,22	59,81
40	7	1,11	2,84
41	5	10,57	145,08
41	7	31,63	80,87
41	10	13,22	63,95
42	4	13,09	27,21
43	3	6,69	31,86
43	2	8,1	23,95
43	1	3,02	36,8
44	4	1,08	2,25
44	5	43,73	599,99
45	10	30,44	147,23
46	2	4,39	12,99
46	4	31,35	65,15
46	5	5,79	79,38
47	5	3,66	50,29
47	9	139,87	657,07
48	6	2,63	11,99
48	7	59,2	151,35
48	9	4,6	21,62
49	4	6,57	13,66
50	10	50,28	243,2
51	4	14,71	30,57
51	6	12,2	55,53
51	9	8,89	41,75
52	10	14,66	70,88
53	10	18,85	91,17
54	7	8,78	22,44
54	1	3,7	45,13
55	9	8,63	40,56
55	7	1,42	3,62
56	3	33,34	158,8
56	1	22,83	278,1
57	1	2,64	32,15
57	2	3689,03	10912,6
57	6	0,87	3,96
58	2	2,98	8,81
58	3	5,86	27,9
58	9	39,93	187,57
59	9	47,17	221,59
59	6	1039,35	4730,55
60	8	1863,02	20091,9
60	5	2,99	41,04
60	4	16,94	35,21
60	3	41,99	200
61	6	8,31	37,8
61	9	12,16	57,13
62	4	6,34	13,17
62	6	2,83	12,89
62	7	39,45	100,86
63	5	16,52	226,72
64	2	18,99	56,17
64	6	17,45	79,41
64	9	171,06	803,58
65	9	32,66	153,42
65	6	7,34	33,42
65	2	23,48	69,47
66	10	49,87	241,2
66	3	10,97	52,24
67	10	4,34	21
67	5	6,23	85,53
67	4	260,52	541,47
67	1	173,65	2115,12
68	8	4,67	50,37
69	2	16,41	48,54
69	8	6,76	72,86
70	8	35,97	387,94
71	10	8,76	42,38
71	9	32,8	154,06
71	6	3,23	14,7
72	3	9,49	45,21
72	5	9,27	127,17
72	8	10,41	112,26
73	2	5,59	16,52
73	4	7,45	15,48
73	8	14,93	161,06
74	9	3,09	14,54
74	6	1,99	9,04
75	7	1,55	3,97
75	6	58,64	266,92
76	9	2,79	13,13
76	7	7,53	19,25
76	1	98,8	1203,46
77	8	33,6	362,39
77	1	0,99	12,08
78	3	2,22	10,59
78	8	34,85	375,86
79	6	1,58	7,19
79	5	2,41	33,07
79	3	6,27	29,84
80	10	0,64	3,09
80	6	100	455,16
81	10	0,47	2,26
81	1	6,8	82,87
82	7	40,44	103,37
83	7	57,75	147,62
83	9	2,29	10,74
83	10	5,5	26,62
84	2	2300,44	6804,99
84	8	12,4	133,75
84	9	578,77	2718,92
84	10	2,59	12,55
85	3	1,63	7,78
85	6	13,58	61,82
85	9	1,93	9,08
86	4	41,92	87,14
87	10	2,07	9,99
88	5	0,34	4,73
89	3	51,57	245,62
89	6	34,73	158,05
89	10	96,35	466,01
90	10	321,65	1555,67
91	1	5,56	67,75
92	3	1,38	6,56
92	5	0,81	11,15
93	4	12,85	26,71
93	5	0,59	8,14
93	10	1,12	5,44
94	5	6,84	93,88
94	6	0,4	1,82
95	1	5,36	65,23
95	9	6,09	28,61
96	8	4,78	51,59
97	6	4,07	18,54
98	10	17,72	85,71
98	4	4,26	8,85
98	3	1,8	8,57
99	9	7,71	36,22
100	8	179,31	1933,8
100	5	0,75	10,27
100	1	12,85	156,51

#jobId ddate weight rdate
1	1055,463	15	4828,735
2	335,353	19	2269,973
3	529,902	48	3833,988
4	1506,545	18	6694,71
5	331,183	17	2372,278
6	1500,695	18	2305,553
7	82,691	32	6581,643
8	851,347	25	7334,48
9	344,497	12	454,791
10	813,838	33	4019,744
11	1048,03	33	1086,016
12	1192,521	3	5322,249
13	494,858	31	1833,843
14	1700,765	31	3993,045
15	873,958	49	3142,788
16	949,722	21	1226,247
17	1683,136	25	4975,091
18	285,092	20	2478,009
19	913,002	34	918,523
20	1363,595	12	7674,52
21	258,692	48	6437,958
22	545,828	36	2063,319
23	1220,659	31	3839,645
24	485,755	3	4526,268
25	1258,372	17	434,331
26	39,284	27	7613,916
27	889,257	45	4992,153
28	1380,945	43	3803,825
29	264,933	41	3433,218
30	436,674	28	1257,832
31	653,898	12	3806,351
32	676,524	34	6489,33
33	1117,231	7	1476,587
34	443,5	33	6496,447
35	1374,857	3	5388,212
36	750,622	13	3335,906
37	110,329	7	3931,733
38	226,273	18	2134,522
39	574,808	17	2665,53
40	171,02	41	1264,028
41	1555,708	17	3527,934
42	80,437	5	6959,022
43	1402,753	11	2618,316
44	1118,558	39	2864,904
45	691,605	40	2005,904
46	409,321	39	27,394
47	1402,555	1	5530,065
48	951,11	33	1468,553
49	751,879	11	1924,312
50	1535,175	25	457,723
51	585,916	2	4257,948
52	544,304	19	2710,73
53	560,101	40	5824,889
54	1654,349	5	4781,077
55	85,114	7	3178,637
56	577,469	1	5621,674
57	930,369	17	744,693
58	937,449	22	2173,761
59	1388,546	14	2720,693
60	1167,937	32	4694,18
61	1503,057	14	7119,764
62	1233,896	41	2396,889
63	1316,616	45	662,854
64	720,635	13	7037,155
65	1711,575	5	6582,591
66	1576,753	39	3896,983
67	883,319	26	784,845
68	342,936	48	2721,629
69	263,481	14	6133,767
70	995,244	49	3916,579
71	202,03	8	4980,406
72	246,699	35	680,817
73	1393,925	5	2546,143
74	546,639	32	4389,505
75	185,21	10	943,802
76	159,992	22	4232,097
77	600,142	42	6868,732
78	837,659	25	1280,779
79	225,868	28	5220,544
80	543,903	26	4366,871
81	941,874	29	1446,174
82	1560,179	14	2333,725
83	174,992	38	6591,944
84	686,15	9	822,726
85	1160,852	27	1515,061
86	1505,589	12	709,766
87	1334,554	13	465,699
88	1442,893	31	1777,957
89	259,183	24	4855,335
90	1097,12	21	93,74
91	217,521	38	3825,099
92	1004,139	19	5937,106
93	110,418	41	1528,307
94	1573,805	35	7648,167
95	1137,94	39	7328,63
96	1153,008	48	6261,296
97	1669,777	29	1956,921
98	582,291	25	4157,739
99	461,582	47	5461,085
100	1647,576	33	5854,478

#machId jobPred jobSucc setupTime
1	5	7	2,06
1	5	10	16,145
1	5	15	3,403
1	5	16	15,758
1	5	17	5,958
1	5	19	6,897
1	5	26	3,97
1	5	30	8,443
1	5	38	1,845
1	5	43	8
1	5	54	2,863
1	5	56	3,207
1	5	57	7,68
1	5	67	2,645
1	5	76	9,175
1	5	77	1,469
1	5	81	1,745
1	5	91	13,599
1	5	95	2,856
1	5	100	3,28
1	7	5	2,041
1	7	10	5,237
1	7	15	1,801
1	7	16	2,223
1	7	17	1,81
1	7	19	1,442
1	7	26	17,894
1	7	30	1,073
1	7	38	2,023
1	7	43	1,472
1	7	54	8,681
1	7	56	7,787
1	7	57	3,565
1	7	67	21,959
1	7	76	0,996
1	7	77	6,049
1	7	81	1,417
1	7	91	12,247
1	7	95	7,841
1	7	100	8,531
1	10	5	14,382
1	10	7	3,603
1	10	15	3,174
1	10	16	4,367
1	10	17	1,404
1	10	19	9,494
1	10	26	5,966
1	10	30	8,835
1	10	38	25,023
1	10	43	29,522
1	10	54	16,586
1	10	56	4,783
1	10	57	3,064
1	10	67	3,27
1	10	76	14,439
1	10	77	1,933
1	10	81	1,701
1	10	91	2,793
1	10	95	11,067
1	10	100	7,037
1	15	5	8,063
1	15	7	0,796
1	15	10	16,983
1	15	16	10,28
1	15	17	3,733
1	15	19	7,056
1	15	26	37,233
1	15	30	14,907
1	15	38	1,44
1	15	43	3,248
1	15	54	1,771
1	15	56	4,967
1	15	57	7,233
1	15	67	1,687
1	15	76	10,345
1	15	77	1,378
1	15	81	10,5
1	15	91	2,027
1	15	95	0,549
1	15	100	5,254
1	16	5	15,986
1	16	7	2,284
1	16	10	8,715
1	16	15	2,237
1	16	17	3,611
1	16	19	14,32
1	16	26	4,956
1	16	30	5,747
1	16	38	21,374
1	16	43	3,963
1	16	54	0,653
1	16	56	1,609
1	16	57	7,868
1	16	67	3,326
1	16	76	4,614
1	16	77	10,747
1	16	81	2,894
1	16	91	8,294
1	16	95	4,259
1	16	100	20,336
1	17	5	1,986
1	17	7	11,838
1	17	10	10,238
1	17	15	4,037
1	17	16	5,028
1	17	19	3,802
1	17	26	15,286
1	17	30	1,179
1	17	38	1,769
1	17	43	2,415
1	17	54	5,751
1	17	56	14,914
1	17	57	7,115
1	17	67	4,866
1	17	76	2,287
1	17	77	3,897
1	17	81	3,172
1	17	91	1,488
1	17	95	6,891
1	17	100	17,218
1	19	5	1,586
1	19	7	2,199
1	19	10	0,715
1	19	15	13,069
1	19	16	1,228
1	19	17	5,657
1	19	26	1,914
1	19	30	0,899
1	19	38	12,552
1	19	43	5,829
1	19	54	7,473
1	19	56	4,448
1	19	57	10,976
1	19	67	2,268
1	19	76	39,068
1	19	77	7,678
1	19	81	5,795
1	19	91	15,876
1	19	95	1,541
1	19	100	14,705
1	26	5	1,944
1	26	7	1,535
1	26	10	1,647
1	26	15	1,679
1	26	16	7,66
1	26	17	3,218
1	26	19	2,215
1	26	30	8,967
1	26	38	1,063
1	26	43	3,315
1	26	54	13,137
1	26	56	1,688
1	26	57	6,184
1	26	67	2,765
1	26	76	17,984
1	26	77	5,882
1	26	81	0,541
1	26	91	3,908
1	26	95	38,922
1	26	100	5,188
1	30	5	10,795
1	30	7	3,362
1	30	10	3,971
1	30	15	0,782
1	30	16	0,812
1	30	17	14,355
1	30	19	2,179
1	30	26	6,505
1	30	38	1,381
1	30	43	2,391
1	30	54	1,476
1	30	56	5,581
1	30	57	8,701
1	30	67	8,726
1	30	76	9,01
1	30	77	0,602
1	30	81	18,243
1	30	91	1,638
1	30	95	2,791
1	30	100	9,856
1	38	5	1,871
1	38	7	2,829
1	38	10	1,554
1	38	15	16,811
1	38	16	3,549
1	38	17	1,706
1	38	19	2,299
1	38	26	1,394
1	38	30	1,358
1	38	43	12,338
1	38	54	1,622
1	38	56	5,769
1	38	57	13,559
1	38	67	7,993
1	38	76	7,219
1	38	77	1,293
1	38	81	1,129
1	38	91	7,16
1	38	95	3,697
1	38	100	3,879
1	43	5	2,209
1	43	7	8,838
1	43	10	1,778
1	43	15	1,956
1	43	16	16,921
1	43	17	28,335
1	43	19	7,75
1	43	26	4,303
1	43	30	2,862
1	43	38	1,368
1	43	54	1,826
1	43	56	3,575
1	43	57	11,43
1	43	67	24,665
1	43	76	22,207
1	43	77	5,503
1	43	81	2,503
1	43	91	49,956
1	43	95	1,047
1	43	100	3,584
1	54	5	1,29
1	54	7	2,108
1	54	10	4,819
1	54	15	12,005
1	54	16	1,119
1	54	17	11,882
1	54	19	3,403
1	54	26	5,489
1	54	30	1,734
1	54	38	19,539
1	54	43	21,723
1	54	56	2,603
1	54	57	5,149
1	54	67	2,16
1	54	76	4,683
1	54	77	2,168
1	54	81	2,232
1	54	91	6,704
1	54	95	4,119
1	54	100	2,946
1	56	5	9,156
1	56	7	5,141
1	56	10	1,049
1	56	15	1,517
1	56	16	3,891
1	56	17	2,814
1	56	19	12,804
1	56	26	31,874
1	56	30	1,188
1	56	38	23,458
1	56	43	2,407
1	56	54	0,789
1	56	57	0,823
1	56	67	3,894
1	56	76	33,584
1	56	77	0,769
1	56	81	4,285
1	56	91	10,19
1	56	95	42,992
1	56	100	13,307
1	57	5	1,854
1	57	7	1,735
1	57	10	5,59
1	57	15	6,653
1	57	16	1,78
1	57	17	6,502
1	57	19	16,781
1	57	26	27,385
1	57	30	2,723
1	57	38	5,322
1	57	43	3,23
1	57	54	6,662
1	57	56	3,444
1	57	67	8,291
1	57	76	0,714
1	57	77	5,335
1	57	81	3,294
1	57	91	16,317
1	57	95	27,885
1	57	100	5,163
1	67	5	6,51
1	67	7	62,053
1	67	10	1,432
1	67	15	3,142
1	67	16	7,166
1	67	17	1,938
1	67	19	1,091
1	67	26	2,559
1	67	30	19,428
1	67	38	6,374
1	67	43	2,318
1	67	54	3,169
1	67	56	4,441
1	67	57	9,925
1	67	76	2,4
1	67	77	5,713
1	67	81	11,118
1	67	91	1,212
1	67	95	21,939
1	67	100	4,161
1	76	5	6,458
1	76	7	4,432
1	76	10	1,571
1	76	15	2,683
1	76	16	18,474
1	76	17	8,196
1	76	19	2,769
1	76	26	8,369
1	76	30	6,363
1	76	38	3,192
1	76	43	0,761
1	76	54	27,946
1	76	56	5,854
1	76	57	8,796
1	76	67	25,08
1	76	77	2,419
1	76	81	0,908
1	76	91	15,262
1	76	95	20,329
1	76	100	5,844
1	77	5	13,652
1	77	7	7,944
1	77	10	5,021
1	77	15	0,528
1	77	16	10,005
1	77	17	7,649
1	77	19	3,041
1	77	26	4,562
1	77	30	4,114
1	77	38	1,719
1	77	43	1,852
1	77	54	2,644
1	77	56	2,928
1	77	57	2,816
1	77	67	1,044
1	77	76	1,958
1	77	81	5,463
1	77	91	0,813
1	77	95	32,847
1	77	100	11,342
1	81	5	13,459
1	81	7	8,616
1	81	10	1,994
1	81	15	10,298
1	81	16	5,043
1	81	17	2,763
1	81	19	2,968
1	81	26	2,448
1	81	30	1,506
1	81	38	2,243
1	81	43	11,235
1	81	54	8,008
1	81	56	7,273
1	81	57	1,497
1	81	67	4,158
1	81	76	19,157
1	81	77	2,228
1	81	91	3,396
1	81	95	0,604
1	81	100	8,291
1	91	5	8,287
1	91	7	7,466
1	91	10	5,346
1	91	15	7,621
1	91	16	5,085
1	91	17	3,078
1	91	19	0,874
1	91	26	5,545
1	91	30	1,726
1	91	38	2,796
1	91	43	3,008
1	91	54	0,748
1	91	56	0,645
1	91	57	5,141
1	91	67	15,243
1	91	76	1,01
1	91	77	0,503
1	91	81	2,135
1	91	95	0,698
1	91	100	2,426
1	95	5	16,533
1	95	7	19,327
1	95	10	5,531
1	95	15	0,878
1	95	16	1,548
1	95	17	0,963
1	95	19	18,431
1	95	26	3,786
1	95	30	9,036
1	95	38	1,042
1	95	43	11,053
1	95	54	2,92
1	95	56	12,017
1	95	57	2,02
1	95	67	5,246
1	95	76	1,081
1	95	77	5,253
1	95	81	7,027
1	95	91	2,879
1	95	100	38,02
1	100	5	1,276
1	100	7	3,422
1	100	10	17,271
1	100	15	18,936
1	100	16	0,526
1	100	17	2,043
1	100	19	4,423
1	100	26	3,946
1	100	30	4,833
1	100	38	7,057
1	100	43	3,807
1	100	54	12,556
1	100	56	1,48
1	100	57	5,221
1	100	67	3,795
1	100	76	0,966
1	100	77	1,205
1	100	81	1,977
1	100	91	7,473
1	100	95	5,869
2	20	21	4,898
2	20	24	5,735
2	20	40	2,624
2	20	43	1,003
2	20	46	5,353
2	20	57	16,728
2	20	58	10,669
2	20	64	13,036
2	20	65	2,126
2	20	69	3,985
2	20	73	3,052
2	20	84	3,416
2	21	20	8,218
2	21	24	9,757
2	21	40	7,033
2	21	43	1,05
2	21	46	9,435
2	21	57	4,99
2	21	58	11,776
2	21	64	2,263
2	21	65	3,23
2	21	69	2,525
2	21	73	0,813
2	21	84	3,696
2	24	20	14,224
2	24	21	3,72
2	24	40	2,065
2	24	43	4,727
2	24	46	22,973
2	24	57	0,562
2	24	58	3,188
2	24	64	22,862
2	24	65	9,333
2	24	69	1,495
2	24	73	2,733
2	24	84	10,974
2	40	20	4,699
2	40	21	0,783
2	40	24	8,211
2	40	43	22,411
2	40	46	4,849
2	40	57	11,578
2	40	58	2,556
2	40	64	5,162
2	40	65	1,992
2	40	69	1,091
2	40	73	1,081
2	40	84	5,53
2	43	20	20,548
2	43	21	9,644
2	43	24	21,374
2	43	40	14,187
2	43	46	8,046
2	43	57	2,952
2	43	58	1,165
2	43	64	8,692
2	43	65	5,943
2	43	69	9,78
2	43	73	4,397
2	43	84	4,369
2	46	20	4,788
2	46	21	10,015
2	46	24	7,309
2	46	40	0,728
2	46	43	14,139
2	46	57	4,298
2	46	58	0,772
2	46	64	6,415
2	46	65	6,765
2	46	69	3,198
2	46	73	11,388
2	46	84	4,29
2	57	20	2,428
2	57	21	6,306
2	57	24	1,33
2	57	40	4,763
2	57	43	31,896
2	57	46	3,408
2	57	58	5,532
2	57	64	3,232
2	57	65	2,095
2	57	69	12,92
2	57	73	5,379
2	57	84	0,916
2	58	20	8,573
2	58	21	1,413
2	58	24	3,815
2	58	40	8,183
2	58	43	0,817
2	58	46	26,943
2	58	57	16,462
2	58	64	3,75
2	58	65	4,014
2	58	69	2,105
2	58	73	5,626
2	58	84	4,975
2	64	20	2,909
2	64	21	8,772
2	64	24	17,027
2	64	40	5,32
2	64	43	14,912
2	64	46	19,378
2	64	57	5,773
2	64	58	6,547
2	64	65	4,06
2	64	69	2,804
2	64	73	6,168
2	64	84	1,992
2	65	20	2,62
2	65	21	6,189
2	65	24	2,071
2	65	40	0,541
2	65	43	1,034
2	65	46	3,239
2	65	57	7,915
2	65	58	10,204
2	65	64	0,842
2	65	69	10,365
2	65	73	3,223
2	65	84	4,515
2	69	20	8,012
2	69	21	2,919
2	69	24	14,52
2	69	40	3,478
2	69	43	28,434
2	69	46	8,351
2	69	57	8,559
2	69	58	4,747
2	69	64	0,647
2	69	65	3,28
2	69	73	3,173
2	69	84	9,187
2	73	20	12,621
2	73	21	13,913
2	73	24	12,437
2	73	40	4,583
2	73	43	1,902
2	73	46	3,944
2	73	57	13,304
2	73	58	5,762
2	73	64	7,005
2	73	65	2,015
2	73	69	16,615
2	73	84	15,912
2	84	20	6,515
2	84	21	12,28
2	84	24	4,968
2	84	40	2,436
2	84	43	27,389
2	84	46	0,813
2	84	57	7,595
2	84	58	10,545
2	84	64	2,612
2	84	65	20,047
2	84	69	15,922
2	84	73	9,467
3	4	8	11,008
3	4	10	10,807
3	4	14	1,579
3	4	37	13,524
3	4	39	8,752
3	4	43	9,568
3	4	56	4,264
3	4	58	10,581
3	4	60	6,344
3	4	66	4,518
3	4	72	0,64
3	4	78	9,408
3	4	79	14,252
3	4	85	5,027
3	4	89	6,86
3	4	92	8,824
3	4	98	2,946
3	8	4	1,197
3	8	10	1,582
3	8	14	1,171
3	8	37	6,749
3	8	39	3,903
3	8	43	1,608
3	8	56	1,259
3	8	58	4,969
3	8	60	1,433
3	8	66	4,578
3	8	72	16,001
3	8	78	1,187
3	8	79	9,293
3	8	85	2,738
3	8	89	5,146
3	8	92	3,749
3	8	98	2,857
3	10	4	3,733
3	10	8	0,704
3	10	14	0,75
3	10	37	6,59
3	10	39	16,668
3	10	43	4,543
3	10	56	4,155
3	10	58	69,29
3	10	60	19,785
3	10	66	1,032
3	10	72	52,169
3	10	78	4,639
3	10	79	11,686
3	10	85	8,409
3	10	89	2,052
3	10	92	0,793
3	10	98	8,516
3	14	4	2,497
3	14	8	7,224
3	14	10	7,491
3	14	37	9,856
3	14	39	4,543
3	14	43	5,638
3	14	56	0,939
3	14	58	2,68
3	14	60	7,332
3	14	66	0,923
3	14	72	5,344
3	14	78	6,337
3	14	79	1,504
3	14	85	7,064
3	14	89	21,148
3	14	92	1,892
3	14	98	0,72
3	37	4	4,247
3	37	8	2,047
3	37	10	2,458
3	37	14	1,101
3	37	39	1,433
3	37	43	3,912
3	37	56	4,034
3	37	58	0,53
3	37	60	1,146
3	37	66	18,158
3	37	72	24,864
3	37	78	8,157
3	37	79	23,925
3	37	85	3,331
3	37	89	8,497
3	37	92	5,779
3	37	98	19,293
3	39	4	0,73
3	39	8	3,034
3	39	10	1,259
3	39	14	2,756
3	39	37	5,721
3	39	43	4,454
3	39	56	0,596
3	39	58	2,558
3	39	60	48,769
3	39	66	5,129
3	39	72	20,95
3	39	78	13,454
3	39	79	11,297
3	39	85	5,632
3	39	89	4,8
3	39	92	0,929
3	39	98	15,506
3	43	4	1,483
3	43	8	2,086
3	43	10	4,143
3	43	14	22,044
3	43	37	17,83
3	43	39	1,748
3	43	56	1,667
3	43	58	1,426
3	43	60	3,368
3	43	66	4,712
3	43	72	1,634
3	43	78	11,014
3	43	79	0,783
3	43	85	3,997
3	43	89	8,522
3	43	92	13,293
3	43	98	3,286
3	56	4	2,476
3	56	8	0,913
3	56	10	1,227
3	56	14	9,144
3	56	37	0,581
3	56	39	2,612
3	56	43	14,196
3	56	58	4,007
3	56	60	2,793
3	56	66	11,093
3	56	72	1,272
3	56	78	3,899
3	56	79	1,511
3	56	85	3,253
3	56	89	17,374
3	56	92	14,576
3	56	98	2,107
3	58	4	5,996
3	58	8	2,793
3	58	10	12,825
3	58	14	3,629
3	58	37	0,921
3	58	39	4,538
3	58	43	1,358
3	58	56	1,958
3	58	60	4,412
3	58	66	2,527
3	58	72	5,029
3	58	78	5,095
3	58	79	5,639
3	58	85	2,431
3	58	89	2,772
3	58	92	1,717
3	58	98	16,318
3	60	4	0,748
3	60	8	9,157
3	60	10	1,751
3	60	14	2,169
3	60	37	0,502
3	60	39	14,301
3	60	43	2,369
3	60	56	0,583
3	60	58	5,277
3	60	66	8,476
3	60	72	19,199
3	60	78	5,241
3	60	79	0,687
3	60	85	4,736
3	60	89	5,257
3	60	92	4,612
3	60	98	19,866
3	66	4	8,628
3	66	8	12,104
3	66	10	5,507
3	66	14	3,589
3	66	37	1,897
3	66	39	8,889
3	66	43	3,223
3	66	56	4,387
3	66	58	2,89
3	66	60	4,461
3	66	72	3,712
3	66	78	8,839
3	66	79	6,866
3	66	85	3,916
3	66	89	6,322
3	66	92	1,759
3	66	98	2,828
3	72	4	11,393
3	72	8	3,717
3	72	10	4,411
3	72	14	1,233
3	72	37	1,464
3	72	39	16,091
3	72	43	9,643
3	72	56	3,369
3	72	58	9,549
3	72	60	8,378
3	72	66	2,542
3	72	78	1,292
3	72	79	1,203
3	72	85	11,892
3	72	89	7,26
3	72	92	5,916
3	72	98	19,986
3	78	4	12,511
3	78	8	5,593
3	78	10	5,571
3	78	14	1,92
3	78	37	4,164
3	78	39	1,508
3	78	43	1,918
3	78	56	18,745
3	78	58	0,871
3	78	60	14,134
3	78	66	1,831
3	78	72	25,631
3	78	79	6,484
3	78	85	5,371
3	78	89	15,547
3	78	92	1,214
3	78	98	9,364
3	79	4	22,4
3	79	8	17,665
3	79	10	10,758
3	79	14	2,899
3	79	37	5,899
3	79	39	5,531
3	79	43	2,718
3	79	56	1,279
3	79	58	2,47
3	79	60	1,927
3	79	66	6,237
3	79	72	3,431
3	79	78	16,708
3	79	85	4,269
3	79	89	16,539
3	79	92	14,13
3	79	98	1,422
3	85	4	6,769
3	85	8	1,542
3	85	10	22,436
3	85	14	3,303
3	85	37	1,17
3	85	39	0,972
3	85	43	5,676
3	85	56	15,607
3	85	58	4,165
3	85	60	5,047
3	85	66	2,374
3	85	72	5,657
3	85	78	2,3
3	85	79	1,511
3	85	89	4,995
3	85	92	1,876
3	85	98	0,629
3	89	4	4,913
3	89	8	3,341
3	89	10	12,547
3	89	14	9,621
3	89	37	0,554
3	89	39	11,142
3	89	43	0,792
3	89	56	2,195
3	89	58	1,75
3	89	60	10,644
3	89	66	0,533
3	89	72	2,616
3	89	78	5,261
3	89	79	0,789
3	89	85	1,605
3	89	92	6,094
3	89	98	3,74
3	92	4	10,459
3	92	8	16,494
3	92	10	3,573
3	92	14	9,881
3	92	37	10,815
3	92	39	1,568
3	92	43	1,142
3	92	56	14,884
3	92	58	7,692
3	92	60	3,215
3	92	66	0,66
3	92	72	13,716
3	92	78	12,931
3	92	79	20,522
3	92	85	7,587
3	92	89	17,018
3	92	98	0,545
3	98	4	2,543
3	98	8	6,802
3	98	10	1,481
3	98	14	9,03
3	98	37	0,541
3	98	39	27,519
3	98	43	7,036
3	98	56	2,618
3	98	58	4,084
3	98	60	4,083
3	98	66	4,772
3	98	72	10,472
3	98	78	1,468
3	98	79	5,562
3	98	85	7,066
3	98	89	1,148
3	98	92	10,623
4	1	5	7,939
4	1	7	2,34
4	1	8	3,89
4	1	9	7,054
4	1	16	7,511
4	1	18	2,144
4	1	22	3,141
4	1	29	1,964
4	1	36	2,725
4	1	39	4,143
4	1	42	19,562
4	1	44	8,512
4	1	46	0,518
4	1	49	6,87
4	1	51	16,682
4	1	60	1,467
4	1	62	16,65
4	1	67	2,306
4	1	73	18,005
4	1	86	4,816
4	1	93	2,48
4	1	98	3,227
4	5	1	3,435
4	5	7	26,074
4	5	8	47,728
4	5	9	6,838
4	5	16	8,109
4	5	18	6,934
4	5	22	5,425
4	5	29	4,843
4	5	36	3,747
4	5	39	4,258
4	5	42	3,68
4	5	44	1,712
4	5	46	6,578
4	5	49	4,893
4	5	51	3,155
4	5	60	7,569
4	5	62	10,597
4	5	67	5,286
4	5	73	10,932
4	5	86	4,763
4	5	93	2,623
4	5	98	0,652
4	7	1	3,082
4	7	5	3,294
4	7	8	3,187
4	7	9	15,312
4	7	16	5,986
4	7	18	9,013
4	7	22	11,209
4	7	29	37,315
4	7	36	6,491
4	7	39	9,975
4	7	42	1,022
4	7	44	7,224
4	7	46	7,801
4	7	49	10,823
4	7	51	5,834
4	7	60	3,146
4	7	62	4,015
4	7	67	19,744
4	7	73	11,838
4	7	86	0,58
4	7	93	1,817
4	7	98	1,747
4	8	1	9,041
4	8	5	1,236
4	8	7	0,658
4	8	9	0,887
4	8	16	1,534
4	8	18	0,647
4	8	22	0,933
4	8	29	16,182
4	8	36	0,828
4	8	39	4,839
4	8	42	2,42
4	8	44	3,699
4	8	46	7,336
4	8	49	14,273
4	8	51	2,074
4	8	60	3,181
4	8	62	6,243
4	8	67	2,232
4	8	73	3,765
4	8	86	3,237
4	8	93	7,352
4	8	98	2,322
4	9	1	0,794
4	9	5	10,207
4	9	7	30,694
4	9	8	3,674
4	9	16	0,557
4	9	18	11,225
4	9	22	1,824
4	9	29	4,109
4	9	36	14,286
4	9	39	9,982
4	9	42	0,676
4	9	44	14,029
4	9	46	0,944
4	9	49	2,946
4	9	51	1,002
4	9	60	1,392
4	9	62	0,608
4	9	67	7,372
4	9	73	2,404
4	9	86	8,776
4	9	93	12,363
4	9	98	4,673
4	16	1	7,818
4	16	5	11,395
4	16	7	1,463
4	16	8	16,926
4	16	9	4,645
4	16	18	0,597
4	16	22	4,653
4	16	29	3,427
4	16	36	11,412
4	16	39	6,294
4	16	42	1,696
4	16	44	3,71
4	16	46	6,856
4	16	49	6,026
4	16	51	5,091
4	16	60	0,566
4	16	62	21,039
4	16	67	9,896
4	16	73	0,608
4	16	86	2,037
4	16	93	9,662
4	16	98	3,704
4	18	1	3,041
4	18	5	8,536
4	18	7	29,657
4	18	8	1,759
4	18	9	0,574
4	18	16	0,971
4	18	22	2,99
4	18	29	3,285
4	18	36	11,613
4	18	39	10,409
4	18	42	3,287
4	18	44	5,758
4	18	46	4,193
4	18	49	1,094
4	18	51	9,227
4	18	60	4,314
4	18	62	3,507
4	18	67	3,819
4	18	73	3,776
4	18	86	4,447
4	18	93	4,833
4	18	98	2,946
4	22	1	4,576
4	22	5	14,7
4	22	7	13,831
4	22	8	9,11
4	22	9	22,021
4	22	16	1,744
4	22	18	4,62
4	22	29	4,567
4	22	36	4,671
4	22	39	0,819
4	22	42	8,223
4	22	44	3,594
4	22	46	5,051
4	22	49	4,482
4	22	51	16,327
4	22	60	1,926
4	22	62	2,262
4	22	67	3,284
4	22	73	2,006
4	22	86	6,668
4	22	93	2,049
4	22	98	3,882
4	29	1	6,069
4	29	5	0,581
4	29	7	1,036
4	29	8	3,263
4	29	9	1,169
4	29	16	27,498
4	29	18	4,463
4	29	22	3,759
4	29	36	9,064
4	29	39	3,659
4	29	42	3,616
4	29	44	3,806
4	29	46	3,578
4	29	49	5,546
4	29	51	37,331
4	29	60	8,242
4	29	62	1,709
4	29	67	14,811
4	29	73	11,569
4	29	86	1,259
4	29	93	4,207
4	29	98	1,093
4	36	1	15,221
4	36	5	0,674
4	36	7	6,429
4	36	8	7,8
4	36	9	7,38
4	36	16	2,598
4	36	18	2,191
4	36	22	1,622
4	36	29	0,925
4	36	39	14,036
4	36	42	6,135
4	36	44	6,548
4	36	46	3,953
4	36	49	1,588
4	36	51	3,394
4	36	60	5,412
4	36	62	13,213
4	36	67	7,956
4	36	73	18,806
4	36	86	9,313
4	36	93	11,62
4	36	98	14,507
4	39	1	2,877
4	39	5	5,159
4	39	7	7,46
4	39	8	1,513
4	39	9	3,846
4	39	16	2,222
4	39	18	13,528
4	39	22	3,36
4	39	29	3,787
4	39	36	2,382
4	39	42	9,906
4	39	44	8,944
4	39	46	6,453
4	39	49	1,535
4	39	51	1,605
4	39	60	7,49
4	39	62	4,124
4	39	67	4,109
4	39	73	0,741
4	39	86	1,513
4	39	93	0,585
4	39	98	6,078
4	42	1	2,214
4	42	5	0,533
4	42	7	2,52
4	42	8	15,121
4	42	9	8,227
4	42	16	0,594
4	42	18	4,215
4	42	22	10,37
4	42	29	11,255
4	42	36	2,718
4	42	39	11,695
4	42	44	0,743
4	42	46	7,69
4	42	49	38,623
4	42	51	6,785
4	42	60	4,281
4	42	62	5,721
4	42	67	3,783
4	42	73	2,372
4	42	86	0,746
4	42	93	6,033
4	42	98	12,273
4	44	1	10,69
4	44	5	7,752
4	44	7	14,995
4	44	8	5,084
4	44	9	7,931
4	44	16	4,064
4	44	18	1,4
4	44	22	0,669
4	44	29	8,432
4	44	36	2,687
4	44	39	13,932
4	44	42	4,47
4	44	46	3,221
4	44	49	1,132
4	44	51	9,022
4	44	60	2,399
4	44	62	10,41
4	44	67	1,84
4	44	73	4,103
4	44	86	10,846
4	44	93	2,706
4	44	98	0,557
4	46	1	22,718
4	46	5	2,395
4	46	7	3,261
4	46	8	7,313
4	46	9	3,022
4	46	16	1,735
4	46	18	11,782
4	46	22	10,165
4	46	29	6,517
4	46	36	3,578
4	46	39	3,375
4	46	42	9,403
4	46	44	8,289
4	46	49	6,128
4	46	51	2,823
4	46	60	4,421
4	46	62	2,191
4	46	67	0,953
4	46	73	0,861
4	46	86	0,556
4	46	93	1,649
4	46	98	9,091
4	49	1	8,321
4	49	5	4,371
4	49	7	30,222
4	49	8	2,028
4	49	9	12,551
4	49	16	4,216
4	49	18	0,88
4	49	22	5,462
4	49	29	2,426
4	49	36	1,077
4	49	39	4,421
4	49	42	2,214
4	49	44	5,463
4	49	46	4,071
4	49	51	1,322
4	49	60	6,293
4	49	62	5,073
4	49	67	3,917
4	49	73	1,519
4	49	86	23,324
4	49	93	1,573
4	49	98	7,977
4	51	1	1,191
4	51	5	4,004
4	51	7	1,647
4	51	8	4,773
4	51	9	8,306
4	51	16	2,341
4	51	18	3,345
4	51	22	1,839
4	51	29	10,098
4	51	36	0,706
4	51	39	4,717
4	51	42	0,897
4	51	44	6,032
4	51	46	4,879
4	51	49	9,165
4	51	60	8,749
4	51	62	13,527
4	51	67	1,15
4	51	73	9,771
4	51	86	6,981
4	51	93	0,802
4	51	98	10,67
4	60	1	7,289
4	60	5	6,532
4	60	7	5,65
4	60	8	2,118
4	60	9	2,34
4	60	16	5,082
4	60	18	3,074
4	60	22	2,833
4	60	29	8,376
4	60	36	6,865
4	60	39	0,889
4	60	42	2,029
4	60	44	1,381
4	60	46	16,516
4	60	49	7,22
4	60	51	1,814
4	60	62	1,087
4	60	67	3,164
4	60	73	12,766
4	60	86	13,1
4	60	93	9,238
4	60	98	14,06
4	62	1	5,883
4	62	5	8,821
4	62	7	1,378
4	62	8	1,099
4	62	9	4,533
4	62	16	6,586
4	62	18	0,969
4	62	22	8,602
4	62	29	2,634
4	62	36	1,15
4	62	39	1,961
4	62	42	1,006
4	62	44	0,505
4	62	46	9,823
4	62	49	1,586
4	62	51	16,88
4	62	60	1,805
4	62	67	5,794
4	62	73	2,574
4	62	86	1,38
4	62	93	0,941
4	62	98	10,694
4	67	1	7,02
4	67	5	1,76
4	67	7	13,625
4	67	8	1,693
4	67	9	11,243
4	67	16	1,623
4	67	18	10,925
4	67	22	3,346
4	67	29	1,81
4	67	36	10,309
4	67	39	1,626
4	67	42	3,031
4	67	44	10,493
4	67	46	1,706
4	67	49	10,034
4	67	51	0,623
4	67	60	3,27
4	67	62	2,855
4	67	73	11,632
4	67	86	1,838
4	67	93	19,57
4	67	98	2,287
4	73	1	6,098
4	73	5	3,322
4	73	7	1,116
4	73	8	3,906
4	73	9	3,38
4	73	16	9,844
4	73	18	3,54
4	73	22	6,004
4	73	29	1,391
4	73	36	0,598
4	73	39	8,92
4	73	42	48,35
4	73	44	3,059
4	73	46	2,049
4	73	49	9,298
4	73	51	3,475
4	73	60	2,106
4	73	62	6,157
4	73	67	1,166
4	73	86	7,372
4	73	93	24,856
4	73	98	5,722
4	86	1	2,47
4	86	5	9,18
4	86	7	8,031
4	86	8	6,86
4	86	9	0,982
4	86	16	6,606
4	86	18	1,814
4	86	22	1,802
4	86	29	10,097
4	86	36	2,42
4	86	39	0,681
4	86	42	13,577
4	86	44	2,511
4	86	46	2,015
4	86	49	7,146
4	86	51	3,544
4	86	60	5,152
4	86	62	3,472
4	86	67	3,561
4	86	73	1,245
4	86	93	2,498
4	86	98	48,539
4	93	1	2,309
4	93	5	3,14
4	93	7	3,239
4	93	8	18,603
4	93	9	6,331
4	93	16	15,456
4	93	18	2,631
4	93	22	5,482
4	93	29	5,801
4	93	36	12,778
4	93	39	3,825
4	93	42	13,996
4	93	44	2,113
4	93	46	4,058
4	93	49	3,993
4	93	51	1,164
4	93	60	7,689
4	93	62	1,667
4	93	67	6,228
4	93	73	1,354
4	93	86	2,654
4	93	98	1,546
4	98	1	1,312
4	98	5	11,379
4	98	7	8,729
4	98	8	2,51
4	98	9	34,049
4	98	16	16,376
4	98	18	2,313
4	98	22	1,559
4	98	29	2,578
4	98	36	14,757
4	98	39	0,842
4	98	42	13,153
4	98	44	1,051
4	98	46	0,882
4	98	49	28,757
4	98	51	4,185
4	98	60	6,601
4	98	62	0,625
4	98	67	1,763
4	98	73	7,3
4	98	86	0,863
4	98	93	1,576
5	1	3	5,418
5	1	5	11,75
5	1	7	6,043
5	1	12	5,265
5	1	13	1,379
5	1	24	2,619
5	1	25	19,735
5	1	26	0,691
5	1	27	2,862
5	1	28	1,657
5	1	41	7,23
5	1	44	9,508
5	1	46	1,668
5	1	47	1,272
5	1	60	9,572
5	1	63	1,704
5	1	67	5,014
5	1	72	1,918
5	1	79	5,735
5	1	88	1,545
5	1	92	3,298
5	1	93	2,034
5	1	94	1,563
5	1	100	4,118
5	3	1	2,48
5	3	5	7,258
5	3	7	8,371
5	3	12	11,403
5	3	13	21,871
5	3	24	1,85
5	3	25	6,742
5	3	26	0,79
5	3	27	7,542
5	3	28	11,667
5	3	41	9,601
5	3	44	7,278
5	3	46	2,653
5	3	47	5,822
5	3	60	2,219
5	3	63	5,637
5	3	67	2,163
5	3	72	6,776
5	3	79	1,427
5	3	88	3,081
5	3	92	4,348
5	3	93	3,169
5	3	94	3,555
5	3	100	4,467
5	5	1	5,511
5	5	3	0,723
5	5	7	9,126
5	5	12	3,265
5	5	13	7,318
5	5	24	1,917
5	5	25	4,997
5	5	26	9,624
5	5	27	3,954
5	5	28	5,831
5	5	41	16,987
5	5	44	1,293
5	5	46	10,724
5	5	47	1,09
5	5	60	2,412
5	5	63	2,226
5	5	67	4,343
5	5	72	3,838
5	5	79	41,842
5	5	88	9,977
5	5	92	4,921
5	5	93	7,307
5	5	94	3,371
5	5	100	11,109
5	7	1	3,076
5	7	3	0,901
5	7	5	7,056
5	7	12	13,056
5	7	13	10,327
5	7	24	1,404
5	7	25	9,004
5	7	26	2,609
5	7	27	7,753
5	7	28	1,896
5	7	41	2,723
5	7	44	17,11
5	7	46	11,596
5	7	47	1,507
5	7	60	21,596
5	7	63	6,57
5	7	67	6,012
5	7	72	2,007
5	7	79	0,962
5	7	88	2,796
5	7	92	17,648
5	7	93	4,445
5	7	94	3,942
5	7	100	5,961
5	12	1	7,918
5	12	3	3,76
5	12	5	3,456
5	12	7	3,038
5	12	13	4,718
5	12	24	17,836
5	12	25	5,923
5	12	26	24,751
5	12	27	2,548
5	12	28	7,162
5	12	41	4,699
5	12	44	3,864
5	12	46	12,122
5	12	47	10,283
5	12	60	20,959
5	12	63	3,097
5	12	67	5,631
5	12	72	1,39
5	12	79	4,597
5	12	88	8,708
5	12	92	0,62
5	12	93	2,447
5	12	94	5,025
5	12	100	1,006
5	13	1	4,913
5	13	3	7,499
5	13	5	9,803
5	13	7	1,985
5	13	12	7,306
5	13	24	2,838
5	13	25	2,247
5	13	26	20,018
5	13	27	11,722
5	13	28	12,373
5	13	41	11,463
5	13	44	2,566
5	13	46	1,84
5	13	47	2,85
5	13	60	1,589
5	13	63	6,75
5	13	67	3,552
5	13	72	2,168
5	13	79	1,7
5	13	88	5,092
5	13	92	1,414
5	13	93	1,106
5	13	94	1,066
5	13	100	2,121
5	24	1	3,129
5	24	3	0,541
5	24	5	0,611
5	24	7	1,04
5	24	12	2,855
5	24	13	2,157
5	24	25	14,345
5	24	26	0,797
5	24	27	4,992
5	24	28	4,005
5	24	41	2,359
5	24	44	3,523
5	24	46	0,582
5	24	47	0,846
5	24	60	0,831
5	24	63	8,827
5	24	67	14,108
5	24	72	10,358
5	24	79	5,553
5	24	88	20,201
5	24	92	9,178
5	24	93	17,78
5	24	94	6,065
5	24	100	3,841
5	25	1	12,283
5	25	3	8,39
5	25	5	3,169
5	25	7	1,513
5	25	12	2,064
5	25	13	22,325
5	25	24	10,148
5	25	26	2,583
5	25	27	0,941
5	25	28	8,513
5	25	41	1,917
5	25	44	4,317
5	25	46	3,507
5	25	47	6,075
5	25	60	7,984
5	25	63	2,636
5	25	67	0,791
5	25	72	0,868
5	25	79	2,205
5	25	88	25,168
5	25	92	7,668
5	25	93	2,08
5	25	94	7,891
5	25	100	8,506
5	26	1	5,155
5	26	3	2,258
5	26	5	1,48
5	26	7	13,338
5	26	12	4,483
5	26	13	2,438
5	26	24	1,877
5	26	25	33,57
5	26	27	7,941
5	26	28	3,858
5	26	41	1,074
5	26	44	0,848
5	26	46	16,981
5	26	47	2,382
5	26	60	2,37
5	26	63	1,31
5	26	67	1,453
5	26	72	11,314
5	26	79	9,548
5	26	88	17,078
5	26	92	0,889
5	26	93	4,724
5	26	94	8,162
5	26	100	10,281
5	27	1	1,084
5	27	3	10,427
5	27	5	29,156
5	27	7	4,365
5	27	12	4,769
5	27	13	9,835
5	27	24	1,383
5	27	25	0,605
5	27	26	8,23
5	27	28	2,504
5	27	41	17,075
5	27	44	3,262
5	27	46	18,095
5	27	47	9,457
5	27	60	8,22
5	27	63	2,467
5	27	67	14,778
5	27	72	0,681
5	27	79	1,319
5	27	88	47,012
5	27	92	4,549
5	27	93	5,495
5	27	94	10,017
5	27	100	3,816
5	28	1	8,123
5	28	3	6,458
5	28	5	1,635
5	28	7	0,596
5	28	12	6,803
5	28	13	16,124
5	28	24	1,115
5	28	25	5,006
5	28	26	17,313
5	28	27	4,957
5	28	41	7,545
5	28	44	3,415
5	28	46	2,609
5	28	47	7,046
5	28	60	2,201
5	28	63	2,612
5	28	67	3,263
5	28	72	5,826
5	28	79	0,608
5	28	88	1,943
5	28	92	2,662
5	28	93	4,97
5	28	94	2,961
5	28	100	1,429
5	41	1	32,081
5	41	3	5,935
5	41	5	16,473
5	41	7	5,924
5	41	12	5,113
5	41	13	1,02
5	41	24	16,507
5	41	25	24,1
5	41	26	2,971
5	41	27	8,127
5	41	28	4,836
5	41	44	11,575
5	41	46	1,27
5	41	47	4,053
5	41	60	1,993
5	41	63	1,008
5	41	67	13,394
5	41	72	3,253
5	41	79	1,872
5	41	88	4,81
5	41	92	11,267
5	41	93	1,68
5	41	94	9,786
5	41	100	3,025
5	44	1	10,613
5	44	3	0,99
5	44	5	1,24
5	44	7	10,641
5	44	12	13,414
5	44	13	2,409
5	44	24	1,511
5	44	25	7,289
5	44	26	1,09
5	44	27	2,188
5	44	28	1,947
5	44	41	5,62
5	44	46	15,798
5	44	47	10,428
5	44	60	5,571
5	44	63	2,019
5	44	67	13,634
5	44	72	1,042
5	44	79	12,884
5	44	88	2,654
5	44	92	4,318
5	44	93	6,658
5	44	94	5,518
5	44	100	5,294
5	46	1	26,206
5	46	3	7,762
5	46	5	10,472
5	46	7	3,882
5	46	12	1,228
5	46	13	36,9
5	46	24	7,203
5	46	25	5,596
5	46	26	2,683
5	46	27	9,332
5	46	28	5,704
5	46	41	8,046
5	46	44	2,478
5	46	47	1,079
5	46	60	8,832
5	46	63	13,456
5	46	67	3,367
5	46	72	13,983
5	46	79	2,44
5	46	88	1,922
5	46	92	2,582
5	46	93	3,167
5	46	94	1,626
5	46	100	6,998
5	47	1	5,691
5	47	3	2,551
5	47	5	1,019
5	47	7	4,678
5	47	12	12,416
5	47	13	12,001
5	47	24	6,701
5	47	25	6,104
5	47	26	8,035
5	47	27	8,141
5	47	28	0,838
5	47	41	5,051
5	47	44	0,585
5	47	46	0,903
5	47	60	9,721
5	47	63	8,069
5	47	67	1,787
5	47	72	3,57
5	47	79	6,191
5	47	88	19,428
5	47	92	1,368
5	47	93	1,298
5	47	94	1,91
5	47	100	3,783
5	60	1	0,897
5	60	3	4,654
5	60	5	3,763
5	60	7	4,154
5	60	12	1,999
5	60	13	2,651
5	60	24	1,124
5	60	25	0,513
5	60	26	0,852
5	60	27	7,518
5	60	28	43,878
5	60	41	4,801
5	60	44	0,519
5	60	46	12,36
5	60	47	3,85
5	60	63	0,582
5	60	67	1,79
5	60	72	10,976
5	60	79	18,952
5	60	88	6,852
5	60	92	0,891
5	60	93	7,722
5	60	94	1,765
5	60	100	1,143
5	63	1	1,012
5	63	3	3,683
5	63	5	5,687
5	63	7	14,392
5	63	12	6,812
5	63	13	1,935
5	63	24	10,176
5	63	25	4,951
5	63	26	0,793
5	63	27	1,794
5	63	28	9,842
5	63	41	3,73
5	63	44	0,815
5	63	46	0,707
5	63	47	20,232
5	63	60	28,222
5	63	67	3,256
5	63	72	13,069
5	63	79	5,822
5	63	88	1,061
5	63	92	2,291
5	63	93	15,397
5	63	94	2,118
5	63	100	8,155
5	67	1	12,774
5	67	3	4,476
5	67	5	2,466
5	67	7	7,897
5	67	12	2,452
5	67	13	3,692
5	67	24	2,447
5	67	25	3,762
5	67	26	2,861
5	67	27	4,816
5	67	28	6,293
5	67	41	5,291
5	67	44	4,599
5	67	46	6,393
5	67	47	4,433
5	67	60	2,506
5	67	63	3,549
5	67	72	7,469
5	67	79	3,877
5	67	88	1,553
5	67	92	5,84
5	67	93	3,33
5	67	94	0,909
5	67	100	5,201
5	72	1	26,975
5	72	3	2,095
5	72	5	1,662
5	72	7	15,43
5	72	12	19,824
5	72	13	0,848
5	72	24	4,738
5	72	25	1,445
5	72	26	5,075
5	72	27	0,569
5	72	28	5,878
5	72	41	1,97
5	72	44	5,225
5	72	46	12,016
5	72	47	3,658
5	72	60	3,92
5	72	63	9,061
5	72	67	3,192
5	72	79	5,325
5	72	88	1,219
5	72	92	5,253
5	72	93	4,044
5	72	94	2,684
5	72	100	6,956
5	79	1	0,723
5	79	3	1,569
5	79	5	6,369
5	79	7	2,787
5	79	12	24,379
5	79	13	17,981
5	79	24	3,406
5	79	25	5,457
5	79	26	4,457
5	79	27	1,641
5	79	28	22,584
5	79	41	13,833
5	79	44	38,024
5	79	46	2,002
5	79	47	4,902
5	79	60	6,019
5	79	63	6,377
5	79	67	3,261
5	79	72	6,481
5	79	88	1,809
5	79	92	2,777
5	79	93	2,633
5	79	94	12,463
5	79	100	8,426
5	88	1	1,001
5	88	3	24,593
5	88	5	0,624
5	88	7	2,374
5	88	12	0,765
5	88	13	21,525
5	88	24	4,421
5	88	25	3,372
5	88	26	6,847
5	88	27	1,841
5	88	28	0,912
5	88	41	3,912
5	88	44	28,68
5	88	46	4,371
5	88	47	4,789
5	88	60	14,312
5	88	63	1,093
5	88	67	11,728
5	88	72	9,368
5	88	79	2,696
5	88	92	2,443
5	88	93	3,801
5	88	94	4,922
5	88	100	4,447
5	92	1	0,629
5	92	3	5,72
5	92	5	0,697
5	92	7	0,644
5	92	12	14,33
5	92	13	1,359
5	92	24	2,651
5	92	25	6,222
5	92	26	4,628
5	92	27	7,128
5	92	28	5,037
5	92	41	3,623
5	92	44	2,026
5	92	46	4,497
5	92	47	6,171
5	92	60	3,807
5	92	63	6,639
5	92	67	4,415
5	92	72	0,512
5	92	79	7,349
5	92	88	1,153
5	92	93	2,366
5	92	94	2,791
5	92	100	4,176
5	93	1	5,376
5	93	3	7,486
5	93	5	8,115
5	93	7	3,092
5	93	12	6,85
5	93	13	0,693
5	93	24	3,43
5	93	25	2,991
5	93	26	4,534
5	93	27	1,614
5	93	28	2,072
5	93	41	3,654
5	93	44	4,619
5	93	46	2,051
5	93	47	16,977
5	93	60	11,193
5	93	63	16,105
5	93	67	2,205
5	93	72	4,62
5	93	79	10,821
5	93	88	1,614
5	93	92	8,653
5	93	94	5,292
5	93	100	8,755
5	94	1	4,071
5	94	3	2,373
5	94	5	2,387
5	94	7	2,326
5	94	12	5,256
5	94	13	9,907
5	94	24	14,172
5	94	25	13,062
5	94	26	5,49
5	94	27	7,6
5	94	28	14,691
5	94	41	1,303
5	94	44	8,82
5	94	46	5,237
5	94	47	3,795
5	94	60	2,72
5	94	63	8,565
5	94	67	1,937
5	94	72	2,668
5	94	79	3,979
5	94	88	7,099
5	94	92	0,765
5	94	93	2,654
5	94	100	5,995
5	100	1	10,95
5	100	3	29,967
5	100	5	2,902
5	100	7	0,724
5	100	12	4,182
5	100	13	37,596
5	100	24	1,389
5	100	25	16,469
5	100	26	3,846
5	100	27	3,973
5	100	28	3,592
5	100	41	7,792
5	100	44	9,998
5	100	46	8,6
5	100	47	7,283
5	100	60	0,836
5	100	63	0,75
5	100	67	7,779
5	100	72	13,124
5	100	79	1,05
5	100	88	2,168
5	100	92	10,354
5	100	93	0,976
5	100	94	0,711
6	1	6	24,87
6	1	7	2,236
6	1	13	1,278
6	1	20	0,999
6	1	22	30,144
6	1	25	4,352
6	1	27	5,13
6	1	29	0,697
6	1	35	11,467
6	1	38	5,321
6	1	48	0,6
6	1	51	11,211
6	1	57	2,012
6	1	59	2,58
6	1	61	8,794
6	1	62	3,529
6	1	64	4,093
6	1	65	0,666
6	1	71	1,255
6	1	74	0,619
6	1	75	21,767
6	1	79	8,754
6	1	80	4,664
6	1	85	12,719
6	1	89	3,939
6	1	94	5,4
6	1	97	2,16
6	6	1	17,155
6	6	7	4,329
6	6	13	8,233
6	6	20	7,763
6	6	22	4,242
6	6	25	0,764
6	6	27	2,916
6	6	29	0,532
6	6	35	19,364
6	6	38	10,355
6	6	48	1,308
6	6	51	3,447
6	6	57	14,37
6	6	59	1,469
6	6	61	3,926
6	6	62	7,554
6	6	64	7,217
6	6	65	13,089
6	6	71	12,236
6	6	74	2,729
6	6	75	2,339
6	6	79	24,343
6	6	80	2,869
6	6	85	14,618
6	6	89	1,857
6	6	94	9,464
6	6	97	3,649
6	7	1	9,793
6	7	6	3,096
6	7	13	20,264
6	7	20	17,726
6	7	22	7,275
6	7	25	28,463
6	7	27	11,872
6	7	29	13,528
6	7	35	10,519
6	7	38	3,554
6	7	48	2,286
6	7	51	5,361
6	7	57	0,941
6	7	59	0,974
6	7	61	12,576
6	7	62	1,995
6	7	64	8,189
6	7	65	8,409
6	7	71	12,026
6	7	74	2,655
6	7	75	30,474
6	7	79	1,094
6	7	80	0,974
6	7	85	1,26
6	7	89	1,875
6	7	94	23,992
6	7	97	3,202
6	13	1	3,401
6	13	6	9,739
6	13	7	31,144
6	13	20	6,746
6	13	22	8,833
6	13	25	1,843
6	13	27	1,279
6	13	29	0,885
6	13	35	15,923
6	13	38	2,728
6	13	48	15,006
6	13	51	1,927
6	13	57	2,146
6	13	59	9,284
6	13	61	10,983
6	13	62	7,463
6	13	64	4,311
6	13	65	5,425
6	13	71	7,469
6	13	74	10,081
6	13	75	15,809
6	13	79	14,364
6	13	80	2,316
6	13	85	2,786
6	13	89	0,573
6	13	94	4,742
6	13	97	9,376
6	20	1	6,254
6	20	6	1,857
6	20	7	8,939
6	20	13	2,133
6	20	22	0,764
6	20	25	2,546
6	20	27	5,531
6	20	29	2,169
6	20	35	6,94
6	20	38	1,835
6	20	48	17,017
6	20	51	7,916
6	20	57	9,547
6	20	59	2,087
6	20	61	31,684
6	20	62	13,279
6	20	64	2,758
6	20	65	4,958
6	20	71	0,862
6	20	74	0,812
6	20	75	0,636
6	20	79	0,822
6	20	80	9,036
6	20	85	3,278
6	20	89	0,571
6	20	94	1,455
6	20	97	7,895
6	22	1	5,907
6	22	6	0,851
6	22	7	17,39
6	22	13	1,254
6	22	20	6,938
6	22	25	3,986
6	22	27	8,681
6	22	29	3,213
6	22	35	7,662
6	22	38	0,692
6	22	48	0,631
6	22	51	8,229
6	22	57	3,075
6	22	59	12,854
6	22	61	4,161
6	22	62	10,748
6	22	64	0,687
6	22	65	2,697
6	22	71	8,064
6	22	74	0,788
6	22	75	2,312
6	22	79	5,208
6	22	80	0,93
6	22	85	3,579
6	22	89	0,54
6	22	94	4,548
6	22	97	3,346
6	25	1	7,53
6	25	6	1,076
6	25	7	7,334
6	25	13	6,007
6	25	20	2,246
6	25	22	1,951
6	25	27	4,567
6	25	29	2,489
6	25	35	8,204
6	25	38	6,267
6	25	48	4,528
6	25	51	1,112
6	25	57	1,061
6	25	59	1,495
6	25	61	11,726
6	25	62	1,94
6	25	64	0,663
6	25	65	14,611
6	25	71	5,735
6	25	74	2,359
6	25	75	17,836
6	25	79	30,315
6	25	80	8,783
6	25	85	7,245
6	25	89	3,774
6	25	94	10,077
6	25	97	10,953
6	27	1	3,325
6	27	6	10,995
6	27	7	9,476
6	27	13	1,441
6	27	20	3,556
6	27	22	7,135
6	27	25	0,513
6	27	29	2,038
6	27	35	0,913
6	27	38	3,599
6	27	48	4,79
6	27	51	9,178
6	27	57	27,159
6	27	59	3,965
6	27	61	6,669
6	27	62	1,29
6	27	64	4,612
6	27	65	7,54
6	27	71	5,117
6	27	74	0,83
6	27	75	5,06
6	27	79	5,352
6	27	80	21,04
6	27	85	0,731
6	27	89	0,675
6	27	94	2,049
6	27	97	2,946
6	29	1	3,219
6	29	6	1,501
6	29	7	3,115
6	29	13	0,877
6	29	20	11,688
6	29	22	1,67
6	29	25	2,91
6	29	27	7,346
6	29	35	2,835
6	29	38	11,041
6	29	48	2,921
6	29	51	16,885
6	29	57	4,372
6	29	59	0,566
6	29	61	12,081
6	29	62	2,212
6	29	64	0,928
6	29	65	7,48
6	29	71	9,382
6	29	74	12,481
6	29	75	7,09
6	29	79	5,304
6	29	80	3,833
6	29	85	4,554
6	29	89	5,44
6	29	94	1,602
6	29	97	0,95
6	35	1	4,934
6	35	6	23,46
6	35	7	12,474
6	35	13	7,751
6	35	20	3,449
6	35	22	6,138
6	35	25	1,501
6	35	27	1,681
6	35	29	4,469
6	35	38	22,504
6	35	48	34,429
6	35	51	4,76
6	35	57	6,75
6	35	59	5,367
6	35	61	5,541
6	35	62	18,54
6	35	64	1,326
6	35	65	0,853
6	35	71	11,533
6	35	74	2,68
6	35	75	5,795
6	35	79	12,74
6	35	80	0,731
6	35	85	4,786
6	35	89	18,442
6	35	94	1,866
6	35	97	3,842
6	38	1	7,245
6	38	6	8,308
6	38	7	3,089
6	38	13	7,315
6	38	20	2,37
6	38	22	9,234
6	38	25	10,899
6	38	27	6,956
6	38	29	0,733
6	38	35	10,702
6	38	48	13,982
6	38	51	1,722
6	38	57	1,755
6	38	59	2,093
6	38	61	17,438
6	38	62	14,168
6	38	64	3,237
6	38	65	7,322
6	38	71	7,05
6	38	74	2,895
6	38	75	13,721
6	38	79	4,394
6	38	80	0,946
6	38	85	6,526
6	38	89	1,037
6	38	94	6,552
6	38	97	1,757
6	48	1	7,129
6	48	6	2,214
6	48	7	4,42
6	48	13	10,345
6	48	20	15,543
6	48	22	3,331
6	48	25	3,163
6	48	27	0,945
6	48	29	0,982
6	48	35	3,477
6	48	38	4,253
6	48	51	7,075
6	48	57	5,59
6	48	59	4,664
6	48	61	7,574
6	48	62	1,947
6	48	64	7,373
6	48	65	13,095
6	48	71	2,547
6	48	74	5,9
6	48	75	3,772
6	48	79	11,985
6	48	80	1,467
6	48	85	12,992
6	48	89	6,955
6	48	94	0,96
6	48	97	0,649
6	51	1	5,362
6	51	6	10,487
6	51	7	3,953
6	51	13	6,697
6	51	20	1,568
6	51	22	1,449
6	51	25	1,477
6	51	27	3,171
6	51	29	9,198
6	51	35	2,415
6	51	38	1,125
6	51	48	2,199
6	51	57	3,965
6	51	59	0,908
6	51	61	10,497
6	51	62	6,96
6	51	64	3,457
6	51	65	8,188
6	51	71	3,09
6	51	74	1,388
6	51	75	4,29
6	51	79	10,398
6	51	80	18,837
6	51	85	0,747
6	51	89	0,524
6	51	94	1,89
6	51	97	3,695
6	57	1	4,778
6	57	6	2,372
6	57	7	1,503
6	57	13	4,167
6	57	20	4,313
6	57	22	3,989
6	57	25	4,819
6	57	27	2,669
6	57	29	4,392
6	57	35	2,532
6	57	38	8,759
6	57	48	7,048
6	57	51	6,168
6	57	59	2,744
6	57	61	1,253
6	57	62	4,067
6	57	64	0,792
6	57	65	4,486
6	57	71	0,6
6	57	74	4,379
6	57	75	5,219
6	57	79	6,156
6	57	80	1,931
6	57	85	6,696
6	57	89	4,056
6	57	94	2,336
6	57	97	2,448
6	59	1	0,553
6	59	6	3,274
6	59	7	5,675
6	59	13	8,319
6	59	20	3,258
6	59	22	51,395
6	59	25	5,832
6	59	27	5,648
6	59	29	0,811
6	59	35	5,555
6	59	38	6,772
6	59	48	2,782
6	59	51	2,689
6	59	57	5,564
6	59	61	9,645
6	59	62	8,103
6	59	64	8,766
6	59	65	6,219
6	59	71	2,085
6	59	74	4,773
6	59	75	2,654
6	59	79	5,211
6	59	80	2,757
6	59	85	6,653
6	59	89	2,657
6	59	94	12,87
6	59	97	4,717
6	61	1	4,698
6	61	6	1,809
6	61	7	3,229
6	61	13	2,538
6	61	20	3,547
6	61	22	8,317
6	61	25	6,358
6	61	27	2,085
6	61	29	3,481
6	61	35	10,89
6	61	38	15,654
6	61	48	1,841
6	61	51	0,526
6	61	57	7,26
6	61	59	0,944
6	61	62	2,68
6	61	64	10,463
6	61	65	2,595
6	61	71	8,178
6	61	74	14,464
6	61	75	2,276
6	61	79	16,718
6	61	80	3,423
6	61	85	1,568
6	61	89	4,521
6	61	94	3,099
6	61	97	1,034
6	62	1	1,347
6	62	6	43,521
6	62	7	0,764
6	62	13	4,936
6	62	20	2,073
6	62	22	12,4
6	62	25	11,092
6	62	27	3,674
6	62	29	15,404
6	62	35	12,611
6	62	38	7,775
6	62	48	3,203
6	62	51	9,068
6	62	57	2,62
6	62	59	2,478
6	62	61	5,793
6	62	64	7,673
6	62	65	4,972
6	62	71	3,514
6	62	74	1,387
6	62	75	8,299
6	62	79	8,265
6	62	80	4,49
6	62	85	12,209
6	62	89	3,903
6	62	94	9,025
6	62	97	1,974
6	64	1	10,36
6	64	6	10,725
6	64	7	2,11
6	64	13	5,125
6	64	20	1,586
6	64	22	10,789
6	64	25	1,815
6	64	27	3,222
6	64	29	3,391
6	64	35	0,858
6	64	38	9,706
6	64	48	1,552
6	64	51	2,669
6	64	57	3,825
6	64	59	2,676
6	64	61	6,078
6	64	62	29,375
6	64	65	3,991
6	64	71	2,294
6	64	74	3,756
6	64	75	3,724
6	64	79	5,72
6	64	80	6,675
6	64	85	2,154
6	64	89	11,441
6	64	94	2,199
6	64	97	1,036
6	65	1	8,934
6	65	6	0,765
6	65	7	10,662
6	65	13	2,275
6	65	20	3,536
6	65	22	1,867
6	65	25	6,486
6	65	27	0,938
6	65	29	0,773
6	65	35	8,651
6	65	38	3,403
6	65	48	2,61
6	65	51	1,957
6	65	57	0,633
6	65	59	2,031
6	65	61	2,873
6	65	62	2,87
6	65	64	3,171
6	65	71	2,244
6	65	74	3,781
6	65	75	1,286
6	65	79	5,049
6	65	80	6,623
6	65	85	1,85
6	65	89	1,902
6	65	94	0,933
6	65	97	10,246
6	71	1	23,821
6	71	6	5,078
6	71	7	7,038
6	71	13	18,875
6	71	20	1,882
6	71	22	1,728
6	71	25	0,614
6	71	27	6,875
6	71	29	9,641
6	71	35	7,137
6	71	38	4,44
6	71	48	2,043
6	71	51	6,104
6	71	57	1,912
6	71	59	15,796
6	71	61	1,204
6	71	62	2,07
6	71	64	6,115
6	71	65	0,636
6	71	74	6,928
6	71	75	4,736
6	71	79	8,311
6	71	80	11,475
6	71	85	2,177
6	71	89	4,638
6	71	94	28,263
6	71	97	3,7
6	74	1	18,132
6	74	6	7,546
6	74	7	1,215
6	74	13	1,281
6	74	20	1,83
6	74	22	1,058
6	74	25	15,238
6	74	27	3,48
6	74	29	3,962
6	74	35	0,556
6	74	38	8,317
6	74	48	7,363
6	74	51	3,609
6	74	57	6,982
6	74	59	2,399
6	74	61	4,231
6	74	62	9,314
6	74	64	22,943
6	74	65	7,797
6	74	71	3,233
6	74	75	19,159
6	74	79	9,37
6	74	80	1,94
6	74	85	5,492
6	74	89	8,501
6	74	94	2,191
6	74	97	3,095
6	75	1	9,592
6	75	6	10,876
6	75	7	11,887
6	75	13	0,796
6	75	20	10,761
6	75	22	2,127
6	75	25	1,706
6	75	27	1,362
6	75	29	4,623
6	75	35	13,143
6	75	38	6,597
6	75	48	7,917
6	75	51	6,949
6	75	57	4,812
6	75	59	2,508
6	75	61	15,255
6	75	62	2,877
6	75	64	17,283
6	75	65	2,245
6	75	71	13,829
6	75	74	13,832
6	75	79	5,468
6	75	80	7,984
6	75	85	6,573
6	75	89	0,513
6	75	94	8,63
6	75	97	11,15
6	79	1	1,537
6	79	6	7,455
6	79	7	1,152
6	79	13	3,815
6	79	20	8,894
6	79	22	1,257
6	79	25	0,558
6	79	27	2,096
6	79	29	0,714
6	79	35	11,34
6	79	38	1,556
6	79	48	8,253
6	79	51	27,929
6	79	57	15,729
6	79	59	4,639
6	79	61	2,124
6	79	62	19,18
6	79	64	8,954
6	79	65	11,05
6	79	71	10,269
6	79	74	19,188
6	79	75	1,091
6	79	80	5,751
6	79	85	12,217
6	79	89	1,342
6	79	94	3,231
6	79	97	7,424
6	80	1	1,256
6	80	6	7,788
6	80	7	1,274
6	80	13	2,956
6	80	20	54,174
6	80	22	4,903
6	80	25	4,726
6	80	27	4,21
6	80	29	9,332
6	80	35	9,565
6	80	38	4,681
6	80	48	7,045
6	80	51	3,069
6	80	57	19,791
6	80	59	34,985
6	80	61	4,121
6	80	62	6,665
6	80	64	15,4
6	80	65	8,511
6	80	71	0,631
6	80	74	2,018
6	80	75	2,963
6	80	79	1,924
6	80	85	7,677
6	80	89	15,406
6	80	94	5,756
6	80	97	2,985
6	85	1	10,89
6	85	6	7,423
6	85	7	2,777
6	85	13	2,884
6	85	20	2,623
6	85	22	3,349
6	85	25	1,072
6	85	27	0,812
6	85	29	0,691
6	85	35	12,058
6	85	38	28,61
6	85	48	3,792
6	85	51	7,927
6	85	57	0,596
6	85	59	5,671
6	85	61	4,66
6	85	62	8,189
6	85	64	8,774
6	85	65	6,918
6	85	71	8,997
6	85	74	1,36
6	85	75	2,471
6	85	79	10,23
6	85	80	8,26
6	85	89	11,128
6	85	94	2,623
6	85	97	6,58
6	89	1	4,219
6	89	6	12,517
6	89	7	0,685
6	89	13	3,139
6	89	20	2,024
6	89	22	2,694
6	89	25	7,474
6	89	27	1,588
6	89	29	3,596
6	89	35	14,572
6	89	38	1,274
6	89	48	5,537
6	89	51	6,57
6	89	57	9,71
6	89	59	1,872
6	89	61	2,48
6	89	62	2,495
6	89	64	7,339
6	89	65	7,999
6	89	71	20,627
6	89	74	1,958
6	89	75	1,361
6	89	79	1,495
6	89	80	0,97
6	89	85	5,419
6	89	94	3
6	89	97	0,717
6	94	1	19,362
6	94	6	2,702
6	94	7	5,293
6	94	13	0,583
6	94	20	0,886
6	94	22	3,156
6	94	25	1,243
6	94	27	1,786
6	94	29	8,092
6	94	35	1
6	94	38	41,276
6	94	48	3,652
6	94	51	9,256
6	94	57	11,874
6	94	59	6,64
6	94	61	3,605
6	94	62	4,91
6	94	64	7,505
6	94	65	4,308
6	94	71	12,546
6	94	74	18,909
6	94	75	9,388
6	94	79	1,878
6	94	80	1,974
6	94	85	5,851
6	94	89	6,215
6	94	97	1,622
6	97	1	3,576
6	97	6	3,948
6	97	7	1,293
6	97	13	2,023
6	97	20	4,031
6	97	22	0,563
6	97	25	1,67
6	97	27	2,784
6	97	29	11,928
6	97	35	1,207
6	97	38	40,402
6	97	48	4,313
6	97	51	8,615
6	97	57	0,761
6	97	59	2,839
6	97	61	1,812
6	97	62	11,315
6	97	64	3,808
6	97	65	2,657
6	97	71	6,862
6	97	74	5,783
6	97	75	6,053
6	97	79	7,207
6	97	80	1,894
6	97	85	7,162
6	97	89	3,117
6	97	94	2,079
7	2	12	1,093
7	2	23	1,472
7	2	29	5,598
7	2	33	1,978
7	2	35	7,36
7	2	40	53,364
7	2	41	4,557
7	2	48	9,733
7	2	54	0,999
7	2	55	2,018
7	2	62	5,963
7	2	75	2,165
7	2	76	0,723
7	2	82	1,206
7	2	83	1,226
7	12	2	0,75
7	12	23	9,91
7	12	29	2,767
7	12	33	13,043
7	12	35	4,904
7	12	40	2,719
7	12	41	1,655
7	12	48	5,184
7	12	54	2,821
7	12	55	1,685
7	12	62	1,1
7	12	75	3,997
7	12	76	2,708
7	12	82	2,196
7	12	83	7,189
7	23	2	6,617
7	23	12	2,44
7	23	29	108,757
7	23	33	1,416
7	23	35	3,351
7	23	40	3,55
7	23	41	1,424
7	23	48	1,773
7	23	54	15,085
7	23	55	2,949
7	23	62	4,786
7	23	75	12,117
7	23	76	0,755
7	23	82	0,657
7	23	83	4,892
7	29	2	6,362
7	29	12	14,927
7	29	23	1,889
7	29	33	13,283
7	29	35	5,362
7	29	40	5,296
7	29	41	0,901
7	29	48	21,454
7	29	54	4,511
7	29	55	4,269
7	29	62	1,049
7	29	75	12,862
7	29	76	1,514
7	29	82	2,657
7	29	83	4,311
7	33	2	3,978
7	33	12	1,009
7	33	23	1,911
7	33	29	5,468
7	33	35	1,234
7	33	40	5,087
7	33	41	1,076
7	33	48	7,998
7	33	54	5,22
7	33	55	9,299
7	33	62	12,037
7	33	75	5,591
7	33	76	1,966
7	33	82	8,988
7	33	83	6,657
7	35	2	10,681
7	35	12	1,361
7	35	23	5,647
7	35	29	5,905
7	35	33	0,999
7	35	40	0,628
7	35	41	29,728
7	35	48	2,686
7	35	54	4,13
7	35	55	6,522
7	35	62	3,728
7	35	75	9,368
7	35	76	9,131
7	35	82	3,957
7	35	83	11,014
7	40	2	0,598
7	40	12	6,588
7	40	23	1,963
7	40	29	1,115
7	40	33	7,181
7	40	35	1,764
7	40	41	3,736
7	40	48	3,381
7	40	54	17,216
7	40	55	2,591
7	40	62	5,305
7	40	75	12,459
7	40	76	8,917
7	40	82	4,742
7	40	83	1,553
7	41	2	0,744
7	41	12	1,508
7	41	23	1,395
7	41	29	4,728
7	41	33	1,669
7	41	35	8,021
7	41	40	13,811
7	41	48	1,267
7	41	54	2,809
7	41	55	6,506
7	41	62	5,981
7	41	75	1,167
7	41	76	5,521
7	41	82	1,735
7	41	83	1,374
7	48	2	7,559
7	48	12	24,088
7	48	23	1,508
7	48	29	3,253
7	48	33	3,803
7	48	35	1,228
7	48	40	22,916
7	48	41	6,761
7	48	54	2,438
7	48	55	1,592
7	48	62	7,013
7	48	75	3,57
7	48	76	3,52
7	48	82	0,839
7	48	83	2,638
7	54	2	8,451
7	54	12	15,885
7	54	23	3,085
7	54	29	2,939
7	54	33	2,169
7	54	35	4,097
7	54	40	7,848
7	54	41	29,399
7	54	48	2,73
7	54	55	8,82
7	54	62	4,645
7	54	75	1,403
7	54	76	4,64
7	54	82	5,558
7	54	83	1,823
7	55	2	23,324
7	55	12	1,697
7	55	23	7,521
7	55	29	19,155
7	55	33	12,022
7	55	35	13,485
7	55	40	1,422
7	55	41	3,375
7	55	48	6,204
7	55	54	0,954
7	55	62	3,317
7	55	75	26,271
7	55	76	9,872
7	55	82	0,703
7	55	83	3,885
7	62	2	1,12
7	62	12	0,64
7	62	23	1,276
7	62	29	5,925
7	62	33	4,221
7	62	35	10,394
7	62	40	0,662
7	62	41	3,94
7	62	48	5,963
7	62	54	11,903
7	62	55	7,628
7	62	75	10,694
7	62	76	0,648
7	62	82	6,938
7	62	83	2,652
7	75	2	14,383
7	75	12	4,55
7	75	23	11,971
7	75	29	0,664
7	75	33	19,033
7	75	35	1,994
7	75	40	8,241
7	75	41	11,806
7	75	48	1,347
7	75	54	4,471
7	75	55	2,798
7	75	62	10,009
7	75	76	2,552
7	75	82	6,168
7	75	83	10,182
7	76	2	1,337
7	76	12	2,179
7	76	23	1,386
7	76	29	11,32
7	76	33	19,043
7	76	35	3,673
7	76	40	1,238
7	76	41	3,491
7	76	48	6,008
7	76	54	7,459
7	76	55	6,325
7	76	62	7,561
7	76	75	3,235
7	76	82	4,192
7	76	83	4,442
7	82	2	9,621
7	82	12	4,499
7	82	23	3,68
7	82	29	9,101
7	82	33	13,269
7	82	35	1,743
7	82	40	1,925
7	82	41	13,827
7	82	48	11,102
7	82	54	3,05
7	82	55	1,183
7	82	62	8,932
7	82	75	7,364
7	82	76	7,117
7	82	83	2,891
7	83	2	0,685
7	83	12	7,236
7	83	23	2,042
7	83	29	9,42
7	83	33	10,816
7	83	35	14,524
7	83	40	15,462
7	83	41	9,155
7	83	48	2,168
7	83	54	1,128
7	83	55	1,066
7	83	62	2,826
7	83	75	31,429
7	83	76	9,674
7	83	82	14,663
8	3	6	1,415
8	3	9	6,129
8	3	11	2,368
8	3	13	2,039
8	3	15	1,854
8	3	17	2,138
8	3	18	7,586
8	3	20	8,371
8	3	31	17,483
8	3	38	0,779
8	3	60	3,091
8	3	68	1,409
8	3	69	1,167
8	3	70	8,924
8	3	72	11,799
8	3	73	0,991
8	3	77	6,05
8	3	78	3,461
8	3	84	0,519
8	3	96	0,971
8	3	100	3,8
8	6	3	0,573
8	6	9	0,975
8	6	11	1,982
8	6	13	1,187
8	6	15	0,571
8	6	17	6,213
8	6	18	3,438
8	6	20	2,819
8	6	31	4,835
8	6	38	2,629
8	6	60	4,884
8	6	68	16,129
8	6	69	6,914
8	6	70	3,099
8	6	72	4,106
8	6	73	2,459
8	6	77	4,889
8	6	78	3,645
8	6	84	16,422
8	6	96	11,43
8	6	100	7,493
8	9	3	2,345
8	9	6	3,856
8	9	11	5,848
8	9	13	0,751
8	9	15	7,548
8	9	17	2,903
8	9	18	2,622
8	9	20	1,591
8	9	31	1,174
8	9	38	1,499
8	9	60	0,62
8	9	68	1,054
8	9	69	2,884
8	9	70	2,192
8	9	72	7,399
8	9	73	3,003
8	9	77	7,68
8	9	78	6,095
8	9	84	7,566
8	9	96	0,858
8	9	100	2,461
8	11	3	24,521
8	11	6	0,556
8	11	9	1,586
8	11	13	12,69
8	11	15	1,711
8	11	17	0,746
8	11	18	2,62
8	11	20	5,424
8	11	31	3,01
8	11	38	3,695
8	11	60	6,92
8	11	68	4,385
8	11	69	2,55
8	11	70	3,917
8	11	72	1,752
8	11	73	4,274
8	11	77	3,944
8	11	78	2,916
8	11	84	2,109
8	11	96	7,872
8	11	100	3,542
8	13	3	0,598
8	13	6	0,85
8	13	9	13,066
8	13	11	6,389
8	13	15	5,366
8	13	17	1,875
8	13	18	3,513
8	13	20	16,597
8	13	31	1,695
8	13	38	13,324
8	13	60	9,78
8	13	68	9,429
8	13	69	3,989
8	13	70	5,606
8	13	72	17,162
8	13	73	28,682
8	13	77	2,622
8	13	78	3,985
8	13	84	1,59
8	13	96	2,042
8	13	100	2,444
8	15	3	5,411
8	15	6	2,242
8	15	9	4,291
8	15	11	8,371
8	15	13	6,247
8	15	17	0,752
8	15	18	14,733
8	15	20	2,463
8	15	31	2,497
8	15	38	0,907
8	15	60	5,501
8	15	68	3,057
8	15	69	1,894
8	15	70	0,578
8	15	72	5,306
8	15	73	10,233
8	15	77	5,86
8	15	78	3,777
8	15	84	2,168
8	15	96	15,034
8	15	100	1,506
8	17	3	13,965
8	17	6	3,98
8	17	9	0,931
8	17	11	1,128
8	17	13	1,884
8	17	15	7,724
8	17	18	1,034
8	17	20	8,809
8	17	31	7,036
8	17	38	12,275
8	17	60	16,069
8	17	68	12,047
8	17	69	14,147
8	17	70	4,719
8	17	72	2,08
8	17	73	5,148
8	17	77	5,058
8	17	78	1,439
8	17	84	1,983
8	17	96	2,974
8	17	100	3,252
8	18	3	3,637
8	18	6	3,027
8	18	9	0,569
8	18	11	13,599
8	18	13	12,986
8	18	15	12,466
8	18	17	4,498
8	18	20	3,915
8	18	31	16,396
8	18	38	20,272
8	18	60	3,367
8	18	68	1,77
8	18	69	0,562
8	18	70	3,029
8	18	72	2,623
8	18	73	7,112
8	18	77	11,399
8	18	78	4,8
8	18	84	5,416
8	18	96	9,313
8	18	100	9,114
8	20	3	13,19
8	20	6	4,164
8	20	9	6,302
8	20	11	5,532
8	20	13	4,222
8	20	15	5,263
8	20	17	4,387
8	20	18	10,642
8	20	31	0,676
8	20	38	4,864
8	20	60	3,064
8	20	68	1,463
8	20	69	1,026
8	20	70	3,056
8	20	72	16,792
8	20	73	4,375
8	20	77	6,969
8	20	78	5,601
8	20	84	13,4
8	20	96	2,385
8	20	100	1,13
8	31	3	9,28
8	31	6	8,68
8	31	9	4,307
8	31	11	0,51
8	31	13	10,472
8	31	15	0,895
8	31	17	1,548
8	31	18	4,915
8	31	20	4,687
8	31	38	12,856
8	31	60	10,019
8	31	68	5,289
8	31	69	2,141
8	31	70	2,941
8	31	72	1,201
8	31	73	9,311
8	31	77	0,871
8	31	78	10,765
8	31	84	9,153
8	31	96	0,564
8	31	100	6,226
8	38	3	2,095
8	38	6	2,159
8	38	9	6,902
8	38	11	19,544
8	38	13	12,099
8	38	15	2,075
8	38	17	9,664
8	38	18	0,661
8	38	20	6,163
8	38	31	1,812
8	38	60	3,855
8	38	68	16,657
8	38	69	4,637
8	38	70	3,773
8	38	72	1,556
8	38	73	1,181
8	38	77	2,546
8	38	78	1,439
8	38	84	24,386
8	38	96	25,035
8	38	100	3,052
8	60	3	9,585
8	60	6	1,464
8	60	9	32,351
8	60	11	4,66
8	60	13	5,095
8	60	15	5,321
8	60	17	13,796
8	60	18	13,014
8	60	20	5,059
8	60	31	13,031
8	60	38	8,445
8	60	68	0,73
8	60	69	11,513
8	60	70	1,693
8	60	72	4,903
8	60	73	12,968
8	60	77	2,454
8	60	78	3,111
8	60	84	4,179
8	60	96	3,365
8	60	100	3,9
8	68	3	9,061
8	68	6	4,285
8	68	9	5,198
8	68	11	14,795
8	68	13	5,888
8	68	15	1,45
8	68	17	3,756
8	68	18	5,267
8	68	20	0,862
8	68	31	2,145
8	68	38	7,512
8	68	60	2,352
8	68	69	6,534
8	68	70	7,461
8	68	72	1,213
8	68	73	12,817
8	68	77	4,288
8	68	78	8,522
8	68	84	6,998
8	68	96	8,867
8	68	100	2,838
8	69	3	11,393
8	69	6	0,587
8	69	9	10,369
8	69	11	8,071
8	69	13	4,949
8	69	15	7,852
8	69	17	1,812
8	69	18	6,694
8	69	20	7,334
8	69	31	3,014
8	69	38	1,931
8	69	60	10,757
8	69	68	16,089
8	69	70	4,507
8	69	72	2,466
8	69	73	13,938
8	69	77	16,696
8	69	78	2,152
8	69	84	3,128
8	69	96	10,35
8	69	100	11,153
8	70	3	3,202
8	70	6	1,466
8	70	9	5,726
8	70	11	3,488
8	70	13	9,584
8	70	15	8,602
8	70	17	20,376
8	70	18	2,874
8	70	20	23,487
8	70	31	5,605
8	70	38	1,663
8	70	60	12,467
8	70	68	2,127
8	70	69	3,308
8	70	72	7,659
8	70	73	1,245
8	70	77	4,338
8	70	78	2,3
8	70	84	1,114
8	70	96	0,594
8	70	100	0,868
8	72	3	9,557
8	72	6	3,141
8	72	9	5,131
8	72	11	8,688
8	72	13	9,905
8	72	15	35,517
8	72	17	3,569
8	72	18	2,066
8	72	20	0,77
8	72	31	7,002
8	72	38	12,79
8	72	60	7,167
8	72	68	4,475
8	72	69	13,411
8	72	70	6,133
8	72	73	1,505
8	72	77	1,542
8	72	78	1,592
8	72	84	1,692
8	72	96	1,26
8	72	100	9,78
8	73	3	1,244
8	73	6	9,538
8	73	9	1,558
8	73	11	3,826
8	73	13	5,042
8	73	15	8,484
8	73	17	11,832
8	73	18	3,09
8	73	20	3,264
8	73	31	1,815
8	73	38	0,546
8	73	60	3,799
8	73	68	3,407
8	73	69	1,925
8	73	70	3,116
8	73	72	9,177
8	73	77	0,897
8	73	78	7,987
8	73	84	1,604
8	73	96	1,464
8	73	100	1,641
8	77	3	10
8	77	6	3,452
8	77	9	5,995
8	77	11	3,435
8	77	13	20,047
8	77	15	0,977
8	77	17	0,851
8	77	18	0,797
8	77	20	4,301
8	77	31	6,136
8	77	38	1,342
8	77	60	2,696
8	77	68	1,222
8	77	69	1,696
8	77	70	1,857
8	77	72	0,798
8	77	73	16,069
8	77	78	6,191
8	77	84	3,354
8	77	96	2,674
8	77	100	0,729
8	78	3	8,434
8	78	6	2,366
8	78	9	8,088
8	78	11	1,235
8	78	13	1,082
8	78	15	3,124
8	78	17	21,212
8	78	18	7,996
8	78	20	11,872
8	78	31	0,801
8	78	38	5,145
8	78	60	12,195
8	78	68	8,922
8	78	69	0,802
8	78	70	5,008
8	78	72	14,187
8	78	73	20,421
8	78	77	1,125
8	78	84	0,935
8	78	96	2,584
8	78	100	0,864
8	84	3	7,202
8	84	6	10,583
8	84	9	18,985
8	84	11	6,603
8	84	13	5,385
8	84	15	16,414
8	84	17	0,64
8	84	18	0,522
8	84	20	5,944
8	84	31	27,985
8	84	38	6,737
8	84	60	0,752
8	84	68	1,981
8	84	69	11,102
8	84	70	23,125
8	84	72	2,055
8	84	73	1,392
8	84	77	3,925
8	84	78	0,853
8	84	96	1,799
8	84	100	0,526
8	96	3	4,098
8	96	6	8,079
8	96	9	4,653
8	96	11	3,953
8	96	13	1,173
8	96	15	1,569
8	96	17	2,687
8	96	18	0,872
8	96	20	4,12
8	96	31	12,223
8	96	38	3,223
8	96	60	4,423
8	96	68	6,737
8	96	69	1,224
8	96	70	2,786
8	96	72	2,903
8	96	73	3,871
8	96	77	5,068
8	96	78	39,23
8	96	84	13,16
8	96	100	9,654
8	100	3	36,895
8	100	6	7,588
8	100	9	1,927
8	100	11	6,896
8	100	13	5,08
8	100	15	4,374
8	100	17	9,959
8	100	18	6,019
8	100	20	3,933
8	100	31	3,213
8	100	38	2,636
8	100	60	3,184
8	100	68	1,326
8	100	69	1,009
8	100	70	1,046
8	100	72	6,655
8	100	73	5,778
8	100	77	4,081
8	100	78	2,58
8	100	84	1,879
8	100	96	5,391
9	5	21	0,588
9	5	32	1,144
9	5	38	6,809
9	5	47	2,322
9	5	48	6,314
9	5	51	16,316
9	5	55	24,086
9	5	58	1,15
9	5	59	3,36
9	5	61	7,807
9	5	64	13,022
9	5	65	0,563
9	5	71	36,663
9	5	74	4,681
9	5	76	3,13
9	5	83	11,412
9	5	84	5,977
9	5	85	4,616
9	5	95	3,766
9	5	99	1,612
9	21	5	12,712
9	21	32	8,015
9	21	38	5,993
9	21	47	1,211
9	21	48	13,881
9	21	51	7,531
9	21	55	5,536
9	21	58	4,292
9	21	59	6,793
9	21	61	12,43
9	21	64	0,616
9	21	65	15,229
9	21	71	23,435
9	21	74	21,877
9	21	76	16,867
9	21	83	7,342
9	21	84	1,602
9	21	85	6,46
9	21	95	3,854
9	21	99	2,711
9	32	5	5,34
9	32	21	8,059
9	32	38	6,264
9	32	47	4,137
9	32	48	3,85
9	32	51	0,693
9	32	55	3,518
9	32	58	4,536
9	32	59	14,416
9	32	61	13,612
9	32	64	0,845
9	32	65	1,058
9	32	71	4,013
9	32	74	6,713
9	32	76	3,387
9	32	83	3,025
9	32	84	10,591
9	32	85	3,158
9	32	95	17,548
9	32	99	6,497
9	38	5	2,924
9	38	21	5,063
9	38	32	3,035
9	38	47	7,285
9	38	48	6,652
9	38	51	1,503
9	38	55	2,22
9	38	58	14,938
9	38	59	3,319
9	38	61	8,24
9	38	64	2,6
9	38	65	1,361
9	38	71	2,62
9	38	74	4,035
9	38	76	11,175
9	38	83	2,193
9	38	84	9,333
9	38	85	3,475
9	38	95	4,912
9	38	99	1,108
9	47	5	14,017
9	47	21	8,489
9	47	32	2,1
9	47	38	1,966
9	47	48	34,204
9	47	51	1,148
9	47	55	20,862
9	47	58	6,579
9	47	59	2,067
9	47	61	15,117
9	47	64	17,246
9	47	65	1,241
9	47	71	1,554
9	47	74	1,981
9	47	76	1,273
9	47	83	16,532
9	47	84	1,324
9	47	85	1,441
9	47	95	2,594
9	47	99	9,049
9	48	5	2,304
9	48	21	4,781
9	48	32	13,622
9	48	38	2,002
9	48	47	2,012
9	48	51	3,36
9	48	55	21,726
9	48	58	1,282
9	48	59	5,22
9	48	61	9,39
9	48	64	1,11
9	48	65	1,239
9	48	71	34,188
9	48	74	4,791
9	48	76	3,671
9	48	83	23,317
9	48	84	8,764
9	48	85	5,129
9	48	95	6,08
9	48	99	9,252
9	51	5	7,934
9	51	21	1,204
9	51	32	11,204
9	51	38	5,252
9	51	47	4,753
9	51	48	0,764
9	51	55	3,324
9	51	58	12,584
9	51	59	0,942
9	51	61	17,156
9	51	64	0,765
9	51	65	8,248
9	51	71	1,445
9	51	74	2,093
9	51	76	7,237
9	51	83	1,028
9	51	84	2,492
9	51	85	5,068
9	51	95	8,39
9	51	99	15,45
9	55	5	0,53
9	55	21	8,46
9	55	32	33,378
9	55	38	6,625
9	55	47	0,863
9	55	48	6,271
9	55	51	2,266
9	55	58	4,839
9	55	59	2,597
9	55	61	11,47
9	55	64	6,432
9	55	65	1,632
9	55	71	2,777
9	55	74	16,774
9	55	76	16,562
9	55	83	6,758
9	55	84	13,312
9	55	85	2,423
9	55	95	1,768
9	55	99	1,809
9	58	5	6,983
9	58	21	22,039
9	58	32	9,145
9	58	38	0,958
9	58	47	6,405
9	58	48	7,914
9	58	51	2,293
9	58	55	3,608
9	58	59	3,92
9	58	61	6,58
9	58	64	10,17
9	58	65	2,856
9	58	71	4,111
9	58	74	21,176
9	58	76	1,515
9	58	83	5,017
9	58	84	7,372
9	58	85	10,336
9	58	95	5,365
9	58	99	2,801
9	59	5	5,681
9	59	21	5,115
9	59	32	1,021
9	59	38	6,814
9	59	47	3,403
9	59	48	17,264
9	59	51	0,936
9	59	55	5,943
9	59	58	6,053
9	59	61	0,842
9	59	64	2,407
9	59	65	6,645
9	59	71	1,95
9	59	74	1,229
9	59	76	5,706
9	59	83	13,266
9	59	84	2,289
9	59	85	7,355
9	59	95	13,62
9	59	99	1,389
9	61	5	0,576
9	61	21	0,613
9	61	32	1,813
9	61	38	4,374
9	61	47	9,691
9	61	48	0,731
9	61	51	5,401
9	61	55	9,577
9	61	58	3,553
9	61	59	14,201
9	61	64	7,618
9	61	65	12,107
9	61	71	21,424
9	61	74	2,425
9	61	76	1,787
9	61	83	2,811
9	61	84	5,097
9	61	85	0,908
9	61	95	6,06
9	61	99	2,296
9	64	5	6,219
9	64	21	0,921
9	64	32	7,793
9	64	38	1,917
9	64	47	9,39
9	64	48	2,342
9	64	51	2,646
9	64	55	17,038
9	64	58	6,259
9	64	59	3,049
9	64	61	6,853
9	64	65	5,25
9	64	71	1,926
9	64	74	2,454
9	64	76	1,585
9	64	83	2,638
9	64	84	9,293
9	64	85	2,531
9	64	95	7,926
9	64	99	17,083
9	65	5	13,448
9	65	21	7,873
9	65	32	5,842
9	65	38	0,936
9	65	47	4,24
9	65	48	1,434
9	65	51	20,357
9	65	55	5,461
9	65	58	8,942
9	65	59	9,649
9	65	61	7,553
9	65	64	11,428
9	65	71	3,465
9	65	74	0,729
9	65	76	13,866
9	65	83	4,158
9	65	84	3,699
9	65	85	1,839
9	65	95	2,222
9	65	99	2,232
9	71	5	5,033
9	71	21	6,784
9	71	32	10,887
9	71	38	1,338
9	71	47	0,732
9	71	48	5,69
9	71	51	0,716
9	71	55	1,958
9	71	58	3,614
9	71	59	0,769
9	71	61	4,129
9	71	64	4
9	71	65	3,071
9	71	74	10,391
9	71	76	21,334
9	71	83	2,98
9	71	84	15,51
9	71	85	4,633
9	71	95	3,274
9	71	99	23,001
9	74	5	0,74
9	74	21	6,475
9	74	32	20,175
9	74	38	8,983
9	74	47	1,624
9	74	48	22,451
9	74	51	0,804
9	74	55	1,869
9	74	58	4,014
9	74	59	18,921
9	74	61	2,088
9	74	64	6,251
9	74	65	2,476
9	74	71	6,043
9	74	76	2,579
9	74	83	3,419
9	74	84	21,891
9	74	85	3,102
9	74	95	8,015
9	74	99	28,372
9	76	5	5,384
9	76	21	2,727
9	76	32	1,869
9	76	38	5,718
9	76	47	12,181
9	76	48	2,373
9	76	51	5,271
9	76	55	1,021
9	76	58	10,02
9	76	59	15,307
9	76	61	2,58
9	76	64	2,254
9	76	65	38,164
9	76	71	3,121
9	76	74	3,991
9	76	83	3,719
9	76	84	8,551
9	76	85	14,082
9	76	95	2,283
9	76	99	6,052
9	83	5	2,72
9	83	21	1,052
9	83	32	1,552
9	83	38	2,743
9	83	47	5,732
9	83	48	1,95
9	83	51	2,799
9	83	55	1,126
9	83	58	18,207
9	83	59	5,033
9	83	61	6,25
9	83	64	5,497
9	83	65	15,135
9	83	71	15,491
9	83	74	5,611
9	83	76	1,327
9	83	84	1,511
9	83	85	6,858
9	83	95	7,64
9	83	99	4,789
9	84	5	7,601
9	84	21	8,447
9	84	32	19,525
9	84	38	12,859
9	84	47	3,313
9	84	48	1,057
9	84	51	4,691
9	84	55	6,332
9	84	58	25,083
9	84	59	0,829
9	84	61	11,309
9	84	64	12,875
9	84	65	10,283
9	84	71	8,686
9	84	74	2,408
9	84	76	0,817
9	84	83	0,948
9	84	85	3,916
9	84	95	4,355
9	84	99	7,871
9	85	5	1,725
9	85	21	6,562
9	85	32	20,547
9	85	38	1,587
9	85	47	27,417
9	85	48	9,283
9	85	51	2,048
9	85	55	3,336
9	85	58	0,714
9	85	59	7,455
9	85	61	8,67
9	85	64	4,124
9	85	65	0,845
9	85	71	5,354
9	85	74	33,143
9	85	76	5,373
9	85	83	7,408
9	85	84	14,464
9	85	95	5,931
9	85	99	5,585
9	95	5	2,734
9	95	21	8,248
9	95	32	5,312
9	95	38	3,085
9	95	47	15,218
9	95	48	7,132
9	95	51	3,02
9	95	55	6,188
9	95	58	6,41
9	95	59	3,427
9	95	61	14,638
9	95	64	8,009
9	95	65	0,534
9	95	71	5,408
9	95	74	4,78
9	95	76	10,368
9	95	83	5,603
9	95	84	0,995
9	95	85	3,389
9	95	99	3,961
9	99	5	1,016
9	99	21	2,494
9	99	32	1,887
9	99	38	4,651
9	99	47	0,668
9	99	48	0,814
9	99	51	26,731
9	99	55	3,561
9	99	58	2,49
9	99	59	7,412
9	99	61	1,599
9	99	64	1,101
9	99	65	1,806
9	99	71	7,54
9	99	74	1,748
9	99	76	6,297
9	99	83	1,334
9	99	84	3,207
9	99	85	6,568
9	99	95	11,229
10	3	5	2,861
10	3	7	4,956
10	3	11	6,276
10	3	19	6,722
10	3	22	19,195
10	3	33	3,386
10	3	34	0,89
10	3	41	1,098
10	3	45	10,957
10	3	50	8,334
10	3	52	5,156
10	3	53	1,678
10	3	66	1,708
10	3	67	12,42
10	3	71	7,818
10	3	80	7,628
10	3	81	11,358
10	3	83	2,791
10	3	84	2
10	3	87	5,176
10	3	89	3,063
10	3	90	0,768
10	3	93	4,396
10	3	98	10,072
10	5	3	0,588
10	5	7	1,271
10	5	11	0,641
10	5	19	1,457
10	5	22	28,132
10	5	33	4,226
10	5	34	18,667
10	5	41	8,857
10	5	45	0,528
10	5	50	14,301
10	5	52	3,527
10	5	53	0,792
10	5	66	4,689
10	5	67	10,22
10	5	71	4,125
10	5	80	5,743
10	5	81	3,073
10	5	83	11,366
10	5	84	2,665
10	5	87	4,46
10	5	89	10,159
10	5	90	0,629
10	5	93	16,364
10	5	98	3,966
10	7	3	3,873
10	7	5	4,148
10	7	11	0,562
10	7	19	19,654
10	7	22	0,72
10	7	33	0,653
10	7	34	11,467
10	7	41	2,739
10	7	45	10,968
10	7	50	0,957
10	7	52	24,062
10	7	53	1,381
10	7	66	2,929
10	7	67	2,364
10	7	71	0,919
10	7	80	4,257
10	7	81	12,517
10	7	83	13,584
10	7	84	1,854
10	7	87	2,293
10	7	89	4,786
10	7	90	5,426
10	7	93	1,21
10	7	98	2,803
10	11	3	1,595
10	11	5	25,727
10	11	7	0,64
10	11	19	5,539
10	11	22	3,426
10	11	33	2,217
10	11	34	3,409
10	11	41	11,391
10	11	45	1,862
10	11	50	10,922
10	11	52	17,857
10	11	53	0,779
10	11	66	15,663
10	11	67	15,851
10	11	71	4,943
10	11	80	7,941
10	11	81	2,934
10	11	83	7,708
10	11	84	2,204
10	11	87	3,246
10	11	89	6,422
10	11	90	4,328
10	11	93	7,382
10	11	98	2,109
10	19	3	0,961
10	19	5	3,162
10	19	7	33,208
10	19	11	0,775
10	19	22	7,33
10	19	33	10,286
10	19	34	1,044
10	19	41	9,062
10	19	45	15,027
10	19	50	18,691
10	19	52	2,682
10	19	53	4,581
10	19	66	1,767
10	19	67	19,431
10	19	71	16,444
10	19	80	1,396
10	19	81	1,381
10	19	83	22,403
10	19	84	1,395
10	19	87	4,968
10	19	89	2,081
10	19	90	6,054
10	19	93	21,104
10	19	98	8,602
10	22	3	9,622
10	22	5	7,053
10	22	7	0,693
10	22	11	1,422
10	22	19	2,203
10	22	33	2,488
10	22	34	9,912
10	22	41	11,349
10	22	45	22,731
10	22	50	3,913
10	22	52	5,365
10	22	53	7,769
10	22	66	1,546
10	22	67	11,947
10	22	71	13,698
10	22	80	4,286
10	22	81	1,851
10	22	83	5,385
10	22	84	9,199
10	22	87	14,545
10	22	89	2,172
10	22	90	4,169
10	22	93	14,635
10	22	98	10,367
10	33	3	1,15
10	33	5	1,592
10	33	7	2,566
10	33	11	4,576
10	33	19	15,161
10	33	22	9,682
10	33	34	2,408
10	33	41	7,02
10	33	45	3,623
10	33	50	9,6
10	33	52	1,02
10	33	53	3,894
10	33	66	25,885
10	33	67	3,327
10	33	71	4,648
10	33	80	9,819
10	33	81	4,512
10	33	83	2,136
10	33	84	1,602
10	33	87	1,135
10	33	89	2,612
10	33	90	3,175
10	33	93	3,206
10	33	98	7,438
10	34	3	7,625
10	34	5	9,536
10	34	7	8,495
10	34	11	4,152
10	34	19	17,059
10	34	22	1,093
10	34	33	6,933
10	34	41	2,042
10	34	45	1,627
10	34	50	1,628
10	34	52	4,548
10	34	53	7,651
10	34	66	8,891
10	34	67	6,121
10	34	71	1,399
10	34	80	3,193
10	34	81	8,693
10	34	83	4,031
10	34	84	7,54
10	34	87	13,793
10	34	89	9,6
10	34	90	5,161
10	34	93	2,497
10	34	98	3,901
10	41	3	5,025
10	41	5	5,616
10	41	7	0,515
10	41	11	22,875
10	41	19	12,913
10	41	22	2,101
10	41	33	1,876
10	41	34	3,443
10	41	45	0,569
10	41	50	1,049
10	41	52	12,323
10	41	53	7,414
10	41	66	2,171
10	41	67	1,923
10	41	71	5,923
10	41	80	7,598
10	41	81	1,613
10	41	83	8,006
10	41	84	0,899
10	41	87	9,332
10	41	89	20,058
10	41	90	0,876
10	41	93	4,519
10	41	98	3,59
10	45	3	2,223
10	45	5	9,029
10	45	7	1,419
10	45	11	1,224
10	45	19	2,228
10	45	22	23,752
10	45	33	3,755
10	45	34	15,067
10	45	41	0,806
10	45	50	15,527
10	45	52	3,971
10	45	53	1,59
10	45	66	4,815
10	45	67	10,156
10	45	71	1,973
10	45	80	14,536
10	45	81	1,064
10	45	83	4,997
10	45	84	1,432
10	45	87	2,841
10	45	89	4,516
10	45	90	14,857
10	45	93	1,583
10	45	98	6,074
10	50	3	0,725
10	50	5	13,619
10	50	7	13,065
10	50	11	1,2
10	50	19	1,215
10	50	22	3,741
10	50	33	14,262
10	50	34	0,546
10	50	41	2,303
10	50	45	3,01
10	50	52	5,378
10	50	53	9,354
10	50	66	3,268
10	50	67	0,863
10	50	71	2,709
10	50	80	6,895
10	50	81	3,213
10	50	83	12,845
10	50	84	13,127
10	50	87	5,685
10	50	89	4,533
10	50	90	1,585
10	50	93	2,251
10	50	98	5,487
10	52	3	4,015
10	52	5	5,697
10	52	7	18,375
10	52	11	1,914
10	52	19	2,792
10	52	22	3,008
10	52	33	9,385
10	52	34	7,37
10	52	41	1,934
10	52	45	8,358
10	52	50	2,777
10	52	53	6,197
10	52	66	13,722
10	52	67	2,338
10	52	71	3,412
10	52	80	0,797
10	52	81	11,221
10	52	83	4,497
10	52	84	7,173
10	52	87	2,347
10	52	89	8,783
10	52	90	8,982
10	52	93	8,789
10	52	98	3,977
10	53	3	10,572
10	53	5	0,58
10	53	7	3,979
10	53	11	21,276
10	53	19	8,595
10	53	22	10,116
10	53	33	4,724
10	53	34	0,667
10	53	41	4,302
10	53	45	5,815
10	53	50	5,949
10	53	52	1,302
10	53	66	16,772
10	53	67	1,31
10	53	71	1,221
10	53	80	3,208
10	53	81	6,411
10	53	83	2,003
10	53	84	4,523
10	53	87	7,688
10	53	89	10,077
10	53	90	1,629
10	53	93	1,544
10	53	98	0,697
10	66	3	3,243
10	66	5	10,804
10	66	7	4,839
10	66	11	8,769
10	66	19	1,788
10	66	22	1,275
10	66	33	4,896
10	66	34	3,781
10	66	41	0,827
10	66	45	1,514
10	66	50	16,592
10	66	52	2,39
10	66	53	3,984
10	66	67	1,789
10	66	71	5,141
10	66	80	0,905
10	66	81	1,29
10	66	83	4,567
10	66	84	4,18
10	66	87	1,618
10	66	89	1,343
10	66	90	11,651
10	66	93	12,168
10	66	98	5,637
10	67	3	4,178
10	67	5	1,556
10	67	7	2,385
10	67	11	6,754
10	67	19	6,607
10	67	22	1,1
10	67	33	1,948
10	67	34	4,293
10	67	41	7,172
10	67	45	1,409
10	67	50	4,583
10	67	52	20,289
10	67	53	13,678
10	67	66	4,1
10	67	71	1,209
10	67	80	6,377
10	67	81	12,463
10	67	83	1,668
10	67	84	7,817
10	67	87	1,453
10	67	89	13,302
10	67	90	4,442
10	67	93	7,542
10	67	98	22,017
10	71	3	7,035
10	71	5	0,841
10	71	7	2,15
10	71	11	1,974
10	71	19	9,777
10	71	22	1,81
10	71	33	17,145
10	71	34	2,424
10	71	41	6,837
10	71	45	1,792
10	71	50	13,388
10	71	52	5,505
10	71	53	4,481
10	71	66	1,176
10	71	67	9,007
10	71	80	4,752
10	71	81	0,559
10	71	83	0,826
10	71	84	4,098
10	71	87	9,439
10	71	89	1,774
10	71	90	0,611
10	71	93	8,595
10	71	98	9,856
10	80	3	9,803
10	80	5	4,253
10	80	7	14,351
10	80	11	1,613
10	80	19	18,524
10	80	22	6,727
10	80	33	4,124
10	80	34	3,655
10	80	41	3,276
10	80	45	2,505
10	80	50	12,552
10	80	52	6,218
10	80	53	2,22
10	80	66	5,241
10	80	67	6,602
10	80	71	22,705
10	80	81	6,102
10	80	83	6,079
10	80	84	2,368
10	80	87	13,262
10	80	89	1,855
10	80	90	6,419
10	80	93	9,897
10	80	98	9,291
10	81	3	4,94
10	81	5	3,168
10	81	7	4,709
10	81	11	0,993
10	81	19	8,605
10	81	22	3,076
10	81	33	5,701
10	81	34	2,771
10	81	41	3,071
10	81	45	1,725
10	81	50	1,594
10	81	52	7,708
10	81	53	5,1
10	81	66	2,388
10	81	67	0,82
10	81	71	3,353
10	81	80	1,512
10	81	83	2,767
10	81	84	3,454
10	81	87	1,296
10	81	89	0,922
10	81	90	5,976
10	81	93	4,413
10	81	98	1,887
10	83	3	7,672
10	83	5	8,77
10	83	7	8,364
10	83	11	1,779
10	83	19	2,388
10	83	22	8,49
10	83	33	29,38
10	83	34	0,657
10	83	41	13,333
10	83	45	9,065
10	83	50	20,286
10	83	52	7,757
10	83	53	12,136
10	83	66	1,979
10	83	67	3,654
10	83	71	0,533
10	83	80	2,041
10	83	81	1,023
10	83	84	8,238
10	83	87	5,328
10	83	89	22,159
10	83	90	2,864
10	83	93	14,848
10	83	98	2,981
10	84	3	4,462
10	84	5	1,212
10	84	7	1,45
10	84	11	25,008
10	84	19	9,747
10	84	22	19,166
10	84	33	1,843
10	84	34	0,781
10	84	41	12,63
10	84	45	10,114
10	84	50	1,603
10	84	52	4,492
10	84	53	4,031
10	84	66	3,944
10	84	67	2,756
10	84	71	10,601
10	84	80	4,173
10	84	81	1,252
10	84	83	5,42
10	84	87	3,934
10	84	89	3,222
10	84	90	8,511
10	84	93	6,552
10	84	98	4,195
10	87	3	9,932
10	87	5	6,913
10	87	7	2,252
10	87	11	5,776
10	87	19	12,007
10	87	22	27,429
10	87	33	2,689
10	87	34	6,973
10	87	41	1,813
10	87	45	3,327
10	87	50	3,642
10	87	52	52,592
10	87	53	6,545
10	87	66	1,858
10	87	67	8,09
10	87	71	5,914
10	87	80	5,233
10	87	81	2,433
10	87	83	4,289
10	87	84	4,276
10	87	89	11,148
10	87	90	1,796
10	87	93	5,215
10	87	98	1,169
10	89	3	3,214
10	89	5	4,153
10	89	7	2,297
10	89	11	21,062
10	89	19	9,04
10	89	22	1,208
10	89	33	4,63
10	89	34	2,383
10	89	41	1,902
10	89	45	4,672
10	89	50	5,224
10	89	52	1,2
10	89	53	6,907
10	89	66	18,692
10	89	67	8,958
10	89	71	8,351
10	89	80	1,953
10	89	81	7,813
10	89	83	2,644
10	89	84	4,351
10	89	87	1,138
10	89	90	9,942
10	89	93	15,652
10	89	98	1,771
10	90	3	10,219
10	90	5	4,404
10	90	7	11,126
10	90	11	19,506
10	90	19	0,537
10	90	22	10,171
10	90	33	8,985
10	90	34	0,773
10	90	41	5,892
10	90	45	7,064
10	90	50	9,166
10	90	52	7,679
10	90	53	7,201
10	90	66	1,356
10	90	67	2,489
10	90	71	2,158
10	90	80	3,84
10	90	81	4,606
10	90	83	8,606
10	90	84	3,882
10	90	87	8,61
10	90	89	5,568
10	90	93	2,64
10	90	98	1,013
10	93	3	3,602
10	93	5	4,532
10	93	7	13,84
10	93	11	5,101
10	93	19	3,855
10	93	22	7,053
10	93	33	7,533
10	93	34	25,464
10	93	41	0,721
10	93	45	1,431
10	93	50	1,066
10	93	52	8,618
10	93	53	3,017
10	93	66	0,874
10	93	67	1,033
10	93	71	8,991
10	93	80	5,286
10	93	81	6,529
10	93	83	3,99
10	93	84	1,795
10	93	87	0,728
10	93	89	1,288
10	93	90	7,026
10	93	98	6,821
10	98	3	3,903
10	98	5	27,217
10	98	7	7,925
10	98	11	3,165
10	98	19	4,763
10	98	22	7,617
10	98	33	2,589
10	98	34	0,617
10	98	41	6,296
10	98	45	5,465
10	98	50	1,72
10	98	52	4,918
10	98	53	4,207
10	98	66	1,19
10	98	67	2,566
10	98	71	5,155
10	98	80	6,127
10	98	81	13,077
10	98	83	7,656
10	98	84	0,94
10	98	87	2,217
10	98	89	4,097
10	98	90	3,988
10	98	93	8,422

