#num jobs
100
#num machines
10

#jobId machId procTime energyCons
1	6	16,03	145,04
2	10	135,69	1238,38
2	6	7,22	65,35
2	4	6,98	39,21
3	3	71,38	721,9
4	5	2,56	35,68
4	7	32,11	295,55
4	9	81,83	174,55
5	2	141,36	1181,95
5	4	17,63	99,02
6	6	7,33	66,36
7	7	15,38	141,53
8	4	12,29	69,01
8	1	8,61	27,42
9	6	6,76	61,12
10	9	2,41	5,13
10	1	9,99	31,83
11	10	77,32	705,64
11	8	84,93	322,55
11	6	9,17	82,96
11	5	72,97	1017,22
12	5	4,72	65,74
12	3	16,89	170,77
13	2	7,4	61,88
13	4	4,64	26,06
14	6	0,17	1,55
15	2	8,45	70,62
15	3	1,95	19,77
15	5	1,27	17,73
15	10	9,96	90,89
16	4	4,37	24,53
16	5	6,46	90,02
16	6	3,83	34,67
16	9	20,63	44,01
17	1	12,2	38,86
17	2	86,46	722,86
17	6	123,32	1115,6
18	9	32,6	69,54
19	5	9,34	130,17
19	9	5,25	11,19
20	2	9,43	78,85
20	5	13,05	181,89
21	7	3,26	29,98
21	4	23,8	133,7
21	3	22,37	226,22
21	2	7	58,52
22	8	1,81	6,89
23	8	15,87	60,26
23	5	456,08	6357,73
24	4	5,03	28,23
24	6	5,45	49,29
24	7	1,53	14,05
25	6	10,39	93,96
26	1	1,59	5,07
26	2	5,3	44,34
26	4	114,69	644,16
27	8	4,08	15,49
27	3	4,26	43,06
28	9	3,74	7,98
29	5	65,52	913,35
30	10	6,37	58,13
31	10	5,86	53,51
31	9	2,84	6,06
31	7	4,03	37,12
31	5	2,42	33,76
31	4	2631,85	14782,36
32	7	157,9	1453,37
33	2	25,65	214,43
33	4	75,76	425,52
33	5	59,54	830,03
34	10	2,69	24,55
35	10	42,22	385,32
35	9	2,23	4,75
35	5	8,88	123,84
35	4	7,73	43,39
36	1	12,35	39,34
36	4	0,97	5,46
36	7	4,01	36,93
36	8	52,19	198,22
37	10	87,23	796,12
38	5	22,08	307,82
38	2	9,66	80,77
39	8	79,07	300,32
39	5	83,46	1163,49
40	4	9,47	53,21
41	8	29,51	112,07
42	8	64,86	246,34
43	9	8,44	17,99
43	6	2,15	19,42
43	5	31,59	440,42
43	1	9,33	29,74
44	10	1,76	16,1
44	9	76	162,1
44	7	33,8	311,07
44	5	19,16	267,05
45	4	1,98	11,1
46	7	22,46	206,73
46	3	11,15	112,79
46	2	3,92	32,78
47	8	4,72	17,91
47	2	16,66	139,31
47	1	7,07	22,53
48	5	10,04	139,93
48	8	12,72	48,31
49	6	8,59	77,71
50	4	3,67	20,59
50	7	16	147,25
51	8	176,24	669,33
51	9	2,27	4,84
52	9	4,6	9,81
52	8	201,79	766,38
52	5	3,69	51,47
53	9	80,03	170,7
53	6	31,14	281,67
53	4	7,62	42,79
54	7	15,79	145,37
55	2	13,15	109,99
55	7	29,9	275,19
55	8	1,55	5,9
56	2	71,41	597,09
56	4	0,19	1,05
56	10	1240,78	11323,71
57	4	23,49	131,96
58	4	27,63	155,18
59	6	26,87	243,06
60	5	2,34	32,57
61	10	18,2	166,09
61	7	5,1	46,93
61	3	62,29	629,98
61	2	34,21	286,06
62	2	0	0,02
62	6	6,34	57,39
62	7	15,47	142,37
63	9	8,38	17,88
64	9	35,27	75,23
64	7	5,56	51,21
64	2	6,18	51,69
65	1	63,57	202,56
65	2	17,06	142,68
65	9	1,85	3,95
66	1	19,21	61,22
66	3	1,97	19,9
66	4	17,47	98,1
66	8	5,3	20,11
67	9	2,09	4,46
67	8	6,83	25,95
67	2	1,53	12,78
68	10	1,58	14,38
68	5	3,89	54,24
69	10	84,12	767,67
70	3	43,82	443,19
70	8	6,98	26,5
70	10	17,79	162,37
71	4	54,11	303,93
71	10	2,88	26,24
72	8	10,7	40,65
72	6	7,05	63,78
72	5	3,05	42,53
72	4	7,68	43,16
73	9	6,26	13,36
73	4	2,64	14,84
74	10	2,36	21,51
74	9	21,84	46,58
74	5	1,65	22,98
74	2	4,87	40,71
74	1	3,25	10,36
75	10	9,66	88,17
75	2	9,21	77,02
76	5	1,37	19,04
76	1	1,05	3,35
77	9	220,58	470,49
77	6	6,26	56,67
77	4	2,45	13,79
78	4	32,48	182,42
78	7	242,18	2229,19
79	1	12,98	41,37
79	3	6,49	65,61
79	5	24,22	337,61
79	6	18,32	165,77
80	3	98,83	999,52
81	2	3,35	27,99
81	5	0,93	12,95
81	7	15,19	139,8
81	8	7,76	29,46
81	9	15,58	33,23
82	3	15,94	161,16
83	2	14,31	119,62
84	2	1502,47	12562,28
85	4	38,33	215,27
85	5	27,16	378,66
85	10	0,73	6,66
86	9	8,01	17,09
87	4	10,62	59,66
87	7	163,55	1505,4
87	9	13,06	27,85
88	9	18,95	40,43
88	3	6	60,66
89	10	29,43	268,6
89	7	196,89	1812,32
90	5	3,13	43,62
90	7	6,66	61,31
90	10	221	2016,89
91	8	29,92	113,63
91	7	4,02	36,99
91	4	3,74	21
91	2	10,47	87,53
92	7	14,3	131,64
92	10	25,07	228,78
93	9	2,39	5,09
93	2	6,07	50,75
94	10	6,07	55,37
94	9	15,92	33,96
94	5	22,31	310,95
94	3	5,76	58,27
94	2	3,24	27,1
95	10	8,3	75,76
95	4	7,05	39,59
96	8	9,01	34,22
97	7	3,29	30,27
98	3	7,74	78,31
98	4	4,37	24,52
98	7	8,04	73,99
99	10	15,45	141,02
99	6	8,73	79
99	4	5,6	31,45
99	2	3,79	31,65
100	1	792,14	2524,21
100	6	8,16	73,81
100	9	190,55	406,45

#jobId ddate weight rdate
1	886,224	31	285,923
2	479,599	45	1083,434
3	619,403	9	1596,145
4	806,673	19	408,397
5	784,255	28	243,621
6	1030,081	25	465,474
7	904,59	34	326,805
8	537,46	5	1201,427
9	498,691	24	844,649
10	1056,26	43	561,84
11	1153,499	3	1601,865
12	535,192	14	1414,554
13	485,22	29	1137,015
14	480,946	29	1388,7
15	760,91	4	451,342
16	503,099	24	1425,508
17	1031,299	38	369,462
18	968,898	31	1622,313
19	708,072	25	813,782
20	799,507	7	1761,398
21	721,747	29	786,613
22	616,919	17	996,686
23	648,573	18	581,148
24	613,592	31	1271,344
25	1104,828	21	988,501
26	472,932	21	1284,562
27	396,477	34	1795,661
28	1159,196	6	58,243
29	472,116	49	430,737
30	707,525	17	1402,56
31	992,218	33	1072,61
32	732,671	17	1244,078
33	389,244	35	335,979
34	961,651	23	1466,509
35	484,785	25	974,65
36	491,94	18	1488,776
37	556,583	37	548,661
38	447,142	49	940,403
39	738,264	20	785,233
40	747,814	16	337,874
41	658,243	27	1668,391
42	401,664	6	922,487
43	1140,756	43	868,367
44	447,831	26	195,271
45	942,172	9	487,208
46	550,158	25	1573,624
47	855,958	21	1759,692
48	880,569	24	352,197
49	846,225	4	1271,843
50	908,057	13	1792,895
51	1106,844	49	969,284
52	684,697	44	707,953
53	1100,891	2	193,95
54	689,273	17	292,042
55	768,155	10	253,756
56	552,667	13	650,876
57	1005,217	28	438,915
58	1091,893	11	1553,611
59	1082,984	36	1287,186
60	442,975	40	768,637
61	415,5	24	542,965
62	854,785	28	268,249
63	794,337	44	600,775
64	614,575	38	520,902
65	745,864	40	388,931
66	441,631	3	262,299
67	601,492	17	684,969
68	1023,399	37	1579,24
69	921,518	34	34,886
70	995,526	34	876,612
71	510,361	34	1535,137
72	559,068	43	638,803
73	1049,105	49	1603,809
74	870,161	2	1242,05
75	675,82	47	911,498
76	1005,772	32	807,4
77	696,6	28	1496,49
78	908,883	3	1436,073
79	745,113	21	387,516
80	958,439	7	1650,236
81	1079,672	42	1336,505
82	540,626	22	243,165
83	450,594	43	435,857
84	1123,519	13	388,506
85	435,389	34	1179,052
86	631,646	19	811,017
87	1002,403	29	1609,354
88	411,391	33	697,496
89	473,486	3	876,063
90	878,814	7	1371,843
91	723,568	48	211,554
92	1054,742	47	1317,089
93	526,676	19	315,453
94	786,523	11	1295,415
95	993,225	31	809,801
96	627,181	7	1104,82
97	661,595	38	264,757
98	430,673	2	1703,363
99	818,079	18	1559,322
100	534,435	32	156,66

#machId jobPred jobSucc setupTime
1	8	10	2,781
1	8	17	2,354
1	8	26	14,016
1	8	36	5,876
1	8	43	7,686
1	8	47	28,396
1	8	65	0,508
1	8	66	1,87
1	8	74	2,165
1	8	76	22,531
1	8	79	2,702
1	8	100	5,306
1	10	8	2,446
1	10	17	6,639
1	10	26	10,48
1	10	36	0,541
1	10	43	18,447
1	10	47	18,2
1	10	65	3,354
1	10	66	1,015
1	10	74	4,279
1	10	76	1,334
1	10	79	0,81
1	10	100	2,869
1	17	8	5,958
1	17	10	2,282
1	17	26	17,84
1	17	36	1,063
1	17	43	18,02
1	17	47	3,336
1	17	65	0,703
1	17	66	1,929
1	17	74	7,6
1	17	76	3,621
1	17	79	12,663
1	17	100	8,145
1	26	8	12,251
1	26	10	16,749
1	26	17	12,564
1	26	36	25,294
1	26	43	2,651
1	26	47	2,824
1	26	65	9,851
1	26	66	3,135
1	26	74	0,676
1	26	76	4,152
1	26	79	1,862
1	26	100	0,842
1	36	8	4,15
1	36	10	5,4
1	36	17	15,589
1	36	26	9,748
1	36	43	7,559
1	36	47	11,001
1	36	65	7,478
1	36	66	3,954
1	36	74	2,301
1	36	76	13,409
1	36	79	2,407
1	36	100	11,292
1	43	8	2,261
1	43	10	11,196
1	43	17	2,57
1	43	26	3,4
1	43	36	9,994
1	43	47	1,246
1	43	65	7,309
1	43	66	0,727
1	43	74	1,729
1	43	76	6,632
1	43	79	4,174
1	43	100	5,682
1	47	8	1,301
1	47	10	12,485
1	47	17	0,508
1	47	26	4,964
1	47	36	6,8
1	47	43	1,151
1	47	65	6,425
1	47	66	4,33
1	47	74	1,923
1	47	76	2,185
1	47	79	2,872
1	47	100	21,114
1	65	8	3,366
1	65	10	11,092
1	65	17	1,697
1	65	26	15,112
1	65	36	4,575
1	65	43	1,192
1	65	47	7,856
1	65	66	25,298
1	65	74	4,601
1	65	76	7,075
1	65	79	3,941
1	65	100	1,643
1	66	8	0,656
1	66	10	16,198
1	66	17	0,738
1	66	26	1,651
1	66	36	12,829
1	66	43	2,968
1	66	47	1,638
1	66	65	3,495
1	66	74	2,297
1	66	76	2,167
1	66	79	3,392
1	66	100	3,275
1	74	8	13,269
1	74	10	1,097
1	74	17	3,518
1	74	26	1,956
1	74	36	11,663
1	74	43	8,218
1	74	47	8,883
1	74	65	16,406
1	74	66	1,026
1	74	76	5,897
1	74	79	2,22
1	74	100	5,426
1	76	8	0,98
1	76	10	1,855
1	76	17	31,557
1	76	26	2,123
1	76	36	1,308
1	76	43	8,592
1	76	47	12,656
1	76	65	5,703
1	76	66	16,532
1	76	74	1,155
1	76	79	0,748
1	76	100	1,84
1	79	8	1,879
1	79	10	2,18
1	79	17	3,229
1	79	26	2,594
1	79	36	14,934
1	79	43	8,735
1	79	47	1,888
1	79	65	1,474
1	79	66	14,649
1	79	74	4,558
1	79	76	4,561
1	79	100	6,962
1	100	8	4,178
1	100	10	6,226
1	100	17	14,367
1	100	26	7,225
1	100	36	4,079
1	100	43	0,999
1	100	47	5,091
1	100	65	5,982
1	100	66	0,525
1	100	74	6,395
1	100	76	5,456
1	100	79	1,638
2	5	13	0,738
2	5	15	1,24
2	5	17	1,983
2	5	20	4,199
2	5	21	0,711
2	5	26	11,04
2	5	33	1,686
2	5	38	23,719
2	5	46	6,855
2	5	47	2,02
2	5	55	11,024
2	5	56	3,825
2	5	61	1,049
2	5	62	3,62
2	5	64	7,807
2	5	65	1,419
2	5	67	0,535
2	5	74	0,6
2	5	75	3,535
2	5	81	0,965
2	5	83	7,895
2	5	84	1,9
2	5	91	1,119
2	5	93	1,089
2	5	94	15,977
2	5	99	10,833
2	13	5	6,152
2	13	15	1,504
2	13	17	6,331
2	13	20	1,874
2	13	21	2,813
2	13	26	1,282
2	13	33	2,952
2	13	38	1,621
2	13	46	1,97
2	13	47	16,45
2	13	55	2,84
2	13	56	2,341
2	13	61	6,748
2	13	62	11,775
2	13	64	1,128
2	13	65	7,684
2	13	67	2,864
2	13	74	24,677
2	13	75	3,926
2	13	81	1,385
2	13	83	1,322
2	13	84	2,829
2	13	91	1,034
2	13	93	6,91
2	13	94	1,962
2	13	99	4,403
2	15	5	3,071
2	15	13	10,036
2	15	17	13,822
2	15	20	4,072
2	15	21	2,596
2	15	26	15,632
2	15	33	1,309
2	15	38	4,398
2	15	46	2,057
2	15	47	1,053
2	15	55	0,604
2	15	56	1,444
2	15	61	1,7
2	15	62	4,359
2	15	64	8,18
2	15	65	3,598
2	15	67	1,569
2	15	74	0,742
2	15	75	1,697
2	15	81	18,43
2	15	83	3,239
2	15	84	17,628
2	15	91	1,337
2	15	93	7,96
2	15	94	12,439
2	15	99	6,152
2	17	5	3,703
2	17	13	7,914
2	17	15	2,913
2	17	20	13,495
2	17	21	0,881
2	17	26	4,245
2	17	33	1,198
2	17	38	4,072
2	17	46	6,788
2	17	47	1,423
2	17	55	3,466
2	17	56	24,209
2	17	61	8,083
2	17	62	1,343
2	17	64	7,218
2	17	65	3,624
2	17	67	2,668
2	17	74	1,222
2	17	75	2,006
2	17	81	4,022
2	17	83	0,534
2	17	84	10,685
2	17	91	3,568
2	17	93	3,932
2	17	94	1,779
2	17	99	7,572
2	20	5	1,423
2	20	13	3,875
2	20	15	1,486
2	20	17	25,795
2	20	21	2,974
2	20	26	9,152
2	20	33	8,352
2	20	38	0,647
2	20	46	1,81
2	20	47	16,795
2	20	55	1,703
2	20	56	2,886
2	20	61	3,146
2	20	62	6,735
2	20	64	1,118
2	20	65	2,413
2	20	67	3,403
2	20	74	2,123
2	20	75	1,027
2	20	81	12,906
2	20	83	2,911
2	20	84	2,606
2	20	91	7,33
2	20	93	4,004
2	20	94	4,925
2	20	99	5,403
2	21	5	6,1
2	21	13	31,453
2	21	15	15,833
2	21	17	11,834
2	21	20	21,681
2	21	26	6,864
2	21	33	0,905
2	21	38	4,734
2	21	46	10,362
2	21	47	4,038
2	21	55	5,121
2	21	56	25,888
2	21	61	1,354
2	21	62	2,027
2	21	64	2,303
2	21	65	5,729
2	21	67	8,752
2	21	74	4,385
2	21	75	2,108
2	21	81	1,319
2	21	83	0,721
2	21	84	6,502
2	21	91	0,575
2	21	93	5,075
2	21	94	2,761
2	21	99	4,834
2	26	5	3,486
2	26	13	1,773
2	26	15	3,266
2	26	17	4,811
2	26	20	2,166
2	26	21	1,233
2	26	33	1,785
2	26	38	2,128
2	26	46	1,262
2	26	47	1,971
2	26	55	10,84
2	26	56	2,306
2	26	61	6,529
2	26	62	4,304
2	26	64	1,434
2	26	65	1,485
2	26	67	9,013
2	26	74	9,699
2	26	75	2,515
2	26	81	6,25
2	26	83	0,67
2	26	84	2,541
2	26	91	2,675
2	26	93	2,628
2	26	94	0,718
2	26	99	16,811
2	33	5	8,097
2	33	13	8,596
2	33	15	25,126
2	33	17	6,668
2	33	20	25,883
2	33	21	0,682
2	33	26	1,511
2	33	38	13,293
2	33	46	6,729
2	33	47	1,97
2	33	55	12,123
2	33	56	1,759
2	33	61	5,327
2	33	62	9,127
2	33	64	1,138
2	33	65	10,123
2	33	67	2,127
2	33	74	5,3
2	33	75	2,212
2	33	81	4,635
2	33	83	4,577
2	33	84	10,137
2	33	91	15,681
2	33	93	4,648
2	33	94	1,217
2	33	99	13,714
2	38	5	9,035
2	38	13	31,515
2	38	15	1,01
2	38	17	19,401
2	38	20	2,692
2	38	21	11,662
2	38	26	13,776
2	38	33	10,518
2	38	46	1,976
2	38	47	15,709
2	38	55	1,93
2	38	56	3,538
2	38	61	6,416
2	38	62	22,353
2	38	64	0,813
2	38	65	4,615
2	38	67	0,817
2	38	74	3,101
2	38	75	2,72
2	38	81	3,073
2	38	83	2,569
2	38	84	12,862
2	38	91	11,111
2	38	93	3,78
2	38	94	3,458
2	38	99	2,215
2	46	5	1,859
2	46	13	0,751
2	46	15	4,963
2	46	17	6,054
2	46	20	15,455
2	46	21	2,687
2	46	26	4,192
2	46	33	24,997
2	46	38	4,359
2	46	47	4,467
2	46	55	0,682
2	46	56	0,962
2	46	61	1,452
2	46	62	2,78
2	46	64	3,489
2	46	65	16,689
2	46	67	31,624
2	46	74	8,515
2	46	75	4,096
2	46	81	8,017
2	46	83	6,821
2	46	84	4,157
2	46	91	10,056
2	46	93	0,606
2	46	94	9,929
2	46	99	4,651
2	47	5	1,471
2	47	13	6,991
2	47	15	3,302
2	47	17	5,23
2	47	20	3,962
2	47	21	9,872
2	47	26	6,953
2	47	33	0,968
2	47	38	1,187
2	47	46	13,414
2	47	55	10,081
2	47	56	2,18
2	47	61	0,674
2	47	62	2,37
2	47	64	14,47
2	47	65	0,911
2	47	67	3,339
2	47	74	1,778
2	47	75	1,231
2	47	81	1,501
2	47	83	0,898
2	47	84	0,815
2	47	91	2,909
2	47	93	0,684
2	47	94	7,674
2	47	99	11,395
2	55	5	1,745
2	55	13	0,93
2	55	15	0,852
2	55	17	6,852
2	55	20	6,529
2	55	21	8,154
2	55	26	6,93
2	55	33	5,228
2	55	38	8,28
2	55	46	4,943
2	55	47	1,906
2	55	56	9,491
2	55	61	17,094
2	55	62	4,539
2	55	64	2,716
2	55	65	6,409
2	55	67	4,824
2	55	74	1,211
2	55	75	22,377
2	55	81	5,496
2	55	83	3,017
2	55	84	13,033
2	55	91	2,922
2	55	93	1,984
2	55	94	17,761
2	55	99	1,115
2	56	5	9,607
2	56	13	1,486
2	56	15	13,482
2	56	17	2,047
2	56	20	2,316
2	56	21	7,284
2	56	26	5,052
2	56	33	4,857
2	56	38	2,761
2	56	46	6,827
2	56	47	11,291
2	56	55	7,481
2	56	61	4,052
2	56	62	2,829
2	56	64	1,102
2	56	65	5,472
2	56	67	2,693
2	56	74	8,941
2	56	75	4,403
2	56	81	11,995
2	56	83	9,388
2	56	84	0,703
2	56	91	3,702
2	56	93	2,465
2	56	94	3,555
2	56	99	4,946
2	61	5	7,888
2	61	13	3,756
2	61	15	0,817
2	61	17	3,108
2	61	20	0,605
2	61	21	5,753
2	61	26	5,06
2	61	33	13,369
2	61	38	3,395
2	61	46	4,272
2	61	47	27,753
2	61	55	16,712
2	61	56	1,622
2	61	62	6,404
2	61	64	5,888
2	61	65	4,668
2	61	67	0,915
2	61	74	1,791
2	61	75	15,788
2	61	81	7,775
2	61	83	13,767
2	61	84	5,279
2	61	91	2,172
2	61	93	6,634
2	61	94	9,311
2	61	99	9,005
2	62	5	8,33
2	62	13	1,172
2	62	15	4,047
2	62	17	3,046
2	62	20	3,556
2	62	21	2,777
2	62	26	8,858
2	62	33	5,402
2	62	38	4,849
2	62	46	2,273
2	62	47	0,755
2	62	55	1,597
2	62	56	4,337
2	62	61	7,267
2	62	64	10,683
2	62	65	0,686
2	62	67	3,271
2	62	74	1,209
2	62	75	3,017
2	62	81	3,846
2	62	83	10,972
2	62	84	0,509
2	62	91	4,941
2	62	93	7,918
2	62	94	9,704
2	62	99	1,314
2	64	5	10,937
2	64	13	5,846
2	64	15	2,366
2	64	17	1,343
2	64	20	9,609
2	64	21	8,537
2	64	26	4,697
2	64	33	3,809
2	64	38	5,86
2	64	46	7,348
2	64	47	4,231
2	64	55	3,082
2	64	56	0,851
2	64	61	4,767
2	64	62	7,564
2	64	65	0,596
2	64	67	10,673
2	64	74	6,948
2	64	75	2,067
2	64	81	2,463
2	64	83	3,48
2	64	84	6,247
2	64	91	3,227
2	64	93	9,606
2	64	94	2,202
2	64	99	15,442
2	65	5	14,089
2	65	13	2,748
2	65	15	1,584
2	65	17	5,833
2	65	20	4,256
2	65	21	2,669
2	65	26	4,864
2	65	33	6,297
2	65	38	1,405
2	65	46	6,318
2	65	47	7,016
2	65	55	5,017
2	65	56	1,77
2	65	61	4,411
2	65	62	0,908
2	65	64	4,393
2	65	67	2,101
2	65	74	2,734
2	65	75	12,442
2	65	81	6,483
2	65	83	11,109
2	65	84	11,608
2	65	91	0,981
2	65	93	7,845
2	65	94	14,224
2	65	99	5,057
2	67	5	1,596
2	67	13	1,201
2	67	15	5,753
2	67	17	8,948
2	67	20	1,732
2	67	21	2,874
2	67	26	12,42
2	67	33	2,958
2	67	38	1,583
2	67	46	3,933
2	67	47	21,996
2	67	55	2,71
2	67	56	4,491
2	67	61	32,154
2	67	62	3,175
2	67	64	6,128
2	67	65	2,135
2	67	74	7,261
2	67	75	0,993
2	67	81	0,763
2	67	83	17,533
2	67	84	2,703
2	67	91	4,583
2	67	93	1,616
2	67	94	6,492
2	67	99	7,141
2	74	5	45,646
2	74	13	7,205
2	74	15	3,357
2	74	17	0,598
2	74	20	2,238
2	74	21	7,056
2	74	26	3,824
2	74	33	3,386
2	74	38	8,609
2	74	46	2,002
2	74	47	17,955
2	74	55	4,583
2	74	56	9,02
2	74	61	2,301
2	74	62	2,559
2	74	64	4,793
2	74	65	19,138
2	74	67	5,855
2	74	75	1,423
2	74	81	1,102
2	74	83	9,506
2	74	84	2,612
2	74	91	14,315
2	74	93	2,363
2	74	94	8,802
2	74	99	13,473
2	75	5	1,342
2	75	13	24,335
2	75	15	5,366
2	75	17	2,515
2	75	20	0,678
2	75	21	9,501
2	75	26	0,69
2	75	33	5,997
2	75	38	1,223
2	75	46	11,94
2	75	47	8,305
2	75	55	5,5
2	75	56	4,838
2	75	61	4,166
2	75	62	2,398
2	75	64	5,335
2	75	65	3,977
2	75	67	11,895
2	75	74	8,528
2	75	81	5,281
2	75	83	2,445
2	75	84	8,207
2	75	91	1,42
2	75	93	2,616
2	75	94	1,302
2	75	99	6,472
2	81	5	2,615
2	81	13	0,841
2	81	15	7,772
2	81	17	5,459
2	81	20	10,75
2	81	21	4,59
2	81	26	1,041
2	81	33	3,834
2	81	38	11,162
2	81	46	27,106
2	81	47	6,907
2	81	55	11,305
2	81	56	8,109
2	81	61	11,115
2	81	62	11,348
2	81	64	12,591
2	81	65	11,872
2	81	67	10,477
2	81	74	6,82
2	81	75	15,849
2	81	83	14,281
2	81	84	0,632
2	81	91	8,891
2	81	93	0,571
2	81	94	18,753
2	81	99	3,052
2	83	5	5,352
2	83	13	11,066
2	83	15	14,854
2	83	17	18,273
2	83	20	1,345
2	83	21	5,334
2	83	26	3,662
2	83	33	6,92
2	83	38	10,976
2	83	46	6,067
2	83	47	0,9
2	83	55	8,436
2	83	56	26,985
2	83	61	7,145
2	83	62	3,964
2	83	64	1,697
2	83	65	14,757
2	83	67	1,396
2	83	74	1,962
2	83	75	10,734
2	83	81	1,963
2	83	84	6,005
2	83	91	5,298
2	83	93	5,045
2	83	94	4,702
2	83	99	7,003
2	84	5	3,232
2	84	13	0,932
2	84	15	2,135
2	84	17	2,751
2	84	20	16,063
2	84	21	9,03
2	84	26	2,005
2	84	33	6,337
2	84	38	6,125
2	84	46	9,531
2	84	47	14,939
2	84	55	3,457
2	84	56	5,392
2	84	61	18,674
2	84	62	2,288
2	84	64	36,991
2	84	65	6,249
2	84	67	3,494
2	84	74	6,208
2	84	75	5,333
2	84	81	1,412
2	84	83	1,341
2	84	91	15,161
2	84	93	1,737
2	84	94	11,077
2	84	99	2,804
2	91	5	1,692
2	91	13	2,508
2	91	15	2,426
2	91	17	9,56
2	91	20	3,007
2	91	21	9,311
2	91	26	3,493
2	91	33	1,596
2	91	38	2,765
2	91	46	0,978
2	91	47	2,092
2	91	55	1,532
2	91	56	3,458
2	91	61	4,176
2	91	62	1,005
2	91	64	6,77
2	91	65	2,963
2	91	67	2,277
2	91	74	6,873
2	91	75	13,567
2	91	81	37,755
2	91	83	5,019
2	91	84	27,495
2	91	93	3,303
2	91	94	5,845
2	91	99	4,011
2	93	5	8,47
2	93	13	3,67
2	93	15	1,517
2	93	17	3,399
2	93	20	1,67
2	93	21	12,999
2	93	26	1,484
2	93	33	11,507
2	93	38	0,548
2	93	46	5,392
2	93	47	5,292
2	93	55	12,102
2	93	56	2,465
2	93	61	1,45
2	93	62	1,643
2	93	64	1,492
2	93	65	6,543
2	93	67	7,324
2	93	74	12,164
2	93	75	1,164
2	93	81	1,558
2	93	83	8,679
2	93	84	8,261
2	93	91	1,372
2	93	94	1,031
2	93	99	5,758
2	94	5	2,953
2	94	13	9,757
2	94	15	6,251
2	94	17	0,678
2	94	20	0,519
2	94	21	4,478
2	94	26	11,172
2	94	33	5,389
2	94	38	6,168
2	94	46	2,17
2	94	47	9,228
2	94	55	5,205
2	94	56	3,057
2	94	61	14,67
2	94	62	7,476
2	94	64	3,144
2	94	65	2,123
2	94	67	9,302
2	94	74	4,354
2	94	75	1,892
2	94	81	15,333
2	94	83	4,379
2	94	84	6,689
2	94	91	1,393
2	94	93	8,067
2	94	99	0,569
2	99	5	0,557
2	99	13	18,629
2	99	15	1,378
2	99	17	1,984
2	99	20	14,387
2	99	21	5,796
2	99	26	4,897
2	99	33	0,866
2	99	38	19,824
2	99	46	2,991
2	99	47	8,395
2	99	55	1,407
2	99	56	5,206
2	99	61	8,088
2	99	62	7,638
2	99	64	2,095
2	99	65	4,35
2	99	67	14,901
2	99	74	4,409
2	99	75	9,39
2	99	81	11,382
2	99	83	1,448
2	99	84	1,621
2	99	91	7,369
2	99	93	2,953
2	99	94	0,823
3	3	12	15,549
3	3	15	3,051
3	3	21	3,158
3	3	27	7,734
3	3	46	6,661
3	3	61	0,824
3	3	66	9,521
3	3	70	30,211
3	3	79	7,244
3	3	80	13,196
3	3	82	12,57
3	3	88	7,637
3	3	94	0,74
3	3	98	9,536
3	12	3	5,97
3	12	15	5,36
3	12	21	11,057
3	12	27	4,471
3	12	46	13,92
3	12	61	2,68
3	12	66	9,138
3	12	70	3,701
3	12	79	3,254
3	12	80	0,934
3	12	82	0,666
3	12	88	3,032
3	12	94	14,014
3	12	98	1,814
3	15	3	8,407
3	15	12	8,732
3	15	21	1,545
3	15	27	1,738
3	15	46	7,673
3	15	61	1,52
3	15	66	6,842
3	15	70	3,219
3	15	79	0,592
3	15	80	7,057
3	15	82	10,572
3	15	88	14,137
3	15	94	1,776
3	15	98	4,594
3	21	3	2,38
3	21	12	0,788
3	21	15	20,664
3	21	27	2,396
3	21	46	2,763
3	21	61	2,961
3	21	66	8,437
3	21	70	10,934
3	21	79	28,687
3	21	80	2,665
3	21	82	0,631
3	21	88	46,853
3	21	94	15,797
3	21	98	11,039
3	27	3	1,636
3	27	12	13,554
3	27	15	6,269
3	27	21	7,417
3	27	46	0,841
3	27	61	6,568
3	27	66	6,369
3	27	70	2,063
3	27	79	24,165
3	27	80	1,457
3	27	82	2,757
3	27	88	14,905
3	27	94	3,831
3	27	98	1,563
3	46	3	5,195
3	46	12	2,556
3	46	15	0,663
3	46	21	5,838
3	46	27	2,851
3	46	61	23,632
3	46	66	8,321
3	46	70	1,828
3	46	79	10,117
3	46	80	3,685
3	46	82	4,636
3	46	88	5,396
3	46	94	1,312
3	46	98	1,948
3	61	3	23,144
3	61	12	18,022
3	61	15	10,636
3	61	21	5,312
3	61	27	6,019
3	61	46	9,334
3	61	66	24,838
3	61	70	3,574
3	61	79	1,089
3	61	80	6,098
3	61	82	3,212
3	61	88	18,509
3	61	94	38,599
3	61	98	32,547
3	66	3	15,602
3	66	12	4,426
3	66	15	4,129
3	66	21	4,344
3	66	27	0,683
3	66	46	16,703
3	66	61	1,077
3	66	70	3,434
3	66	79	8,18
3	66	80	3,916
3	66	82	9,468
3	66	88	8,16
3	66	94	10,886
3	66	98	1,61
3	70	3	1,659
3	70	12	1,774
3	70	15	1,682
3	70	21	6,454
3	70	27	4,312
3	70	46	3,723
3	70	61	2,277
3	70	66	22,712
3	70	79	4,236
3	70	80	5,021
3	70	82	3,749
3	70	88	1,693
3	70	94	2,273
3	70	98	5,179
3	79	3	8,222
3	79	12	8,361
3	79	15	11,669
3	79	21	0,61
3	79	27	4,96
3	79	46	2,901
3	79	61	0,514
3	79	66	2,417
3	79	70	0,877
3	79	80	3,909
3	79	82	5,907
3	79	88	1,91
3	79	94	0,607
3	79	98	6,55
3	80	3	9,941
3	80	12	9,819
3	80	15	6,519
3	80	21	3,393
3	80	27	3,925
3	80	46	1,015
3	80	61	1,653
3	80	66	9,574
3	80	70	7,726
3	80	79	8,132
3	80	82	11,569
3	80	88	3,399
3	80	94	9,384
3	80	98	7,578
3	82	3	4,99
3	82	12	13,676
3	82	15	8,248
3	82	21	1,921
3	82	27	0,778
3	82	46	1,856
3	82	61	11,987
3	82	66	0,852
3	82	70	3,588
3	82	79	3,074
3	82	80	5,717
3	82	88	0,692
3	82	94	7,669
3	82	98	1,741
3	88	3	2,577
3	88	12	1,496
3	88	15	5,815
3	88	21	1,426
3	88	27	6,472
3	88	46	1,327
3	88	61	7,357
3	88	66	5,528
3	88	70	3,823
3	88	79	2,652
3	88	80	5,733
3	88	82	2,627
3	88	94	5,938
3	88	98	8,191
3	94	3	20,721
3	94	12	7,012
3	94	15	8,813
3	94	21	4,348
3	94	27	1,934
3	94	46	0,868
3	94	61	3,533
3	94	66	13,161
3	94	70	3,626
3	94	79	30,508
3	94	80	37,255
3	94	82	13,8
3	94	88	1,348
3	94	98	4,584
3	98	3	7,687
3	98	12	0,702
3	98	15	2,668
3	98	21	4,513
3	98	27	0,569
3	98	46	3,906
3	98	61	3,944
3	98	66	0,931
3	98	70	31,961
3	98	79	11,112
3	98	80	0,527
3	98	82	8,982
3	98	88	0,705
3	98	94	25,115
4	2	5	6,522
4	2	8	1,165
4	2	13	5,355
4	2	16	2,387
4	2	21	4,655
4	2	24	3,841
4	2	26	0,918
4	2	31	7,85
4	2	33	7,16
4	2	35	1,51
4	2	36	6,337
4	2	40	6,797
4	2	45	1,145
4	2	50	3,591
4	2	53	1,679
4	2	56	4,935
4	2	57	1,812
4	2	58	3,814
4	2	66	8,787
4	2	71	0,581
4	2	72	2,329
4	2	73	2,932
4	2	77	0,976
4	2	78	18,262
4	2	85	12,587
4	2	87	9,251
4	2	91	16,894
4	2	95	5,453
4	2	98	2,856
4	2	99	7,373
4	5	2	6,151
4	5	8	0,888
4	5	13	17,039
4	5	16	0,592
4	5	21	2,539
4	5	24	9,753
4	5	26	3,052
4	5	31	1,197
4	5	33	6,22
4	5	35	4,553
4	5	36	5,163
4	5	40	2,119
4	5	45	9,637
4	5	50	2,451
4	5	53	7,26
4	5	56	6,214
4	5	57	19,266
4	5	58	8,929
4	5	66	8,233
4	5	71	5,347
4	5	72	5,365
4	5	73	16,471
4	5	77	3,451
4	5	78	2,222
4	5	85	3,688
4	5	87	0,6
4	5	91	36,585
4	5	95	4,403
4	5	98	15,253
4	5	99	1,478
4	8	2	16,42
4	8	5	1,045
4	8	13	1,032
4	8	16	1,032
4	8	21	0,527
4	8	24	1,034
4	8	26	5,35
4	8	31	17,504
4	8	33	2,205
4	8	35	5,17
4	8	36	6,062
4	8	40	1,774
4	8	45	9,251
4	8	50	2,092
4	8	53	3,614
4	8	56	1,763
4	8	57	1,937
4	8	58	18,03
4	8	66	0,768
4	8	71	0,705
4	8	72	6,262
4	8	73	1,369
4	8	77	6,551
4	8	78	5,773
4	8	85	2,064
4	8	87	1,481
4	8	91	4,526
4	8	95	3,271
4	8	98	1,382
4	8	99	8,228
4	13	2	2,344
4	13	5	74,754
4	13	8	9,715
4	13	16	0,503
4	13	21	7,827
4	13	24	3,019
4	13	26	0,993
4	13	31	3,426
4	13	33	47,127
4	13	35	2,306
4	13	36	11,26
4	13	40	4,428
4	13	45	1,427
4	13	50	1,284
4	13	53	1,4
4	13	56	0,858
4	13	57	6,714
4	13	58	5,367
4	13	66	11,391
4	13	71	6,32
4	13	72	9,38
4	13	73	5,799
4	13	77	7,69
4	13	78	7,227
4	13	85	7,304
4	13	87	9,228
4	13	91	12,827
4	13	95	10,296
4	13	98	10,777
4	13	99	4,539
4	16	2	2,462
4	16	5	12,868
4	16	8	6,421
4	16	13	1,69
4	16	21	1,144
4	16	24	19,409
4	16	26	1,243
4	16	31	1,779
4	16	33	2,516
4	16	35	6,12
4	16	36	8,119
4	16	40	3,531
4	16	45	3,151
4	16	50	0,622
4	16	53	5,311
4	16	56	4,118
4	16	57	20,367
4	16	58	15,435
4	16	66	7,592
4	16	71	13,762
4	16	72	1,076
4	16	73	7,506
4	16	77	6,638
4	16	78	2,032
4	16	85	4,703
4	16	87	0,801
4	16	91	0,609
4	16	95	6,108
4	16	98	3,799
4	16	99	1,517
4	21	2	3,821
4	21	5	1,187
4	21	8	6,031
4	21	13	5,21
4	21	16	1,416
4	21	24	4,847
4	21	26	0,969
4	21	31	8,611
4	21	33	5,758
4	21	35	13,497
4	21	36	3,664
4	21	40	3,195
4	21	45	1,432
4	21	50	1,479
4	21	53	6,374
4	21	56	3,805
4	21	57	13,281
4	21	58	9,427
4	21	66	12,931
4	21	71	21,982
4	21	72	7
4	21	73	6,326
4	21	77	0,573
4	21	78	8,974
4	21	85	15,073
4	21	87	3,101
4	21	91	3,712
4	21	95	4,605
4	21	98	13,727
4	21	99	8,209
4	24	2	5,515
4	24	5	1,727
4	24	8	12,029
4	24	13	3,097
4	24	16	5,764
4	24	21	12,653
4	24	26	12,998
4	24	31	3,79
4	24	33	5,29
4	24	35	0,539
4	24	36	12,31
4	24	40	3,16
4	24	45	4,832
4	24	50	18,417
4	24	53	3,291
4	24	56	18,181
4	24	57	0,884
4	24	58	2,502
4	24	66	1,635
4	24	71	3,006
4	24	72	3,444
4	24	73	0,595
4	24	77	0,623
4	24	78	8,279
4	24	85	5,467
4	24	87	6,543
4	24	91	1,017
4	24	95	1,282
4	24	98	14,008
4	24	99	7,227
4	26	2	1,819
4	26	5	8,736
4	26	8	33,52
4	26	13	8,024
4	26	16	6,798
4	26	21	11,883
4	26	24	9,806
4	26	31	19,28
4	26	33	4,591
4	26	35	8,095
4	26	36	1,036
4	26	40	2,044
4	26	45	14,185
4	26	50	6,966
4	26	53	10,928
4	26	56	4,472
4	26	57	7,686
4	26	58	6,2
4	26	66	11,757
4	26	71	31,317
4	26	72	11,771
4	26	73	9,66
4	26	77	6,08
4	26	78	16,582
4	26	85	3,548
4	26	87	4,671
4	26	91	7,673
4	26	95	16,328
4	26	98	2,355
4	26	99	1,459
4	31	2	3,426
4	31	5	0,943
4	31	8	4,737
4	31	13	3,802
4	31	16	4,507
4	31	21	3,319
4	31	24	3,491
4	31	26	1,14
4	31	33	7,08
4	31	35	2,349
4	31	36	2,379
4	31	40	2,18
4	31	45	7,978
4	31	50	0,651
4	31	53	3,58
4	31	56	5,407
4	31	57	9,755
4	31	58	4,477
4	31	66	8,553
4	31	71	0,538
4	31	72	0,698
4	31	73	3,52
4	31	77	4,101
4	31	78	0,831
4	31	85	5,891
4	31	87	0,796
4	31	91	4,927
4	31	95	4,074
4	31	98	8,937
4	31	99	7,058
4	33	2	0,946
4	33	5	0,574
4	33	8	4,167
4	33	13	8,975
4	33	16	2,364
4	33	21	4,454
4	33	24	7,374
4	33	26	2,995
4	33	31	2,546
4	33	35	3,928
4	33	36	23,743
4	33	40	2,984
4	33	45	11,471
4	33	50	3,876
4	33	53	8,193
4	33	56	0,756
4	33	57	7,237
4	33	58	3,674
4	33	66	3,941
4	33	71	12,77
4	33	72	1,678
4	33	73	5,888
4	33	77	1,345
4	33	78	13,472
4	33	85	3,204
4	33	87	2,923
4	33	91	6,799
4	33	95	4,731
4	33	98	1,065
4	33	99	9,218
4	35	2	17,739
4	35	5	3,97
4	35	8	2,062
4	35	13	5,828
4	35	16	2,665
4	35	21	2,826
4	35	24	0,728
4	35	26	5,13
4	35	31	4,339
4	35	33	6,027
4	35	36	1,175
4	35	40	6,321
4	35	45	4,075
4	35	50	19,088
4	35	53	23,542
4	35	56	3,966
4	35	57	0,652
4	35	58	1,37
4	35	66	3,157
4	35	71	0,862
4	35	72	1,264
4	35	73	3,779
4	35	77	2,542
4	35	78	10,349
4	35	85	2,899
4	35	87	3,888
4	35	91	5,855
4	35	95	2,97
4	35	98	0,995
4	35	99	25,65
4	36	2	19,494
4	36	5	1,89
4	36	8	2,68
4	36	13	4,115
4	36	16	1,89
4	36	21	7,991
4	36	24	28,512
4	36	26	21,76
4	36	31	1,899
4	36	33	8,742
4	36	35	3,093
4	36	40	3,421
4	36	45	0,593
4	36	50	5,764
4	36	53	0,606
4	36	56	3,06
4	36	57	1,608
4	36	58	2,454
4	36	66	3,849
4	36	71	2,123
4	36	72	2,998
4	36	73	0,852
4	36	77	7,154
4	36	78	0,88
4	36	85	7,794
4	36	87	0,639
4	36	91	6,162
4	36	95	6,981
4	36	98	3,548
4	36	99	11,146
4	40	2	4,501
4	40	5	6,204
4	40	8	7,892
4	40	13	1,374
4	40	16	0,886
4	40	21	26,068
4	40	24	9,652
4	40	26	2,114
4	40	31	5,468
4	40	33	12,307
4	40	35	2,809
4	40	36	6,026
4	40	45	12,726
4	40	50	2,903
4	40	53	2,628
4	40	56	12,494
4	40	57	8,864
4	40	58	6,871
4	40	66	4,547
4	40	71	4,708
4	40	72	24,116
4	40	73	1,501
4	40	77	20,364
4	40	78	2,012
4	40	85	0,995
4	40	87	7,485
4	40	91	10,5
4	40	95	5,183
4	40	98	4,429
4	40	99	3,926
4	45	2	3,093
4	45	5	6,45
4	45	8	10,087
4	45	13	12,609
4	45	16	14,225
4	45	21	7,445
4	45	24	6,011
4	45	26	16,548
4	45	31	1,674
4	45	33	1,269
4	45	35	1,02
4	45	36	8,491
4	45	40	2,444
4	45	50	21,822
4	45	53	9,189
4	45	56	7,883
4	45	57	2,17
4	45	58	5,249
4	45	66	3,683
4	45	71	2,013
4	45	72	4,659
4	45	73	1,497
4	45	77	8,583
4	45	78	6,337
4	45	85	0,582
4	45	87	19,764
4	45	91	3,417
4	45	95	2,369
4	45	98	5,096
4	45	99	8,737
4	50	2	1,948
4	50	5	6,794
4	50	8	2,437
4	50	13	5,501
4	50	16	2,703
4	50	21	10,373
4	50	24	2,667
4	50	26	19,079
4	50	31	1,195
4	50	33	1,144
4	50	35	19,627
4	50	36	10,233
4	50	40	5,299
4	50	45	5,022
4	50	53	11,957
4	50	56	1,04
4	50	57	2,833
4	50	58	4,552
4	50	66	1,227
4	50	71	8,797
4	50	72	2,092
4	50	73	5,269
4	50	77	4,332
4	50	78	5,684
4	50	85	0,741
4	50	87	22,257
4	50	91	6,775
4	50	95	2,129
4	50	98	1,918
4	50	99	9,592
4	53	2	1,538
4	53	5	6,021
4	53	8	1,483
4	53	13	8,206
4	53	16	12,233
4	53	21	1,476
4	53	24	16,659
4	53	26	1,683
4	53	31	4,069
4	53	33	21,604
4	53	35	1,604
4	53	36	1,917
4	53	40	4,6
4	53	45	31,073
4	53	50	9,115
4	53	56	2,078
4	53	57	0,573
4	53	58	11,527
4	53	66	4,809
4	53	71	5,373
4	53	72	1,206
4	53	73	1,535
4	53	77	11,02
4	53	78	19,824
4	53	85	1,098
4	53	87	7,494
4	53	91	2,035
4	53	95	2,621
4	53	98	0,958
4	53	99	2,613
4	56	2	1,493
4	56	5	4,58
4	56	8	1,728
4	56	13	2,467
4	56	16	2,05
4	56	21	1,997
4	56	24	4,058
4	56	26	5,487
4	56	31	2,797
4	56	33	0,629
4	56	35	2,196
4	56	36	18,124
4	56	40	6,078
4	56	45	6,781
4	56	50	16,801
4	56	53	12,21
4	56	57	3,329
4	56	58	1,524
4	56	66	9,509
4	56	71	3,104
4	56	72	2,748
4	56	73	2,629
4	56	77	1,935
4	56	78	7,298
4	56	85	4,146
4	56	87	2,502
4	56	91	8,407
4	56	95	6,91
4	56	98	8,621
4	56	99	14,203
4	57	2	5,316
4	57	5	8,439
4	57	8	3,269
4	57	13	2,789
4	57	16	3,697
4	57	21	1,006
4	57	24	2,168
4	57	26	4,793
4	57	31	0,978
4	57	33	0,833
4	57	35	3,138
4	57	36	3,823
4	57	40	13,256
4	57	45	0,624
4	57	50	21,112
4	57	53	6,888
4	57	56	8,71
4	57	58	0,522
4	57	66	4,665
4	57	71	3,789
4	57	72	5,817
4	57	73	1,624
4	57	77	2,884
4	57	78	1,491
4	57	85	15,02
4	57	87	6,82
4	57	91	1,464
4	57	95	8,242
4	57	98	15,508
4	57	99	1,582
4	58	2	3,78
4	58	5	13,494
4	58	8	4,139
4	58	13	17,646
4	58	16	3,648
4	58	21	3,933
4	58	24	6,218
4	58	26	0,825
4	58	31	11,756
4	58	33	1,207
4	58	35	2,071
4	58	36	0,795
4	58	40	8,343
4	58	45	3,243
4	58	50	4,519
4	58	53	0,835
4	58	56	0,942
4	58	57	2,511
4	58	66	24,6
4	58	71	11,421
4	58	72	7,015
4	58	73	12,66
4	58	77	1,821
4	58	78	0,651
4	58	85	1,447
4	58	87	7,187
4	58	91	1,326
4	58	95	7,834
4	58	98	2,67
4	58	99	2,286
4	66	2	1,27
4	66	5	4,246
4	66	8	4,376
4	66	13	8,321
4	66	16	32,623
4	66	21	5,005
4	66	24	2,336
4	66	26	5,328
4	66	31	11,826
4	66	33	0,807
4	66	35	27,913
4	66	36	3,044
4	66	40	9,094
4	66	45	1,163
4	66	50	8,583
4	66	53	14,447
4	66	56	13,404
4	66	57	7,176
4	66	58	6,707
4	66	71	11,191
4	66	72	1,098
4	66	73	13,115
4	66	77	6,526
4	66	78	4,252
4	66	85	2,769
4	66	87	13,435
4	66	91	4,954
4	66	95	4,235
4	66	98	0,63
4	66	99	1,699
4	71	2	0,982
4	71	5	3,366
4	71	8	17,552
4	71	13	10,046
4	71	16	5,747
4	71	21	3,554
4	71	24	13,257
4	71	26	9,548
4	71	31	6,492
4	71	33	6,414
4	71	35	9,449
4	71	36	10,469
4	71	40	7,293
4	71	45	10,361
4	71	50	13,028
4	71	53	2,121
4	71	56	7,234
4	71	57	16,923
4	71	58	3,854
4	71	66	3,264
4	71	72	1,708
4	71	73	1,949
4	71	77	1,695
4	71	78	8,184
4	71	85	5,616
4	71	87	19,774
4	71	91	4,787
4	71	95	3,683
4	71	98	8,973
4	71	99	7,653
4	72	2	3,077
4	72	5	0,754
4	72	8	0,686
4	72	13	2,136
4	72	16	1,146
4	72	21	6,566
4	72	24	6,333
4	72	26	5,125
4	72	31	0,694
4	72	33	16,702
4	72	35	4,861
4	72	36	14,218
4	72	40	1,279
4	72	45	18,256
4	72	50	1,487
4	72	53	8,583
4	72	56	8,54
4	72	57	0,988
4	72	58	4,624
4	72	66	0,568
4	72	71	6,663
4	72	73	3,241
4	72	77	7,756
4	72	78	2,727
4	72	85	12,754
4	72	87	9,25
4	72	91	2,904
4	72	95	1,104
4	72	98	3,434
4	72	99	3,152
4	73	2	0,556
4	73	5	1,062
4	73	8	4,474
4	73	13	3,638
4	73	16	1,038
4	73	21	7,106
4	73	24	8,65
4	73	26	1,102
4	73	31	15,211
4	73	33	9,282
4	73	35	18,474
4	73	36	3,192
4	73	40	2,712
4	73	45	10,472
4	73	50	6,23
4	73	53	4,055
4	73	56	2,66
4	73	57	1,971
4	73	58	2,99
4	73	66	10,599
4	73	71	2,633
4	73	72	2,106
4	73	77	4,817
4	73	78	1,997
4	73	85	11,212
4	73	87	1,466
4	73	91	9,013
4	73	95	10,42
4	73	98	5,815
4	73	99	6,701
4	77	2	6,735
4	77	5	2,121
4	77	8	1,67
4	77	13	35,732
4	77	16	3,63
4	77	21	7,539
4	77	24	8,288
4	77	26	0,76
4	77	31	2,643
4	77	33	3,281
4	77	35	4,451
4	77	36	24,584
4	77	40	11,743
4	77	45	1,74
4	77	50	3,692
4	77	53	0,763
4	77	56	7,981
4	77	57	5,16
4	77	58	1,549
4	77	66	0,503
4	77	71	3,932
4	77	72	2,024
4	77	73	2,607
4	77	78	1,135
4	77	85	22,273
4	77	87	1,05
4	77	91	8,758
4	77	95	2,029
4	77	98	6,507
4	77	99	1,929
4	78	2	4,37
4	78	5	0,815
4	78	8	3,263
4	78	13	9,461
4	78	16	26,171
4	78	21	2,622
4	78	24	1,645
4	78	26	3,414
4	78	31	13,734
4	78	33	2,307
4	78	35	4,434
4	78	36	2,865
4	78	40	7,697
4	78	45	3,752
4	78	50	10,371
4	78	53	0,735
4	78	56	18,583
4	78	57	2,634
4	78	58	7,084
4	78	66	35,646
4	78	71	12,584
4	78	72	2,029
4	78	73	31,491
4	78	77	1,879
4	78	85	3,043
4	78	87	6,37
4	78	91	2,993
4	78	95	0,855
4	78	98	2,599
4	78	99	14,989
4	85	2	0,789
4	85	5	12,618
4	85	8	2,476
4	85	13	1,756
4	85	16	2
4	85	21	0,949
4	85	24	5,494
4	85	26	2,673
4	85	31	8,104
4	85	33	1,316
4	85	35	3,307
4	85	36	5,168
4	85	40	3,159
4	85	45	1,415
4	85	50	2,933
4	85	53	3,969
4	85	56	7,793
4	85	57	8,988
4	85	58	5,134
4	85	66	2,486
4	85	71	8,203
4	85	72	19,269
4	85	73	3,277
4	85	77	4,106
4	85	78	7,491
4	85	87	9,559
4	85	91	9,483
4	85	95	2,978
4	85	98	2,242
4	85	99	5,033
4	87	2	6,278
4	87	5	3,335
4	87	8	1,402
4	87	13	4,816
4	87	16	7,24
4	87	21	4,466
4	87	24	3,589
4	87	26	0,664
4	87	31	2,503
4	87	33	17,594
4	87	35	4,218
4	87	36	1,687
4	87	40	0,579
4	87	45	24,33
4	87	50	12,139
4	87	53	8,391
4	87	56	8,392
4	87	57	4,899
4	87	58	0,798
4	87	66	5,54
4	87	71	11,582
4	87	72	1,77
4	87	73	4,043
4	87	77	1,373
4	87	78	1,096
4	87	85	4,168
4	87	91	5,625
4	87	95	11,549
4	87	98	1,089
4	87	99	3,53
4	91	2	2,846
4	91	5	4,444
4	91	8	5,098
4	91	13	7,054
4	91	16	3,34
4	91	21	13,775
4	91	24	1,858
4	91	26	1,405
4	91	31	0,723
4	91	33	14,511
4	91	35	8,124
4	91	36	4,069
4	91	40	4,165
4	91	45	3,588
4	91	50	1,234
4	91	53	2,661
4	91	56	0,95
4	91	57	7,897
4	91	58	5,667
4	91	66	11,188
4	91	71	6,846
4	91	72	3,544
4	91	73	4,761
4	91	77	1,936
4	91	78	3,292
4	91	85	2,817
4	91	87	1,259
4	91	95	4,744
4	91	98	4,095
4	91	99	1,94
4	95	2	0,769
4	95	5	2,666
4	95	8	2,172
4	95	13	7,825
4	95	16	1,259
4	95	21	9,155
4	95	24	22,689
4	95	26	28,584
4	95	31	7,617
4	95	33	14,372
4	95	35	0,786
4	95	36	9,55
4	95	40	10,268
4	95	45	13,957
4	95	50	9,577
4	95	53	3,357
4	95	56	2,078
4	95	57	18,914
4	95	58	2,945
4	95	66	1,994
4	95	71	21,791
4	95	72	5,765
4	95	73	7,192
4	95	77	2,736
4	95	78	9,479
4	95	85	4,321
4	95	87	1,564
4	95	91	1,85
4	95	98	7,51
4	95	99	3,645
4	98	2	24,922
4	98	5	1,121
4	98	8	12,311
4	98	13	2,404
4	98	16	21,474
4	98	21	6,965
4	98	24	7,896
4	98	26	11,423
4	98	31	0,942
4	98	33	23,982
4	98	35	7,105
4	98	36	4,637
4	98	40	0,57
4	98	45	2,794
4	98	50	2,732
4	98	53	3,999
4	98	56	8,303
4	98	57	7,325
4	98	58	1,868
4	98	66	2,206
4	98	71	4,308
4	98	72	2,179
4	98	73	10,343
4	98	77	9,52
4	98	78	5,502
4	98	85	2,272
4	98	87	7,294
4	98	91	4,993
4	98	95	13,494
4	98	99	5,728
4	99	2	14,898
4	99	5	0,873
4	99	8	2,699
4	99	13	9,619
4	99	16	4,636
4	99	21	4,231
4	99	24	3,14
4	99	26	4,506
4	99	31	3,232
4	99	33	4,139
4	99	35	1,109
4	99	36	1,904
4	99	40	2,457
4	99	45	52,473
4	99	50	3,74
4	99	53	6,77
4	99	56	3,123
4	99	57	4,783
4	99	58	12,509
4	99	66	6,378
4	99	71	1,537
4	99	72	3,569
4	99	73	0,571
4	99	77	6,72
4	99	78	15,104
4	99	85	15,95
4	99	87	2,667
4	99	91	12,13
4	99	95	2,012
4	99	98	0,896
5	4	11	30,704
5	4	12	2,25
5	4	15	5,918
5	4	16	7,528
5	4	19	33,589
5	4	20	13,916
5	4	23	14,456
5	4	29	12,761
5	4	31	21,389
5	4	33	10,563
5	4	35	8,571
5	4	38	3,406
5	4	39	3,981
5	4	43	0,952
5	4	44	3,77
5	4	48	9,24
5	4	52	10,609
5	4	60	11,432
5	4	68	9,482
5	4	72	7,036
5	4	74	4,116
5	4	76	1,548
5	4	79	15,364
5	4	81	3,67
5	4	85	7,181
5	4	90	5,002
5	4	94	3,443
5	11	4	1,436
5	11	12	0,817
5	11	15	6,786
5	11	16	57,268
5	11	19	6,069
5	11	20	7,67
5	11	23	7,005
5	11	29	10,411
5	11	31	2,11
5	11	33	2,001
5	11	35	6,132
5	11	38	6,456
5	11	39	8,158
5	11	43	14,08
5	11	44	1,246
5	11	48	3,967
5	11	52	1,781
5	11	60	5,232
5	11	68	6,381
5	11	72	5,921
5	11	74	17,611
5	11	76	21,442
5	11	79	7,355
5	11	81	8,083
5	11	85	12,242
5	11	90	4,978
5	11	94	0,909
5	12	4	2,627
5	12	11	4,376
5	12	15	14,237
5	12	16	3,237
5	12	19	8,633
5	12	20	4,31
5	12	23	0,76
5	12	29	5,512
5	12	31	4,517
5	12	33	0,775
5	12	35	20,016
5	12	38	1,724
5	12	39	2,415
5	12	43	2,596
5	12	44	4,911
5	12	48	0,964
5	12	52	3,151
5	12	60	4,773
5	12	68	1,561
5	12	72	2,122
5	12	74	0,508
5	12	76	11,379
5	12	79	7,621
5	12	81	5,651
5	12	85	7,019
5	12	90	0,555
5	12	94	11,165
5	15	4	5,319
5	15	11	9,667
5	15	12	8,776
5	15	16	2,384
5	15	19	0,733
5	15	20	15,175
5	15	23	12,741
5	15	29	2,286
5	15	31	19,673
5	15	33	11,516
5	15	35	11,633
5	15	38	1,675
5	15	39	7,972
5	15	43	4,151
5	15	44	17,677
5	15	48	5,531
5	15	52	8,442
5	15	60	1,079
5	15	68	9,414
5	15	72	10,86
5	15	74	7,54
5	15	76	2,423
5	15	79	0,831
5	15	81	5,276
5	15	85	6,114
5	15	90	9,294
5	15	94	5,724
5	16	4	3,108
5	16	11	1,006
5	16	12	2,716
5	16	15	2,612
5	16	19	11,503
5	16	20	5,039
5	16	23	1,484
5	16	29	2,14
5	16	31	1,921
5	16	33	1,07
5	16	35	2,74
5	16	38	2,501
5	16	39	1,53
5	16	43	2,257
5	16	44	9,196
5	16	48	0,711
5	16	52	0,646
5	16	60	9,244
5	16	68	1,421
5	16	72	9,314
5	16	74	1,235
5	16	76	3,109
5	16	79	1,244
5	16	81	6,056
5	16	85	24,62
5	16	90	3,612
5	16	94	27,105
5	19	4	3,765
5	19	11	6,596
5	19	12	3,107
5	19	15	6,071
5	19	16	1,124
5	19	20	1,594
5	19	23	2,022
5	19	29	17,451
5	19	31	12,992
5	19	33	0,79
5	19	35	2,136
5	19	38	1,982
5	19	39	3,086
5	19	43	2,458
5	19	44	2,242
5	19	48	11,15
5	19	52	4,707
5	19	60	4,457
5	19	68	4,031
5	19	72	11,67
5	19	74	2,355
5	19	76	7,586
5	19	79	13,951
5	19	81	4,806
5	19	85	17,432
5	19	90	7,894
5	19	94	14,101
5	20	4	20,245
5	20	11	4,528
5	20	12	1,719
5	20	15	1,057
5	20	16	9,844
5	20	19	8,257
5	20	23	4,486
5	20	29	7,288
5	20	31	6,508
5	20	33	1,418
5	20	35	13,986
5	20	38	10,125
5	20	39	2,783
5	20	43	11,747
5	20	44	4,107
5	20	48	3,804
5	20	52	1,698
5	20	60	12,198
5	20	68	4,342
5	20	72	3,036
5	20	74	2,248
5	20	76	2,098
5	20	79	0,861
5	20	81	5,203
5	20	85	7,866
5	20	90	1,622
5	20	94	2,2
5	23	4	15,113
5	23	11	1,213
5	23	12	0,954
5	23	15	1,326
5	23	16	8,121
5	23	19	4,106
5	23	20	14,02
5	23	29	5,288
5	23	31	3,395
5	23	33	16,626
5	23	35	3,28
5	23	38	19,735
5	23	39	3,004
5	23	43	7,874
5	23	44	1,435
5	23	48	1,995
5	23	52	1,271
5	23	60	10,871
5	23	68	3,822
5	23	72	22,803
5	23	74	7,595
5	23	76	2,758
5	23	79	2,399
5	23	81	15,113
5	23	85	4,665
5	23	90	5,736
5	23	94	4,354
5	29	4	10,475
5	29	11	9,785
5	29	12	7,64
5	29	15	1,598
5	29	16	0,797
5	29	19	1,196
5	29	20	1,694
5	29	23	20,098
5	29	31	6,641
5	29	33	6,261
5	29	35	5,512
5	29	38	4,037
5	29	39	8,065
5	29	43	6,226
5	29	44	1,795
5	29	48	12,01
5	29	52	4,589
5	29	60	1,482
5	29	68	2,557
5	29	72	7,485
5	29	74	2,253
5	29	76	0,539
5	29	79	8,994
5	29	81	4,693
5	29	85	11,3
5	29	90	18,911
5	29	94	18,603
5	31	4	3,056
5	31	11	5,886
5	31	12	2,96
5	31	15	14,48
5	31	16	1,597
5	31	19	3,461
5	31	20	17,496
5	31	23	8,22
5	31	29	1,351
5	31	33	2,319
5	31	35	1,583
5	31	38	2,67
5	31	39	2,344
5	31	43	1,103
5	31	44	1,032
5	31	48	5,765
5	31	52	7,746
5	31	60	9,679
5	31	68	1,171
5	31	72	37,669
5	31	74	4,696
5	31	76	1,214
5	31	79	6,415
5	31	81	15,199
5	31	85	2,129
5	31	90	15,935
5	31	94	2,656
5	33	4	12,184
5	33	11	1,358
5	33	12	3,753
5	33	15	23,201
5	33	16	1,411
5	33	19	14,023
5	33	20	8,347
5	33	23	1,973
5	33	29	1,05
5	33	31	2,513
5	33	35	6,958
5	33	38	1,402
5	33	39	8,673
5	33	43	28,611
5	33	44	3,073
5	33	48	1,922
5	33	52	15,417
5	33	60	5,976
5	33	68	4,812
5	33	72	1,25
5	33	74	6,654
5	33	76	12,702
5	33	79	5,855
5	33	81	5,101
5	33	85	2,11
5	33	90	4,592
5	33	94	2,658
5	35	4	0,782
5	35	11	18,102
5	35	12	3,814
5	35	15	4,21
5	35	16	13,512
5	35	19	10,006
5	35	20	2,18
5	35	23	10,944
5	35	29	4,429
5	35	31	3,644
5	35	33	36,056
5	35	38	2,342
5	35	39	1,752
5	35	43	3,476
5	35	44	2,836
5	35	48	19,897
5	35	52	6,262
5	35	60	17,712
5	35	68	8,762
5	35	72	3,821
5	35	74	0,663
5	35	76	3,173
5	35	79	2,325
5	35	81	1,71
5	35	85	6,041
5	35	90	7,411
5	35	94	15,483
5	38	4	6,979
5	38	11	3,389
5	38	12	1,159
5	38	15	0,743
5	38	16	0,549
5	38	19	8,053
5	38	20	2,282
5	38	23	10,69
5	38	29	9,329
5	38	31	8,159
5	38	33	8,759
5	38	35	0,609
5	38	39	9,262
5	38	43	0,966
5	38	44	14,592
5	38	48	3,912
5	38	52	24,477
5	38	60	5,027
5	38	68	4,458
5	38	72	1,054
5	38	74	5,957
5	38	76	2,382
5	38	79	3,816
5	38	81	3,393
5	38	85	28,573
5	38	90	17,898
5	38	94	5,567
5	39	4	9,245
5	39	11	5,978
5	39	12	1,024
5	39	15	0,959
5	39	16	0,846
5	39	19	2,083
5	39	20	19,137
5	39	23	4,022
5	39	29	3,237
5	39	31	1,658
5	39	33	1,359
5	39	35	3,228
5	39	38	6,422
5	39	43	1,083
5	39	44	6,119
5	39	48	7,28
5	39	52	0,623
5	39	60	2,62
5	39	68	6,752
5	39	72	9,723
5	39	74	1,723
5	39	76	0,52
5	39	79	3,429
5	39	81	3,499
5	39	85	7,339
5	39	90	2,631
5	39	94	1,792
5	43	4	36,263
5	43	11	5,599
5	43	12	6,551
5	43	15	4,289
5	43	16	9,864
5	43	19	6,981
5	43	20	1
5	43	23	12,045
5	43	29	12,391
5	43	31	1,054
5	43	33	2,008
5	43	35	7,146
5	43	38	17,742
5	43	39	31,429
5	43	44	1,785
5	43	48	11,987
5	43	52	11,373
5	43	60	11,323
5	43	68	22,946
5	43	72	4,895
5	43	74	0,504
5	43	76	3,221
5	43	79	1,952
5	43	81	2,054
5	43	85	3,072
5	43	90	5,475
5	43	94	18,903
5	44	4	14,749
5	44	11	3,243
5	44	12	2,73
5	44	15	7,287
5	44	16	21,01
5	44	19	0,66
5	44	20	2,932
5	44	23	2,242
5	44	29	18,493
5	44	31	6,312
5	44	33	7,276
5	44	35	5,118
5	44	38	1,968
5	44	39	0,815
5	44	43	4,266
5	44	48	5,481
5	44	52	7,528
5	44	60	24,935
5	44	68	11,539
5	44	72	0,819
5	44	74	3,414
5	44	76	0,917
5	44	79	1,002
5	44	81	11,952
5	44	85	0,667
5	44	90	11,781
5	44	94	4,226
5	48	4	10,665
5	48	11	4,003
5	48	12	13,483
5	48	15	2,351
5	48	16	1,242
5	48	19	0,653
5	48	20	2,588
5	48	23	1,972
5	48	29	9,075
5	48	31	3,362
5	48	33	5,275
5	48	35	1,277
5	48	38	4,086
5	48	39	12,664
5	48	43	6,405
5	48	44	5,242
5	48	52	1,884
5	48	60	4,329
5	48	68	2,684
5	48	72	21,897
5	48	74	15,203
5	48	76	2,014
5	48	79	8,395
5	48	81	13,825
5	48	85	9,838
5	48	90	32,685
5	48	94	7,676
5	52	4	3,099
5	52	11	4,998
5	52	12	2,814
5	52	15	8,461
5	52	16	2,987
5	52	19	21,891
5	52	20	0,964
5	52	23	4,783
5	52	29	1,31
5	52	31	1,268
5	52	33	4,762
5	52	35	0,911
5	52	38	0,735
5	52	39	1,318
5	52	43	1,852
5	52	44	8,363
5	52	48	8,546
5	52	60	3,036
5	52	68	7,974
5	52	72	6,78
5	52	74	7,223
5	52	76	0,661
5	52	79	5,313
5	52	81	7,27
5	52	85	2,241
5	52	90	3,447
5	52	94	5,908
5	60	4	4,442
5	60	11	3,544
5	60	12	6,229
5	60	15	7,565
5	60	16	0,756
5	60	19	6,449
5	60	20	10,229
5	60	23	1,659
5	60	29	1,89
5	60	31	0,969
5	60	33	2,218
5	60	35	1,355
5	60	38	0,591
5	60	39	0,523
5	60	43	9,225
5	60	44	6,849
5	60	48	1,706
5	60	52	6,784
5	60	68	5,227
5	60	72	0,561
5	60	74	3,288
5	60	76	5,491
5	60	79	1,68
5	60	81	3,056
5	60	85	1,216
5	60	90	5,817
5	60	94	1,367
5	68	4	4,048
5	68	11	0,791
5	68	12	18,642
5	68	15	6,308
5	68	16	16,016
5	68	19	5,666
5	68	20	18,356
5	68	23	1,923
5	68	29	23,053
5	68	31	4,091
5	68	33	5,99
5	68	35	2,486
5	68	38	0,647
5	68	39	4,139
5	68	43	7,273
5	68	44	8,999
5	68	48	2,923
5	68	52	4,655
5	68	60	1,167
5	68	72	10,832
5	68	74	3,094
5	68	76	0,942
5	68	79	1,372
5	68	81	4,277
5	68	85	5,059
5	68	90	9,011
5	68	94	3,741
5	72	4	23,942
5	72	11	2,457
5	72	12	1,522
5	72	15	2,392
5	72	16	1,644
5	72	19	14,332
5	72	20	9,342
5	72	23	2,255
5	72	29	15,005
5	72	31	6,145
5	72	33	7,018
5	72	35	1,663
5	72	38	2,001
5	72	39	0,97
5	72	43	6,464
5	72	44	2,2
5	72	48	2,435
5	72	52	6,198
5	72	60	8,607
5	72	68	1,669
5	72	74	17,858
5	72	76	2,583
5	72	79	0,657
5	72	81	2,233
5	72	85	2,356
5	72	90	1,673
5	72	94	4,555
5	74	4	3,335
5	74	11	0,525
5	74	12	3,426
5	74	15	2,247
5	74	16	9,276
5	74	19	5,729
5	74	20	4,982
5	74	23	7,289
5	74	29	3,474
5	74	31	3,291
5	74	33	2,515
5	74	35	9,66
5	74	38	2,862
5	74	39	7,277
5	74	43	5,987
5	74	44	3,25
5	74	48	1,038
5	74	52	12,597
5	74	60	2,61
5	74	68	0,739
5	74	72	1,61
5	74	76	1,488
5	74	79	5,557
5	74	81	8,3
5	74	85	3,951
5	74	90	22,594
5	74	94	9,079
5	76	4	13,786
5	76	11	0,868
5	76	12	5,184
5	76	15	4,406
5	76	16	8,686
5	76	19	1,715
5	76	20	1,585
5	76	23	6,303
5	76	29	6,046
5	76	31	3,306
5	76	33	27,809
5	76	35	5,144
5	76	38	3,264
5	76	39	1,734
5	76	43	3,832
5	76	44	2,439
5	76	48	2,633
5	76	52	1,794
5	76	60	7,579
5	76	68	2,148
5	76	72	4,163
5	76	74	9,838
5	76	79	4,527
5	76	81	5,139
5	76	85	1,197
5	76	90	7,647
5	76	94	2,821
5	79	4	3,006
5	79	11	1,088
5	79	12	5,834
5	79	15	2,128
5	79	16	14,586
5	79	19	1,764
5	79	20	1,581
5	79	23	1,952
5	79	29	1,752
5	79	31	2,613
5	79	33	16,346
5	79	35	21,191
5	79	38	4,987
5	79	39	0,706
5	79	43	10,157
5	79	44	5,187
5	79	48	2,407
5	79	52	3,065
5	79	60	1,007
5	79	68	7,311
5	79	72	2,554
5	79	74	17,446
5	79	76	3,744
5	79	81	14,826
5	79	85	0,792
5	79	90	2,744
5	79	94	0,799
5	81	4	3,704
5	81	11	1,513
5	81	12	3,69
5	81	15	16,861
5	81	16	9,016
5	81	19	15,013
5	81	20	2,115
5	81	23	0,84
5	81	29	2,887
5	81	31	5,906
5	81	33	4,425
5	81	35	1,807
5	81	38	3,903
5	81	39	3,363
5	81	43	12,347
5	81	44	5,18
5	81	48	12,715
5	81	52	4,539
5	81	60	15,366
5	81	68	2,219
5	81	72	3,026
5	81	74	1,297
5	81	76	3,447
5	81	79	7,378
5	81	85	0,857
5	81	90	2,585
5	81	94	9,282
5	85	4	0,577
5	85	11	0,521
5	85	12	8,1
5	85	15	14,182
5	85	16	4,146
5	85	19	3,511
5	85	20	3,454
5	85	23	7,433
5	85	29	2
5	85	31	1,835
5	85	33	6,474
5	85	35	12,985
5	85	38	1,824
5	85	39	14,125
5	85	43	11,619
5	85	44	10,304
5	85	48	3,212
5	85	52	8,753
5	85	60	1,377
5	85	68	1,44
5	85	72	4,338
5	85	74	4,162
5	85	76	4,521
5	85	79	8,31
5	85	81	26,299
5	85	90	6,529
5	85	94	6,01
5	90	4	3,076
5	90	11	5,014
5	90	12	2,57
5	90	15	20,456
5	90	16	1,498
5	90	19	10,852
5	90	20	2,769
5	90	23	7,895
5	90	29	8,619
5	90	31	2,418
5	90	33	7,826
5	90	35	0,787
5	90	38	8,729
5	90	39	5,054
5	90	43	8,474
5	90	44	2,47
5	90	48	1,048
5	90	52	3,895
5	90	60	4,707
5	90	68	0,801
5	90	72	3,999
5	90	74	1,594
5	90	76	6,852
5	90	79	2,758
5	90	81	4,221
5	90	85	3,319
5	90	94	5,068
5	94	4	11,149
5	94	11	3,506
5	94	12	23,439
5	94	15	12,926
5	94	16	3,453
5	94	19	1,811
5	94	20	5,661
5	94	23	1,167
5	94	29	0,96
5	94	31	10,424
5	94	33	2,617
5	94	35	1,133
5	94	38	7,347
5	94	39	1,662
5	94	43	1,601
5	94	44	2,296
5	94	48	3,211
5	94	52	0,509
5	94	60	12,325
5	94	68	3,828
5	94	72	12,119
5	94	74	15,914
5	94	76	8,397
5	94	79	1,791
5	94	81	0,747
5	94	85	2,268
5	94	90	23,957
6	1	2	4,397
6	1	6	23,16
6	1	9	4,137
6	1	11	5,435
6	1	14	1,009
6	1	16	1,695
6	1	17	4,123
6	1	24	4,372
6	1	25	5,333
6	1	43	13,115
6	1	49	7,63
6	1	53	3,993
6	1	59	2,781
6	1	62	7,983
6	1	72	2,838
6	1	77	1,101
6	1	79	4,924
6	1	99	8,79
6	1	100	3,414
6	2	1	12,555
6	2	6	7,087
6	2	9	1,072
6	2	11	4,34
6	2	14	2,562
6	2	16	2,672
6	2	17	3,996
6	2	24	1,669
6	2	25	2,254
6	2	43	25,857
6	2	49	33,447
6	2	53	2,404
6	2	59	1,222
6	2	62	16,591
6	2	72	1,352
6	2	77	5,241
6	2	79	2,608
6	2	99	12,676
6	2	100	12,065
6	6	1	0,651
6	6	2	15,281
6	6	9	5,377
6	6	11	0,66
6	6	14	6,686
6	6	16	0,578
6	6	17	1,202
6	6	24	5,31
6	6	25	4,774
6	6	43	1,251
6	6	49	2,067
6	6	53	21,747
6	6	59	14,694
6	6	62	2,477
6	6	72	30,61
6	6	77	6,926
6	6	79	5,244
6	6	99	2,818
6	6	100	6,386
6	9	1	0,505
6	9	2	1,672
6	9	6	2,354
6	9	11	25,17
6	9	14	20,966
6	9	16	3,025
6	9	17	4,493
6	9	24	2,551
6	9	25	0,944
6	9	43	5,982
6	9	49	3,22
6	9	53	4,838
6	9	59	0,797
6	9	62	13,504
6	9	72	4,898
6	9	77	0,702
6	9	79	1,755
6	9	99	2,278
6	9	100	2,142
6	11	1	12,052
6	11	2	4,775
6	11	6	2,26
6	11	9	0,55
6	11	14	14,893
6	11	16	3,606
6	11	17	12,498
6	11	24	8,985
6	11	25	2,445
6	11	43	15,001
6	11	49	0,668
6	11	53	4,1
6	11	59	4,098
6	11	62	1,368
6	11	72	2,099
6	11	77	2,465
6	11	79	1,258
6	11	99	0,643
6	11	100	12,243
6	14	1	0,874
6	14	2	6,245
6	14	6	2,769
6	14	9	11,074
6	14	11	2,539
6	14	16	3,45
6	14	17	4,797
6	14	24	9,244
6	14	25	1,276
6	14	43	1,167
6	14	49	3,229
6	14	53	23,411
6	14	59	2,142
6	14	62	9,504
6	14	72	0,742
6	14	77	3,666
6	14	79	3,206
6	14	99	5,426
6	14	100	15,218
6	16	1	7,413
6	16	2	13,13
6	16	6	3,929
6	16	9	8,969
6	16	11	1,262
6	16	14	12,006
6	16	17	9,235
6	16	24	15,127
6	16	25	1,211
6	16	43	3,83
6	16	49	2,203
6	16	53	0,523
6	16	59	2,628
6	16	62	1,256
6	16	72	5,15
6	16	77	0,719
6	16	79	10,142
6	16	99	1,108
6	16	100	20,034
6	17	1	0,691
6	17	2	0,804
6	17	6	1,049
6	17	9	19,211
6	17	11	1,519
6	17	14	11,232
6	17	16	6,573
6	17	24	0,643
6	17	25	1,874
6	17	43	7,055
6	17	49	9,454
6	17	53	3,738
6	17	59	8,081
6	17	62	6,217
6	17	72	5,786
6	17	77	1,107
6	17	79	0,935
6	17	99	4,714
6	17	100	8,749
6	24	1	0,566
6	24	2	0,97
6	24	6	1,622
6	24	9	11,27
6	24	11	1,043
6	24	14	2,19
6	24	16	3,404
6	24	17	8,35
6	24	25	4,307
6	24	43	18,824
6	24	49	1,908
6	24	53	3,996
6	24	59	0,588
6	24	62	1,151
6	24	72	2,286
6	24	77	4,156
6	24	79	2,691
6	24	99	5,328
6	24	100	8,756
6	25	1	15,536
6	25	2	2,097
6	25	6	2,271
6	25	9	2,337
6	25	11	7,933
6	25	14	8,11
6	25	16	2,773
6	25	17	1,187
6	25	24	0,923
6	25	43	3,526
6	25	49	6,995
6	25	53	9,727
6	25	59	16,517
6	25	62	4,769
6	25	72	3,112
6	25	77	17,951
6	25	79	2,809
6	25	99	0,614
6	25	100	7,451
6	43	1	3,681
6	43	2	1,058
6	43	6	2,489
6	43	9	5,992
6	43	11	4,04
6	43	14	11,4
6	43	16	11,458
6	43	17	2,954
6	43	24	3,337
6	43	25	8,317
6	43	49	5,684
6	43	53	0,932
6	43	59	4,502
6	43	62	6,504
6	43	72	6,006
6	43	77	5,304
6	43	79	1,025
6	43	99	11,861
6	43	100	5,575
6	49	1	11,663
6	49	2	12,056
6	49	6	10,084
6	49	9	3,959
6	49	11	6,46
6	49	14	5,506
6	49	16	0,531
6	49	17	6,672
6	49	24	1,057
6	49	25	9,225
6	49	43	5,694
6	49	53	12,722
6	49	59	7,076
6	49	62	2,495
6	49	72	3,676
6	49	77	3,639
6	49	79	3,959
6	49	99	15,424
6	49	100	16,408
6	53	1	1,662
6	53	2	4,482
6	53	6	5,343
6	53	9	1,606
6	53	11	16,674
6	53	14	0,772
6	53	16	2,223
6	53	17	9,676
6	53	24	20,897
6	53	25	3,299
6	53	43	16,895
6	53	49	2,768
6	53	59	3,349
6	53	62	1,783
6	53	72	10,449
6	53	77	2,86
6	53	79	0,523
6	53	99	2,011
6	53	100	5,705
6	59	1	4,267
6	59	2	6,568
6	59	6	5,91
6	59	9	0,92
6	59	11	1,659
6	59	14	0,508
6	59	16	13,735
6	59	17	0,89
6	59	24	0,848
6	59	25	0,974
6	59	43	2,131
6	59	49	9,673
6	59	53	4,631
6	59	62	21,656
6	59	72	1,451
6	59	77	1,466
6	59	79	12,906
6	59	99	2,24
6	59	100	2,853
6	62	1	6,298
6	62	2	2,155
6	62	6	32,285
6	62	9	9,801
6	62	11	2,233
6	62	14	1,185
6	62	16	0,743
6	62	17	2,152
6	62	24	6,865
6	62	25	0,893
6	62	43	10,527
6	62	49	0,682
6	62	53	1,115
6	62	59	12,276
6	62	72	1,163
6	62	77	12,46
6	62	79	5,067
6	62	99	2,356
6	62	100	15,173
6	72	1	3,362
6	72	2	5,516
6	72	6	4,187
6	72	9	8,19
6	72	11	1,182
6	72	14	1,549
6	72	16	2,805
6	72	17	3,95
6	72	24	8,897
6	72	25	2,53
6	72	43	0,634
6	72	49	2,645
6	72	53	7,549
6	72	59	2,829
6	72	62	4,706
6	72	77	0,608
6	72	79	4,618
6	72	99	7,162
6	72	100	6,906
6	77	1	2,988
6	77	2	4,1
6	77	6	15,289
6	77	9	3,106
6	77	11	4,554
6	77	14	0,865
6	77	16	7,672
6	77	17	3,527
6	77	24	1,073
6	77	25	2,253
6	77	43	34,212
6	77	49	3,274
6	77	53	4,792
6	77	59	11,137
6	77	62	15,742
6	77	72	4,182
6	77	79	3,339
6	77	99	3,472
6	77	100	5,156
6	79	1	0,771
6	79	2	12,124
6	79	6	13,899
6	79	9	4,573
6	79	11	11,811
6	79	14	1,065
6	79	16	3,728
6	79	17	1,618
6	79	24	1,225
6	79	25	13,743
6	79	43	4,315
6	79	49	1,506
6	79	53	8,82
6	79	59	1,683
6	79	62	0,895
6	79	72	0,968
6	79	77	2,378
6	79	99	3,277
6	79	100	4,301
6	99	1	1,623
6	99	2	6,066
6	99	6	7,475
6	99	9	4,952
6	99	11	2,868
6	99	14	10,3
6	99	16	4,558
6	99	17	1,305
6	99	24	4,179
6	99	25	1,365
6	99	43	2,187
6	99	49	3,933
6	99	53	28,483
6	99	59	3,591
6	99	62	3,012
6	99	72	11,454
6	99	77	10,735
6	99	79	1,055
6	99	100	7,401
6	100	1	6,393
6	100	2	1,541
6	100	6	2,984
6	100	9	2,082
6	100	11	4,9
6	100	14	2,102
6	100	16	6,058
6	100	17	10,13
6	100	24	7,163
6	100	25	2,201
6	100	43	4,341
6	100	49	13,698
6	100	53	13,361
6	100	59	3,33
6	100	62	2,122
6	100	72	0,672
6	100	77	4,735
6	100	79	0,76
6	100	99	19,917
7	4	7	9,974
7	4	21	1,693
7	4	24	1,939
7	4	31	3,728
7	4	32	7,397
7	4	36	3,533
7	4	44	4,075
7	4	46	13,355
7	4	50	4,479
7	4	54	23,118
7	4	55	6,111
7	4	61	4,893
7	4	62	7,953
7	4	64	16,328
7	4	78	4,598
7	4	81	6,514
7	4	87	3,46
7	4	89	1,824
7	4	90	24,899
7	4	91	7,116
7	4	92	3,316
7	4	97	2,603
7	4	98	1,387
7	7	4	12,981
7	7	21	1,11
7	7	24	21,266
7	7	31	2,655
7	7	32	1,216
7	7	36	22,803
7	7	44	2,176
7	7	46	5,023
7	7	50	9,576
7	7	54	4,135
7	7	55	0,691
7	7	61	12,261
7	7	62	4,991
7	7	64	0,703
7	7	78	16,685
7	7	81	0,612
7	7	87	4,59
7	7	89	2,6
7	7	90	1,432
7	7	91	1,671
7	7	92	1,574
7	7	97	10,152
7	7	98	9,648
7	21	4	1,967
7	21	7	11,86
7	21	24	9,274
7	21	31	9,383
7	21	32	9,051
7	21	36	1,022
7	21	44	3,795
7	21	46	2,308
7	21	50	7,312
7	21	54	3,652
7	21	55	0,508
7	21	61	7,737
7	21	62	0,586
7	21	64	2,832
7	21	78	8,089
7	21	81	8,196
7	21	87	2,678
7	21	89	8,957
7	21	90	7,536
7	21	91	2,302
7	21	92	4,3
7	21	97	1,365
7	21	98	13,016
7	24	4	0,858
7	24	7	0,759
7	24	21	1,048
7	24	31	2,606
7	24	32	3,76
7	24	36	17,216
7	24	44	1,767
7	24	46	3,54
7	24	50	4,376
7	24	54	5,494
7	24	55	6,5
7	24	61	1,591
7	24	62	0,831
7	24	64	9,263
7	24	78	1,61
7	24	81	1,673
7	24	87	7,661
7	24	89	1,74
7	24	90	1,078
7	24	91	1,315
7	24	92	9,22
7	24	97	6,532
7	24	98	3,871
7	31	4	4,183
7	31	7	10,542
7	31	21	9,307
7	31	24	3,304
7	31	32	4,561
7	31	36	0,826
7	31	44	2,859
7	31	46	22,704
7	31	50	16,063
7	31	54	7,269
7	31	55	4,909
7	31	61	2,427
7	31	62	4,666
7	31	64	3,187
7	31	78	1,811
7	31	81	7,178
7	31	87	3,64
7	31	89	4,457
7	31	90	3,051
7	31	91	17,907
7	31	92	2,608
7	31	97	2,597
7	31	98	0,748
7	32	4	23,104
7	32	7	0,648
7	32	21	2,478
7	32	24	1,56
7	32	31	14,453
7	32	36	4,065
7	32	44	2,728
7	32	46	1,896
7	32	50	6,659
7	32	54	0,646
7	32	55	7,687
7	32	61	5,441
7	32	62	8,622
7	32	64	9,757
7	32	78	13,5
7	32	81	0,759
7	32	87	2,236
7	32	89	1,811
7	32	90	5,198
7	32	91	1,195
7	32	92	1,238
7	32	97	7,71
7	32	98	4,611
7	36	4	29,212
7	36	7	2,83
7	36	21	1,498
7	36	24	3,896
7	36	31	1,942
7	36	32	3,837
7	36	44	14,089
7	36	46	1,239
7	36	50	3,014
7	36	54	0,89
7	36	55	1,844
7	36	61	3,088
7	36	62	1,935
7	36	64	23,364
7	36	78	5,945
7	36	81	0,616
7	36	87	3,675
7	36	89	5,822
7	36	90	8,959
7	36	91	4,852
7	36	92	2,838
7	36	97	2,77
7	36	98	13,97
7	44	4	6,909
7	44	7	6,199
7	44	21	10,352
7	44	24	2,601
7	44	31	6,522
7	44	32	21,925
7	44	36	2,298
7	44	46	2,133
7	44	50	6,862
7	44	54	1,746
7	44	55	5,98
7	44	61	1,039
7	44	62	2,386
7	44	64	6,255
7	44	78	2,548
7	44	81	3,449
7	44	87	35,602
7	44	89	3,446
7	44	90	5,998
7	44	91	7,769
7	44	92	12,912
7	44	97	1,846
7	44	98	4,228
7	46	4	0,949
7	46	7	5,006
7	46	21	2,469
7	46	24	9,311
7	46	31	13,536
7	46	32	2,556
7	46	36	9,063
7	46	44	14,106
7	46	50	4,85
7	46	54	10,16
7	46	55	4,039
7	46	61	6,594
7	46	62	5,284
7	46	64	29,258
7	46	78	3,18
7	46	81	9,689
7	46	87	1,586
7	46	89	16,619
7	46	90	7,32
7	46	91	17,841
7	46	92	5,785
7	46	97	11,558
7	46	98	1,967
7	50	4	9,386
7	50	7	5,569
7	50	21	0,703
7	50	24	5,352
7	50	31	10,841
7	50	32	10,156
7	50	36	5,248
7	50	44	6,503
7	50	46	1,977
7	50	54	12,744
7	50	55	9,225
7	50	61	13,493
7	50	62	3,014
7	50	64	4,076
7	50	78	21,621
7	50	81	7,604
7	50	87	3,959
7	50	89	2,729
7	50	90	1,196
7	50	91	0,523
7	50	92	1,224
7	50	97	1,479
7	50	98	2,973
7	54	4	5,511
7	54	7	1,203
7	54	21	1,193
7	54	24	13,641
7	54	31	13,678
7	54	32	0,655
7	54	36	3,611
7	54	44	2,667
7	54	46	21,333
7	54	50	10,374
7	54	55	3,118
7	54	61	11,725
7	54	62	18,199
7	54	64	11,271
7	54	78	4,108
7	54	81	5,777
7	54	87	2,87
7	54	89	9,474
7	54	90	14,969
7	54	91	33,199
7	54	92	0,605
7	54	97	0,645
7	54	98	0,735
7	55	4	1,372
7	55	7	6,512
7	55	21	2,458
7	55	24	5,418
7	55	31	3,955
7	55	32	14,779
7	55	36	5,776
7	55	44	1,464
7	55	46	1,366
7	55	50	3,24
7	55	54	4,588
7	55	61	12,99
7	55	62	6,371
7	55	64	7,893
7	55	78	13,474
7	55	81	6,147
7	55	87	4,789
7	55	89	4,38
7	55	90	1,898
7	55	91	1,759
7	55	92	14,447
7	55	97	0,798
7	55	98	10,783
7	61	4	9,974
7	61	7	4,853
7	61	21	7,092
7	61	24	17,942
7	61	31	7,867
7	61	32	3,994
7	61	36	16,985
7	61	44	7,973
7	61	46	5,352
7	61	50	2,41
7	61	54	0,515
7	61	55	21,73
7	61	62	9,065
7	61	64	1,448
7	61	78	6,382
7	61	81	12,148
7	61	87	9,233
7	61	89	8,39
7	61	90	5,076
7	61	91	12,227
7	61	92	5,325
7	61	97	23,581
7	61	98	0,619
7	62	4	26,233
7	62	7	3,561
7	62	21	2,5
7	62	24	5,013
7	62	31	2,928
7	62	32	5,092
7	62	36	2,026
7	62	44	4,232
7	62	46	11,831
7	62	50	3,114
7	62	54	2,233
7	62	55	0,557
7	62	61	16,214
7	62	64	0,841
7	62	78	10,162
7	62	81	19,376
7	62	87	6,425
7	62	89	2,167
7	62	90	10,231
7	62	91	2,608
7	62	92	3,921
7	62	97	16,464
7	62	98	6,243
7	64	4	5,877
7	64	7	4,171
7	64	21	1,628
7	64	24	13,596
7	64	31	14,709
7	64	32	3,697
7	64	36	4,283
7	64	44	0,891
7	64	46	6,104
7	64	50	17,94
7	64	54	1,841
7	64	55	1,536
7	64	61	13,879
7	64	62	8,988
7	64	78	31
7	64	81	7,827
7	64	87	13,78
7	64	89	1,064
7	64	90	11,087
7	64	91	9,077
7	64	92	10,274
7	64	97	7,226
7	64	98	2,175
7	78	4	8,112
7	78	7	6,474
7	78	21	7,533
7	78	24	16,593
7	78	31	3,969
7	78	32	1,975
7	78	36	34,66
7	78	44	1,113
7	78	46	5,402
7	78	50	5,793
7	78	54	0,575
7	78	55	4,225
7	78	61	3,321
7	78	62	6,03
7	78	64	0,805
7	78	81	21,245
7	78	87	4,497
7	78	89	13,644
7	78	90	0,525
7	78	91	1,886
7	78	92	1,869
7	78	97	8,818
7	78	98	3,337
7	81	4	17,819
7	81	7	21,662
7	81	21	4,254
7	81	24	2,604
7	81	31	14,156
7	81	32	1,968
7	81	36	10,721
7	81	44	14,478
7	81	46	7,712
7	81	50	0,528
7	81	54	1,623
7	81	55	7,065
7	81	61	1,849
7	81	62	8,2
7	81	64	0,87
7	81	78	4,36
7	81	87	0,604
7	81	89	8,965
7	81	90	15,022
7	81	91	6,402
7	81	92	16,238
7	81	97	0,989
7	81	98	9,887
7	87	4	17,912
7	87	7	2,417
7	87	21	3,269
7	87	24	1,248
7	87	31	18,207
7	87	32	4,515
7	87	36	2,934
7	87	44	33,179
7	87	46	15,15
7	87	50	22,557
7	87	54	1,75
7	87	55	1,948
7	87	61	1,377
7	87	62	6,904
7	87	64	0,925
7	87	78	16,351
7	87	81	2,206
7	87	89	13,806
7	87	90	1,149
7	87	91	4,332
7	87	92	1,859
7	87	97	2,72
7	87	98	15,222
7	89	4	1,126
7	89	7	1,985
7	89	21	6,131
7	89	24	3,795
7	89	31	5,183
7	89	32	30,816
7	89	36	0,587
7	89	44	8,759
7	89	46	2,678
7	89	50	0,524
7	89	54	5,911
7	89	55	9,34
7	89	61	9,713
7	89	62	4,249
7	89	64	6,603
7	89	78	1,774
7	89	81	5,133
7	89	87	1,261
7	89	90	4,712
7	89	91	0,59
7	89	92	10,475
7	89	97	13,139
7	89	98	4,656
7	90	4	13,504
7	90	7	2,472
7	90	21	2,272
7	90	24	11,271
7	90	31	3,254
7	90	32	1,682
7	90	36	1,821
7	90	44	5,628
7	90	46	2,08
7	90	50	1,541
7	90	54	2,123
7	90	55	0,611
7	90	61	10,768
7	90	62	2,216
7	90	64	3,591
7	90	78	0,711
7	90	81	19,24
7	90	87	1,211
7	90	89	5,523
7	90	91	2,557
7	90	92	5,028
7	90	97	8,234
7	90	98	4,312
7	91	4	11,658
7	91	7	1,888
7	91	21	1,071
7	91	24	2,603
7	91	31	0,656
7	91	32	2,633
7	91	36	0,729
7	91	44	9,123
7	91	46	1,892
7	91	50	1,406
7	91	54	10,593
7	91	55	4,316
7	91	61	21,408
7	91	62	6,52
7	91	64	0,687
7	91	78	1,309
7	91	81	5,118
7	91	87	3,473
7	91	89	19,477
7	91	90	1,431
7	91	92	21,404
7	91	97	4,045
7	91	98	10,639
7	92	4	8,521
7	92	7	3,205
7	92	21	6,894
7	92	24	9,357
7	92	31	19,143
7	92	32	14,121
7	92	36	2,456
7	92	44	2,039
7	92	46	14,68
7	92	50	12,373
7	92	54	6,945
7	92	55	5,542
7	92	61	7,623
7	92	62	25,113
7	92	64	20,781
7	92	78	1,966
7	92	81	6,127
7	92	87	7,575
7	92	89	5,939
7	92	90	6,956
7	92	91	2,433
7	92	97	1,134
7	92	98	31,383
7	97	4	12,477
7	97	7	13,647
7	97	21	1,118
7	97	24	2,121
7	97	31	6,802
7	97	32	7,533
7	97	36	1,585
7	97	44	6,095
7	97	46	6,032
7	97	50	14,147
7	97	54	1,318
7	97	55	17,217
7	97	61	7,154
7	97	62	38,308
7	97	64	18,563
7	97	78	12,85
7	97	81	15,011
7	97	87	1,67
7	97	89	1,28
7	97	90	7,344
7	97	91	1,162
7	97	92	18,12
7	97	98	6,334
7	98	4	20,489
7	98	7	15,014
7	98	21	2,877
7	98	24	3,228
7	98	31	0,669
7	98	32	5,466
7	98	36	21,425
7	98	44	10,178
7	98	46	6,19
7	98	50	14,317
7	98	54	5,517
7	98	55	3,467
7	98	61	5,993
7	98	62	3,656
7	98	64	3,273
7	98	78	8,643
7	98	81	2,056
7	98	87	10,174
7	98	89	3,479
7	98	90	2,776
7	98	91	15,589
7	98	92	4,406
7	98	97	12,569
8	11	22	2,811
8	11	23	6,077
8	11	27	3,456
8	11	36	0,755
8	11	39	4,676
8	11	41	6,333
8	11	42	15,917
8	11	47	4,767
8	11	48	0,902
8	11	51	3,418
8	11	52	8,2
8	11	55	4,797
8	11	66	4,485
8	11	67	6,099
8	11	70	4,189
8	11	72	1,29
8	11	81	2,499
8	11	91	24,472
8	11	96	10,862
8	22	11	6,782
8	22	23	18,382
8	22	27	0,703
8	22	36	2,311
8	22	39	4,143
8	22	41	2,917
8	22	42	2,931
8	22	47	5,814
8	22	48	3,368
8	22	51	10,344
8	22	52	6,759
8	22	55	2,703
8	22	66	8,625
8	22	67	1,507
8	22	70	3,486
8	22	72	0,844
8	22	81	1,124
8	22	91	2,217
8	22	96	6,617
8	23	11	2,877
8	23	22	5,515
8	23	27	8,517
8	23	36	6,26
8	23	39	9,845
8	23	41	9,306
8	23	42	0,875
8	23	47	2,219
8	23	48	4,895
8	23	51	3,847
8	23	52	2,066
8	23	55	2,637
8	23	66	2,185
8	23	67	2,008
8	23	70	12,499
8	23	72	2,354
8	23	81	5,676
8	23	91	5,623
8	23	96	1,423
8	27	11	3,594
8	27	22	3,351
8	27	23	5,243
8	27	36	4,011
8	27	39	3,024
8	27	41	1,544
8	27	42	2,505
8	27	47	1,471
8	27	48	4,068
8	27	51	7,675
8	27	52	5,001
8	27	55	0,931
8	27	66	6,397
8	27	67	2,294
8	27	70	3,69
8	27	72	3,457
8	27	81	15,899
8	27	91	0,801
8	27	96	4,165
8	36	11	1,022
8	36	22	5,08
8	36	23	6,833
8	36	27	8,033
8	36	39	1,653
8	36	41	10,714
8	36	42	1,704
8	36	47	0,809
8	36	48	2,345
8	36	51	17,523
8	36	52	5,533
8	36	55	2,543
8	36	66	17,677
8	36	67	6,04
8	36	70	1,171
8	36	72	8,025
8	36	81	2,284
8	36	91	5,544
8	36	96	51,148
8	39	11	0,681
8	39	22	0,505
8	39	23	1,06
8	39	27	23,144
8	39	36	1,614
8	39	41	3,727
8	39	42	3,402
8	39	47	4,464
8	39	48	3,446
8	39	51	3,414
8	39	52	21,067
8	39	55	5,24
8	39	66	7,591
8	39	67	9,146
8	39	70	4,981
8	39	72	2,564
8	39	81	5,648
8	39	91	7,196
8	39	96	6,856
8	41	11	1,556
8	41	22	7,651
8	41	23	9,725
8	41	27	1,907
8	41	36	1,664
8	41	39	1,755
8	41	42	0,77
8	41	47	5,238
8	41	48	7,455
8	41	51	2,467
8	41	52	1,108
8	41	55	0,519
8	41	66	0,785
8	41	67	1,619
8	41	70	7,688
8	41	72	6,221
8	41	81	1,284
8	41	91	6,171
8	41	96	1,468
8	42	11	14,381
8	42	22	10,768
8	42	23	3,196
8	42	27	14,131
8	42	36	7,061
8	42	39	4,291
8	42	41	16,435
8	42	47	8,486
8	42	48	6,718
8	42	51	4,719
8	42	52	2,24
8	42	55	17,361
8	42	66	0,977
8	42	67	8,824
8	42	70	2,701
8	42	72	1,336
8	42	81	20,108
8	42	91	3,735
8	42	96	1,189
8	47	11	1,202
8	47	22	24,473
8	47	23	8,977
8	47	27	13,198
8	47	36	12,403
8	47	39	7,516
8	47	41	25,479
8	47	42	2,783
8	47	48	2,865
8	47	51	4,565
8	47	52	10,734
8	47	55	5,791
8	47	66	8,466
8	47	67	3,209
8	47	70	4,687
8	47	72	14,823
8	47	81	5,728
8	47	91	4,827
8	47	96	13,088
8	48	11	5,23
8	48	22	26,303
8	48	23	4,903
8	48	27	0,74
8	48	36	3,594
8	48	39	2,855
8	48	41	7,825
8	48	42	2,688
8	48	47	3,054
8	48	51	0,6
8	48	52	1,836
8	48	55	2,118
8	48	66	7,399
8	48	67	3,153
8	48	70	9,973
8	48	72	3,554
8	48	81	3,694
8	48	91	29,144
8	48	96	34,546
8	51	11	3,6
8	51	22	1,042
8	51	23	11,608
8	51	27	3,768
8	51	36	1,216
8	51	39	5,123
8	51	41	1,02
8	51	42	13,593
8	51	47	0,977
8	51	48	0,609
8	51	52	1,377
8	51	55	0,989
8	51	66	1,202
8	51	67	8,432
8	51	70	1,646
8	51	72	15,013
8	51	81	1,439
8	51	91	7,586
8	51	96	8,108
8	52	11	6,349
8	52	22	6,045
8	52	23	13,885
8	52	27	2,02
8	52	36	3,418
8	52	39	5,01
8	52	41	21,623
8	52	42	1,832
8	52	47	10,542
8	52	48	0,767
8	52	51	7,361
8	52	55	3,976
8	52	66	7,419
8	52	67	1,106
8	52	70	2,371
8	52	72	7,112
8	52	81	2,509
8	52	91	3,629
8	52	96	2,227
8	55	11	6,308
8	55	22	31,197
8	55	23	4,446
8	55	27	2,887
8	55	36	7,657
8	55	39	12,876
8	55	41	5,429
8	55	42	11,07
8	55	47	7,302
8	55	48	5,261
8	55	51	1,08
8	55	52	2,154
8	55	66	0,796
8	55	67	2,769
8	55	70	0,981
8	55	72	3,96
8	55	81	10,435
8	55	91	2,096
8	55	96	13,107
8	66	11	3,382
8	66	22	1,571
8	66	23	8,173
8	66	27	5,634
8	66	36	1,072
8	66	39	1,499
8	66	41	35,289
8	66	42	3,309
8	66	47	1,989
8	66	48	3,787
8	66	51	7,83
8	66	52	3,062
8	66	55	7,547
8	66	67	4,749
8	66	70	2,093
8	66	72	4,984
8	66	81	39,528
8	66	91	2,542
8	66	96	15,208
8	67	11	7,393
8	67	22	1,517
8	67	23	5,986
8	67	27	3,122
8	67	36	2,272
8	67	39	11,396
8	67	41	1,907
8	67	42	13,481
8	67	47	1,706
8	67	48	3,057
8	67	51	1,682
8	67	52	5,191
8	67	55	22,515
8	67	66	2,61
8	67	70	3,727
8	67	72	3,248
8	67	81	2,242
8	67	91	4,36
8	67	96	0,715
8	70	11	1,44
8	70	22	3,482
8	70	23	1,442
8	70	27	9,554
8	70	36	13,503
8	70	39	5,87
8	70	41	5,221
8	70	42	3,759
8	70	47	50,158
8	70	48	5,484
8	70	51	12,669
8	70	52	1,318
8	70	55	1,706
8	70	66	2,928
8	70	67	2,876
8	70	72	4,917
8	70	81	5,976
8	70	91	3,92
8	70	96	21,056
8	72	11	1,26
8	72	22	1,582
8	72	23	1,092
8	72	27	0,804
8	72	36	6,37
8	72	39	1,247
8	72	41	0,76
8	72	42	7,38
8	72	47	0,613
8	72	48	8,974
8	72	51	12,291
8	72	52	3,459
8	72	55	2,201
8	72	66	20,208
8	72	67	7,547
8	72	70	1,872
8	72	81	5,223
8	72	91	2,222
8	72	96	0,598
8	81	11	4,677
8	81	22	6,508
8	81	23	3,427
8	81	27	1,244
8	81	36	1,283
8	81	39	13,962
8	81	41	2,359
8	81	42	7,287
8	81	47	2,238
8	81	48	3,031
8	81	51	0,876
8	81	52	12,672
8	81	55	3,326
8	81	66	4,108
8	81	67	1,527
8	81	70	10,704
8	81	72	10,591
8	81	91	44,615
8	81	96	0,801
8	91	11	7,062
8	91	22	3,255
8	91	23	5,087
8	91	27	1,267
8	91	36	23,048
8	91	39	2,325
8	91	41	5,422
8	91	42	3,549
8	91	47	3,881
8	91	48	3,81
8	91	51	7,04
8	91	52	1,514
8	91	55	3,605
8	91	66	6,081
8	91	67	22,522
8	91	70	18,384
8	91	72	1,645
8	91	81	2,82
8	91	96	2,114
8	96	11	11,602
8	96	22	14,378
8	96	23	3,484
8	96	27	12,281
8	96	36	5,629
8	96	39	4,028
8	96	41	0,676
8	96	42	38,404
8	96	47	0,99
8	96	48	5,501
8	96	51	1,901
8	96	52	12,856
8	96	55	21,284
8	96	66	2,819
8	96	67	1,248
8	96	70	14,091
8	96	72	1,078
8	96	81	2,251
8	96	91	7,945
9	4	10	5,717
9	4	16	1,198
9	4	18	2,838
9	4	19	4,506
9	4	28	8,913
9	4	31	2,084
9	4	35	3,433
9	4	43	0,587
9	4	44	1,532
9	4	51	4,272
9	4	52	4,572
9	4	53	11,564
9	4	63	7,787
9	4	64	7,153
9	4	65	2,872
9	4	67	5,572
9	4	73	7,449
9	4	74	0,783
9	4	77	2,354
9	4	81	2,127
9	4	86	6,076
9	4	87	3,306
9	4	88	9,385
9	4	93	6,717
9	4	94	10,019
9	4	100	13,251
9	10	4	5,488
9	10	16	7,014
9	10	18	1,279
9	10	19	12,376
9	10	28	2,902
9	10	31	1,389
9	10	35	3,991
9	10	43	0,812
9	10	44	6,223
9	10	51	4,993
9	10	52	24,645
9	10	53	1,198
9	10	63	11,819
9	10	64	0,713
9	10	65	11,876
9	10	67	11,853
9	10	73	1,058
9	10	74	2,564
9	10	77	1,709
9	10	81	4,042
9	10	86	9,471
9	10	87	3,952
9	10	88	2,409
9	10	93	10,289
9	10	94	2,524
9	10	100	5,123
9	16	4	7,425
9	16	10	0,888
9	16	18	11,907
9	16	19	4,362
9	16	28	2,13
9	16	31	27,498
9	16	35	0,556
9	16	43	7,119
9	16	44	0,661
9	16	51	2,658
9	16	52	17,221
9	16	53	8,302
9	16	63	1,726
9	16	64	9,07
9	16	65	8,539
9	16	67	0,705
9	16	73	16,461
9	16	74	3,223
9	16	77	4,124
9	16	81	13,161
9	16	86	1,66
9	16	87	7,986
9	16	88	3,757
9	16	93	8,673
9	16	94	16,833
9	16	100	3,335
9	18	4	10,137
9	18	10	3,959
9	18	16	5,753
9	18	19	7,668
9	18	28	11,421
9	18	31	10,65
9	18	35	4,027
9	18	43	19,331
9	18	44	6,664
9	18	51	3,624
9	18	52	3,786
9	18	53	8,366
9	18	63	11,196
9	18	64	1,037
9	18	65	5,6
9	18	67	2,496
9	18	73	1,685
9	18	74	15,282
9	18	77	30,275
9	18	81	1,307
9	18	86	7,033
9	18	87	8,452
9	18	88	0,945
9	18	93	9,929
9	18	94	6,403
9	18	100	5,298
9	19	4	3,869
9	19	10	4,723
9	19	16	13,309
9	19	18	2,451
9	19	28	3,576
9	19	31	14,5
9	19	35	21,245
9	19	43	3,869
9	19	44	2,885
9	19	51	5,219
9	19	52	9,866
9	19	53	19,475
9	19	63	34,679
9	19	64	19,432
9	19	65	6,74
9	19	67	21,375
9	19	73	20,314
9	19	74	3,277
9	19	77	4,561
9	19	81	3,462
9	19	86	19,929
9	19	87	4,63
9	19	88	4,115
9	19	93	23,268
9	19	94	5,816
9	19	100	10,887
9	28	4	6,061
9	28	10	1,622
9	28	16	10,785
9	28	18	0,919
9	28	19	4,214
9	28	31	4,015
9	28	35	1,345
9	28	43	2,891
9	28	44	5,12
9	28	51	14,574
9	28	52	1,906
9	28	53	3,856
9	28	63	20,184
9	28	64	5,467
9	28	65	11,797
9	28	67	1,376
9	28	73	0,972
9	28	74	9,032
9	28	77	1,252
9	28	81	5,628
9	28	86	8,913
9	28	87	0,81
9	28	88	4,653
9	28	93	3,582
9	28	94	0,954
9	28	100	4,972
9	31	4	4,106
9	31	10	8,995
9	31	16	7,58
9	31	18	0,644
9	31	19	12,973
9	31	28	1,778
9	31	35	3,17
9	31	43	3,596
9	31	44	8,003
9	31	51	4,393
9	31	52	3,609
9	31	53	8,433
9	31	63	23,088
9	31	64	2,198
9	31	65	18,358
9	31	67	3,999
9	31	73	2,255
9	31	74	10,131
9	31	77	1,633
9	31	81	0,914
9	31	86	3,213
9	31	87	1,586
9	31	88	1,332
9	31	93	0,632
9	31	94	5,286
9	31	100	2,061
9	35	4	10,756
9	35	10	1,337
9	35	16	5,151
9	35	18	6,198
9	35	19	1,183
9	35	28	4,481
9	35	31	0,782
9	35	43	3,113
9	35	44	3,087
9	35	51	41,598
9	35	52	4,271
9	35	53	8,558
9	35	63	6,568
9	35	64	7,994
9	35	65	0,61
9	35	67	2,994
9	35	73	2,883
9	35	74	7,265
9	35	77	3,547
9	35	81	1,726
9	35	86	4,678
9	35	87	5,933
9	35	88	6,135
9	35	93	1,635
9	35	94	0,585
9	35	100	22,317
9	43	4	2,037
9	43	10	0,584
9	43	16	6,52
9	43	18	27,344
9	43	19	1,47
9	43	28	6,33
9	43	31	7,662
9	43	35	15,408
9	43	44	47,536
9	43	51	3,171
9	43	52	3,844
9	43	53	0,679
9	43	63	1,336
9	43	64	6,5
9	43	65	2,532
9	43	67	4,986
9	43	73	22,224
9	43	74	3,749
9	43	77	18,84
9	43	81	1,793
9	43	86	1,61
9	43	87	1,238
9	43	88	8,897
9	43	93	5,561
9	43	94	0,536
9	43	100	3,823
9	44	4	10,673
9	44	10	3,869
9	44	16	6,52
9	44	18	15,641
9	44	19	1,72
9	44	28	8,46
9	44	31	4,469
9	44	35	1,895
9	44	43	3,013
9	44	51	1,355
9	44	52	2,403
9	44	53	0,624
9	44	63	5,206
9	44	64	2,586
9	44	65	11,681
9	44	67	8,1
9	44	73	10,708
9	44	74	32,57
9	44	77	38,72
9	44	81	0,558
9	44	86	7,849
9	44	87	2,97
9	44	88	3,229
9	44	93	19,82
9	44	94	1,684
9	44	100	3,726
9	51	4	19,834
9	51	10	1,744
9	51	16	8,019
9	51	18	26,437
9	51	19	5,779
9	51	28	2,974
9	51	31	4,392
9	51	35	0,861
9	51	43	11,57
9	51	44	2,173
9	51	52	1,926
9	51	53	6,225
9	51	63	3,81
9	51	64	16,164
9	51	65	5,921
9	51	67	4,55
9	51	73	3,229
9	51	74	2,146
9	51	77	11,474
9	51	81	4,097
9	51	86	16,233
9	51	87	3,318
9	51	88	6,182
9	51	93	3,693
9	51	94	1,526
9	51	100	0,986
9	52	4	0,868
9	52	10	4,672
9	52	16	3,831
9	52	18	4,936
9	52	19	1,87
9	52	28	3,946
9	52	31	6,901
9	52	35	23,896
9	52	43	2,2
9	52	44	5,941
9	52	51	4,79
9	52	53	4,949
9	52	63	8,034
9	52	64	6,599
9	52	65	6,148
9	52	67	1,399
9	52	73	2,431
9	52	74	3,733
9	52	77	3,693
9	52	81	2,227
9	52	86	3,629
9	52	87	5,99
9	52	88	3,876
9	52	93	11,828
9	52	94	0,663
9	52	100	5,466
9	53	4	12,632
9	53	10	6,269
9	53	16	3,498
9	53	18	0,974
9	53	19	2,058
9	53	28	0,614
9	53	31	4,245
9	53	35	16,322
9	53	43	3,353
9	53	44	1,019
9	53	51	0,839
9	53	52	3,509
9	53	63	9,735
9	53	64	11,735
9	53	65	2,126
9	53	67	3,494
9	53	73	3,997
9	53	74	2,152
9	53	77	7,336
9	53	81	52,966
9	53	86	2,938
9	53	87	6,948
9	53	88	10,042
9	53	93	9,271
9	53	94	2,12
9	53	100	3,059
9	63	4	10,385
9	63	10	9,199
9	63	16	10,087
9	63	18	12,026
9	63	19	3,04
9	63	28	0,96
9	63	31	6,89
9	63	35	7,253
9	63	43	0,886
9	63	44	6,222
9	63	51	4,951
9	63	52	3,902
9	63	53	0,558
9	63	64	15,333
9	63	65	4,325
9	63	67	2,343
9	63	73	4,345
9	63	74	15,564
9	63	77	4,81
9	63	81	2,171
9	63	86	18,571
9	63	87	11,676
9	63	88	11,699
9	63	93	6,627
9	63	94	8,845
9	63	100	0,798
9	64	4	13,074
9	64	10	17,09
9	64	16	2,453
9	64	18	1,47
9	64	19	0,593
9	64	28	6,303
9	64	31	2,021
9	64	35	12,896
9	64	43	3,118
9	64	44	6,19
9	64	51	5,37
9	64	52	6,753
9	64	53	0,638
9	64	63	2,301
9	64	65	3,516
9	64	67	5,234
9	64	73	6,753
9	64	74	12,873
9	64	77	0,564
9	64	81	3,302
9	64	86	16,28
9	64	87	8,6
9	64	88	1,779
9	64	93	5,327
9	64	94	3,6
9	64	100	1,225
9	65	4	22,795
9	65	10	10,919
9	65	16	1,038
9	65	18	15,784
9	65	19	2,93
9	65	28	2,388
9	65	31	19,138
9	65	35	27,784
9	65	43	3,923
9	65	44	7,844
9	65	51	5,442
9	65	52	0,839
9	65	53	1,134
9	65	63	4,139
9	65	64	0,811
9	65	67	2,221
9	65	73	2,22
9	65	74	17,353
9	65	77	0,773
9	65	81	6,266
9	65	86	0,806
9	65	87	4,739
9	65	88	2,062
9	65	93	4,066
9	65	94	1,802
9	65	100	0,76
9	67	4	1,724
9	67	10	1,606
9	67	16	0,552
9	67	18	14,367
9	67	19	8,476
9	67	28	5,782
9	67	31	1,604
9	67	35	2,78
9	67	43	10,364
9	67	44	2,566
9	67	51	4,259
9	67	52	2,872
9	67	53	1,735
9	67	63	9,378
9	67	64	8,969
9	67	65	5,822
9	67	73	7,881
9	67	74	2,369
9	67	77	5,796
9	67	81	5,437
9	67	86	22,781
9	67	87	0,66
9	67	88	1,205
9	67	93	2,227
9	67	94	9,726
9	67	100	6,492
9	73	4	14,177
9	73	10	10,011
9	73	16	2,946
9	73	18	0,605
9	73	19	0,559
9	73	28	0,96
9	73	31	4,027
9	73	35	12,49
9	73	43	4,383
9	73	44	4,762
9	73	51	9,838
9	73	52	6,17
9	73	53	15,662
9	73	63	7,982
9	73	64	2,641
9	73	65	1,567
9	73	67	2,945
9	73	74	19,97
9	73	77	1,516
9	73	81	1,653
9	73	86	7,091
9	73	87	2,012
9	73	88	7,498
9	73	93	4,277
9	73	94	0,952
9	73	100	19,543
9	74	4	9,683
9	74	10	0,681
9	74	16	10,316
9	74	18	2,81
9	74	19	5,707
9	74	28	0,953
9	74	31	8,268
9	74	35	3,012
9	74	43	10,36
9	74	44	0,7
9	74	51	5,524
9	74	52	3,483
9	74	53	10,449
9	74	63	52,162
9	74	64	13,837
9	74	65	1,548
9	74	67	3,095
9	74	73	6,359
9	74	77	8,45
9	74	81	3,939
9	74	86	7,066
9	74	87	6,811
9	74	88	1,04
9	74	93	2,453
9	74	94	16,847
9	74	100	4,882
9	77	4	0,644
9	77	10	3,418
9	77	16	1,217
9	77	18	0,591
9	77	19	1,058
9	77	28	0,999
9	77	31	5,362
9	77	35	2,452
9	77	43	49,547
9	77	44	18,779
9	77	51	1,19
9	77	52	9,54
9	77	53	5,446
9	77	63	4,588
9	77	64	2,324
9	77	65	7,161
9	77	67	10,726
9	77	73	1,944
9	77	74	8,743
9	77	81	7,158
9	77	86	1,071
9	77	87	25,444
9	77	88	1,217
9	77	93	2,793
9	77	94	2,114
9	77	100	0,854
9	81	4	12,309
9	81	10	3,038
9	81	16	7,116
9	81	18	19,065
9	81	19	14,061
9	81	28	17,654
9	81	31	0,716
9	81	35	3,405
9	81	43	5,38
9	81	44	10,16
9	81	51	12,488
9	81	52	5,514
9	81	53	30,632
9	81	63	2,056
9	81	64	1,362
9	81	65	38,352
9	81	67	12,84
9	81	73	1,857
9	81	74	2,508
9	81	77	1,804
9	81	86	1,478
9	81	87	3,692
9	81	88	2,502
9	81	93	15,778
9	81	94	0,623
9	81	100	7,254
9	86	4	17,077
9	86	10	4,418
9	86	16	2,115
9	86	18	0,934
9	86	19	9,461
9	86	28	4,125
9	86	31	9,016
9	86	35	2,368
9	86	43	9,357
9	86	44	5,447
9	86	51	1,585
9	86	52	7,733
9	86	53	1,483
9	86	63	5,172
9	86	64	15,974
9	86	65	1,234
9	86	67	4,933
9	86	73	5,953
9	86	74	10,223
9	86	77	7,618
9	86	81	1,015
9	86	87	18,031
9	86	88	5,276
9	86	93	5,176
9	86	94	4,544
9	86	100	2,742
9	87	4	12,225
9	87	10	6,889
9	87	16	3,904
9	87	18	0,959
9	87	19	16,91
9	87	28	18,007
9	87	31	6,685
9	87	35	1,044
9	87	43	8,818
9	87	44	15,608
9	87	51	7,983
9	87	52	2,582
9	87	53	1,346
9	87	63	1,907
9	87	64	7,079
9	87	65	6,529
9	87	67	9,658
9	87	73	11,528
9	87	74	3,865
9	87	77	1,897
9	87	81	13,914
9	87	86	13,776
9	87	88	3,51
9	87	93	7,545
9	87	94	7,299
9	87	100	1,451
9	88	4	2,267
9	88	10	11,96
9	88	16	22,075
9	88	18	7,319
9	88	19	4,003
9	88	28	2,58
9	88	31	2,028
9	88	35	12,412
9	88	43	17,89
9	88	44	1,541
9	88	51	3,028
9	88	52	16,146
9	88	53	13,632
9	88	63	3,276
9	88	64	6,173
9	88	65	6,906
9	88	67	4,087
9	88	73	3,727
9	88	74	7,229
9	88	77	2,459
9	88	81	0,935
9	88	86	6,186
9	88	87	3,17
9	88	93	18,485
9	88	94	3,477
9	88	100	12,231
9	93	4	8,641
9	93	10	4,876
9	93	16	5,779
9	93	18	1,702
9	93	19	3,82
9	93	28	4,133
9	93	31	0,674
9	93	35	10,116
9	93	43	8,953
9	93	44	3,52
9	93	51	4,628
9	93	52	15,117
9	93	53	1,495
9	93	63	6,155
9	93	64	1,623
9	93	65	3,711
9	93	67	5,282
9	93	73	46,645
9	93	74	1,647
9	93	77	6,459
9	93	81	5,015
9	93	86	1,373
9	93	87	6,055
9	93	88	1,356
9	93	94	9,798
9	93	100	3,708
9	94	4	1,471
9	94	10	2,761
9	94	16	2,196
9	94	18	2,453
9	94	19	1,678
9	94	28	6,301
9	94	31	3,197
9	94	35	3,884
9	94	43	5,187
9	94	44	2,553
9	94	51	19,49
9	94	52	5,977
9	94	53	3,483
9	94	63	6,141
9	94	64	5,486
9	94	65	4,17
9	94	67	8,37
9	94	73	13,214
9	94	74	3,976
9	94	77	0,669
9	94	81	6,744
9	94	86	6,674
9	94	87	10,949
9	94	88	11,99
9	94	93	1,3
9	94	100	2,063
9	100	4	1,157
9	100	10	12,83
9	100	16	0,811
9	100	18	8,834
9	100	19	6,448
9	100	28	2,277
9	100	31	3,591
9	100	35	4,567
9	100	43	5,077
9	100	44	8,583
9	100	51	4,019
9	100	52	1,228
9	100	53	14,493
9	100	63	1,863
9	100	64	10,198
9	100	65	3,584
9	100	67	5,069
9	100	73	6,27
9	100	74	8,571
9	100	77	11,341
9	100	81	0,773
9	100	86	2,097
9	100	87	4,32
9	100	88	1,737
9	100	93	2,962
9	100	94	6,058
10	2	11	1,511
10	2	15	10,569
10	2	30	4,551
10	2	31	7,466
10	2	34	0,845
10	2	35	9,893
10	2	37	2,442
10	2	44	10,774
10	2	56	2,007
10	2	61	0,572
10	2	68	7,901
10	2	69	7,476
10	2	70	1,371
10	2	71	6,745
10	2	74	9,268
10	2	75	1,501
10	2	85	10,467
10	2	89	4,23
10	2	90	3,059
10	2	92	5,314
10	2	94	5,191
10	2	95	1,17
10	2	99	6
10	11	2	6,136
10	11	15	3,824
10	11	30	7,341
10	11	31	0,907
10	11	34	11,817
10	11	35	9,633
10	11	37	5,037
10	11	44	0,688
10	11	56	2,372
10	11	61	0,809
10	11	68	3,2
10	11	69	1,209
10	11	70	12,359
10	11	71	11,581
10	11	74	7,721
10	11	75	3,815
10	11	85	3,523
10	11	89	5,066
10	11	90	1,461
10	11	92	5,362
10	11	94	6,375
10	11	95	0,53
10	11	99	2,215
10	15	2	3,051
10	15	11	0,58
10	15	30	4,03
10	15	31	8,91
10	15	34	6,579
10	15	35	8,713
10	15	37	1,103
10	15	44	1,04
10	15	56	6,002
10	15	61	1,346
10	15	68	2,794
10	15	69	8,922
10	15	70	16,288
10	15	71	1,698
10	15	74	3,584
10	15	75	3,682
10	15	85	4,188
10	15	89	18,052
10	15	90	19,491
10	15	92	4,144
10	15	94	1,162
10	15	95	3,695
10	15	99	0,641
10	30	2	7,411
10	30	11	1,259
10	30	15	11,816
10	30	31	8,362
10	30	34	2,123
10	30	35	4,157
10	30	37	5,1
10	30	44	1,276
10	30	56	1,151
10	30	61	8,387
10	30	68	1,731
10	30	69	3,765
10	30	70	1,442
10	30	71	3,36
10	30	74	9,635
10	30	75	0,58
10	30	85	1,858
10	30	89	9,336
10	30	90	7,244
10	30	92	0,862
10	30	94	4,192
10	30	95	41,963
10	30	99	1,105
10	31	2	6,793
10	31	11	28,062
10	31	15	8,842
10	31	30	6,056
10	31	34	2,162
10	31	35	8,398
10	31	37	3,056
10	31	44	7,475
10	31	56	5,248
10	31	61	14,781
10	31	68	4,821
10	31	69	1,757
10	31	70	2,007
10	31	71	6,902
10	31	74	0,698
10	31	75	12,052
10	31	85	3,247
10	31	89	7,795
10	31	90	0,756
10	31	92	7,423
10	31	94	8,88
10	31	95	1,588
10	31	99	2,115
10	34	2	4,548
10	34	11	5,959
10	34	15	4,933
10	34	30	1,166
10	34	31	6,295
10	34	35	2,306
10	34	37	17,546
10	34	44	0,622
10	34	56	3,928
10	34	61	42,715
10	34	68	1,925
10	34	69	8,214
10	34	70	6,748
10	34	71	1,007
10	34	74	2,649
10	34	75	17,019
10	34	85	12,821
10	34	89	7,4
10	34	90	9,807
10	34	92	4,704
10	34	94	2,511
10	34	95	2,715
10	34	99	6,078
10	35	2	6,957
10	35	11	2,369
10	35	15	2,107
10	35	30	17,574
10	35	31	11,047
10	35	34	12,699
10	35	37	1,088
10	35	44	1,124
10	35	56	7,106
10	35	61	6,082
10	35	68	27,602
10	35	69	11,4
10	35	70	3,408
10	35	71	6,457
10	35	74	0,536
10	35	75	0,835
10	35	85	1,444
10	35	89	2,279
10	35	90	2,379
10	35	92	5,069
10	35	94	2,8
10	35	95	2,818
10	35	99	1,701
10	37	2	1,424
10	37	11	4,841
10	37	15	7,235
10	37	30	4,715
10	37	31	1,794
10	37	34	2,587
10	37	35	1,318
10	37	44	2,823
10	37	56	17,715
10	37	61	0,834
10	37	68	6,745
10	37	69	2,49
10	37	70	1,95
10	37	71	2,146
10	37	74	6,592
10	37	75	3,34
10	37	85	8,549
10	37	89	0,725
10	37	90	9,904
10	37	92	1,42
10	37	94	0,735
10	37	95	2,107
10	37	99	5,779
10	44	2	6,091
10	44	11	5,335
10	44	15	38,648
10	44	30	4,541
10	44	31	2,41
10	44	34	6,161
10	44	35	4,847
10	44	37	2,034
10	44	56	22,368
10	44	61	4,557
10	44	68	5,443
10	44	69	0,585
10	44	70	9,652
10	44	71	10,646
10	44	74	2,038
10	44	75	3,043
10	44	85	5,202
10	44	89	2,306
10	44	90	1,189
10	44	92	0,815
10	44	94	8,304
10	44	95	1,358
10	44	99	0,913
10	56	2	7,034
10	56	11	2,433
10	56	15	5,252
10	56	30	11,195
10	56	31	2,984
10	56	34	4,172
10	56	35	22,031
10	56	37	4,896
10	56	44	6,598
10	56	61	1,388
10	56	68	9,671
10	56	69	4,256
10	56	70	7,569
10	56	71	1,089
10	56	74	2,561
10	56	75	4,895
10	56	85	5,12
10	56	89	0,632
10	56	90	1,768
10	56	92	5,013
10	56	94	1,164
10	56	95	15,776
10	56	99	2,225
10	61	2	18,619
10	61	11	4,214
10	61	15	1,583
10	61	30	2,933
10	61	31	6,337
10	61	34	13,636
10	61	35	4,345
10	61	37	34,056
10	61	44	1,93
10	61	56	3,168
10	61	68	3,069
10	61	69	2,13
10	61	70	9,792
10	61	71	5,808
10	61	74	5,122
10	61	75	2,8
10	61	85	1,787
10	61	89	1,161
10	61	90	35,462
10	61	92	5,072
10	61	94	1,304
10	61	95	7,56
10	61	99	5,018
10	68	2	4,742
10	68	11	2,327
10	68	15	9,461
10	68	30	22,053
10	68	31	10,057
10	68	34	4,443
10	68	35	18,241
10	68	37	2,996
10	68	44	10,941
10	68	56	0,924
10	68	61	5,626
10	68	69	3,264
10	68	70	2,934
10	68	71	0,841
10	68	74	11,601
10	68	75	14,514
10	68	85	4,919
10	68	89	0,989
10	68	90	5,449
10	68	92	31,432
10	68	94	1,567
10	68	95	7,894
10	68	99	10,709
10	69	2	6,289
10	69	11	1,683
10	69	15	2,766
10	69	30	4,623
10	69	31	9,827
10	69	34	6,315
10	69	35	3,311
10	69	37	1,901
10	69	44	3,709
10	69	56	3,626
10	69	61	11,222
10	69	68	4,014
10	69	70	14,462
10	69	71	13,585
10	69	74	5,07
10	69	75	2,032
10	69	85	11,154
10	69	89	0,555
10	69	90	5,969
10	69	92	12,472
10	69	94	1,266
10	69	95	5,651
10	69	99	16,873
10	70	2	3,259
10	70	11	10,738
10	70	15	4,112
10	70	30	2,817
10	70	31	9,039
10	70	34	4,653
10	70	35	8,651
10	70	37	20,21
10	70	44	2,08
10	70	56	2,538
10	70	61	9,775
10	70	68	1,195
10	70	69	4,554
10	70	71	8,118
10	70	74	7,72
10	70	75	18,172
10	70	85	12,804
10	70	89	6,115
10	70	90	1,691
10	70	92	1,653
10	70	94	2,173
10	70	95	29,016
10	70	99	4,736
10	71	2	3,623
10	71	11	1,108
10	71	15	4,087
10	71	30	1,775
10	71	31	1,445
10	71	34	8,067
10	71	35	4,548
10	71	37	3,208
10	71	44	2,082
10	71	56	1,448
10	71	61	4,683
10	71	68	6,991
10	71	69	2,446
10	71	70	16,983
10	71	74	8,79
10	71	75	6,682
10	71	85	6,141
10	71	89	10,511
10	71	90	2,163
10	71	92	5,983
10	71	94	8,12
10	71	95	9,246
10	71	99	2,404
10	74	2	0,513
10	74	11	8,014
10	74	15	5,74
10	74	30	8,395
10	74	31	7,191
10	74	34	12,774
10	74	35	2,662
10	74	37	4,952
10	74	44	1,284
10	74	56	0,967
10	74	61	0,623
10	74	68	3,393
10	74	69	7,525
10	74	70	0,743
10	74	71	11,665
10	74	75	0,704
10	74	85	6,029
10	74	89	8,026
10	74	90	3,906
10	74	92	2,63
10	74	94	3,962
10	74	95	5,721
10	74	99	2,532
10	75	2	8,64
10	75	11	15,168
10	75	15	11,182
10	75	30	9,865
10	75	31	4,563
10	75	34	4,977
10	75	35	5,417
10	75	37	2,199
10	75	44	1,098
10	75	56	5,353
10	75	61	5,043
10	75	68	0,582
10	75	69	5,028
10	75	70	14,871
10	75	71	0,779
10	75	74	5,85
10	75	85	14,258
10	75	89	3,419
10	75	90	9,786
10	75	92	7,852
10	75	94	0,501
10	75	95	1,965
10	75	99	3,379
10	85	2	13,467
10	85	11	0,934
10	85	15	5,249
10	85	30	5,89
10	85	31	4,593
10	85	34	12,369
10	85	35	1,417
10	85	37	6,339
10	85	44	7,949
10	85	56	1,472
10	85	61	6,035
10	85	68	0,626
10	85	69	2,021
10	85	70	3,384
10	85	71	0,891
10	85	74	2,679
10	85	75	1,548
10	85	89	9,496
10	85	90	6,538
10	85	92	9,001
10	85	94	5,561
10	85	95	1,082
10	85	99	2,47
10	89	2	24,835
10	89	11	11,55
10	89	15	1,183
10	89	30	9,385
10	89	31	2,538
10	89	34	12,478
10	89	35	1,552
10	89	37	0,842
10	89	44	1,501
10	89	56	12,005
10	89	61	1,313
10	89	68	3,098
10	89	69	3,348
10	89	70	3,362
10	89	71	8,365
10	89	74	12,048
10	89	75	9,831
10	89	85	0,506
10	89	90	2,031
10	89	92	5,482
10	89	94	2,295
10	89	95	2,445
10	89	99	1,379
10	90	2	3,751
10	90	11	0,939
10	90	15	4,12
10	90	30	3,048
10	90	31	2,708
10	90	34	1,54
10	90	35	4,682
10	90	37	6,478
10	90	44	2,624
10	90	56	0,875
10	90	61	1,548
10	90	68	5,591
10	90	69	2,25
10	90	70	1,847
10	90	71	4,469
10	90	74	1,966
10	90	75	4,064
10	90	85	6,485
10	90	89	19,006
10	90	92	4,226
10	90	94	3,484
10	90	95	3,627
10	90	99	6,907
10	92	2	5,687
10	92	11	5,882
10	92	15	9,417
10	92	30	9,75
10	92	31	4,356
10	92	34	5,238
10	92	35	9,688
10	92	37	0,881
10	92	44	46,619
10	92	56	1,649
10	92	61	8,202
10	92	68	2,974
10	92	69	10,351
10	92	70	11,764
10	92	71	6,394
10	92	74	24,676
10	92	75	4,702
10	92	85	3,6
10	92	89	23,08
10	92	90	2,039
10	92	94	7,829
10	92	95	1,851
10	92	99	6,686
10	94	2	13,433
10	94	11	4,257
10	94	15	2,349
10	94	30	3,061
10	94	31	2,384
10	94	34	1,727
10	94	35	7,616
10	94	37	1,138
10	94	44	3,619
10	94	56	0,862
10	94	61	2,743
10	94	68	0,568
10	94	69	10,698
10	94	70	0,788
10	94	71	18,111
10	94	74	5,364
10	94	75	8,507
10	94	85	8,973
10	94	89	0,554
10	94	90	5,63
10	94	92	6,476
10	94	95	19,665
10	94	99	3,741
10	95	2	2,234
10	95	11	1,456
10	95	15	21,38
10	95	30	4,915
10	95	31	8,137
10	95	34	0,679
10	95	35	10,188
10	95	37	0,944
10	95	44	0,933
10	95	56	1,816
10	95	61	3,787
10	95	68	2,971
10	95	69	2,27
10	95	70	0,564
10	95	71	13,999
10	95	74	5,604
10	95	75	24,194
10	95	85	8,119
10	95	89	8,553
10	95	90	3,139
10	95	92	1,713
10	95	94	0,517
10	95	99	9,009
10	99	2	1,757
10	99	11	8,736
10	99	15	3,642
10	99	30	3,43
10	99	31	2,544
10	99	34	8,489
10	99	35	1,377
10	99	37	5,601
10	99	44	1,9
10	99	56	8,129
10	99	61	1,088
10	99	68	4,881
10	99	69	7,506
10	99	70	5,154
10	99	71	2,052
10	99	74	23,877
10	99	75	4,812
10	99	85	1,748
10	99	89	3,953
10	99	90	3,165
10	99	92	22,407
10	99	94	8,292
10	99	95	1,613

