#num jobs
100
#num machines
10

#jobId machId procTime energyCons
1	10	194,81	484,74
2	9	198,35	633,42
2	7	15,18	104,64
3	3	4,23	52,94
4	8	1,58	13,96
5	4	25,19	35,32
5	8	10,91	96,54
5	10	11,72	29,17
6	5	3,32	40,42
7	1	15,43	182,7
7	2	26,53	52,48
8	8	10,74	95,08
8	7	2,8	19,33
8	4	13,19	18,5
9	4	18,95	26,57
10	5	2963,22	36048,1
11	6	1,31	9,94
11	3	10,36	129,84
11	2	6,94	13,73
12	7	8,21	56,63
12	5	429,91	5229,99
12	3	37,33	467,67
12	2	9,33	18,47
13	10	66,49	165,43
14	2	4,34	8,58
15	6	81,61	618,24
16	5	1,27	15,41
16	2	10,95	21,66
17	9	265,96	849,3
18	8	16,82	148,84
18	9	12,92	41,26
19	2	11,48	22,7
20	5	21,81	265,32
21	4	63,61	89,21
21	6	58,65	444,34
22	9	9,44	30,15
23	2	1,89	3,75
24	10	32,02	79,68
24	4	295,55	414,46
25	9	2,93	9,36
25	10	44,81	111,5
26	3	2,36	29,62
27	1	16,7	197,74
27	4	4,4	6,16
27	9	10,99	35,11
28	9	68,7	219,38
28	3	28,82	360,99
28	2	60,48	119,65
29	1	41,63	492,79
29	10	103,75	258,16
30	3	14,87	186,25
31	1	14,16	167,62
31	6	13,65	103,39
32	3	24,02	300,88
33	10	13,12	32,64
33	7	28,64	197,47
33	6	8,69	65,84
33	4	3,64	5,1
34	1	3,94	46,66
35	6	210,37	1593,73
35	1	18,75	222,01
36	9	3,19	10,2
36	8	11	97,35
37	1	5,69	67,41
37	7	30,87	212,82
38	4	5679,89	7965,08
38	5	29,29	356,28
38	7	8,66	59,71
39	8	7,24	64,09
39	6	3,53	26,73
40	9	2,32	7,42
40	3	3,46	43,39
41	2	8,2	16,21
41	7	9,69	66,79
42	6	6,88	52,11
43	10	9,41	23,4
43	3	6,62	82,93
44	8	19,47	172,31
45	1	73,68	872,29
45	3	6,01	75,29
46	9	4,97	15,88
46	4	59,8	83,86
46	1	2595,12	30722,52
47	10	4,57	11,37
47	9	14,99	47,87
48	9	1,54	4,93
48	8	24,94	220,72
48	6	0,13	1,02
48	4	3,39	4,76
48	2	14,8	29,27
48	1	2,98	35,25
49	10	101,1	251,55
49	4	22,33	31,31
49	1	5,53	65,51
50	3	9,27	116,12
51	5	9,45	114,94
52	6	332,26	2517,08
52	5	81,9	996,27
53	4	139,03	194,97
53	9	48,18	153,87
54	8	10,35	91,62
54	5	24,57	298,92
55	1	18,85	223,17
55	4	7,1	9,96
55	9	4,6	14,69
56	7	52,55	362,29
56	8	38,9	344,22
57	7	23,69	163,36
57	2	7,66	15,15
58	3	14,49	181,5
58	4	4,36	6,11
58	7	2,31	15,92
59	8	5,22	46,19
59	9	5,93	18,95
60	5	2,06	25,09
61	9	6,95	22,19
61	4	450,26	631,42
61	3	7,25	90,85
62	10	83,29	207,25
62	3	63,52	795,72
63	8	28,81	254,97
63	5	29,55	359,53
63	3	9,23	115,6
64	6	4,69	35,54
64	7	5,97	41,15
64	8	4,57	40,42
65	2	11,08	21,92
66	10	3,21	7,97
66	5	3,05	37,05
67	7	69,97	482,38
67	3	465,24	5828,32
68	9	2,1	6,7
69	5	4,96	60,28
69	2	120,48	238,32
70	10	43,22	107,54
70	8	137,03	1212,65
70	7	0,62	4,27
70	6	4,16	31,52
71	6	8,99	68,08
72	2	88,54	175,14
73	5	4,6	55,95
74	6	5,82	44,12
75	3	32,29	404,47
75	8	6,11	54,11
76	5	46,01	559,71
76	1	1,72	20,34
77	8	48,89	432,69
77	1	97,78	1157,58
78	8	45,3	400,89
78	5	7,72	93,89
79	10	922,08	2294,33
79	6	23,28	176,33
80	3	5,07	63,51
80	2	6,93	13,71
81	1	116,84	1383,19
81	7	8,27	57,05
82	7	22	151,64
82	1	6,18	73,11
83	9	35,3	112,74
83	10	3,03	7,54
84	5	21,64	263,31
85	3	32,49	407,01
85	7	22,04	151,94
86	8	15,69	138,84
86	9	60,9	194,47
87	4	12,43	17,43
87	5	8681,75	105615,03
88	10	31,26	77,77
88	4	2,56	3,59
88	2	13,53	26,76
89	1	2,13	25,23
90	8	4,65	41,19
90	10	3,77	9,37
91	10	9,26	23,04
91	8	139,65	1235,89
91	4	100,9	141,5
92	1	86,38	1022,66
92	4	107,4	150,61
92	6	4,22	32
93	7	25,05	172,71
93	4	15,59	21,86
94	4	27,38	38,39
94	3	8,51	106,59
95	5	1,69	20,58
95	10	623,88	1552,35
96	3	27,51	344,65
96	9	8,5	27,14
97	9	5,64	18
98	10	20,4	50,75
98	6	4,28	32,45
99	1	111,07	1314,9
99	2	166,94	330,23
99	10	233,07	579,92
100	1	0,8	9,51
100	2	7,18	14,2
100	3	12,33	154,5
100	10	3,69	9,19

#jobId ddate weight rdate
1	1733,629	8	277,714
2	2486,942	18	1731,742
3	1676,407	49	636,402
4	2347,889	25	415,572
5	1994,603	6	744,16
6	1117,087	12	152,067
7	1034,233	38	1004,153
8	1122,651	11	709,277
9	1992,27	15	1216,619
10	901,79	35	929,681
11	2495,791	10	472,848
12	1741,319	40	1290,255
13	1682,685	36	1299,023
14	976,235	19	864,165
15	1580,904	24	779,553
16	1492,183	25	816,714
17	1131,853	18	1008,568
18	2022,407	31	1162,639
19	910,369	37	610,978
20	2554,532	15	494,672
21	996,862	41	774,617
22	1376,632	48	1612,731
23	1403,807	34	253,284
24	1423,866	18	1195,036
25	1761,205	4	57,998
26	1542,172	48	1302,38
27	2162,769	12	500,087
28	2285,082	47	1530,571
29	1488,496	30	473,384
30	1876,661	19	830,95
31	976,475	23	888,787
32	1644,363	3	1740,007
33	1851,093	26	204,272
34	1789,632	16	88,377
35	2309,571	44	1468,621
36	905,669	31	261,202
37	1848,654	30	1128,83
38	2279,663	49	391,762
39	995,535	28	472,413
40	2426,557	32	1648,769
41	1512,833	33	1287,78
42	1415,577	9	447,391
43	2450,276	3	116,842
44	930,756	31	1451,712
45	1643,218	12	373,137
46	2477,425	2	1736,145
47	987,898	6	582,828
48	2607,151	41	28,007
49	2250,996	14	457,445
50	1690,082	36	648,828
51	1725,819	9	1185,169
52	2429,058	16	276,8
53	2021,412	29	893,993
54	2148,233	5	216,027
55	1906,333	41	917,898
56	2612,073	1	636,445
57	2223,825	14	278,744
58	1823,046	30	1438,659
59	1807,482	36	666,315
60	2361,164	49	925,215
61	2450,175	35	760,193
62	1451,981	8	965,57
63	1662,288	3	974,794
64	2491,43	24	456,012
65	1681,669	11	600,298
66	948,139	25	700,818
67	905,318	45	1399,556
68	1358,715	11	1226,89
69	1651,01	42	1663,406
70	1891,145	39	621,576
71	1942,408	49	1420,881
72	1911,601	34	1458,692
73	1556,662	48	454,353
74	2051,526	40	949,785
75	2563,239	45	1493,029
76	2295,699	24	141,377
77	1579,457	49	859,343
78	1269,347	36	1455,846
79	1049,262	37	1091,46
80	1738,881	30	1561,604
81	1400,349	10	1531,776
82	1366,168	23	549,022
83	1753,69	26	1530,701
84	1791,284	7	1152,11
85	1798,732	13	614,425
86	1039,665	42	556,11
87	1427,668	43	1115,944
88	1549,099	43	311,688
89	2285,938	49	673,061
90	1323,436	11	862,339
91	2563,48	19	1578,414
92	1530,48	33	651,177
93	1949,384	27	1197,07
94	1667,918	11	542,009
95	2577,071	41	1548,806
96	2359,981	24	1231,248
97	1716,838	15	9,597
98	2440,392	13	311,213
99	2181,719	34	1611,883
100	1471,301	46	840,863

#machId jobPred jobSucc setupTime
1	7	27	4,236
1	7	29	12,852
1	7	31	20,616
1	7	34	3,505
1	7	35	0,97
1	7	37	11,045
1	7	45	5,867
1	7	46	6,663
1	7	48	8,623
1	7	49	0,7
1	7	55	13,5
1	7	76	7,849
1	7	77	4,735
1	7	81	5,769
1	7	82	3,444
1	7	89	5,683
1	7	92	6,365
1	7	99	13,761
1	7	100	13,345
1	27	7	0,525
1	27	29	4,122
1	27	31	14,35
1	27	34	9,743
1	27	35	11,854
1	27	37	10,074
1	27	45	8,946
1	27	46	2,791
1	27	48	16,473
1	27	49	3,195
1	27	55	2,859
1	27	76	6,908
1	27	77	4,969
1	27	81	0,594
1	27	82	4,687
1	27	89	12,558
1	27	92	7,425
1	27	99	1,75
1	27	100	4,929
1	29	7	14,799
1	29	27	14,014
1	29	31	1,489
1	29	34	5,725
1	29	35	6,652
1	29	37	2,272
1	29	45	0,655
1	29	46	9,345
1	29	48	1,219
1	29	49	0,951
1	29	55	2,966
1	29	76	1,71
1	29	77	1,756
1	29	81	4,532
1	29	82	3,125
1	29	89	0,691
1	29	92	2,356
1	29	99	9,615
1	29	100	2,38
1	31	7	8,924
1	31	27	3,33
1	31	29	34,885
1	31	34	16,804
1	31	35	6,173
1	31	37	7,579
1	31	45	1,366
1	31	46	1,675
1	31	48	5,631
1	31	49	2,429
1	31	55	5,419
1	31	76	7,529
1	31	77	19,45
1	31	81	2,624
1	31	82	4,493
1	31	89	3,319
1	31	92	3,29
1	31	99	2,447
1	31	100	0,861
1	34	7	2,05
1	34	27	6,624
1	34	29	4,958
1	34	31	5,664
1	34	35	2,762
1	34	37	12,726
1	34	45	2,899
1	34	46	5,438
1	34	48	24,35
1	34	49	8,318
1	34	55	2,22
1	34	76	2,69
1	34	77	1,764
1	34	81	2,18
1	34	82	5,741
1	34	89	11,222
1	34	92	0,569
1	34	99	3,381
1	34	100	6,288
1	35	7	3,576
1	35	27	7,182
1	35	29	11,004
1	35	31	2,795
1	35	34	7,654
1	35	37	2,478
1	35	45	5,573
1	35	46	13,783
1	35	48	12,767
1	35	49	1,778
1	35	55	2,224
1	35	76	5,311
1	35	77	8,93
1	35	81	0,83
1	35	82	1,69
1	35	89	7,773
1	35	92	2,825
1	35	99	2,873
1	35	100	3,476
1	37	7	32,409
1	37	27	2,984
1	37	29	11,806
1	37	31	4,437
1	37	34	29,724
1	37	35	6,945
1	37	45	5,442
1	37	46	4,846
1	37	48	10,885
1	37	49	2,299
1	37	55	10,155
1	37	76	2,991
1	37	77	1,077
1	37	81	4,993
1	37	82	0,835
1	37	89	1,457
1	37	92	4,738
1	37	99	3,697
1	37	100	5,368
1	45	7	1,292
1	45	27	2,24
1	45	29	9,154
1	45	31	5,988
1	45	34	2,527
1	45	35	2,334
1	45	37	0,732
1	45	46	5,585
1	45	48	14,076
1	45	49	4,765
1	45	55	10,078
1	45	76	3,669
1	45	77	1,283
1	45	81	1,39
1	45	82	4,601
1	45	89	4,766
1	45	92	1,124
1	45	99	2,457
1	45	100	6,074
1	46	7	2,394
1	46	27	3,467
1	46	29	4,334
1	46	31	1,605
1	46	34	7,025
1	46	35	3,374
1	46	37	2,255
1	46	45	9,046
1	46	48	5,079
1	46	49	1,333
1	46	55	3,596
1	46	76	5,462
1	46	77	5,891
1	46	81	1,717
1	46	82	4,871
1	46	89	5,749
1	46	92	13,675
1	46	99	5,96
1	46	100	14,981
1	48	7	4,744
1	48	27	11,722
1	48	29	5,282
1	48	31	2,14
1	48	34	1,298
1	48	35	3,93
1	48	37	14,627
1	48	45	5
1	48	46	10,12
1	48	49	0,696
1	48	55	2,789
1	48	76	5,791
1	48	77	12,287
1	48	81	6,317
1	48	82	1,265
1	48	89	14,769
1	48	92	2,858
1	48	99	5,158
1	48	100	3,222
1	49	7	18,286
1	49	27	7,134
1	49	29	8,663
1	49	31	5,454
1	49	34	6,984
1	49	35	2,772
1	49	37	11,707
1	49	45	13,061
1	49	46	4,306
1	49	48	0,575
1	49	55	12,83
1	49	76	2,106
1	49	77	3,01
1	49	81	1,121
1	49	82	4,326
1	49	89	6,172
1	49	92	38,987
1	49	99	11,405
1	49	100	9,275
1	55	7	11,752
1	55	27	4,878
1	55	29	3,483
1	55	31	1,492
1	55	34	9,201
1	55	35	29,137
1	55	37	1,829
1	55	45	4,385
1	55	46	10,976
1	55	48	3,563
1	55	49	8,339
1	55	76	0,945
1	55	77	1,64
1	55	81	9,055
1	55	82	4,368
1	55	89	0,505
1	55	92	6,574
1	55	99	0,949
1	55	100	1,485
1	76	7	0,791
1	76	27	5,357
1	76	29	8,212
1	76	31	5,952
1	76	34	22,024
1	76	35	4,682
1	76	37	2,234
1	76	45	16,247
1	76	46	4,175
1	76	48	2,749
1	76	49	25,638
1	76	55	3,948
1	76	77	1,252
1	76	81	0,828
1	76	82	2,092
1	76	89	5,012
1	76	92	4,449
1	76	99	3,398
1	76	100	2,891
1	77	7	4,359
1	77	27	2,936
1	77	29	4,753
1	77	31	9,21
1	77	34	3,957
1	77	35	5,704
1	77	37	9,326
1	77	45	2,076
1	77	46	7,943
1	77	48	4,991
1	77	49	5,663
1	77	55	32,915
1	77	76	2,66
1	77	81	3,693
1	77	82	10,056
1	77	89	22,104
1	77	92	4,15
1	77	99	1,083
1	77	100	1,703
1	81	7	3,158
1	81	27	0,976
1	81	29	5,157
1	81	31	11,94
1	81	34	1,501
1	81	35	6,555
1	81	37	3,284
1	81	45	11,983
1	81	46	3,35
1	81	48	0,725
1	81	49	2,251
1	81	55	2,681
1	81	76	3,141
1	81	77	6,645
1	81	82	2,689
1	81	89	3,012
1	81	92	3,325
1	81	99	8,368
1	81	100	6,138
1	82	7	1,289
1	82	27	2,507
1	82	29	11,382
1	82	31	21,64
1	82	34	8,453
1	82	35	6,572
1	82	37	0,888
1	82	45	2,172
1	82	46	1,012
1	82	48	2,934
1	82	49	5,044
1	82	55	9,066
1	82	76	1,097
1	82	77	7,61
1	82	81	4,332
1	82	89	4,752
1	82	92	0,525
1	82	99	6,617
1	82	100	13,806
1	89	7	7,056
1	89	27	1,676
1	89	29	5,205
1	89	31	3,618
1	89	34	1,921
1	89	35	6,936
1	89	37	2,161
1	89	45	4,325
1	89	46	1,066
1	89	48	9,409
1	89	49	9,417
1	89	55	6,388
1	89	76	3,268
1	89	77	1,345
1	89	81	11,487
1	89	82	6,325
1	89	92	1,149
1	89	99	1,54
1	89	100	8,02
1	92	7	6,923
1	92	27	2,631
1	92	29	6,173
1	92	31	0,682
1	92	34	9,213
1	92	35	4,232
1	92	37	6,36
1	92	45	7,42
1	92	46	5,678
1	92	48	2,617
1	92	49	0,984
1	92	55	11,113
1	92	76	6,302
1	92	77	3,482
1	92	81	2,32
1	92	82	7,495
1	92	89	25,288
1	92	99	1,775
1	92	100	1,865
1	99	7	2,728
1	99	27	1,797
1	99	29	17,071
1	99	31	1,522
1	99	34	6,907
1	99	35	0,929
1	99	37	1,066
1	99	45	0,86
1	99	46	30,178
1	99	48	21,069
1	99	49	26,366
1	99	55	1,877
1	99	76	10,35
1	99	77	19,114
1	99	81	2,62
1	99	82	5,063
1	99	89	1,137
1	99	92	3,056
1	99	100	8,096
1	100	7	17,777
1	100	27	5,537
1	100	29	1,921
1	100	31	10,612
1	100	34	3,883
1	100	35	0,744
1	100	37	0,729
1	100	45	0,683
1	100	46	1,594
1	100	48	9,146
1	100	49	4,162
1	100	55	4,911
1	100	76	1,825
1	100	77	2,527
1	100	81	6,674
1	100	82	0,997
1	100	89	0,762
1	100	92	13,196
1	100	99	22,172
2	7	11	4,243
2	7	12	2,55
2	7	14	8,637
2	7	16	2,721
2	7	19	5,278
2	7	23	6,903
2	7	28	2,086
2	7	41	4,913
2	7	48	2,446
2	7	57	9,631
2	7	65	13,357
2	7	69	1,939
2	7	72	11,593
2	7	80	1,383
2	7	88	1,335
2	7	99	4,568
2	7	100	7,44
2	11	7	1,172
2	11	12	8,841
2	11	14	21,005
2	11	16	3,844
2	11	19	4,13
2	11	23	7,164
2	11	28	3,332
2	11	41	1,656
2	11	48	14,231
2	11	57	10,895
2	11	65	49,795
2	11	69	3,707
2	11	72	3,866
2	11	80	4,953
2	11	88	30,389
2	11	99	6,262
2	11	100	8,292
2	12	7	6,336
2	12	11	14,005
2	12	14	2,153
2	12	16	2,791
2	12	19	7,177
2	12	23	8,836
2	12	28	3,233
2	12	41	1,107
2	12	48	19,777
2	12	57	5,443
2	12	65	2,494
2	12	69	6,474
2	12	72	7,867
2	12	80	2,368
2	12	88	1,071
2	12	99	4,451
2	12	100	4,062
2	14	7	6,986
2	14	11	4,351
2	14	12	3,201
2	14	16	10,517
2	14	19	6,063
2	14	23	1,054
2	14	28	5,085
2	14	41	16,793
2	14	48	9,309
2	14	57	6,853
2	14	65	6,258
2	14	69	9,899
2	14	72	3,255
2	14	80	6,492
2	14	88	7,173
2	14	99	5,236
2	14	100	1,365
2	16	7	1,339
2	16	11	2,038
2	16	12	4,034
2	16	14	7,873
2	16	19	1,502
2	16	23	9,985
2	16	28	3,676
2	16	41	4,276
2	16	48	24,389
2	16	57	8,617
2	16	65	10,456
2	16	69	18,637
2	16	72	3,076
2	16	80	1,882
2	16	88	4,495
2	16	99	9,504
2	16	100	7,013
2	19	7	5,326
2	19	11	30,301
2	19	12	2,432
2	19	14	4,058
2	19	16	6,86
2	19	23	1,613
2	19	28	10,702
2	19	41	3,539
2	19	48	22,819
2	19	57	5,332
2	19	65	1,195
2	19	69	3,51
2	19	72	9,881
2	19	80	4,087
2	19	88	5,459
2	19	99	4,4
2	19	100	1,756
2	23	7	32,319
2	23	11	13,395
2	23	12	3,623
2	23	14	9,915
2	23	16	1,438
2	23	19	2,623
2	23	28	2,469
2	23	41	3,974
2	23	48	7,867
2	23	57	1,594
2	23	65	4,331
2	23	69	1,284
2	23	72	10,08
2	23	80	4,193
2	23	88	19,462
2	23	99	64,768
2	23	100	2,396
2	28	7	1,044
2	28	11	18,62
2	28	12	3,303
2	28	14	0,903
2	28	16	1,359
2	28	19	3,397
2	28	23	0,719
2	28	41	2,922
2	28	48	8,689
2	28	57	11,921
2	28	65	2,555
2	28	69	9,875
2	28	72	5,108
2	28	80	2,414
2	28	88	2,673
2	28	99	3,645
2	28	100	5,277
2	41	7	0,737
2	41	11	8,465
2	41	12	4,907
2	41	14	8,151
2	41	16	1,182
2	41	19	11,284
2	41	23	15,692
2	41	28	2,331
2	41	48	3,629
2	41	57	2,409
2	41	65	7,152
2	41	69	7,203
2	41	72	0,687
2	41	80	4,253
2	41	88	4,471
2	41	99	4,933
2	41	100	2,847
2	48	7	2,379
2	48	11	1,357
2	48	12	0,547
2	48	14	6,669
2	48	16	5,617
2	48	19	9,723
2	48	23	5,143
2	48	28	12,483
2	48	41	4,712
2	48	57	13,112
2	48	65	5,778
2	48	69	2,313
2	48	72	1,005
2	48	80	14,507
2	48	88	1,333
2	48	99	5,624
2	48	100	4,641
2	57	7	12,11
2	57	11	14,781
2	57	12	3,612
2	57	14	1,92
2	57	16	9,255
2	57	19	4,52
2	57	23	2,888
2	57	28	0,81
2	57	41	6,393
2	57	48	2,936
2	57	65	1,246
2	57	69	1,039
2	57	72	4,823
2	57	80	5,08
2	57	88	4,488
2	57	99	0,766
2	57	100	1,42
2	65	7	2,357
2	65	11	3,074
2	65	12	5,073
2	65	14	3,743
2	65	16	13,792
2	65	19	16,315
2	65	23	2,196
2	65	28	8,697
2	65	41	2,356
2	65	48	1,962
2	65	57	0,73
2	65	69	10,227
2	65	72	2,135
2	65	80	2,246
2	65	88	4,518
2	65	99	38,94
2	65	100	1,636
2	69	7	0,798
2	69	11	12,087
2	69	12	40,106
2	69	14	1,869
2	69	16	8,253
2	69	19	9,572
2	69	23	1,134
2	69	28	1,008
2	69	41	3
2	69	48	20,611
2	69	57	2,836
2	69	65	1,361
2	69	72	3,957
2	69	80	8,783
2	69	88	0,843
2	69	99	2,032
2	69	100	4,93
2	72	7	4,298
2	72	11	0,802
2	72	12	0,768
2	72	14	6,08
2	72	16	4,19
2	72	19	3,315
2	72	23	18,162
2	72	28	2,364
2	72	41	8,484
2	72	48	2,988
2	72	57	5,829
2	72	65	19,602
2	72	69	3,797
2	72	80	5,094
2	72	88	4,195
2	72	99	5,716
2	72	100	2,05
2	80	7	4,447
2	80	11	4,896
2	80	12	20,572
2	80	14	6,857
2	80	16	5,259
2	80	19	9,352
2	80	23	5,209
2	80	28	9,051
2	80	41	0,606
2	80	48	1,91
2	80	57	7,226
2	80	65	7,574
2	80	69	16,212
2	80	72	2,86
2	80	88	0,512
2	80	99	2,829
2	80	100	1,771
2	88	7	8,691
2	88	11	2,984
2	88	12	0,685
2	88	14	1,787
2	88	16	3,453
2	88	19	13,902
2	88	23	15,737
2	88	28	3,2
2	88	41	19,851
2	88	48	21,358
2	88	57	1,134
2	88	65	7,818
2	88	69	0,922
2	88	72	7,114
2	88	80	12,114
2	88	99	11,576
2	88	100	9,733
2	99	7	8,132
2	99	11	9,352
2	99	12	1,86
2	99	14	3,762
2	99	16	0,99
2	99	19	4,262
2	99	23	6,409
2	99	28	0,922
2	99	41	5,154
2	99	48	2,069
2	99	57	0,61
2	99	65	1,298
2	99	69	6,903
2	99	72	6,241
2	99	80	14,453
2	99	88	15,409
2	99	100	6,464
2	100	7	2,703
2	100	11	5,046
2	100	12	1,202
2	100	14	1,303
2	100	16	15,906
2	100	19	6,746
2	100	23	8,301
2	100	28	1,243
2	100	41	4,209
2	100	48	2,553
2	100	57	3,447
2	100	65	9,058
2	100	69	5,482
2	100	72	2,156
2	100	80	0,721
2	100	88	0,738
2	100	99	10,65
3	3	11	19,578
3	3	12	1,08
3	3	26	13,211
3	3	28	4,127
3	3	30	11,219
3	3	32	4,754
3	3	40	14,654
3	3	43	13,123
3	3	45	12,825
3	3	50	0,524
3	3	58	0,828
3	3	61	7,55
3	3	62	1,024
3	3	63	9,616
3	3	67	1,259
3	3	75	7,846
3	3	80	9,346
3	3	85	3,83
3	3	94	1,007
3	3	96	22,551
3	3	100	7,139
3	11	3	1,342
3	11	12	0,725
3	11	26	6,972
3	11	28	5,137
3	11	30	12,096
3	11	32	1,493
3	11	40	1,132
3	11	43	13,744
3	11	45	9,558
3	11	50	3,353
3	11	58	7,661
3	11	61	6,42
3	11	62	2,366
3	11	63	9,301
3	11	67	5,81
3	11	75	1,075
3	11	80	9,657
3	11	85	1,734
3	11	94	18,241
3	11	96	12,382
3	11	100	1,259
3	12	3	2,696
3	12	11	2,621
3	12	26	3,861
3	12	28	6,376
3	12	30	10,562
3	12	32	7,593
3	12	40	12,072
3	12	43	8,469
3	12	45	1,859
3	12	50	2,046
3	12	58	7,905
3	12	61	12,98
3	12	62	4,918
3	12	63	3,203
3	12	67	1,581
3	12	75	4,024
3	12	80	6,453
3	12	85	2,53
3	12	94	7,734
3	12	96	12,914
3	12	100	7,258
3	26	3	3,72
3	26	11	1,529
3	26	12	6,16
3	26	28	5,08
3	26	30	2,869
3	26	32	4,445
3	26	40	0,885
3	26	43	12,915
3	26	45	14,064
3	26	50	3,953
3	26	58	9,468
3	26	61	1,407
3	26	62	2,066
3	26	63	1,603
3	26	67	2,286
3	26	75	4,065
3	26	80	4,66
3	26	85	1,356
3	26	94	1,109
3	26	96	31,511
3	26	100	0,583
3	28	3	12,137
3	28	11	1,28
3	28	12	11,766
3	28	26	0,666
3	28	30	21,34
3	28	32	3,831
3	28	40	12,178
3	28	43	2,557
3	28	45	6,166
3	28	50	4,555
3	28	58	6,554
3	28	61	0,691
3	28	62	3,111
3	28	63	5,511
3	28	67	17,455
3	28	75	11,739
3	28	80	0,798
3	28	85	8,516
3	28	94	16,979
3	28	96	0,987
3	28	100	10,414
3	30	3	3,407
3	30	11	12,932
3	30	12	1,858
3	30	26	0,969
3	30	28	0,643
3	30	32	1,464
3	30	40	5,422
3	30	43	16,676
3	30	45	2,932
3	30	50	27,405
3	30	58	8,346
3	30	61	1,614
3	30	62	5,197
3	30	63	0,975
3	30	67	1,578
3	30	75	5,773
3	30	80	14,657
3	30	85	5,179
3	30	94	2,5
3	30	96	8,872
3	30	100	3,165
3	32	3	1,721
3	32	11	5,874
3	32	12	20,73
3	32	26	2,199
3	32	28	1,363
3	32	30	6,144
3	32	40	12,342
3	32	43	2,065
3	32	45	2,701
3	32	50	1,876
3	32	58	10,417
3	32	61	6,972
3	32	62	3,277
3	32	63	2,482
3	32	67	6,329
3	32	75	1,037
3	32	80	1,508
3	32	85	4,617
3	32	94	0,812
3	32	96	2,92
3	32	100	11,815
3	40	3	25,217
3	40	11	2,214
3	40	12	1,631
3	40	26	2,772
3	40	28	1,325
3	40	30	0,794
3	40	32	1,182
3	40	43	13,211
3	40	45	2,883
3	40	50	5,172
3	40	58	2,666
3	40	61	1,246
3	40	62	0,963
3	40	63	1,426
3	40	67	1,318
3	40	75	4,91
3	40	80	1,142
3	40	85	16,935
3	40	94	30,851
3	40	96	2,779
3	40	100	31,514
3	43	3	8,256
3	43	11	6,358
3	43	12	7,132
3	43	26	8,54
3	43	28	3,878
3	43	30	6,295
3	43	32	13,244
3	43	40	2,062
3	43	45	5,088
3	43	50	7,899
3	43	58	23,197
3	43	61	2,492
3	43	62	2,502
3	43	63	3,044
3	43	67	3,013
3	43	75	0,937
3	43	80	20,147
3	43	85	4,624
3	43	94	2,323
3	43	96	2,957
3	43	100	12,828
3	45	3	0,823
3	45	11	3,041
3	45	12	7,964
3	45	26	0,745
3	45	28	1,642
3	45	30	7,317
3	45	32	5,152
3	45	40	17,287
3	45	43	3,665
3	45	50	11,794
3	45	58	2,666
3	45	61	12,197
3	45	62	20,857
3	45	63	1,585
3	45	67	0,786
3	45	75	9,138
3	45	80	11,753
3	45	85	5,136
3	45	94	6,685
3	45	96	9,481
3	45	100	4,745
3	50	3	3,372
3	50	11	3,749
3	50	12	1,895
3	50	26	21,468
3	50	28	14,306
3	50	30	0,979
3	50	32	1,133
3	50	40	8,554
3	50	43	2,025
3	50	45	0,688
3	50	58	5,548
3	50	61	3,583
3	50	62	3,469
3	50	63	4,94
3	50	67	18,729
3	50	75	3,179
3	50	80	6,189
3	50	85	3,767
3	50	94	0,772
3	50	96	12,001
3	50	100	3,292
3	58	3	2,678
3	58	11	7,417
3	58	12	3,412
3	58	26	19,019
3	58	28	12,2
3	58	30	1,181
3	58	32	1,231
3	58	40	3,706
3	58	43	2,16
3	58	45	12,226
3	58	50	8,147
3	58	61	9,935
3	58	62	0,848
3	58	63	8,541
3	58	67	10,822
3	58	75	9,619
3	58	80	2,297
3	58	85	6,156
3	58	94	1,736
3	58	96	6,049
3	58	100	2,332
3	61	3	4,042
3	61	11	5,26
3	61	12	4,082
3	61	26	4,823
3	61	28	0,535
3	61	30	15,769
3	61	32	6,219
3	61	40	9,432
3	61	43	0,974
3	61	45	5,815
3	61	50	22,041
3	61	58	2,842
3	61	62	5,163
3	61	63	10,248
3	61	67	2,688
3	61	75	5,072
3	61	80	3,66
3	61	85	0,985
3	61	94	10,506
3	61	96	0,644
3	61	100	1,878
3	62	3	23,333
3	62	11	2,799
3	62	12	5,382
3	62	26	0,837
3	62	28	1,592
3	62	30	5,249
3	62	32	1,637
3	62	40	14,377
3	62	43	1,818
3	62	45	1,661
3	62	50	1,555
3	62	58	1,093
3	62	61	1,942
3	62	63	6,995
3	62	67	4,249
3	62	75	13,392
3	62	80	19,847
3	62	85	15,761
3	62	94	4,482
3	62	96	2,619
3	62	100	4,75
3	63	3	10,266
3	63	11	1,055
3	63	12	3,191
3	63	26	6,533
3	63	28	0,83
3	63	30	4,957
3	63	32	1,273
3	63	40	0,6
3	63	43	3,044
3	63	45	1,585
3	63	50	3,299
3	63	58	11,312
3	63	61	1,429
3	63	62	6,9
3	63	67	1,704
3	63	75	2,026
3	63	80	3,367
3	63	85	1,701
3	63	94	1,323
3	63	96	6,717
3	63	100	5,267
3	67	3	8,413
3	67	11	2,536
3	67	12	4,479
3	67	26	1,745
3	67	28	5,397
3	67	30	8,78
3	67	32	0,692
3	67	40	0,514
3	67	43	1,482
3	67	45	10,577
3	67	50	14,654
3	67	58	1,75
3	67	61	12,967
3	67	62	8,646
3	67	63	21,518
3	67	75	12,273
3	67	80	2,086
3	67	85	6,103
3	67	94	3,228
3	67	96	0,659
3	67	100	3,914
3	75	3	6,886
3	75	11	4,199
3	75	12	7,49
3	75	26	2,133
3	75	28	8,241
3	75	30	2,979
3	75	32	4,215
3	75	40	1,815
3	75	43	9,761
3	75	45	1,709
3	75	50	3,776
3	75	58	18,014
3	75	61	3,776
3	75	62	9,984
3	75	63	47,318
3	75	67	10,505
3	75	80	4,591
3	75	85	1,209
3	75	94	10,332
3	75	96	7,101
3	75	100	4,236
3	80	3	7,928
3	80	11	6,117
3	80	12	4,553
3	80	26	1,661
3	80	28	7,28
3	80	30	4,513
3	80	32	2,762
3	80	40	4,466
3	80	43	2,072
3	80	45	22,726
3	80	50	8,601
3	80	58	0,512
3	80	61	0,864
3	80	62	10,661
3	80	63	1,694
3	80	67	3,605
3	80	75	21,606
3	80	85	3,209
3	80	94	1,25
3	80	96	4,392
3	80	100	3,237
3	85	3	27,558
3	85	11	5,404
3	85	12	8,976
3	85	26	2,017
3	85	28	15,895
3	85	30	0,618
3	85	32	3,823
3	85	40	0,705
3	85	43	5,624
3	85	45	12,416
3	85	50	1,572
3	85	58	4,057
3	85	61	0,766
3	85	62	1,467
3	85	63	5,547
3	85	67	1,525
3	85	75	2,246
3	85	80	0,954
3	85	94	6,98
3	85	96	5,815
3	85	100	1,785
3	94	3	7,535
3	94	11	1,641
3	94	12	9,503
3	94	26	12,238
3	94	28	1,585
3	94	30	2,08
3	94	32	3,615
3	94	40	3,589
3	94	43	3,921
3	94	45	3,297
3	94	50	4,228
3	94	58	11,047
3	94	61	4,853
3	94	62	5,358
3	94	63	7,073
3	94	67	4,632
3	94	75	4,59
3	94	80	2,946
3	94	85	1,119
3	94	96	2,531
3	94	100	8,643
3	96	3	2,318
3	96	11	5,533
3	96	12	7,452
3	96	26	6,651
3	96	28	0,999
3	96	30	11,955
3	96	32	5,959
3	96	40	5,552
3	96	43	5,573
3	96	45	1,347
3	96	50	0,94
3	96	58	11,436
3	96	61	1,281
3	96	62	4,896
3	96	63	1,513
3	96	67	2,88
3	96	75	13,048
3	96	80	1,433
3	96	85	5,339
3	96	94	5,801
3	96	100	2,274
3	100	3	20,792
3	100	11	8,625
3	100	12	3,739
3	100	26	3,825
3	100	28	2,525
3	100	30	2,35
3	100	32	8,487
3	100	40	22,704
3	100	43	4,113
3	100	45	6,011
3	100	50	1,869
3	100	58	5,466
3	100	61	7,512
3	100	62	1,067
3	100	63	3,657
3	100	67	12,231
3	100	75	6,176
3	100	80	1,567
3	100	85	14,005
3	100	94	16,154
3	100	96	16,895
4	5	8	1,991
4	5	9	6,847
4	5	21	15,557
4	5	24	0,821
4	5	27	3,721
4	5	33	9,426
4	5	38	0,841
4	5	46	36,574
4	5	48	1,924
4	5	49	83,576
4	5	53	6,481
4	5	55	28,818
4	5	58	1,727
4	5	61	23,204
4	5	87	0,806
4	5	88	3,465
4	5	91	2,868
4	5	92	2,367
4	5	93	1,801
4	5	94	0,754
4	8	5	4,458
4	8	9	1,874
4	8	21	20,27
4	8	24	8,01
4	8	27	2,17
4	8	33	22,091
4	8	38	3,738
4	8	46	3,552
4	8	48	4,67
4	8	49	10,985
4	8	53	0,737
4	8	55	5,291
4	8	58	12,004
4	8	61	6,351
4	8	87	1,235
4	8	88	6,431
4	8	91	3,675
4	8	92	3,035
4	8	93	3,437
4	8	94	5,614
4	9	5	1,886
4	9	8	3,67
4	9	21	2,603
4	9	24	8,076
4	9	27	7,706
4	9	33	4,898
4	9	38	11,468
4	9	46	0,747
4	9	48	1,894
4	9	49	8,051
4	9	53	33,514
4	9	55	6,095
4	9	58	3,053
4	9	61	36,282
4	9	87	6,786
4	9	88	1,589
4	9	91	4,58
4	9	92	7,951
4	9	93	15,588
4	9	94	11,258
4	21	5	12,907
4	21	8	1,706
4	21	9	3,002
4	21	24	7,755
4	21	27	12,508
4	21	33	5,914
4	21	38	6,703
4	21	46	5,322
4	21	48	5,313
4	21	49	6,53
4	21	53	37,932
4	21	55	6,259
4	21	58	4,414
4	21	61	5,237
4	21	87	2,962
4	21	88	2,018
4	21	91	1,9
4	21	92	4,052
4	21	93	5,776
4	21	94	27,798
4	24	5	7,04
4	24	8	6,8
4	24	9	21,647
4	24	21	3,944
4	24	27	7,012
4	24	33	2,098
4	24	38	13,901
4	24	46	13,008
4	24	48	7,257
4	24	49	17,053
4	24	53	28,683
4	24	55	29,018
4	24	58	23,125
4	24	61	1,178
4	24	87	9,159
4	24	88	10,11
4	24	91	1,106
4	24	92	1,945
4	24	93	4,627
4	24	94	1,53
4	27	5	19,649
4	27	8	14,494
4	27	9	20,211
4	27	21	9,714
4	27	24	32,86
4	27	33	21,473
4	27	38	2,154
4	27	46	11,203
4	27	48	6,608
4	27	49	4,2
4	27	53	7,687
4	27	55	4,277
4	27	58	4,387
4	27	61	7,703
4	27	87	6,992
4	27	88	1,366
4	27	91	13,929
4	27	92	0,521
4	27	93	1,968
4	27	94	7,388
4	33	5	1,317
4	33	8	10,345
4	33	9	22,241
4	33	21	1,18
4	33	24	0,508
4	33	27	7,138
4	33	38	7,246
4	33	46	20,957
4	33	48	10,107
4	33	49	4,901
4	33	53	7,486
4	33	55	6,107
4	33	58	6,429
4	33	61	6,504
4	33	87	0,628
4	33	88	2,481
4	33	91	2,548
4	33	92	13,505
4	33	93	11,854
4	33	94	9,747
4	38	5	8,555
4	38	8	0,775
4	38	9	11,215
4	38	21	10,495
4	38	24	2,414
4	38	27	13,076
4	38	33	3,129
4	38	46	11,352
4	38	48	1,535
4	38	49	2,621
4	38	53	5,725
4	38	55	0,805
4	38	58	3,125
4	38	61	1,651
4	38	87	2,173
4	38	88	3,623
4	38	91	2,796
4	38	92	2,654
4	38	93	7,175
4	38	94	6,065
4	46	5	6,118
4	46	8	7,571
4	46	9	2,261
4	46	21	2,807
4	46	24	1,087
4	46	27	8,06
4	46	33	1,674
4	46	38	6,215
4	46	48	5,342
4	46	49	5,758
4	46	53	3,749
4	46	55	4,017
4	46	58	2,294
4	46	61	8,59
4	46	87	2,365
4	46	88	7,569
4	46	91	7,783
4	46	92	13,516
4	46	93	3,296
4	46	94	5,178
4	48	5	5,815
4	48	8	6,354
4	48	9	2,562
4	48	21	0,986
4	48	24	6,699
4	48	27	4,202
4	48	33	0,665
4	48	38	5,092
4	48	46	3,697
4	48	49	0,621
4	48	53	3,819
4	48	55	3,307
4	48	58	9,085
4	48	61	9,386
4	48	87	3,251
4	48	88	1,972
4	48	91	6,171
4	48	92	2,152
4	48	93	3,482
4	48	94	17,415
4	49	5	4,363
4	49	8	3,421
4	49	9	2,271
4	49	21	4,393
4	49	24	8,567
4	49	27	2,043
4	49	33	7,953
4	49	38	7,806
4	49	46	1,039
4	49	48	0,566
4	49	53	1,363
4	49	55	6,764
4	49	58	3,75
4	49	61	11,918
4	49	87	4,177
4	49	88	1,332
4	49	91	4,661
4	49	92	1,589
4	49	93	11,913
4	49	94	0,798
4	53	5	7,147
4	53	8	1,236
4	53	9	7,284
4	53	21	1,076
4	53	24	7,635
4	53	27	11,896
4	53	33	6,879
4	53	38	1,705
4	53	46	0,601
4	53	48	1,416
4	53	49	3,013
4	53	55	4,109
4	53	58	1,519
4	53	61	3,4
4	53	87	7,289
4	53	88	4,249
4	53	91	2,092
4	53	92	3,598
4	53	93	0,922
4	53	94	0,626
4	55	5	5,018
4	55	8	13,544
4	55	9	8,798
4	55	21	0,936
4	55	24	3,99
4	55	27	8,418
4	55	33	6,248
4	55	38	1,557
4	55	46	2,697
4	55	48	14,939
4	55	49	13,743
4	55	53	0,815
4	55	58	3,523
4	55	61	11,967
4	55	87	3,083
4	55	88	1,842
4	55	91	6,797
4	55	92	0,853
4	55	93	0,637
4	55	94	3,077
4	58	5	3,44
4	58	8	5,417
4	58	9	1,749
4	58	21	6,59
4	58	24	2,295
4	58	27	0,507
4	58	33	7,085
4	58	38	2,129
4	58	46	0,718
4	58	48	1,328
4	58	49	1,569
4	58	53	2,75
4	58	55	6,686
4	58	61	4,173
4	58	87	3,005
4	58	88	8,607
4	58	91	5,813
4	58	92	9,439
4	58	93	3,897
4	58	94	4,935
4	61	5	14,14
4	61	8	17,095
4	61	9	12,542
4	61	21	8,295
4	61	24	8,451
4	61	27	1,915
4	61	33	8,976
4	61	38	20,977
4	61	46	2,875
4	61	48	1,337
4	61	49	11,766
4	61	53	3,808
4	61	55	14,455
4	61	58	4,034
4	61	87	0,705
4	61	88	0,76
4	61	91	5,276
4	61	92	2,551
4	61	93	17,968
4	61	94	8,199
4	87	5	5,294
4	87	8	13,436
4	87	9	6,883
4	87	21	6,473
4	87	24	10,192
4	87	27	11,307
4	87	33	1,074
4	87	38	1,974
4	87	46	5,311
4	87	48	10,889
4	87	49	6,609
4	87	53	10,255
4	87	55	4,406
4	87	58	2,622
4	87	61	11,933
4	87	88	5,819
4	87	91	2,004
4	87	92	2,523
4	87	93	1,351
4	87	94	7,368
4	88	5	16,879
4	88	8	1,131
4	88	9	1,904
4	88	21	7,165
4	88	24	10,42
4	88	27	5,229
4	88	33	9,496
4	88	38	12,748
4	88	46	10,915
4	88	48	2,481
4	88	49	4,682
4	88	53	5,498
4	88	55	5,96
4	88	58	1,938
4	88	61	2,825
4	88	87	7,708
4	88	91	11,945
4	88	92	2,907
4	88	93	7,563
4	88	94	3,772
4	91	5	8,466
4	91	8	14,496
4	91	9	1,939
4	91	21	20,313
4	91	24	8,389
4	91	27	3,119
4	91	33	2,682
4	91	38	4,478
4	91	46	3,664
4	91	48	1,57
4	91	49	2,697
4	91	53	5,144
4	91	55	8,138
4	91	58	4,69
4	91	61	1,026
4	91	87	0,747
4	91	88	8,558
4	91	92	4,181
4	91	93	0,721
4	91	94	8,907
4	92	5	1,33
4	92	8	8,281
4	92	9	6,38
4	92	21	5,741
4	92	24	2,201
4	92	27	1,637
4	92	33	10,798
4	92	38	5,701
4	92	46	11,541
4	92	48	6,697
4	92	49	7,325
4	92	53	7,306
4	92	55	4,457
4	92	58	1,646
4	92	61	25,752
4	92	87	19,24
4	92	88	2,794
4	92	91	31,735
4	92	93	3,9
4	92	94	1,291
4	93	5	0,634
4	93	8	8,042
4	93	9	0,758
4	93	21	43,382
4	93	24	8,842
4	93	27	2,243
4	93	33	4,617
4	93	38	7,253
4	93	46	8,397
4	93	48	2,271
4	93	49	5,313
4	93	53	3,405
4	93	55	3,511
4	93	58	2,073
4	93	61	2,662
4	93	87	0,966
4	93	88	25,354
4	93	91	5,3
4	93	92	1,834
4	93	94	3,872
4	94	5	5,121
4	94	8	1,693
4	94	9	1,159
4	94	21	7,87
4	94	24	1,024
4	94	27	1,329
4	94	33	4,256
4	94	38	3,156
4	94	46	7,99
4	94	48	2,428
4	94	49	1,648
4	94	53	1,095
4	94	55	12,163
4	94	58	20,106
4	94	61	5,425
4	94	87	24,469
4	94	88	9,174
4	94	91	4,592
4	94	92	3,723
4	94	93	8,79
5	6	10	1,826
5	6	12	18,671
5	6	16	5,211
5	6	20	5,273
5	6	38	2,546
5	6	51	10,881
5	6	52	6,836
5	6	54	12,859
5	6	60	6,454
5	6	63	1,54
5	6	66	0,865
5	6	69	5,56
5	6	73	10,706
5	6	76	3,794
5	6	78	4,658
5	6	84	17,818
5	6	87	1,011
5	6	95	13,659
5	10	6	0,59
5	10	12	4,072
5	10	16	6,116
5	10	20	4,422
5	10	38	2,51
5	10	51	1,058
5	10	52	2,784
5	10	54	1,488
5	10	60	1,703
5	10	63	2,733
5	10	66	4,059
5	10	69	7,595
5	10	73	3,335
5	10	76	3,247
5	10	78	2,126
5	10	84	2,233
5	10	87	3,975
5	10	95	5,447
5	12	6	6,844
5	12	10	2,255
5	12	16	3,205
5	12	20	6,341
5	12	38	2,206
5	12	51	17,702
5	12	52	3,252
5	12	54	1,364
5	12	60	5,038
5	12	63	6,333
5	12	66	12,304
5	12	69	5,556
5	12	73	6,127
5	12	76	1,232
5	12	78	2,67
5	12	84	20,069
5	12	87	2,671
5	12	95	5,931
5	16	6	5,254
5	16	10	16,923
5	16	12	2,766
5	16	20	16,965
5	16	38	2,938
5	16	51	2,863
5	16	52	2,643
5	16	54	1,827
5	16	60	1,094
5	16	63	1,827
5	16	66	5,351
5	16	69	3,342
5	16	73	0,928
5	16	76	13,747
5	16	78	0,932
5	16	84	2,267
5	16	87	0,619
5	16	95	6,705
5	20	6	6,237
5	20	10	7,124
5	20	12	2,837
5	20	16	24,707
5	20	38	3,339
5	20	51	4,404
5	20	52	1,079
5	20	54	4,184
5	20	60	12,758
5	20	63	3,716
5	20	66	14,153
5	20	69	1,646
5	20	73	5,727
5	20	76	2,399
5	20	78	4,396
5	20	84	5,571
5	20	87	3,005
5	20	95	2,144
5	38	6	12,759
5	38	10	0,745
5	38	12	23,705
5	38	16	1,88
5	38	20	2,457
5	38	51	11,625
5	38	52	11,966
5	38	54	3,654
5	38	60	6,978
5	38	63	2,966
5	38	66	1,57
5	38	69	8,752
5	38	73	16,549
5	38	76	2,751
5	38	78	15,643
5	38	84	16,729
5	38	87	9,505
5	38	95	14,811
5	51	6	1,557
5	51	10	6,62
5	51	12	0,875
5	51	16	1,878
5	51	20	1,261
5	51	38	1,476
5	51	52	5,74
5	51	54	4,579
5	51	60	5,565
5	51	63	4,934
5	51	66	1,015
5	51	69	3,641
5	51	73	1,83
5	51	76	6,492
5	51	78	6,713
5	51	84	1,983
5	51	87	5,686
5	51	95	5,901
5	52	6	3,044
5	52	10	2,237
5	52	12	17,266
5	52	16	1,959
5	52	20	9,473
5	52	38	8,559
5	52	51	9,392
5	52	54	4,889
5	52	60	1,738
5	52	63	16,625
5	52	66	6,369
5	52	69	1,143
5	52	73	24,151
5	52	76	2,822
5	52	78	0,645
5	52	84	3,24
5	52	87	1,565
5	52	95	21,586
5	54	6	6,316
5	54	10	9,34
5	54	12	3,634
5	54	16	1,911
5	54	20	1,144
5	54	38	1,806
5	54	51	1,41
5	54	52	13,973
5	54	60	4,279
5	54	63	19,748
5	54	66	15,957
5	54	69	5,404
5	54	73	3,256
5	54	76	6,062
5	54	78	19,048
5	54	84	17,645
5	54	87	6,099
5	54	95	1,859
5	60	6	3,375
5	60	10	0,882
5	60	12	3,407
5	60	16	0,987
5	60	20	0,558
5	60	38	2,217
5	60	51	1,556
5	60	52	7,171
5	60	54	25,08
5	60	63	6,376
5	60	66	3,372
5	60	69	19,734
5	60	73	1,386
5	60	76	17,556
5	60	78	5,695
5	60	84	3,721
5	60	87	1,367
5	60	95	0,519
5	63	6	0,734
5	63	10	2,558
5	63	12	30,584
5	63	16	7,213
5	63	20	4,744
5	63	38	4,76
5	63	51	13,057
5	63	52	13,559
5	63	54	2,707
5	63	60	10,018
5	63	66	6,046
5	63	69	7,619
5	63	73	2,436
5	63	76	10,89
5	63	78	10,922
5	63	84	4,36
5	63	87	26,501
5	63	95	0,633
5	66	6	15,715
5	66	10	5,384
5	66	12	3,145
5	66	16	1,017
5	66	20	26,797
5	66	38	6,836
5	66	51	4,032
5	66	52	11,381
5	66	54	13,055
5	66	60	2,359
5	66	63	3,033
5	66	69	3,111
5	66	73	2,623
5	66	76	2,388
5	66	78	4,007
5	66	84	29,817
5	66	87	11,444
5	66	95	4,152
5	69	6	0,89
5	69	10	19,261
5	69	12	2,827
5	69	16	16,043
5	69	20	12,584
5	69	38	1,554
5	69	51	2,106
5	69	52	6,023
5	69	54	4,099
5	69	60	4,523
5	69	63	5,389
5	69	66	17,414
5	69	73	4,694
5	69	76	7,493
5	69	78	29,632
5	69	84	14,371
5	69	87	5,068
5	69	95	3,525
5	73	6	7,891
5	73	10	2,065
5	73	12	4,333
5	73	16	5,349
5	73	20	12,31
5	73	38	1,552
5	73	51	3,375
5	73	52	5,983
5	73	54	4,068
5	73	60	9,49
5	73	63	5,837
5	73	66	2,193
5	73	69	10,893
5	73	76	2,806
5	73	78	1,645
5	73	84	1,854
5	73	87	5,371
5	73	95	5,366
5	76	6	1,499
5	76	10	39,005
5	76	12	5,005
5	76	16	4,147
5	76	20	4,066
5	76	38	4,731
5	76	51	19,159
5	76	52	0,512
5	76	54	7,039
5	76	60	7,676
5	76	63	1,838
5	76	66	0,556
5	76	69	7,432
5	76	73	0,73
5	76	78	2,337
5	76	84	13,445
5	76	87	1,039
5	76	95	2,03
5	78	6	40,908
5	78	10	3,093
5	78	12	1,163
5	78	16	1,803
5	78	20	3,681
5	78	38	2,839
5	78	51	7,301
5	78	52	1,085
5	78	54	5,366
5	78	60	8,983
5	78	63	6,747
5	78	66	10,992
5	78	69	6,502
5	78	73	8,023
5	78	76	2,922
5	78	84	1,761
5	78	87	1,907
5	78	95	5,273
5	84	6	1,127
5	84	10	0,53
5	84	12	2,782
5	84	16	0,975
5	84	20	17,583
5	84	38	3,927
5	84	51	2,318
5	84	52	4,688
5	84	54	12,532
5	84	60	1,244
5	84	63	3,497
5	84	66	2,137
5	84	69	4,56
5	84	73	1,873
5	84	76	10,987
5	84	78	4,138
5	84	87	0,926
5	84	95	27,533
5	87	6	3,812
5	87	10	2,174
5	87	12	3,122
5	87	16	2,731
5	87	20	12,215
5	87	38	9,929
5	87	51	13,977
5	87	52	3,748
5	87	54	0,904
5	87	60	0,549
5	87	63	4,75
5	87	66	3,777
5	87	69	1,686
5	87	73	11,099
5	87	76	11,57
5	87	78	5,053
5	87	84	10,224
5	87	95	1,588
5	95	6	3,006
5	95	10	1,334
5	95	12	9,028
5	95	16	17,765
5	95	20	2,658
5	95	38	1,232
5	95	51	5,489
5	95	52	3,476
5	95	54	6,667
5	95	60	2,035
5	95	63	2,822
5	95	66	0,743
5	95	69	2,7
5	95	73	4,117
5	95	76	4,742
5	95	78	8,767
5	95	84	3,176
5	95	87	1,863
6	11	15	14,835
6	11	21	1,924
6	11	31	2,241
6	11	33	13,653
6	11	35	18,077
6	11	39	2,467
6	11	42	4,945
6	11	48	19,613
6	11	52	4,302
6	11	64	7,752
6	11	70	11,464
6	11	71	16,302
6	11	74	3,822
6	11	79	13,996
6	11	92	14,285
6	11	98	12,759
6	15	11	6,696
6	15	21	1,215
6	15	31	8,352
6	15	33	22,687
6	15	35	1,478
6	15	39	3,081
6	15	42	1,281
6	15	48	2,725
6	15	52	1,958
6	15	64	6,353
6	15	70	6,634
6	15	71	2,789
6	15	74	11,089
6	15	79	1,336
6	15	92	1,26
6	15	98	6,376
6	21	11	7,476
6	21	15	2,341
6	21	31	3,326
6	21	33	0,986
6	21	35	25,797
6	21	39	1,361
6	21	42	3,787
6	21	48	1,641
6	21	52	7,585
6	21	64	14,884
6	21	70	2,738
6	21	71	4,911
6	21	74	13,87
6	21	79	0,925
6	21	92	4,366
6	21	98	1,636
6	31	11	12,03
6	31	15	0,79
6	31	21	1,959
6	31	33	5,633
6	31	35	11,429
6	31	39	3,983
6	31	42	8,718
6	31	48	5,985
6	31	52	7,62
6	31	64	4,532
6	31	70	11,373
6	31	71	5,856
6	31	74	4,891
6	31	79	3,558
6	31	92	21,981
6	31	98	2,798
6	33	11	1,712
6	33	15	4,154
6	33	21	1,115
6	33	31	7,146
6	33	35	2,314
6	33	39	1,214
6	33	42	20,359
6	33	48	56,664
6	33	52	3,553
6	33	64	1,226
6	33	70	1,827
6	33	71	5,39
6	33	74	10,214
6	33	79	4,262
6	33	92	5,496
6	33	98	1,942
6	35	11	3,789
6	35	15	0,858
6	35	21	4,551
6	35	31	5,081
6	35	33	4,664
6	35	39	21,67
6	35	42	4,999
6	35	48	2,65
6	35	52	4,715
6	35	64	16,68
6	35	70	1,182
6	35	71	0,606
6	35	74	1,315
6	35	79	1,816
6	35	92	6,527
6	35	98	1,06
6	39	11	3,99
6	39	15	1,005
6	39	21	1,798
6	39	31	2,967
6	39	33	11,604
6	39	35	8,675
6	39	42	28,874
6	39	48	5,918
6	39	52	3,709
6	39	64	1,517
6	39	70	2,604
6	39	71	4,021
6	39	74	1,765
6	39	79	14,012
6	39	92	3,091
6	39	98	15,013
6	42	11	7,933
6	42	15	6,669
6	42	21	28,445
6	42	31	0,779
6	42	33	1,552
6	42	35	7,585
6	42	39	2,446
6	42	48	2,228
6	42	52	7,192
6	42	64	14,225
6	42	70	10,237
6	42	71	7,7
6	42	74	0,822
6	42	79	4,48
6	42	92	0,91
6	42	98	3,801
6	48	11	6,6
6	48	15	6,71
6	48	21	9,471
6	48	31	8,567
6	48	33	1,541
6	48	35	12,704
6	48	39	23,46
6	48	42	0,994
6	48	52	4,713
6	48	64	4,522
6	48	70	2,657
6	48	71	8,153
6	48	74	1,741
6	48	79	22,273
6	48	92	1,005
6	48	98	4,24
6	52	11	6,281
6	52	15	14,22
6	52	21	21,648
6	52	31	15,079
6	52	33	7,995
6	52	35	2,05
6	52	39	1,588
6	52	42	10,665
6	52	48	5,783
6	52	64	13,058
6	52	70	6,246
6	52	71	2,373
6	52	74	4,047
6	52	79	11,987
6	52	92	6,128
6	52	98	8,458
6	64	11	1,14
6	64	15	5,432
6	64	21	0,629
6	64	31	5,964
6	64	33	2,366
6	64	35	1,479
6	64	39	1,885
6	64	42	4,204
6	64	48	0,781
6	64	52	6,834
6	64	70	8,971
6	64	71	3,125
6	64	74	9,769
6	64	79	5,865
6	64	92	2,922
6	64	98	3,914
6	70	11	2,479
6	70	15	1
6	70	21	14,672
6	70	31	1,159
6	70	33	2,49
6	70	35	5,378
6	70	39	3,174
6	70	42	20,441
6	70	48	4,356
6	70	52	12,305
6	70	64	9,804
6	70	71	8,896
6	70	74	3,92
6	70	79	0,97
6	70	92	3,117
6	70	98	21,236
6	71	11	21,171
6	71	15	22,912
6	71	21	3,702
6	71	31	10,53
6	71	33	7,504
6	71	35	11,909
6	71	39	0,686
6	71	42	7,321
6	71	48	8,697
6	71	52	3,942
6	71	64	1,264
6	71	70	3,916
6	71	74	19,946
6	71	79	13,001
6	71	92	12,12
6	71	98	1,909
6	74	11	5,589
6	74	15	2,115
6	74	21	0,79
6	74	31	4,324
6	74	33	2,56
6	74	35	1,072
6	74	39	8,152
6	74	42	3,896
6	74	48	9,999
6	74	52	4,981
6	74	64	1,613
6	74	70	1,46
6	74	71	3,72
6	74	79	5,052
6	74	92	2,252
6	74	98	2,07
6	79	11	10,944
6	79	15	5,843
6	79	21	14,993
6	79	31	7,838
6	79	33	1,513
6	79	35	15,21
6	79	39	4,96
6	79	42	28,386
6	79	48	1,257
6	79	52	5,595
6	79	64	2,055
6	79	70	3,952
6	79	71	1,18
6	79	74	0,693
6	79	92	13,617
6	79	98	0,905
6	92	11	4,291
6	92	15	15,13
6	92	21	18,224
6	92	31	3,223
6	92	33	5,437
6	92	35	4,756
6	92	39	10,807
6	92	42	8,555
6	92	48	2,161
6	92	52	7,703
6	92	64	10,59
6	92	70	6,435
6	92	71	8,035
6	92	74	6,09
6	92	79	1,573
6	92	98	3,564
6	98	11	0,722
6	98	15	13,671
6	98	21	10,589
6	98	31	3,868
6	98	33	1,573
6	98	35	21,546
6	98	39	30,357
6	98	42	0,706
6	98	48	1,711
6	98	52	4,8
6	98	64	17,748
6	98	70	0,94
6	98	71	4,926
6	98	74	10,161
6	98	79	0,95
6	98	92	3,311
7	2	8	10,272
7	2	12	0,674
7	2	33	14,302
7	2	37	14,455
7	2	38	7,41
7	2	41	4,563
7	2	56	8,378
7	2	57	2,594
7	2	58	7,625
7	2	64	8,446
7	2	67	3,079
7	2	70	5,424
7	2	81	17,117
7	2	82	9,996
7	2	85	6,201
7	2	93	2,75
7	8	2	5,78
7	8	12	1,7
7	8	33	2,93
7	8	37	3,702
7	8	38	3,478
7	8	41	0,615
7	8	56	11,848
7	8	57	0,75
7	8	58	2,264
7	8	64	4,052
7	8	67	7,256
7	8	70	2,364
7	8	81	3,56
7	8	82	13,744
7	8	85	5,598
7	8	93	1,591
7	12	2	20,556
7	12	8	1,669
7	12	33	3,656
7	12	37	25,924
7	12	38	11,758
7	12	41	3,709
7	12	56	7,038
7	12	57	10,562
7	12	58	0,762
7	12	64	18,349
7	12	67	9,734
7	12	70	0,739
7	12	81	54,193
7	12	82	4,84
7	12	85	2,706
7	12	93	1,72
7	33	2	4,726
7	33	8	7,063
7	33	12	0,923
7	33	37	4,012
7	33	38	4,241
7	33	41	18,436
7	33	56	1,034
7	33	57	3,493
7	33	58	4,852
7	33	64	8,568
7	33	67	8,206
7	33	70	6,22
7	33	81	8,18
7	33	82	3,84
7	33	85	10,144
7	33	93	1,408
7	37	2	8,304
7	37	8	1,216
7	37	12	2,126
7	37	33	5,335
7	37	38	3,475
7	37	41	6,857
7	37	56	5,763
7	37	57	25,399
7	37	58	6,847
7	37	64	3,824
7	37	67	13,838
7	37	70	0,519
7	37	81	19,907
7	37	82	2,687
7	37	85	1,274
7	37	93	1,196
7	38	2	10,917
7	38	8	0,533
7	38	12	4,403
7	38	33	1,844
7	38	37	6,435
7	38	41	2,317
7	38	56	2,779
7	38	57	9,787
7	38	58	1,366
7	38	64	6,763
7	38	67	4,606
7	38	70	2,576
7	38	81	7,323
7	38	82	1,324
7	38	85	3,448
7	38	93	2,599
7	41	2	13,807
7	41	8	27,59
7	41	12	2,341
7	41	33	12,225
7	41	37	11,312
7	41	38	3,812
7	41	56	1,774
7	41	57	1,514
7	41	58	4,141
7	41	64	9,965
7	41	67	3,884
7	41	70	33,779
7	41	81	3,424
7	41	82	7,279
7	41	85	1,587
7	41	93	3,075
7	56	2	25,063
7	56	8	11,36
7	56	12	11,707
7	56	33	1,381
7	56	37	1,911
7	56	38	15,22
7	56	41	5,612
7	56	57	0,676
7	56	58	3,642
7	56	64	4,288
7	56	67	10,859
7	56	70	10,986
7	56	81	1,492
7	56	82	3,891
7	56	85	13,637
7	56	93	1,446
7	57	2	2,294
7	57	8	5,903
7	57	12	3,638
7	57	33	2,232
7	57	37	8,21
7	57	38	10,384
7	57	41	3,961
7	57	56	1,54
7	57	58	7,989
7	57	64	3,887
7	57	67	8,339
7	57	70	1,663
7	57	81	1,465
7	57	82	0,574
7	57	85	3,876
7	57	93	7,031
7	58	2	1,432
7	58	8	5,345
7	58	12	1,108
7	58	33	30,19
7	58	37	8,383
7	58	38	9,541
7	58	41	3,909
7	58	56	0,742
7	58	57	0,65
7	58	64	9,868
7	58	67	4,337
7	58	70	11,984
7	58	81	1,943
7	58	82	0,775
7	58	85	25,448
7	58	93	1,085
7	64	2	4,926
7	64	8	26,092
7	64	12	4,884
7	64	33	5,344
7	64	37	2,332
7	64	38	3,456
7	64	41	0,843
7	64	56	1,94
7	64	57	2,29
7	64	58	5,849
7	64	67	10,837
7	64	70	8,974
7	64	81	3,849
7	64	82	17,416
7	64	85	8,914
7	64	93	4,008
7	67	2	10,946
7	67	8	0,742
7	67	12	7,685
7	67	33	4,284
7	67	37	1,64
7	67	38	2,614
7	67	41	5,352
7	67	56	3,008
7	67	57	7,065
7	67	58	10,838
7	67	64	0,593
7	67	70	2,326
7	67	81	9,191
7	67	82	7,356
7	67	85	0,923
7	67	93	1,342
7	70	2	4,821
7	70	8	27,725
7	70	12	5,02
7	70	33	8,683
7	70	37	4,036
7	70	38	4,266
7	70	41	8,456
7	70	56	5,342
7	70	57	9,258
7	70	58	4,351
7	70	64	0,774
7	70	67	1,035
7	70	81	3,166
7	70	82	1,317
7	70	85	1,616
7	70	93	18,641
7	81	2	8,251
7	81	8	19,232
7	81	12	0,84
7	81	33	0,93
7	81	37	10,619
7	81	38	4,68
7	81	41	16,393
7	81	56	7,99
7	81	57	1,942
7	81	58	5,925
7	81	64	13,956
7	81	67	2,931
7	81	70	1,754
7	81	82	0,506
7	81	85	1,527
7	81	93	1,738
7	82	2	6,478
7	82	8	1,694
7	82	12	2,696
7	82	33	2,847
7	82	37	1,831
7	82	38	2,991
7	82	41	18,017
7	82	56	4,207
7	82	57	11,299
7	82	58	6,667
7	82	64	4,086
7	82	67	15,245
7	82	70	4,949
7	82	81	0,871
7	82	85	27,317
7	82	93	1,648
7	85	2	1,869
7	85	8	8,983
7	85	12	1,349
7	85	33	1,446
7	85	37	17,717
7	85	38	5,05
7	85	41	5,483
7	85	56	1,28
7	85	57	0,939
7	85	58	1,376
7	85	64	1,655
7	85	67	14,381
7	85	70	9,516
7	85	81	2,309
7	85	82	1,947
7	85	93	10,483
7	93	2	18,472
7	93	8	3,222
7	93	12	14,995
7	93	33	14,112
7	93	37	4,139
7	93	38	23,013
7	93	41	5,697
7	93	56	1,64
7	93	57	8,17
7	93	58	3,414
7	93	64	17,939
7	93	67	8,976
7	93	70	2,099
7	93	81	3,665
7	93	82	5,739
7	93	85	7,268
8	4	5	0,531
8	4	8	10,417
8	4	18	2,827
8	4	36	6,077
8	4	39	0,875
8	4	44	0,743
8	4	48	2,728
8	4	54	13,603
8	4	56	1,872
8	4	59	7,868
8	4	63	3,721
8	4	64	1,658
8	4	70	6,202
8	4	75	4,633
8	4	77	10,768
8	4	78	2,733
8	4	86	0,698
8	4	90	6,431
8	4	91	2,733
8	5	4	3,882
8	5	8	14,87
8	5	18	19,867
8	5	36	5,923
8	5	39	5,391
8	5	44	3,232
8	5	48	4,365
8	5	54	26,519
8	5	56	6,125
8	5	59	1,921
8	5	63	4,908
8	5	64	10,851
8	5	70	34,739
8	5	75	12,69
8	5	77	3,527
8	5	78	5,481
8	5	86	2,399
8	5	90	0,585
8	5	91	9,9
8	8	4	11,653
8	8	5	6,55
8	8	18	13,834
8	8	36	1,916
8	8	39	6,593
8	8	44	10,025
8	8	48	2,106
8	8	54	18,952
8	8	56	3,871
8	8	59	5,027
8	8	63	5,724
8	8	64	12,394
8	8	70	13,396
8	8	75	3,54
8	8	77	4,413
8	8	78	1,152
8	8	86	1,644
8	8	90	2,94
8	8	91	13,373
8	18	4	31,841
8	18	5	9,048
8	18	8	2,011
8	18	36	3,88
8	18	39	1,618
8	18	44	8,816
8	18	48	8,744
8	18	54	9,379
8	18	56	1,974
8	18	59	5,648
8	18	63	3,769
8	18	64	0,959
8	18	70	4,464
8	18	75	1,006
8	18	77	11,903
8	18	78	0,942
8	18	86	16,097
8	18	90	5,557
8	18	91	1,241
8	36	4	9,95
8	36	5	14,35
8	36	8	19,45
8	36	18	16,636
8	36	39	4,622
8	36	44	12,087
8	36	48	4,873
8	36	54	1,477
8	36	56	8,974
8	36	59	1,933
8	36	63	3,873
8	36	64	5,214
8	36	70	4,661
8	36	75	0,874
8	36	77	5,311
8	36	78	11,264
8	36	86	8,986
8	36	90	61,411
8	36	91	3,328
8	39	4	10,022
8	39	5	5,931
8	39	8	11,786
8	39	18	2,494
8	39	36	16,903
8	39	44	0,547
8	39	48	4,022
8	39	54	0,529
8	39	56	1,535
8	39	59	6,08
8	39	63	24,408
8	39	64	1,765
8	39	70	3,601
8	39	75	11,62
8	39	77	4,622
8	39	78	5,099
8	39	86	1,529
8	39	90	3,608
8	39	91	5,719
8	44	4	0,612
8	44	5	30,658
8	44	8	9,556
8	44	18	5,302
8	44	36	0,745
8	44	39	4,768
8	44	48	3,561
8	44	54	9,066
8	44	56	25,752
8	44	59	5,538
8	44	63	0,877
8	44	64	5,096
8	44	70	0,677
8	44	75	20,641
8	44	77	1,455
8	44	78	16,703
8	44	86	2,405
8	44	90	15,323
8	44	91	5,849
8	48	4	3,714
8	48	5	8,775
8	48	8	21,798
8	48	18	9,199
8	48	36	4,46
8	48	39	39,421
8	48	44	11,52
8	48	54	11,215
8	48	56	13,884
8	48	59	5,636
8	48	63	18,016
8	48	64	5,541
8	48	70	0,914
8	48	75	4,973
8	48	77	5,168
8	48	78	1,423
8	48	86	1,617
8	48	90	1,223
8	48	91	4,567
8	54	4	13,374
8	54	5	1,824
8	54	8	4,043
8	54	18	2,032
8	54	36	10,25
8	54	39	8,237
8	54	44	2,659
8	54	48	12,553
8	54	56	0,853
8	54	59	0,863
8	54	63	1,172
8	54	64	10,394
8	54	70	1,015
8	54	75	2,711
8	54	77	1,583
8	54	78	8,142
8	54	86	10,04
8	54	90	2,406
8	54	91	9,087
8	56	4	2,639
8	56	5	0,981
8	56	8	5,363
8	56	18	1,846
8	56	36	13,413
8	56	39	3,671
8	56	44	15,356
8	56	48	12,639
8	56	54	8,649
8	56	59	3,109
8	56	63	2,271
8	56	64	1,22
8	56	70	5,756
8	56	75	2,645
8	56	77	1,489
8	56	78	3,611
8	56	86	11,861
8	56	90	2,551
8	56	91	2,747
8	59	4	31,818
8	59	5	5,521
8	59	8	3,474
8	59	18	2,043
8	59	36	21,207
8	59	39	0,689
8	59	44	2,108
8	59	48	0,632
8	59	54	2,306
8	59	56	0,532
8	59	63	6,86
8	59	64	1,449
8	59	70	3,532
8	59	75	38,088
8	59	77	7,653
8	59	78	1,488
8	59	86	8,626
8	59	90	2,609
8	59	91	10,29
8	63	4	8,592
8	63	5	2,499
8	63	8	28,298
8	63	18	9,982
8	63	36	0,806
8	63	39	3,628
8	63	44	1,796
8	63	48	16,922
8	63	54	1,439
8	63	56	1,437
8	63	59	0,895
8	63	64	15,657
8	63	70	14,918
8	63	75	0,953
8	63	77	20,348
8	63	78	6,667
8	63	86	5,027
8	63	90	3,275
8	63	91	1,822
8	64	4	6,567
8	64	5	5,378
8	64	8	4,449
8	64	18	4,859
8	64	36	1,666
8	64	39	0,532
8	64	44	8,728
8	64	48	14,309
8	64	54	7,584
8	64	56	2,465
8	64	59	0,977
8	64	63	39,289
8	64	70	4,391
8	64	75	9,399
8	64	77	16,733
8	64	78	8,854
8	64	86	5,524
8	64	90	7,145
8	64	91	6,012
8	70	4	2,768
8	70	5	7,914
8	70	8	2,857
8	70	18	1,032
8	70	36	5,321
8	70	39	0,896
8	70	44	9,646
8	70	48	4,121
8	70	54	5,598
8	70	56	1,012
8	70	59	3,881
8	70	63	8,843
8	70	64	2,468
8	70	75	1,99
8	70	77	2,84
8	70	78	2,317
8	70	86	26,395
8	70	90	5,052
8	70	91	2,533
8	75	4	0,953
8	75	5	5,704
8	75	8	1,3
8	75	18	3,244
8	75	36	16,311
8	75	39	6,567
8	75	44	13,278
8	75	48	28,43
8	75	54	6,355
8	75	56	5,68
8	75	59	2,993
8	75	63	11,118
8	75	64	6,598
8	75	70	3,306
8	75	77	25,569
8	75	78	18,188
8	75	86	12,557
8	75	90	1,317
8	75	91	2,247
8	77	4	6,481
8	77	5	6,985
8	77	8	5,088
8	77	18	1,745
8	77	36	3,31
8	77	39	11,317
8	77	44	21,202
8	77	48	2,703
8	77	54	0,741
8	77	56	0,972
8	77	59	11,194
8	77	63	7,21
8	77	64	42,476
8	77	70	2,643
8	77	75	4,908
8	77	78	2,612
8	77	86	3,944
8	77	90	14,323
8	77	91	23,265
8	78	4	2,485
8	78	5	0,619
8	78	8	14,203
8	78	18	3,401
8	78	36	1,888
8	78	39	1,762
8	78	44	1,31
8	78	48	0,99
8	78	54	1,235
8	78	56	25,68
8	78	59	2,731
8	78	63	6,412
8	78	64	3,178
8	78	70	4,296
8	78	75	9,002
8	78	77	1,142
8	78	86	7,288
8	78	90	14,963
8	78	91	2,865
8	86	4	19,439
8	86	5	8,073
8	86	8	4,398
8	86	18	14,896
8	86	36	4,967
8	86	39	7,813
8	86	44	4,965
8	86	48	21,226
8	86	54	7,296
8	86	56	1,749
8	86	59	2,707
8	86	63	0,964
8	86	64	24,139
8	86	70	10,441
8	86	75	4,378
8	86	77	0,631
8	86	78	4,908
8	86	90	12,403
8	86	91	10,029
8	90	4	2,592
8	90	5	1,622
8	90	8	1,408
8	90	18	2,488
8	90	36	7,894
8	90	39	3,679
8	90	44	2,531
8	90	48	0,606
8	90	54	9,228
8	90	56	0,646
8	90	59	2,301
8	90	63	5,369
8	90	64	11,465
8	90	70	3,004
8	90	75	0,588
8	90	77	1,849
8	90	78	6,067
8	90	86	1,428
8	90	91	8,238
8	91	4	0,653
8	91	5	0,915
8	91	8	1,874
8	91	18	3,013
8	91	36	10,514
8	91	39	11,4
8	91	44	1,97
8	91	48	11,287
8	91	54	9,862
8	91	56	6,767
8	91	59	1,692
8	91	63	8,125
8	91	64	1,616
8	91	70	10,115
8	91	75	6,185
8	91	77	2,158
8	91	78	7,061
8	91	86	8,118
8	91	90	2,226
9	2	17	2,666
9	2	18	7,859
9	2	22	5,687
9	2	25	0,609
9	2	27	2,394
9	2	28	2,09
9	2	36	10,465
9	2	40	2,324
9	2	46	1,021
9	2	47	2,009
9	2	48	5,311
9	2	53	27,591
9	2	55	5,694
9	2	59	2,706
9	2	61	3,66
9	2	68	2,966
9	2	83	1,559
9	2	86	3,626
9	2	96	3,033
9	2	97	1,245
9	17	2	3,542
9	17	18	14,14
9	17	22	1,005
9	17	25	13,477
9	17	27	9,201
9	17	28	3,199
9	17	36	10,006
9	17	40	18,253
9	17	46	10,399
9	17	47	45,992
9	17	48	3,622
9	17	53	3,822
9	17	55	8,699
9	17	59	39,791
9	17	61	21,34
9	17	68	2,204
9	17	83	1,451
9	17	86	1,704
9	17	96	1,325
9	17	97	17,483
9	18	2	1,946
9	18	17	0,503
9	18	22	2,961
9	18	25	31,295
9	18	27	2,762
9	18	28	0,827
9	18	36	5,639
9	18	40	4,688
9	18	46	11,427
9	18	47	16,67
9	18	48	3,951
9	18	53	15,434
9	18	55	9,016
9	18	59	2,251
9	18	61	3,722
9	18	68	1,365
9	18	83	8,933
9	18	86	2,04
9	18	96	1,993
9	18	97	1,537
9	22	2	4,08
9	22	17	1,654
9	22	18	2,863
9	22	25	14,225
9	22	27	8,465
9	22	28	3,689
9	22	36	3,036
9	22	40	6,905
9	22	46	4,972
9	22	47	6,051
9	22	48	6,367
9	22	53	0,995
9	22	55	35,917
9	22	59	15,035
9	22	61	3,249
9	22	68	18,414
9	22	83	1,535
9	22	86	1,344
9	22	96	1,386
9	22	97	0,555
9	25	2	0,504
9	25	17	9,145
9	25	18	1,801
9	25	22	1,327
9	25	27	1,541
9	25	28	3,454
9	25	36	3,567
9	25	40	1,607
9	25	46	3,029
9	25	47	10,792
9	25	48	7,21
9	25	53	1,19
9	25	55	0,926
9	25	59	5,849
9	25	61	1,441
9	25	68	8,151
9	25	83	6,037
9	25	86	3,968
9	25	96	7,153
9	25	97	3,977
9	27	2	3,281
9	27	17	5,201
9	27	18	1,317
9	27	22	2,879
9	27	25	14,908
9	27	28	6,145
9	27	36	2,183
9	27	40	4,084
9	27	46	6,221
9	27	47	2,833
9	27	48	8,346
9	27	53	2,402
9	27	55	5,997
9	27	59	26,723
9	27	61	1,968
9	27	68	2,624
9	27	83	0,72
9	27	86	3,381
9	27	96	5,301
9	27	97	0,753
9	28	2	2,443
9	28	17	3,075
9	28	18	0,704
9	28	22	1,632
9	28	25	26,159
9	28	27	2,039
9	28	36	2,525
9	28	40	13,893
9	28	46	1,368
9	28	47	3,397
9	28	48	2,89
9	28	53	1,899
9	28	55	10,158
9	28	59	5,666
9	28	61	9,61
9	28	68	2,24
9	28	83	4,79
9	28	86	2,091
9	28	96	4,153
9	28	97	3,965
9	36	2	8,954
9	36	17	41,452
9	36	18	0,777
9	36	22	3,259
9	36	25	2,443
9	36	27	1,031
9	36	28	6,85
9	36	40	3,153
9	36	46	15,885
9	36	47	1,848
9	36	48	4,206
9	36	53	6,187
9	36	55	2,74
9	36	59	5,136
9	36	61	6,501
9	36	68	0,785
9	36	83	5,575
9	36	86	3,439
9	36	96	3,159
9	36	97	4,975
9	40	2	4,634
9	40	17	9,146
9	40	18	1,294
9	40	22	13,245
9	40	25	1,844
9	40	27	6,995
9	40	28	0,744
9	40	36	0,727
9	40	46	15,903
9	40	47	2,314
9	40	48	6,515
9	40	53	4,05
9	40	55	10,614
9	40	59	15,878
9	40	61	3,744
9	40	68	4,728
9	40	83	1,83
9	40	86	5,453
9	40	96	2,747
9	40	97	5,707
9	46	2	10,531
9	46	17	4,133
9	46	18	5,775
9	46	22	11,284
9	46	25	11,304
9	46	27	13,733
9	46	28	2,58
9	46	36	17,332
9	46	40	45,088
9	46	47	1,043
9	46	48	11,663
9	46	53	1,895
9	46	55	9,984
9	46	59	4,235
9	46	61	8,894
9	46	68	2,537
9	46	83	6,359
9	46	86	4,76
9	46	96	1,756
9	46	97	3,294
9	47	2	3,051
9	47	17	20,615
9	47	18	7,269
9	47	22	35,791
9	47	25	7,445
9	47	27	0,609
9	47	28	5,951
9	47	36	7,988
9	47	40	6,609
9	47	46	4,516
9	47	48	11,721
9	47	53	4,072
9	47	55	3,762
9	47	59	4,192
9	47	61	6,64
9	47	68	6,007
9	47	83	2,946
9	47	86	4,955
9	47	96	1,237
9	47	97	18,844
9	48	2	3,081
9	48	17	7,475
9	48	18	0,522
9	48	22	5,295
9	48	25	27,737
9	48	27	1,09
9	48	28	6,266
9	48	36	6,122
9	48	40	1,665
9	48	46	1,942
9	48	47	15,383
9	48	53	2,911
9	48	55	1,237
9	48	59	1,785
9	48	61	1,226
9	48	68	5,683
9	48	83	14,58
9	48	86	12,371
9	48	96	7,846
9	48	97	10,223
9	53	2	1,129
9	53	17	6,056
9	53	18	0,832
9	53	22	1,687
9	53	25	29,827
9	53	27	26,236
9	53	28	2,498
9	53	36	4,238
9	53	40	1,136
9	53	46	13,436
9	53	47	4,618
9	53	48	11,358
9	53	55	1,69
9	53	59	3,941
9	53	61	2,418
9	53	68	1,858
9	53	83	2,691
9	53	86	14,27
9	53	96	8,626
9	53	97	4,07
9	55	2	28,015
9	55	17	0,601
9	55	18	5,309
9	55	22	10,138
9	55	25	5,943
9	55	27	2,148
9	55	28	5,402
9	55	36	1,597
9	55	40	7,005
9	55	46	6,594
9	55	47	9,724
9	55	48	14,768
9	55	53	3,114
9	55	59	6,502
9	55	61	0,727
9	55	68	1,971
9	55	83	7,154
9	55	86	11,448
9	55	96	4,984
9	55	97	11,706
9	59	2	1,577
9	59	17	15,078
9	59	18	35,117
9	59	22	1,332
9	59	25	2,749
9	59	27	7,504
9	59	28	11,369
9	59	36	0,918
9	59	40	1,116
9	59	46	1,308
9	59	47	21,856
9	59	48	16,255
9	59	53	6,051
9	59	55	12,558
9	59	61	1,329
9	59	68	29,667
9	59	83	2,876
9	59	86	13,863
9	59	96	8,886
9	59	97	8,204
9	61	2	1,083
9	61	17	3,716
9	61	18	3,254
9	61	22	9,12
9	61	25	17,867
9	61	27	3,32
9	61	28	1,537
9	61	36	5,944
9	61	40	5,37
9	61	46	10,059
9	61	47	9,998
9	61	48	1,714
9	61	53	3,024
9	61	55	1,683
9	61	59	4,524
9	61	68	4,871
9	61	83	4,946
9	61	86	1,871
9	61	96	5,321
9	61	97	1,182
9	68	2	13,152
9	68	17	6,192
9	68	18	2,183
9	68	22	1,616
9	68	25	3,84
9	68	27	7,541
9	68	28	6,708
9	68	36	15,406
9	68	40	1,087
9	68	46	2,537
9	68	47	4,189
9	68	48	8,925
9	68	53	30,522
9	68	55	7,65
9	68	59	2,368
9	68	61	5,349
9	68	83	2,187
9	68	86	3,926
9	68	96	17,82
9	68	97	3,275
9	83	2	1,39
9	83	17	2,479
9	83	18	0,92
9	83	22	24,587
9	83	25	4,519
9	83	27	4,932
9	83	28	16,301
9	83	36	3,805
9	83	40	10,445
9	83	46	6,032
9	83	47	0,534
9	83	48	4,853
9	83	53	1,357
9	83	55	1,099
9	83	59	17,477
9	83	61	5,566
9	83	68	3,079
9	83	86	14,675
9	83	96	7,441
9	83	97	0,915
9	86	2	9,666
9	86	17	1,918
9	86	18	3,442
9	86	22	3,534
9	86	25	3,386
9	86	27	3,329
9	86	28	22,265
9	86	36	6,336
9	86	40	10,538
9	86	46	6,242
9	86	47	0,844
9	86	48	1,84
9	86	53	1,047
9	86	55	3,521
9	86	59	1,46
9	86	61	1,445
9	86	68	3,375
9	86	83	7,602
9	86	96	1,744
9	86	97	0,903
9	96	2	17,783
9	96	17	3,21
9	96	18	2,313
9	96	22	4,939
9	96	25	0,595
9	96	27	2,489
9	96	28	2,746
9	96	36	8,592
9	96	40	2,74
9	96	46	4,336
9	96	47	2,87
9	96	48	0,709
9	96	53	3,631
9	96	55	0,724
9	96	59	1,586
9	96	61	4,401
9	96	68	8,344
9	96	83	9,279
9	96	86	9,251
9	96	97	4,815
9	97	2	4,154
9	97	17	1,979
9	97	18	0,598
9	97	22	4,294
9	97	25	0,804
9	97	27	1,107
9	97	28	3,712
9	97	36	0,585
9	97	40	12,493
9	97	46	14,542
9	97	47	1,08
9	97	48	2,413
9	97	53	6,97
9	97	55	1,321
9	97	59	5,358
9	97	61	11,536
9	97	68	12,519
9	97	83	14,312
9	97	86	16,843
9	97	96	0,862
10	1	5	0,886
10	1	13	1,051
10	1	24	1,002
10	1	25	3,571
10	1	29	2,07
10	1	33	2,388
10	1	43	31,047
10	1	47	11,784
10	1	49	6,32
10	1	62	2,405
10	1	66	1,259
10	1	70	3,963
10	1	79	2,016
10	1	83	17,909
10	1	88	9,8
10	1	90	11,431
10	1	91	1,985
10	1	95	6,38
10	1	98	2,406
10	1	99	7,996
10	1	100	0,526
10	5	1	10,488
10	5	13	2,417
10	5	24	3,939
10	5	25	7,337
10	5	29	8,958
10	5	33	8,851
10	5	43	0,646
10	5	47	4,616
10	5	49	11,739
10	5	62	8,981
10	5	66	2,085
10	5	70	1,494
10	5	79	1,895
10	5	83	1,531
10	5	88	9,642
10	5	90	7,196
10	5	91	5,32
10	5	95	5,784
10	5	98	1,447
10	5	99	1,628
10	5	100	1,671
10	13	1	11,241
10	13	5	0,714
10	13	24	7,61
10	13	25	5,426
10	13	29	2,886
10	13	33	1,738
10	13	43	11,204
10	13	47	3,289
10	13	49	1,33
10	13	62	12,588
10	13	66	0,583
10	13	70	10,383
10	13	79	14,853
10	13	83	0,674
10	13	88	4,035
10	13	90	2,008
10	13	91	2,731
10	13	95	10,327
10	13	98	3,801
10	13	99	4,755
10	13	100	1,38
10	24	1	0,966
10	24	5	1,155
10	24	13	1,735
10	24	25	4,286
10	24	29	7,978
10	24	33	0,652
10	24	43	24,91
10	24	47	4,579
10	24	49	12,072
10	24	62	24,399
10	24	66	1,602
10	24	70	0,77
10	24	79	1,26
10	24	83	2,885
10	24	88	2,876
10	24	90	6,994
10	24	91	10,192
10	24	95	2,002
10	24	98	2,63
10	24	99	9,291
10	24	100	1,246
10	25	1	2,026
10	25	5	11,611
10	25	13	2,363
10	25	24	2,526
10	25	29	5,836
10	25	33	1,686
10	25	43	18,898
10	25	47	2,816
10	25	49	25,306
10	25	62	0,983
10	25	66	0,505
10	25	70	2,356
10	25	79	3,553
10	25	83	2,156
10	25	88	2,215
10	25	90	19,233
10	25	91	10,906
10	25	95	1,259
10	25	98	4,177
10	25	99	2,254
10	25	100	2,073
10	29	1	0,831
10	29	5	4,283
10	29	13	18,381
10	29	24	0,878
10	29	25	10,616
10	29	33	4,355
10	29	43	1,167
10	29	47	27,597
10	29	49	6,847
10	29	62	0,709
10	29	66	5,358
10	29	70	12,414
10	29	79	2,968
10	29	83	5,217
10	29	88	2,395
10	29	90	2,908
10	29	91	6,908
10	29	95	37,488
10	29	98	11,236
10	29	99	1,357
10	29	100	0,696
10	33	1	1,973
10	33	5	13,303
10	33	13	19,664
10	33	24	9,81
10	33	25	2,905
10	33	29	0,571
10	33	43	16,104
10	33	47	0,547
10	33	49	2,045
10	33	62	23,378
10	33	66	2,017
10	33	70	9,455
10	33	79	4,597
10	33	83	1,693
10	33	88	6,889
10	33	90	0,797
10	33	91	1,502
10	33	95	2,535
10	33	98	17,925
10	33	99	16,88
10	33	100	9,113
10	43	1	5,417
10	43	5	0,614
10	43	13	5,358
10	43	24	3,384
10	43	25	5,103
10	43	29	8,66
10	43	33	4,147
10	43	47	0,597
10	43	49	1,089
10	43	62	8,242
10	43	66	2,416
10	43	70	0,608
10	43	79	13,056
10	43	83	1,649
10	43	88	8,331
10	43	90	1,281
10	43	91	7,91
10	43	95	2,357
10	43	98	3,743
10	43	99	0,693
10	43	100	1,373
10	47	1	2,409
10	47	5	5,027
10	47	13	2,98
10	47	24	0,723
10	47	25	6,127
10	47	29	14,053
10	47	33	0,621
10	47	43	2,144
10	47	49	8,634
10	47	62	2,372
10	47	66	3,407
10	47	70	19,474
10	47	79	10,319
10	47	83	0,895
10	47	88	22,464
10	47	90	2,398
10	47	91	0,966
10	47	95	1,688
10	47	98	1,32
10	47	99	7,393
10	47	100	15,205
10	49	1	13,354
10	49	5	3,724
10	49	13	14,742
10	49	24	1,962
10	49	25	1,285
10	49	29	3,477
10	49	33	1,099
10	49	43	0,613
10	49	47	10,655
10	49	62	13,262
10	49	66	5,071
10	49	70	2,411
10	49	79	3,819
10	49	83	13,894
10	49	88	1,553
10	49	90	10,313
10	49	91	4,971
10	49	95	1,493
10	49	98	25,207
10	49	99	6,56
10	49	100	2,256
10	62	1	0,915
10	62	5	5,721
10	62	13	6,828
10	62	24	0,657
10	62	25	3,478
10	62	29	2,955
10	62	33	6,558
10	62	43	1,998
10	62	47	8,09
10	62	49	2,531
10	62	66	19,158
10	62	70	7,582
10	62	79	1,285
10	62	83	0,931
10	62	88	1,448
10	62	90	1,359
10	62	91	2,02
10	62	95	2,79
10	62	98	2,113
10	62	99	5,209
10	62	100	1,583
10	66	1	1,022
10	66	5	7,101
10	66	13	4,768
10	66	24	1,452
10	66	25	14,017
10	66	29	5,009
10	66	33	14,142
10	66	43	0,848
10	66	47	2,098
10	66	49	12,948
10	66	62	11,483
10	66	70	8,396
10	66	79	1,286
10	66	83	1,155
10	66	88	2,588
10	66	90	0,989
10	66	91	11,474
10	66	95	4,676
10	66	98	7,013
10	66	99	3,053
10	66	100	3,787
10	70	1	2,468
10	70	5	3,818
10	70	13	10,884
10	70	24	3,888
10	70	25	10,003
10	70	29	0,856
10	70	33	2,678
10	70	43	1,501
10	70	47	0,673
10	70	49	5,526
10	70	62	0,914
10	70	66	15,446
10	70	79	3,382
10	70	83	16,425
10	70	88	4,992
10	70	90	3,156
10	70	91	22,273
10	70	95	16,025
10	70	98	14,597
10	70	99	1,115
10	70	100	2,109
10	79	1	12,824
10	79	5	2,507
10	79	13	3,688
10	79	24	5,974
10	79	25	17,795
10	79	29	9,182
10	79	33	7,204
10	79	43	1,962
10	79	47	5,389
10	79	49	23,767
10	79	62	3,964
10	79	66	3,513
10	79	70	10,066
10	79	83	20,019
10	79	88	3,605
10	79	90	4,22
10	79	91	1,598
10	79	95	2,81
10	79	98	12,801
10	79	99	6,956
10	79	100	6,374
10	83	1	2,868
10	83	5	7,978
10	83	13	3,127
10	83	24	2,905
10	83	25	5,06
10	83	29	2,071
10	83	33	10,991
10	83	43	12,001
10	83	47	2,188
10	83	49	7,518
10	83	62	15,871
10	83	66	2,297
10	83	70	10,643
10	83	79	8,262
10	83	88	3,311
10	83	90	0,647
10	83	91	4,851
10	83	95	1,428
10	83	98	11,063
10	83	99	12,947
10	83	100	1,807
10	88	1	2,661
10	88	5	1,158
10	88	13	19,214
10	88	24	9,275
10	88	25	0,87
10	88	29	5,004
10	88	33	2,337
10	88	43	2,652
10	88	47	1,279
10	88	49	1,001
10	88	62	1,859
10	88	66	3,055
10	88	70	4,609
10	88	79	1,681
10	88	83	15,96
10	88	90	2,521
10	88	91	11,05
10	88	95	7,734
10	88	98	2,344
10	88	99	23,375
10	88	100	10,831
10	90	1	1,559
10	90	5	1,377
10	90	13	24,907
10	90	24	4,143
10	90	25	7,599
10	90	29	0,669
10	90	33	5,371
10	90	43	7,647
10	90	47	5,532
10	90	49	9,643
10	90	62	1,718
10	90	66	1,575
10	90	70	8,937
10	90	79	5,47
10	90	83	0,677
10	90	88	4,313
10	90	91	16,828
10	90	95	1,259
10	90	98	3,235
10	90	99	5,536
10	90	100	5,037
10	91	1	7,578
10	91	5	4,996
10	91	13	4,651
10	91	24	4,111
10	91	25	1,118
10	91	29	21,416
10	91	33	0,933
10	91	43	2,844
10	91	47	1,546
10	91	49	2,144
10	91	62	4,061
10	91	66	15,057
10	91	70	4,767
10	91	79	13,551
10	91	83	1,529
10	91	88	9,452
10	91	90	1,555
10	91	95	17,748
10	91	98	3,422
10	91	99	6,442
10	91	100	6,458
10	95	1	2,61
10	95	5	3,091
10	95	13	12,45
10	95	24	4,219
10	95	25	3,299
10	95	29	0,954
10	95	33	17,282
10	95	43	0,501
10	95	47	11,028
10	95	49	10,499
10	95	62	4,861
10	95	66	10,065
10	95	70	15,349
10	95	79	5,61
10	95	83	8,965
10	95	88	1,329
10	95	90	7,337
10	95	91	20,653
10	95	98	2,533
10	95	99	9,212
10	95	100	3,108
10	98	1	5,818
10	98	5	2,957
10	98	13	12,508
10	98	24	2,235
10	98	25	5,164
10	98	29	0,891
10	98	33	8,992
10	98	43	1,09
10	98	47	16,909
10	98	49	77,679
10	98	62	3,719
10	98	66	6,505
10	98	70	4,419
10	98	79	4,052
10	98	83	4,916
10	98	88	1,122
10	98	90	1,892
10	98	91	4,128
10	98	95	1,366
10	98	99	3,455
10	98	100	9,914
10	99	1	1,775
10	99	5	2,456
10	99	13	3,232
10	99	24	14,031
10	99	25	9,076
10	99	29	2,312
10	99	33	4,54
10	99	43	2,681
10	99	47	3,922
10	99	49	0,648
10	99	62	0,519
10	99	66	6,483
10	99	70	10,386
10	99	79	8,361
10	99	83	7,682
10	99	88	1,45
10	99	90	5,863
10	99	91	3,384
10	99	95	3,314
10	99	98	3,041
10	99	100	1,132
10	100	1	2,921
10	100	5	2,021
10	100	13	0,845
10	100	24	4,171
10	100	25	4,033
10	100	29	0,871
10	100	33	1,778
10	100	43	7,937
10	100	47	11,475
10	100	49	28,952
10	100	62	8,086
10	100	66	0,676
10	100	70	2,833
10	100	79	5,335
10	100	83	2,073
10	100	88	7,869
10	100	90	1,429
10	100	91	0,918
10	100	95	2,368
10	100	98	1,207
10	100	99	9,921

