#num jobs
100
#num machines
10

#jobId machId procTime energyCons
1	4	11,53	144,78
2	3	46,28	408,19
3	1	57,17	688,53
4	8	18,3	21,65
5	1	3,68	44,36
5	5	311,75	631,34
6	6	3,02	41,78
6	10	86,77	855,32
7	8	20,87	24,68
8	9	2,81	19,56
8	4	24,71	310,36
9	3	44,34	391,04
10	10	7,01	69,06
10	8	5,68	6,72
10	1	3,68	44,29
11	8	1,63	1,93
11	9	2,46	17,11
11	10	2,66	26,26
12	3	46,42	409,45
12	8	105,89	125,23
13	3	13,06	115,2
14	10	107,6	1060,6
14	7	1,58	10,77
14	3	11,3	99,65
14	1	9,95	119,9
15	2	10,26	95,94
15	5	10,29	20,84
16	9	15,97	111,08
16	8	6,52	7,71
16	7	10,55	71,87
16	3	58,71	517,81
16	2	26,67	249,41
17	10	15,35	151,27
17	6	49,79	689,9
18	4	23,66	297,12
18	5	8,44	17,09
18	9	687,18	4780,43
19	3	9,34	82,41
19	5	66,76	135,2
19	9	14,05	97,73
20	3	4,38	38,59
21	10	7,89	77,76
22	7	2,56	17,45
22	6	15296,42	211956,66
22	5	8,03	16,27
22	4	3,07	38,55
22	2	92,68	866,56
22	1	1,87	22,55
23	1	23,49	282,96
23	3	16,05	141,55
23	4	9,78	122,8
24	7	23,45	159,81
25	7	3,92	26,72
26	7	22,8	155,33
26	5	7,28	14,74
26	4	19,78	248,42
26	1	4,09	49,2
27	4	13,24	166,23
27	6	13,06	180,91
28	3	9,16	80,76
29	3	5,65	49,79
29	4	13,03	163,68
30	9	15,6	108,52
30	7	3,44	23,46
31	10	2,75	27,14
32	6	22,49	311,68
33	8	3,33	3,93
33	7	14,11	96,13
33	5	29,19	59,12
33	3	28,71	253,18
34	2	4,62	43,17
34	6	21,92	303,78
35	10	6,79	66,9
36	3	29,88	263,55
36	1	6,96	83,79
37	2	23,37	218,49
37	4	29,17	366,4
37	6	18,79	260,31
38	5	37,83	76,61
38	2	3,65	34,09
39	7	2,51	17,12
40	2	16,57	154,94
41	9	21,31	148,24
41	8	1,44	1,7
41	5	16,27	32,96
41	2	57,08	533,7
42	5	28,11	56,93
42	4	47,24	593,3
42	1	51,95	625,68
43	4	42,02	527,76
43	10	3,94	38,82
44	9	5,89	40,94
44	6	-0,04	-0,6
45	1	10,02	120,67
45	4	8,7	109,3
45	5	3,89	7,88
45	7	28,69	195,51
46	9	1,95	13,54
46	4	16,06	201,75
46	3	8,56	75,53
47	1	46,13	555,63
48	2	1,68	15,68
49	9	8,55	59,5
49	6	23,2	321,54
50	1	18,34	220,83
51	1	11,95	143,97
51	6	4,86	67,36
51	10	9,43	92,94
52	6	9,07	125,67
52	1	9,63	115,94
53	9	3,89	27,05
53	8	79,68	94,23
54	8	13,67	16,17
55	1	3,72	44,8
55	4	1,8	22,66
55	9	4,3	29,93
56	7	3,65	24,9
56	3	75,14	662,68
56	1	706,43	8508,27
57	1	53,54	644,83
57	2	16,23	151,72
58	10	7,25	71,43
58	7	16,76	114,19
58	6	7,93	109,92
58	5	2,88	5,83
58	2	8,71	81,48
59	3	2,07	18,21
60	9	1,78	12,36
61	8	18,18	21,5
61	10	5,62	55,37
62	2	6,92	64,69
62	3	3,3	29,12
62	6	8,22	113,9
63	4	76,47	960,43
64	5	9,07	18,36
65	3	18,02	158,91
65	4	10,99	137,99
65	7	2,61	17,78
65	8	2,27	2,68
66	10	23,55	232,16
66	9	5,5	38,27
66	3	4,42	38,95
67	8	11,03	13,05
67	2	9,21	86,1
68	5	3,16	6,41
68	3	11,51	101,52
69	10	11,42	112,57
70	6	8	110,79
70	9	6,42	44,64
71	1	4,66	56,11
71	9	37,62	261,74
72	3	8	70,54
72	7	12,74	86,81
72	10	53,41	526,46
73	1	38,41	462,57
73	3	7,06	62,25
73	6	9,87	136,81
73	9	72,02	501,04
74	1	57,78	695,92
75	4	7,25	91,04
75	8	1,8	2,13
76	5	9,79	19,83
76	6	59,57	825,42
76	7	11,71	79,8
77	10	8,04	79,23
77	8	7,79	9,21
77	3	3,85	33,99
78	4	8,87	111,39
79	1	4,07	49,05
80	10	84,89	836,79
80	8	4,86	5,75
80	4	0,58	7,29
80	3	16,27	143,53
81	1	703,33	8470,85
81	8	8,27	9,78
82	9	5,67	39,45
82	7	20,3	138,29
82	2	8,53	79,71
82	1	2,57	31,01
83	10	3,61	35,57
83	5	5,42	10,98
83	4	16,52	207,53
84	4	79,39	997,09
85	3	11,02	97,16
85	4	16,73	210,12
85	5	8,06	16,33
85	8	97,21	114,97
86	9	8,78	61,05
87	2	7,27	67,97
87	9	11,42	79,44
88	1	5,09	61,25
88	2	0,72	6,75
88	7	1,53	10,44
88	10	3,9	38,44
89	2	0,63	5,92
89	3	36,93	325,71
89	8	5,58	6,6
90	6	308,9	4280,3
91	1	9,09	109,46
91	6	127,16	1762,07
92	1	4,42	53,26
92	7	8,9	60,63
92	8	53,85	63,69
93	7	17,4	118,57
93	6	20,28	281,06
94	1	185,34	2232,17
94	9	15,84	110,18
95	10	3,33	32,83
96	1	0,97	11,72
96	9	402,61	2800,76
97	2	15,43	144,24
97	5	13,12	26,56
97	6	35,13	486,84
98	7	9,61	65,45
99	2	1,6	14,94
99	5	8,53	17,28
99	7	3,59	24,45
100	10	140,66	1386,43
100	8	2,73	3,23
100	3	3,33	29,36
100	2	1,4	13,1

#jobId ddate weight rdate
1	701,859	25	1260,077
2	1058,429	38	53,653
3	829,583	38	788,946
4	357,155	16	272,778
5	854,478	46	257,402
6	820,305	47	1351,992
7	493,579	43	898,38
8	97,629	21	1123,199
9	754,762	13	1249,624
10	382,615	3	159,453
11	1055,845	15	154,92
12	505,938	25	209,735
13	688,705	16	758,395
14	732,373	16	639,413
15	701,123	2	1336,347
16	132,321	37	211,756
17	745,47	34	129,204
18	944,756	22	385,125
19	1247,792	5	604,229
20	118,834	7	303,667
21	718,806	23	446,968
22	988,606	5	678,69
23	9,772	2	348,54
24	597,348	22	131,6
25	872,136	10	1138,587
26	781,694	42	773,887
27	536,979	37	622,442
28	685,158	2	1014,525
29	514,825	41	111,089
30	1181,224	35	635,526
31	553,639	17	569,871
32	262,429	7	13,567
33	1171,211	24	1089,897
34	1289,653	45	122,549
35	990,603	49	148,122
36	341,631	23	72,62
37	353,729	43	466,097
38	350,026	38	959,235
39	520,921	29	33,648
40	599,245	21	473,781
41	348,063	39	205,928
42	442,162	34	43,709
43	138,869	41	609,707
44	66,523	38	987,864
45	506,575	18	624,707
46	1174,653	31	1071,935
47	32,644	2	173,194
48	523,256	7	827,495
49	1152,543	36	203,613
50	773,504	49	1118,888
51	760,003	22	571,965
52	90,056	47	941,59
53	150,201	4	548,441
54	435,875	30	202,762
55	876,279	31	287,206
56	146,353	12	1220,831
57	558,712	13	723,648
58	1320,799	11	566,601
59	529,131	27	1202,187
60	920,966	44	666,999
61	1328,474	31	742,746
62	1145,101	15	683,9
63	445,254	38	416,519
64	583,272	19	1024,452
65	761,991	48	974,149
66	575,557	20	1024,357
67	691,195	13	1006,19
68	653,487	15	214,792
69	1018,205	1	816,584
70	315,529	40	938,305
71	538,189	45	606,615
72	264,317	30	484,781
73	1349,474	35	1108,558
74	439,716	29	1078,479
75	651,412	39	1352,82
76	1192,98	35	558,808
77	330,155	7	1330,954
78	215,524	37	229,771
79	857,313	19	674,987
80	472,959	45	126,896
81	410,534	31	129,724
82	1321,094	15	45,083
83	642,052	18	497,674
84	510,416	47	603,463
85	936,983	47	251,479
86	933,232	9	2,076
87	696,044	10	1202,606
88	412,912	36	1362,754
89	938,955	14	322,665
90	220,633	43	784,384
91	309,442	35	876,516
92	1113,37	34	29,181
93	1326,097	47	707,698
94	658,739	3	550,928
95	480,464	26	1197,12
96	262,03	49	655,921
97	1110,478	24	1301,462
98	288,602	11	1154,295
99	986,921	6	1375,002
100	1248,244	40	382,139

#machId jobPred jobSucc setupTime
1	3	5	8,709
1	3	10	8,136
1	3	14	14,994
1	3	22	8,307
1	3	23	3,661
1	3	26	6,275
1	3	36	22,452
1	3	42	1,794
1	3	45	4,802
1	3	47	3,811
1	3	50	4,431
1	3	51	3,242
1	3	52	2,806
1	3	55	1,688
1	3	56	0,511
1	3	57	6,775
1	3	71	14,607
1	3	73	8,142
1	3	74	0,926
1	3	79	4,068
1	3	81	2,818
1	3	82	6,112
1	3	88	1,608
1	3	91	1,04
1	3	92	4,084
1	3	94	2,64
1	3	96	3,907
1	5	3	4,969
1	5	10	7,991
1	5	14	16,03
1	5	22	7,546
1	5	23	2,207
1	5	26	3,433
1	5	36	1,296
1	5	42	1,867
1	5	45	1,339
1	5	47	2,84
1	5	50	7,25
1	5	51	5,673
1	5	52	5,542
1	5	55	21,258
1	5	56	1,533
1	5	57	8,441
1	5	71	3,06
1	5	73	21,479
1	5	74	25,178
1	5	79	1,342
1	5	81	7,302
1	5	82	2,715
1	5	88	8,41
1	5	91	7,165
1	5	92	10,885
1	5	94	3,577
1	5	96	6,438
1	10	3	1,8
1	10	5	16,261
1	10	14	2,918
1	10	22	13,975
1	10	23	15,506
1	10	26	5,872
1	10	36	3,553
1	10	42	4,228
1	10	45	4,757
1	10	47	2,664
1	10	50	2,838
1	10	51	5,147
1	10	52	4,169
1	10	55	10,867
1	10	56	2,576
1	10	57	41,993
1	10	71	0,594
1	10	73	9,155
1	10	74	2,354
1	10	79	8,853
1	10	81	8,174
1	10	82	2,82
1	10	88	6,44
1	10	91	20,709
1	10	92	1,387
1	10	94	3,592
1	10	96	4,577
1	14	3	0,855
1	14	5	0,97
1	14	10	0,55
1	14	22	5,25
1	14	23	1,999
1	14	26	11,805
1	14	36	7,998
1	14	42	3,045
1	14	45	7,84
1	14	47	2,108
1	14	50	30,239
1	14	51	0,98
1	14	52	7,06
1	14	55	2,078
1	14	56	1,437
1	14	57	9,192
1	14	71	3,057
1	14	73	14,289
1	14	74	1,864
1	14	79	3,981
1	14	81	1,505
1	14	82	14,002
1	14	88	6,257
1	14	91	2,195
1	14	92	1,48
1	14	94	1,012
1	14	96	1,364
1	22	3	18,605
1	22	5	7,249
1	22	10	14,595
1	22	14	14,241
1	22	23	3,432
1	22	26	16,963
1	22	36	2,787
1	22	42	5,226
1	22	45	21,038
1	22	47	5,452
1	22	50	3,404
1	22	51	2,622
1	22	52	3,632
1	22	55	1,81
1	22	56	1,167
1	22	57	3,405
1	22	71	3,656
1	22	73	1,35
1	22	74	2,421
1	22	79	10,117
1	22	81	7,785
1	22	82	8,365
1	22	88	7,698
1	22	91	5,44
1	22	92	15,896
1	22	94	0,569
1	22	96	9,49
1	23	3	4,615
1	23	5	4,617
1	23	10	5,239
1	23	14	2,47
1	23	22	1,497
1	23	26	2,637
1	23	36	10,748
1	23	42	4,235
1	23	45	0,945
1	23	47	1,764
1	23	50	16,552
1	23	51	0,946
1	23	52	7,934
1	23	55	1,47
1	23	56	11,77
1	23	57	1,543
1	23	71	5,859
1	23	73	15,605
1	23	74	4,575
1	23	79	6,304
1	23	81	6,276
1	23	82	7,64
1	23	88	10,824
1	23	91	4,987
1	23	92	1,292
1	23	94	7,512
1	23	96	12,539
1	26	3	5,366
1	26	5	0,694
1	26	10	4,624
1	26	14	27,365
1	26	22	2,27
1	26	23	0,76
1	26	36	15,413
1	26	42	37,155
1	26	45	0,523
1	26	47	1,054
1	26	50	84,783
1	26	51	10,453
1	26	52	2,804
1	26	55	4,365
1	26	56	3,759
1	26	57	5,976
1	26	71	4,007
1	26	73	2,84
1	26	74	39,455
1	26	79	4,584
1	26	81	6,95
1	26	82	2,512
1	26	88	4,005
1	26	91	2,261
1	26	92	7,114
1	26	94	3,16
1	26	96	1,507
1	36	3	1,337
1	36	5	1,559
1	36	10	0,534
1	36	14	0,561
1	36	22	2,201
1	36	23	1,813
1	36	26	4,526
1	36	42	4,82
1	36	45	3,956
1	36	47	4,449
1	36	50	12,858
1	36	51	0,618
1	36	52	0,998
1	36	55	2,105
1	36	56	9,84
1	36	57	0,894
1	36	71	8,12
1	36	73	2,625
1	36	74	8,198
1	36	79	1,446
1	36	81	1,158
1	36	82	6,443
1	36	88	6,526
1	36	91	2,582
1	36	92	1,188
1	36	94	1,759
1	36	96	1,452
1	42	3	3,707
1	42	5	1,88
1	42	10	3,149
1	42	14	8,025
1	42	22	7,31
1	42	23	8,497
1	42	26	3,35
1	42	36	1,154
1	42	45	2,732
1	42	47	6,839
1	42	50	12,026
1	42	51	3,541
1	42	52	2,322
1	42	55	1,626
1	42	56	7,783
1	42	57	5,096
1	42	71	9,457
1	42	73	7,653
1	42	74	13,019
1	42	79	1,268
1	42	81	10,015
1	42	82	4,17
1	42	88	8,223
1	42	91	16,475
1	42	92	7,843
1	42	94	2,228
1	42	96	13,199
1	45	3	2,801
1	45	5	6,269
1	45	10	19,739
1	45	14	2,482
1	45	22	3,782
1	45	23	17,927
1	45	26	4,136
1	45	36	6,362
1	45	42	5,136
1	45	47	10,357
1	45	50	1,522
1	45	51	1,701
1	45	52	9,726
1	45	55	11,24
1	45	56	7,304
1	45	57	15,434
1	45	71	6,303
1	45	73	1,614
1	45	74	5,875
1	45	79	4,942
1	45	81	2,907
1	45	82	4,273
1	45	88	1,798
1	45	91	14,869
1	45	92	2,528
1	45	94	1,157
1	45	96	3,765
1	47	3	0,563
1	47	5	4,995
1	47	10	14,588
1	47	14	9,573
1	47	22	5,832
1	47	23	5,639
1	47	26	5,43
1	47	36	7,059
1	47	42	1,988
1	47	45	2,317
1	47	50	6,418
1	47	51	3,407
1	47	52	0,825
1	47	55	42,169
1	47	56	15,985
1	47	57	16,388
1	47	71	11,876
1	47	73	5,438
1	47	74	3,318
1	47	79	2,276
1	47	81	7,776
1	47	82	13,246
1	47	88	3,044
1	47	91	16,466
1	47	92	2,969
1	47	94	5,963
1	47	96	1,376
1	50	3	1,834
1	50	5	0,63
1	50	10	2,478
1	50	14	0,798
1	50	22	1,424
1	50	23	4,209
1	50	26	9,449
1	50	36	2,404
1	50	42	2,306
1	50	45	1,083
1	50	47	5,408
1	50	51	10,028
1	50	52	11,933
1	50	55	2,937
1	50	56	3,488
1	50	57	1,77
1	50	71	2,601
1	50	73	4,969
1	50	74	7,933
1	50	79	18,789
1	50	81	3,728
1	50	82	1,196
1	50	88	5,53
1	50	91	9,721
1	50	92	7,832
1	50	94	2,752
1	50	96	6,051
1	51	3	5,056
1	51	5	4,638
1	51	10	4,048
1	51	14	2,073
1	51	22	5,355
1	51	23	5,193
1	51	26	10,099
1	51	36	2,126
1	51	42	1,745
1	51	45	0,761
1	51	47	2,758
1	51	50	2,014
1	51	52	8,152
1	51	55	7,1
1	51	56	2,079
1	51	57	20,171
1	51	71	5,105
1	51	73	1,352
1	51	74	8,028
1	51	79	5,621
1	51	81	3,395
1	51	82	1,277
1	51	88	4,662
1	51	91	3,682
1	51	92	11,745
1	51	94	1,859
1	51	96	5,368
1	52	3	0,633
1	52	5	5,724
1	52	10	21,241
1	52	14	1,297
1	52	22	10,743
1	52	23	15,599
1	52	26	8,163
1	52	36	17,174
1	52	42	2,5
1	52	45	5,772
1	52	47	0,644
1	52	50	8,065
1	52	51	1,54
1	52	55	1,467
1	52	56	3,319
1	52	57	8,913
1	52	71	54,094
1	52	73	17,341
1	52	74	1,024
1	52	79	0,9
1	52	81	26,679
1	52	82	4,845
1	52	88	2,78
1	52	91	5,032
1	52	92	9,482
1	52	94	3,033
1	52	96	4,569
1	55	3	1,444
1	55	5	21,276
1	55	10	6,326
1	55	14	7,43
1	55	22	5,594
1	55	23	10,795
1	55	26	33,697
1	55	36	15,983
1	55	42	3,947
1	55	45	1,078
1	55	47	19,962
1	55	50	3,58
1	55	51	6,35
1	55	52	13,585
1	55	56	1,593
1	55	57	1,695
1	55	71	2,436
1	55	73	1,775
1	55	74	4,291
1	55	79	2,158
1	55	81	0,646
1	55	82	10,33
1	55	88	7,77
1	55	91	4,926
1	55	92	6,85
1	55	94	10,679
1	55	96	18,984
1	56	3	7,363
1	56	5	5,936
1	56	10	24,281
1	56	14	6,131
1	56	22	28,731
1	56	23	0,779
1	56	26	9,584
1	56	36	1,37
1	56	42	25,739
1	56	45	1,271
1	56	47	11,894
1	56	50	10,056
1	56	51	3,973
1	56	52	0,988
1	56	55	14,629
1	56	57	2,372
1	56	71	9,102
1	56	73	6,367
1	56	74	2,122
1	56	79	4,377
1	56	81	16,491
1	56	82	10,88
1	56	88	1,978
1	56	91	3,915
1	56	92	0,741
1	56	94	2,719
1	56	96	11,286
1	57	3	9,597
1	57	5	8,279
1	57	10	2,447
1	57	14	16,135
1	57	22	1,892
1	57	23	1,622
1	57	26	2,704
1	57	36	44,794
1	57	42	9,21
1	57	45	4,152
1	57	47	5,996
1	57	50	2,532
1	57	51	14,474
1	57	52	17,171
1	57	55	6,334
1	57	56	4,759
1	57	71	3,19
1	57	73	12,768
1	57	74	16,663
1	57	79	3,508
1	57	81	2,741
1	57	82	6,772
1	57	88	1,307
1	57	91	2,252
1	57	92	15,285
1	57	94	12,278
1	57	96	2,815
1	71	3	9,121
1	71	5	2,015
1	71	10	5,384
1	71	14	6,401
1	71	22	2,414
1	71	23	5,261
1	71	26	3,612
1	71	36	2,119
1	71	42	5,056
1	71	45	10,865
1	71	47	4,778
1	71	50	2,301
1	71	51	2,699
1	71	52	5,324
1	71	55	2,213
1	71	56	3,318
1	71	57	1,139
1	71	73	5,65
1	71	74	11,453
1	71	79	1,664
1	71	81	2,25
1	71	82	6,992
1	71	88	1,317
1	71	91	28,651
1	71	92	0,905
1	71	94	0,505
1	71	96	2,11
1	73	3	3,508
1	73	5	4,962
1	73	10	17,507
1	73	14	12,627
1	73	22	3,935
1	73	23	5,084
1	73	26	5,857
1	73	36	2,901
1	73	42	0,87
1	73	45	9,999
1	73	47	2,282
1	73	50	22,041
1	73	51	3,826
1	73	52	4,302
1	73	55	4,596
1	73	56	0,964
1	73	57	1,639
1	73	71	0,529
1	73	74	4,113
1	73	79	7,899
1	73	81	1,12
1	73	82	1,28
1	73	88	1,324
1	73	91	9,816
1	73	92	21,64
1	73	94	17,443
1	73	96	0,825
1	74	3	4,405
1	74	5	1,472
1	74	10	1,656
1	74	14	5,683
1	74	22	4,668
1	74	23	1,244
1	74	26	17,396
1	74	36	77,56
1	74	42	8,368
1	74	45	1,536
1	74	47	8,244
1	74	50	9,929
1	74	51	3,635
1	74	52	1,209
1	74	55	2,422
1	74	56	2,752
1	74	57	4,118
1	74	71	10,509
1	74	73	2,471
1	74	79	54,163
1	74	81	4,204
1	74	82	7,286
1	74	88	2,726
1	74	91	0,978
1	74	92	26,443
1	74	94	1,073
1	74	96	16,51
1	79	3	6,76
1	79	5	7,087
1	79	10	4,764
1	79	14	13,724
1	79	22	2,481
1	79	23	11,918
1	79	26	4,781
1	79	36	4,023
1	79	42	5,331
1	79	45	13,106
1	79	47	1,829
1	79	50	2,922
1	79	51	1,421
1	79	52	2,84
1	79	55	4,831
1	79	56	5,25
1	79	57	0,832
1	79	71	1,144
1	79	73	11,074
1	79	74	24,291
1	79	81	10,856
1	79	82	1,671
1	79	88	1,009
1	79	91	5,41
1	79	92	0,677
1	79	94	4,279
1	79	96	1,572
1	81	3	1,247
1	81	5	1,006
1	81	10	4,467
1	81	14	3,354
1	81	22	4,825
1	81	23	2,265
1	81	26	0,975
1	81	36	0,688
1	81	42	6,399
1	81	45	2,153
1	81	47	6,185
1	81	50	0,715
1	81	51	8,891
1	81	52	7,961
1	81	55	5,417
1	81	56	7,96
1	81	57	1,062
1	81	71	0,503
1	81	73	2,236
1	81	74	1,195
1	81	79	11,113
1	81	82	12,495
1	81	88	5,117
1	81	91	1,09
1	81	92	14,752
1	81	94	11,749
1	81	96	5,646
1	82	3	10,782
1	82	5	3,217
1	82	10	0,853
1	82	14	4,277
1	82	22	7,015
1	82	23	2,883
1	82	26	3,987
1	82	36	3,341
1	82	42	11,022
1	82	45	10,686
1	82	47	9,976
1	82	50	19,555
1	82	51	20,148
1	82	52	12,413
1	82	55	4,453
1	82	56	1,669
1	82	57	1,098
1	82	71	9,162
1	82	73	2,338
1	82	74	18,13
1	82	79	2,061
1	82	81	13,108
1	82	88	8,699
1	82	91	0,779
1	82	92	9,093
1	82	94	1,031
1	82	96	7,993
1	88	3	8,361
1	88	5	2,996
1	88	10	5,954
1	88	14	6,998
1	88	22	4,128
1	88	23	2,429
1	88	26	3,935
1	88	36	7,583
1	88	42	0,854
1	88	45	7,512
1	88	47	2,153
1	88	50	1,701
1	88	51	1,485
1	88	52	1,646
1	88	55	9,206
1	88	56	5,121
1	88	57	3,747
1	88	71	10,223
1	88	73	2,544
1	88	74	0,941
1	88	79	14,337
1	88	81	2,893
1	88	82	0,87
1	88	91	4,647
1	88	92	15,248
1	88	94	4,144
1	88	96	4,273
1	91	3	10,618
1	91	5	4,891
1	91	10	2,409
1	91	14	6,047
1	91	22	1,496
1	91	23	3,871
1	91	26	8,06
1	91	36	1,1
1	91	42	3,359
1	91	45	0,772
1	91	47	2,821
1	91	50	5,712
1	91	51	4,484
1	91	52	3,605
1	91	55	2,707
1	91	56	4,077
1	91	57	4,295
1	91	71	1,702
1	91	73	4,104
1	91	74	4,614
1	91	79	4,219
1	91	81	1,272
1	91	82	3,228
1	91	88	11,67
1	91	92	0,653
1	91	94	6,287
1	91	96	15,771
1	92	3	1,282
1	92	5	1,537
1	92	10	2,22
1	92	14	1,888
1	92	22	1,08
1	92	23	0,728
1	92	26	10,231
1	92	36	1,991
1	92	42	1,713
1	92	45	7,732
1	92	47	1,048
1	92	50	10,759
1	92	51	20,384
1	92	52	8,313
1	92	55	0,656
1	92	56	0,97
1	92	57	7,039
1	92	71	10,814
1	92	73	11,835
1	92	74	2,077
1	92	79	1,632
1	92	81	2,875
1	92	82	9,725
1	92	88	19,829
1	92	91	11,435
1	92	94	0,622
1	92	96	4,615
1	94	3	10,2
1	94	5	0,699
1	94	10	2,006
1	94	14	22,678
1	94	22	4,813
1	94	23	2,911
1	94	26	1,535
1	94	36	18,845
1	94	42	1,896
1	94	45	6,028
1	94	47	3,681
1	94	50	4,75
1	94	51	25,485
1	94	52	10,004
1	94	55	4,415
1	94	56	0,98
1	94	57	7,599
1	94	71	9,374
1	94	73	2,449
1	94	74	0,702
1	94	79	11,833
1	94	81	3,106
1	94	82	2,691
1	94	88	2,903
1	94	91	1,26
1	94	92	7,779
1	94	96	1,276
1	96	3	11,509
1	96	5	7,586
1	96	10	3,587
1	96	14	7,726
1	96	22	3,017
1	96	23	15,17
1	96	26	1,029
1	96	36	3,635
1	96	42	5,618
1	96	45	13,515
1	96	47	0,776
1	96	50	9,797
1	96	51	9,914
1	96	52	0,842
1	96	55	4,711
1	96	56	2,928
1	96	57	1,61
1	96	71	5,024
1	96	73	12,7
1	96	74	0,566
1	96	79	0,59
1	96	81	18,496
1	96	82	3,803
1	96	88	14,12
1	96	91	2,395
1	96	92	2,746
1	96	94	1,824
2	15	16	5,235
2	15	22	11,192
2	15	34	1,085
2	15	37	8,793
2	15	38	8,954
2	15	40	1,058
2	15	41	11,724
2	15	48	1,827
2	15	57	4,279
2	15	58	9,105
2	15	62	13,044
2	15	67	1,609
2	15	82	7,849
2	15	87	1,029
2	15	88	9,139
2	15	89	1,9
2	15	97	8,902
2	15	99	4,503
2	15	100	2,547
2	16	15	2,383
2	16	22	3,795
2	16	34	9,386
2	16	37	10,622
2	16	38	3,768
2	16	40	2,943
2	16	41	2,21
2	16	48	1,438
2	16	57	2,999
2	16	58	4,646
2	16	62	10,34
2	16	67	2,824
2	16	82	12,914
2	16	87	5,224
2	16	88	1,415
2	16	89	4,224
2	16	97	23,802
2	16	99	15,04
2	16	100	1,819
2	22	15	7,733
2	22	16	0,802
2	22	34	0,792
2	22	37	1,173
2	22	38	4,232
2	22	40	2,159
2	22	41	5,271
2	22	48	2,547
2	22	57	4,563
2	22	58	1,834
2	22	62	4,295
2	22	67	5,173
2	22	82	3,025
2	22	87	3,236
2	22	88	0,72
2	22	89	1,921
2	22	97	2,674
2	22	99	2,876
2	22	100	14,887
2	34	15	4,906
2	34	16	1,441
2	34	22	4,455
2	34	37	3,361
2	34	38	2,659
2	34	40	0,836
2	34	41	6,3
2	34	48	28,991
2	34	57	0,538
2	34	58	4,09
2	34	62	10,672
2	34	67	10,385
2	34	82	7,849
2	34	87	12,192
2	34	88	13,677
2	34	89	0,992
2	34	97	3,796
2	34	99	1,336
2	34	100	0,551
2	37	15	2,18
2	37	16	8,227
2	37	22	1,804
2	37	34	16,564
2	37	38	3,948
2	37	40	24,746
2	37	41	12,112
2	37	48	0,502
2	37	57	9,826
2	37	58	2,634
2	37	62	3,157
2	37	67	5,971
2	37	82	0,8
2	37	87	21,378
2	37	88	1,446
2	37	89	0,872
2	37	97	0,701
2	37	99	6,78
2	37	100	1,489
2	38	15	2,368
2	38	16	1,758
2	38	22	15,919
2	38	34	2,708
2	38	37	12,025
2	38	40	11,176
2	38	41	1,084
2	38	48	8,609
2	38	57	0,512
2	38	58	3,931
2	38	62	3,061
2	38	67	3,164
2	38	82	2,148
2	38	87	20,028
2	38	88	2,022
2	38	89	8,406
2	38	97	10,85
2	38	99	8,407
2	38	100	10,567
2	40	15	1,772
2	40	16	8,887
2	40	22	8,828
2	40	34	3,201
2	40	37	6,21
2	40	38	1,359
2	40	41	5,877
2	40	48	16,915
2	40	57	0,583
2	40	58	0,945
2	40	62	0,675
2	40	67	13,712
2	40	82	2,882
2	40	87	16,719
2	40	88	6,079
2	40	89	2,918
2	40	97	1,444
2	40	99	17,022
2	40	100	12,997
2	41	15	11,19
2	41	16	2,48
2	41	22	0,986
2	41	34	16,317
2	41	37	5,95
2	41	38	6,98
2	41	40	3,195
2	41	48	9,252
2	41	57	0,812
2	41	58	14,426
2	41	62	1,046
2	41	67	2,941
2	41	82	0,926
2	41	87	5,659
2	41	88	14,187
2	41	89	5,65
2	41	97	6,524
2	41	99	12,227
2	41	100	1,725
2	48	15	1,088
2	48	16	2,78
2	48	22	41,83
2	48	34	4,882
2	48	37	2,487
2	48	38	1,166
2	48	40	12,045
2	48	41	9,394
2	48	57	10,784
2	48	58	8,183
2	48	62	4,1
2	48	67	3,174
2	48	82	2,398
2	48	87	5,848
2	48	88	6,271
2	48	89	1,648
2	48	97	1,078
2	48	99	15,714
2	48	100	1,411
2	57	15	1,368
2	57	16	5,903
2	57	22	6,112
2	57	34	1,273
2	57	37	11,767
2	57	38	3,922
2	57	40	2,179
2	57	41	2,001
2	57	48	40,129
2	57	58	4,417
2	57	62	12,685
2	57	67	1,028
2	57	82	7,19
2	57	87	1,145
2	57	88	8,533
2	57	89	40,008
2	57	97	1,809
2	57	99	4,794
2	57	100	4,611
2	58	15	4,521
2	58	16	4,723
2	58	22	0,873
2	58	34	23,774
2	58	37	0,658
2	58	38	4,977
2	58	40	5,438
2	58	41	4,245
2	58	48	0,854
2	58	57	5,041
2	58	62	0,789
2	58	67	1,564
2	58	82	2,33
2	58	87	7,307
2	58	88	0,858
2	58	89	6,098
2	58	97	4,775
2	58	99	3,67
2	58	100	1,313
2	62	15	0,557
2	62	16	1,317
2	62	22	27,675
2	62	34	8,945
2	62	37	7,083
2	62	38	2,335
2	62	40	10,875
2	62	41	4,634
2	62	48	7,017
2	62	57	15,56
2	62	58	23,584
2	62	67	1,868
2	62	82	2,375
2	62	87	3,219
2	62	88	4,363
2	62	89	4,541
2	62	97	2,756
2	62	99	0,833
2	62	100	2,957
2	67	15	6,25
2	67	16	0,756
2	67	22	13,92
2	67	34	3,225
2	67	37	4,916
2	67	38	6,14
2	67	40	5,291
2	67	41	4,348
2	67	48	6,283
2	67	57	19,268
2	67	58	0,71
2	67	62	7,316
2	67	82	1,742
2	67	87	4,537
2	67	88	3,229
2	67	89	3,347
2	67	97	6,501
2	67	99	2,092
2	67	100	6,81
2	82	15	5,659
2	82	16	14,213
2	82	22	1,088
2	82	34	8,775
2	82	37	8,525
2	82	38	5,284
2	82	40	10,313
2	82	41	3,665
2	82	48	6,995
2	82	57	3,21
2	82	58	3,013
2	82	62	1,318
2	82	67	17,907
2	82	87	8,657
2	82	88	12,508
2	82	89	2,325
2	82	97	8,516
2	82	99	15,876
2	82	100	21,419
2	87	15	1,853
2	87	16	5,812
2	87	22	5,73
2	87	34	6,154
2	87	37	5,09
2	87	38	7,384
2	87	40	2,275
2	87	41	3,582
2	87	48	0,616
2	87	57	3,498
2	87	58	0,641
2	87	62	4,027
2	87	67	1,177
2	87	82	7,118
2	87	88	1,477
2	87	89	6,024
2	87	97	4,931
2	87	99	0,995
2	87	100	0,837
2	88	15	16,631
2	88	16	4,927
2	88	22	5,822
2	88	34	9,658
2	88	37	2,7
2	88	38	2,036
2	88	40	1,888
2	88	41	21,508
2	88	48	0,769
2	88	57	38,688
2	88	58	1,079
2	88	62	12,054
2	88	67	2,495
2	88	82	1,962
2	88	87	5,552
2	88	89	12,046
2	88	97	17,837
2	88	99	1,341
2	88	100	1,439
2	89	15	2,56
2	89	16	4,055
2	89	22	10,011
2	89	34	6,393
2	89	37	2,702
2	89	38	1,037
2	89	40	5,011
2	89	41	17,181
2	89	48	0,739
2	89	57	8,338
2	89	58	1,378
2	89	62	6,488
2	89	67	1,21
2	89	82	4,183
2	89	87	10,5
2	89	88	7,359
2	89	97	0,986
2	89	99	25,749
2	89	100	12,682
2	97	15	6,73
2	97	16	0,994
2	97	22	6,701
2	97	34	4,913
2	97	37	1,175
2	97	38	5,288
2	97	40	10,979
2	97	41	0,939
2	97	48	3,416
2	97	57	16,936
2	97	58	2,229
2	97	62	12,139
2	97	67	5,579
2	97	82	0,943
2	97	87	1,785
2	97	88	10,585
2	97	89	11,773
2	97	99	9,514
2	97	100	7,864
2	99	15	19,342
2	99	16	5,608
2	99	22	4,801
2	99	34	1,466
2	99	37	4,604
2	99	38	0,815
2	99	40	0,884
2	99	41	4,152
2	99	48	3,565
2	99	57	6,48
2	99	58	2,409
2	99	62	3,083
2	99	67	0,947
2	99	82	1,972
2	99	87	3,006
2	99	88	14,913
2	99	89	6,017
2	99	97	8,646
2	99	100	8,017
2	100	15	5,692
2	100	16	8,265
2	100	22	3,845
2	100	34	14,7
2	100	37	0,512
2	100	38	0,674
2	100	40	15,457
2	100	41	5,338
2	100	48	21,282
2	100	57	10,505
2	100	58	8,492
2	100	62	1,618
2	100	67	1,896
2	100	82	1,084
2	100	87	1,138
2	100	88	4,52
2	100	89	10,215
2	100	97	16,083
2	100	99	3,694
3	2	9	1,895
3	2	12	7,119
3	2	13	0,742
3	2	14	0,643
3	2	16	5,312
3	2	19	2,165
3	2	20	1,678
3	2	23	15,752
3	2	28	7,238
3	2	29	1,973
3	2	33	9
3	2	36	23,156
3	2	46	2,936
3	2	56	0,661
3	2	59	4,334
3	2	62	2,795
3	2	65	1,053
3	2	66	0,679
3	2	68	2,598
3	2	72	3,756
3	2	73	0,942
3	2	77	3,84
3	2	80	19,026
3	2	85	7,688
3	2	89	11,286
3	2	100	2,357
3	9	2	29,486
3	9	12	4,685
3	9	13	2,741
3	9	14	2,007
3	9	16	6,653
3	9	19	5,045
3	9	20	2,388
3	9	23	30,232
3	9	28	3,888
3	9	29	3,277
3	9	33	6,665
3	9	36	4,99
3	9	46	22,801
3	9	56	8,359
3	9	59	3,042
3	9	62	3,695
3	9	65	6,168
3	9	66	3,018
3	9	68	1,236
3	9	72	1,509
3	9	73	14,536
3	9	77	11,083
3	9	80	5,791
3	9	85	1,484
3	9	89	0,73
3	9	100	5,096
3	12	2	7,143
3	12	9	1,325
3	12	13	2,071
3	12	14	11,397
3	12	16	2,071
3	12	19	5,369
3	12	20	2,463
3	12	23	0,592
3	12	28	4,803
3	12	29	3,371
3	12	33	1,915
3	12	36	6,442
3	12	46	15,468
3	12	56	32,292
3	12	59	2,715
3	12	62	2,351
3	12	65	3,722
3	12	66	7,865
3	12	68	3,235
3	12	72	0,704
3	12	73	3,156
3	12	77	0,886
3	12	80	15,343
3	12	85	0,651
3	12	89	9,504
3	12	100	4,263
3	13	2	8,972
3	13	9	1,707
3	13	12	1,001
3	13	14	2,658
3	13	16	18,579
3	13	19	4,312
3	13	20	5,946
3	13	23	1,772
3	13	28	3,498
3	13	29	2,944
3	13	33	6,544
3	13	36	11,719
3	13	46	0,528
3	13	56	2,131
3	13	59	1,648
3	13	62	3,059
3	13	65	1,798
3	13	66	3,553
3	13	68	10,129
3	13	72	10,033
3	13	73	9,967
3	13	77	2,092
3	13	80	11,314
3	13	85	2,981
3	13	89	22,582
3	13	100	0,732
3	14	2	0,764
3	14	9	7,179
3	14	12	4,1
3	14	13	5,75
3	14	16	7,577
3	14	19	11,331
3	14	20	2,448
3	14	23	2,654
3	14	28	21,101
3	14	29	4,209
3	14	33	2,585
3	14	36	5,743
3	14	46	20,433
3	14	56	0,805
3	14	59	2,4
3	14	62	9,009
3	14	65	4,105
3	14	66	13,088
3	14	68	2,059
3	14	72	6,191
3	14	73	4,341
3	14	77	7,623
3	14	80	1,475
3	14	85	3,332
3	14	89	1,684
3	14	100	5,14
3	16	2	1,986
3	16	9	2,778
3	16	12	4,07
3	16	13	5,67
3	16	14	2,057
3	16	19	1,24
3	16	20	10,766
3	16	23	18,048
3	16	28	7,337
3	16	29	3,54
3	16	33	3,868
3	16	36	10,276
3	16	46	1,882
3	16	56	4,143
3	16	59	8,13
3	16	62	2,27
3	16	65	1,508
3	16	66	1,83
3	16	68	3,002
3	16	72	6,461
3	16	73	2,175
3	16	77	2,028
3	16	80	2,025
3	16	85	3,128
3	16	89	14,6
3	16	100	5,132
3	19	2	2,133
3	19	9	3,394
3	19	12	16,163
3	19	13	13,436
3	19	14	5,007
3	19	16	5,703
3	19	20	11,805
3	19	23	9,936
3	19	28	1,415
3	19	29	1,844
3	19	33	4,886
3	19	36	10,611
3	19	46	8,335
3	19	56	7,278
3	19	59	0,592
3	19	62	1,809
3	19	65	1,882
3	19	66	2,808
3	19	68	4,182
3	19	72	11,001
3	19	73	13,609
3	19	77	6,532
3	19	80	7,176
3	19	85	4,581
3	19	89	18,223
3	19	100	6,122
3	20	2	5,519
3	20	9	3,815
3	20	12	6,557
3	20	13	4,404
3	20	14	7,45
3	20	16	0,828
3	20	19	2,192
3	20	23	1,919
3	20	28	1,526
3	20	29	3,651
3	20	33	2,896
3	20	36	0,757
3	20	46	5,044
3	20	56	4,009
3	20	59	15,94
3	20	62	4,909
3	20	65	0,843
3	20	66	2,651
3	20	68	10,838
3	20	72	0,697
3	20	73	3,904
3	20	77	2,153
3	20	80	4,496
3	20	85	4,456
3	20	89	5,007
3	20	100	4,947
3	23	2	0,608
3	23	9	2,884
3	23	12	5,417
3	23	13	4,193
3	23	14	9,213
3	23	16	5,111
3	23	19	11,652
3	23	20	9,866
3	23	28	2,893
3	23	29	8,334
3	23	33	0,885
3	23	36	7,928
3	23	46	32,08
3	23	56	3,846
3	23	59	4,651
3	23	62	3,283
3	23	65	3,467
3	23	66	4,794
3	23	68	1,357
3	23	72	0,545
3	23	73	10,285
3	23	77	3,902
3	23	80	9,495
3	23	85	6,318
3	23	89	44,854
3	23	100	6,419
3	28	2	1,752
3	28	9	8,824
3	28	12	7,726
3	28	13	2,848
3	28	14	0,637
3	28	16	1,006
3	28	19	1,377
3	28	20	2,546
3	28	23	21,794
3	28	29	5,884
3	28	33	6,085
3	28	36	0,85
3	28	46	8,173
3	28	56	1,835
3	28	59	15,605
3	28	62	8,925
3	28	65	10,454
3	28	66	8,666
3	28	68	20,122
3	28	72	14,73
3	28	73	6,201
3	28	77	2,574
3	28	80	2,644
3	28	85	8,726
3	28	89	1,799
3	28	100	0,785
3	29	2	1,235
3	29	9	2,33
3	29	12	5,808
3	29	13	0,969
3	29	14	1,23
3	29	16	1,152
3	29	19	21,224
3	29	20	4,269
3	29	23	11,444
3	29	28	1,55
3	29	33	2,251
3	29	36	8,05
3	29	46	0,947
3	29	56	2,626
3	29	59	0,809
3	29	62	1,994
3	29	65	3,194
3	29	66	6,473
3	29	68	1,658
3	29	72	1,247
3	29	73	6,141
3	29	77	6,811
3	29	80	12,5
3	29	85	1,222
3	29	89	6,518
3	29	100	2,807
3	33	2	2,704
3	33	9	4,804
3	33	12	4,93
3	33	13	7,97
3	33	14	9,476
3	33	16	11,588
3	33	19	6,431
3	33	20	1,646
3	33	23	6,532
3	33	28	4,037
3	33	29	3,686
3	33	36	5,789
3	33	46	1,337
3	33	56	9,454
3	33	59	11,872
3	33	62	17,237
3	33	65	7,075
3	33	66	0,862
3	33	68	3,372
3	33	72	29,573
3	33	73	1,829
3	33	77	0,805
3	33	80	1,401
3	33	85	1,019
3	33	89	4,84
3	33	100	2,938
3	36	2	5,859
3	36	9	1,709
3	36	12	1,677
3	36	13	1,472
3	36	14	11,944
3	36	16	9,375
3	36	19	5,17
3	36	20	3,382
3	36	23	6,405
3	36	28	5,634
3	36	29	25,637
3	36	33	6,857
3	36	46	2,274
3	36	56	1,191
3	36	59	14,252
3	36	62	10,003
3	36	65	19,003
3	36	66	2,848
3	36	68	3,261
3	36	72	3,141
3	36	73	1,525
3	36	77	7,435
3	36	80	7,671
3	36	85	5,157
3	36	89	1,466
3	36	100	4,331
3	46	2	4,518
3	46	9	7,757
3	46	12	9,263
3	46	13	7,726
3	46	14	1,309
3	46	16	6,72
3	46	19	5,339
3	46	20	4,727
3	46	23	4,642
3	46	28	6,481
3	46	29	1,877
3	46	33	1,308
3	46	36	1,793
3	46	56	1,897
3	46	59	15,284
3	46	62	3,324
3	46	65	1,271
3	46	66	1,815
3	46	68	4,526
3	46	72	3,821
3	46	73	2,845
3	46	77	0,53
3	46	80	8,655
3	46	85	2,096
3	46	89	0,735
3	46	100	8,501
3	56	2	3,182
3	56	9	7,473
3	56	12	15,02
3	56	13	4,131
3	56	14	0,655
3	56	16	10,323
3	56	19	1,645
3	56	20	0,958
3	56	23	11
3	56	28	10,407
3	56	29	7,858
3	56	33	1,9
3	56	36	3,76
3	56	46	9,808
3	56	59	5,346
3	56	62	6,599
3	56	65	1,027
3	56	66	3,92
3	56	68	1,465
3	56	72	36,762
3	56	73	1,501
3	56	77	1,122
3	56	80	11,851
3	56	85	3,147
3	56	89	3,316
3	56	100	11,211
3	59	2	3,48
3	59	9	2,155
3	59	12	7,169
3	59	13	5,842
3	59	14	3,002
3	59	16	2,929
3	59	19	2,869
3	59	20	1,706
3	59	23	2,84
3	59	28	4,854
3	59	29	6,29
3	59	33	7,404
3	59	36	3,317
3	59	46	7,623
3	59	56	1,546
3	59	62	2,625
3	59	65	7,941
3	59	66	2,073
3	59	68	1,375
3	59	72	4,609
3	59	73	4,814
3	59	77	28,384
3	59	80	1,381
3	59	85	28,792
3	59	89	4,412
3	59	100	5,506
3	62	2	0,52
3	62	9	8,916
3	62	12	1,529
3	62	13	4,005
3	62	14	3,569
3	62	16	1,463
3	62	19	3,573
3	62	20	8,229
3	62	23	13,575
3	62	28	6,012
3	62	29	2,784
3	62	33	1,272
3	62	36	4,101
3	62	46	0,816
3	62	56	15,276
3	62	59	1,91
3	62	65	2,139
3	62	66	0,657
3	62	68	4,159
3	62	72	0,726
3	62	73	1,162
3	62	77	5,537
3	62	80	4,152
3	62	85	30,442
3	62	89	14,971
3	62	100	10,928
3	65	2	28,88
3	65	9	1,637
3	65	12	0,636
3	65	13	4,066
3	65	14	44,793
3	65	16	13,858
3	65	19	6,328
3	65	20	2,062
3	65	23	2,413
3	65	28	5,876
3	65	29	18,688
3	65	33	6,336
3	65	36	16,806
3	65	46	4,405
3	65	56	2,424
3	65	59	11,99
3	65	62	1,5
3	65	66	5,417
3	65	68	5,597
3	65	72	4,819
3	65	73	10,566
3	65	77	1,059
3	65	80	11,271
3	65	85	0,611
3	65	89	1,803
3	65	100	4,634
3	66	2	2,155
3	66	9	5,34
3	66	12	1,594
3	66	13	5,024
3	66	14	2,171
3	66	16	5,472
3	66	19	12,203
3	66	20	2,114
3	66	23	0,555
3	66	28	0,729
3	66	29	6,116
3	66	33	8,994
3	66	36	3,559
3	66	46	9,31
3	66	56	3,765
3	66	59	9,81
3	66	62	7,507
3	66	65	8,831
3	66	68	1,228
3	66	72	2,027
3	66	73	32,506
3	66	77	3,72
3	66	80	5,107
3	66	85	4,881
3	66	89	14,938
3	66	100	13,244
3	68	2	2,452
3	68	9	1,065
3	68	12	4,006
3	68	13	0,643
3	68	14	9,715
3	68	16	1,101
3	68	19	6,743
3	68	20	0,808
3	68	23	1,048
3	68	28	10,199
3	68	29	5,228
3	68	33	8,845
3	68	36	3,888
3	68	46	1,882
3	68	56	7,247
3	68	59	12,17
3	68	62	8,239
3	68	65	6,434
3	68	66	0,61
3	68	72	3,865
3	68	73	1,083
3	68	77	1,906
3	68	80	13,231
3	68	85	7,088
3	68	89	2,271
3	68	100	13,229
3	72	2	2,239
3	72	9	10,754
3	72	12	0,554
3	72	13	14,537
3	72	14	5,102
3	72	16	2,049
3	72	19	17,907
3	72	20	15,278
3	72	23	29,585
3	72	28	7,707
3	72	29	12,81
3	72	33	9,189
3	72	36	9,533
3	72	46	8,966
3	72	56	7,976
3	72	59	10,315
3	72	62	16,726
3	72	65	0,992
3	72	66	5,287
3	72	68	16,479
3	72	73	4,371
3	72	77	9,165
3	72	80	0,784
3	72	85	2,104
3	72	89	13,717
3	72	100	18,703
3	73	2	1,016
3	73	9	7,464
3	73	12	1,851
3	73	13	4,294
3	73	14	7,092
3	73	16	2,655
3	73	19	1,196
3	73	20	0,851
3	73	23	6,494
3	73	28	7,184
3	73	29	1,695
3	73	33	1,631
3	73	36	7,268
3	73	46	1,812
3	73	56	2,514
3	73	59	9,254
3	73	62	2,892
3	73	65	9,688
3	73	66	5,299
3	73	68	4,538
3	73	72	12,666
3	73	77	13,304
3	73	80	0,902
3	73	85	0,753
3	73	89	1,538
3	73	100	4,116
3	77	2	7,956
3	77	9	20,858
3	77	12	36,952
3	77	13	1,119
3	77	14	2,73
3	77	16	1,242
3	77	19	3,839
3	77	20	15,109
3	77	23	5,229
3	77	28	0,926
3	77	29	6,42
3	77	33	8,533
3	77	36	2,199
3	77	46	3,248
3	77	56	5,066
3	77	59	3,014
3	77	62	1,37
3	77	65	5,367
3	77	66	7,322
3	77	68	8,469
3	77	72	1,516
3	77	73	7,046
3	77	80	2,851
3	77	85	10,384
3	77	89	5,698
3	77	100	1,15
3	80	2	4,636
3	80	9	0,877
3	80	12	5,227
3	80	13	6,812
3	80	14	11,371
3	80	16	0,804
3	80	19	5,339
3	80	20	14,867
3	80	23	3,641
3	80	28	9,01
3	80	29	5,242
3	80	33	1,678
3	80	36	29,959
3	80	46	2,979
3	80	56	1,1
3	80	59	5,321
3	80	62	3,425
3	80	65	1,568
3	80	66	34,697
3	80	68	3,891
3	80	72	1,552
3	80	73	4,34
3	80	77	11,658
3	80	85	2,728
3	80	89	16,341
3	80	100	5,89
3	85	2	10,224
3	85	9	2,281
3	85	12	15,607
3	85	13	0,9
3	85	14	12,897
3	85	16	22,68
3	85	19	2,815
3	85	20	3,218
3	85	23	1,983
3	85	28	3,331
3	85	29	3,41
3	85	33	4,844
3	85	36	1,933
3	85	46	14,66
3	85	56	4,287
3	85	59	4,603
3	85	62	7,887
3	85	65	1,508
3	85	66	1,934
3	85	68	1,22
3	85	72	3,792
3	85	73	5,439
3	85	77	7,588
3	85	80	14,564
3	85	89	4,138
3	85	100	7,118
3	89	2	0,568
3	89	9	2,565
3	89	12	11,821
3	89	13	5,015
3	89	14	3,479
3	89	16	1,98
3	89	19	7,418
3	89	20	9,116
3	89	23	14,789
3	89	28	10,965
3	89	29	8,188
3	89	33	3,893
3	89	36	7,855
3	89	46	1,598
3	89	56	0,778
3	89	59	6,013
3	89	62	8,478
3	89	65	6,894
3	89	66	4,687
3	89	68	1,503
3	89	72	11,148
3	89	73	2,044
3	89	77	4,121
3	89	80	2,042
3	89	85	1,904
3	89	100	12,741
3	100	2	3,709
3	100	9	2,587
3	100	12	2
3	100	13	9,188
3	100	14	1,689
3	100	16	15,469
3	100	19	2,739
3	100	20	7,075
3	100	23	5,635
3	100	28	23,462
3	100	29	1,695
3	100	33	0,587
3	100	36	4,154
3	100	46	1,749
3	100	56	2,764
3	100	59	0,502
3	100	62	2,117
3	100	65	9,314
3	100	66	1,341
3	100	68	9,19
3	100	72	14,383
3	100	73	6,429
3	100	77	2,063
3	100	80	1,362
3	100	85	3,95
3	100	89	11,116
4	1	8	3,586
4	1	18	15,526
4	1	22	10,627
4	1	23	9,691
4	1	26	3,469
4	1	27	16,008
4	1	29	2,628
4	1	37	0,671
4	1	42	1,95
4	1	43	1,005
4	1	45	26,238
4	1	46	2,692
4	1	55	2,666
4	1	63	2,596
4	1	65	10,752
4	1	75	1,087
4	1	78	16,016
4	1	80	1,83
4	1	83	5,635
4	1	84	1,01
4	1	85	5,705
4	8	1	4,141
4	8	18	38,316
4	8	22	1,584
4	8	23	16,821
4	8	26	1,891
4	8	27	16,377
4	8	29	4,309
4	8	37	2,478
4	8	42	1,264
4	8	43	3,527
4	8	45	3,738
4	8	46	1,062
4	8	55	4,677
4	8	63	0,72
4	8	65	1,867
4	8	75	7,001
4	8	78	5,583
4	8	80	5,36
4	8	83	2,381
4	8	84	2,619
4	8	85	5,628
4	18	1	4,492
4	18	8	3,348
4	18	22	0,635
4	18	23	2,533
4	18	26	1,583
4	18	27	25,003
4	18	29	0,825
4	18	37	5,501
4	18	42	6,833
4	18	43	19,874
4	18	45	1,052
4	18	46	0,559
4	18	55	0,683
4	18	63	9,423
4	18	65	2,665
4	18	75	32,409
4	18	78	6,707
4	18	80	1,442
4	18	83	1,577
4	18	84	9,19
4	18	85	1,049
4	22	1	8,159
4	22	8	7,724
4	22	18	3,402
4	22	23	0,769
4	22	26	3,82
4	22	27	3,085
4	22	29	3,301
4	22	37	3,288
4	22	42	2,067
4	22	43	0,885
4	22	45	6,372
4	22	46	9,594
4	22	55	6,836
4	22	63	6,35
4	22	65	1,848
4	22	75	5,72
4	22	78	3,444
4	22	80	5,232
4	22	83	4,481
4	22	84	5,845
4	22	85	5,87
4	23	1	4,963
4	23	8	7,733
4	23	18	4,856
4	23	22	2,336
4	23	26	33,433
4	23	27	1,159
4	23	29	5,646
4	23	37	1,14
4	23	42	5,406
4	23	43	1,231
4	23	45	6,729
4	23	46	2,713
4	23	55	6,752
4	23	63	6,146
4	23	65	6,643
4	23	75	3,134
4	23	78	0,67
4	23	80	6,005
4	23	83	1,435
4	23	84	5,196
4	23	85	5,837
4	26	1	3,676
4	26	8	6,388
4	26	18	2,039
4	26	22	39,251
4	26	23	1,635
4	26	27	13,425
4	26	29	9,099
4	26	37	7,605
4	26	42	15,531
4	26	43	2,607
4	26	45	2,784
4	26	46	3,229
4	26	55	3,463
4	26	63	17,681
4	26	65	6,931
4	26	75	7,986
4	26	78	4,717
4	26	80	5,394
4	26	83	22,742
4	26	84	2,445
4	26	85	2,409
4	27	1	2,313
4	27	8	1,55
4	27	18	3,615
4	27	22	0,667
4	27	23	1,56
4	27	26	2,984
4	27	29	12,885
4	27	37	3,618
4	27	42	4,903
4	27	43	0,933
4	27	45	44,142
4	27	46	5,437
4	27	55	17,851
4	27	63	18,865
4	27	65	1,289
4	27	75	7,16
4	27	78	7,325
4	27	80	1,886
4	27	83	13,22
4	27	84	21,518
4	27	85	2,749
4	29	1	2,526
4	29	8	0,894
4	29	18	5,328
4	29	22	0,899
4	29	23	1,395
4	29	26	4,83
4	29	27	34,763
4	29	37	4,106
4	29	42	6,033
4	29	43	1,381
4	29	45	16,139
4	29	46	13,76
4	29	55	16,155
4	29	63	7,346
4	29	65	7,641
4	29	75	14,203
4	29	78	2,3
4	29	80	3,155
4	29	83	3,022
4	29	84	8,3
4	29	85	1,255
4	37	1	0,803
4	37	8	1,432
4	37	18	2,964
4	37	22	11,61
4	37	23	1,899
4	37	26	7,078
4	37	27	7,395
4	37	29	2,151
4	37	42	41,665
4	37	43	21,038
4	37	45	6,62
4	37	46	4,982
4	37	55	3,194
4	37	63	1,701
4	37	65	2,958
4	37	75	3,015
4	37	78	7,241
4	37	80	15,705
4	37	83	4,375
4	37	84	1,374
4	37	85	2,14
4	42	1	3,903
4	42	8	4,991
4	42	18	6,85
4	42	22	1,503
4	42	23	0,635
4	42	26	2,661
4	42	27	1,071
4	42	29	7,128
4	42	37	6,151
4	42	43	3,672
4	42	45	9,265
4	42	46	4,067
4	42	55	10,577
4	42	63	3,557
4	42	65	14,772
4	42	75	15,518
4	42	78	7,394
4	42	80	0,505
4	42	83	8,425
4	42	84	18,577
4	42	85	13,002
4	43	1	5,341
4	43	8	4,756
4	43	18	0,796
4	43	22	20,858
4	43	23	2,133
4	43	26	5,913
4	43	27	9,66
4	43	29	5,188
4	43	37	19,903
4	43	42	5,854
4	43	45	0,839
4	43	46	8,929
4	43	55	3,949
4	43	63	5,503
4	43	65	1,127
4	43	75	10,144
4	43	78	16,752
4	43	80	0,737
4	43	83	2,304
4	43	84	4,222
4	43	85	6,637
4	45	1	11,31
4	45	8	2,273
4	45	18	2,415
4	45	22	18,081
4	45	23	6,75
4	45	26	4,838
4	45	27	2,732
4	45	29	16,664
4	45	37	0,827
4	45	42	8,017
4	45	43	4,737
4	45	46	5,558
4	45	55	4,764
4	45	63	9,73
4	45	65	3,771
4	45	75	6,208
4	45	78	13,926
4	45	80	0,983
4	45	83	1,363
4	45	84	7,624
4	45	85	1,996
4	46	1	2,799
4	46	8	8,237
4	46	18	0,723
4	46	22	12,305
4	46	23	1,926
4	46	26	3,067
4	46	27	7,829
4	46	29	15,711
4	46	37	7,407
4	46	42	3,001
4	46	43	5,118
4	46	45	1,537
4	46	55	3,595
4	46	63	5,174
4	46	65	20,813
4	46	75	2,672
4	46	78	4,714
4	46	80	14,742
4	46	83	5,585
4	46	84	3,026
4	46	85	16,464
4	55	1	3,522
4	55	8	1,256
4	55	18	0,963
4	55	22	2,771
4	55	23	4,621
4	55	26	0,827
4	55	27	4,73
4	55	29	10,489
4	55	37	1,506
4	55	42	10,627
4	55	43	1,844
4	55	45	1,166
4	55	46	2,868
4	55	63	7,133
4	55	65	2,806
4	55	75	4,488
4	55	78	1,914
4	55	80	5,417
4	55	83	14,714
4	55	84	3,765
4	55	85	2,633
4	63	1	2,483
4	63	8	1,986
4	63	18	14,786
4	63	22	9,457
4	63	23	8,784
4	63	26	5,403
4	63	27	0,768
4	63	29	0,893
4	63	37	6,422
4	63	42	10,169
4	63	43	12,243
4	63	45	2,526
4	63	46	12,128
4	63	55	8,486
4	63	65	10,045
4	63	75	0,828
4	63	78	12,604
4	63	80	1,023
4	63	83	11,093
4	63	84	3,124
4	63	85	4,645
4	65	1	0,543
4	65	8	3,09
4	65	18	1,999
4	65	22	15,83
4	65	23	9,265
4	65	26	2,151
4	65	27	14,023
4	65	29	1,635
4	65	37	5,441
4	65	42	10,495
4	65	43	0,987
4	65	45	10,009
4	65	46	12,462
4	65	55	17,174
4	65	63	1,865
4	65	75	3,433
4	65	78	4,355
4	65	80	8,44
4	65	83	7,729
4	65	84	47,806
4	65	85	15,645
4	75	1	22,391
4	75	8	4,148
4	75	18	5,33
4	75	22	3,501
4	75	23	2,603
4	75	26	2,464
4	75	27	2,985
4	75	29	11,738
4	75	37	6,21
4	75	42	6,12
4	75	43	5,92
4	75	45	1,938
4	75	46	9,695
4	75	55	10,03
4	75	63	3,556
4	75	65	6,67
4	75	78	0,727
4	75	80	0,792
4	75	83	2,846
4	75	84	58,362
4	75	85	0,688
4	78	1	3,459
4	78	8	3,108
4	78	18	0,701
4	78	22	10,351
4	78	23	7,753
4	78	26	5,011
4	78	27	2,756
4	78	29	1,523
4	78	37	9,239
4	78	42	8,222
4	78	43	2,115
4	78	45	0,812
4	78	46	4,674
4	78	55	17,872
4	78	63	1,64
4	78	65	6,71
4	78	75	3,508
4	78	80	5,93
4	78	83	1,678
4	78	84	3,773
4	78	85	7,718
4	80	1	4,475
4	80	8	0,903
4	80	18	9,514
4	80	22	1,826
4	80	23	4,502
4	80	26	6,402
4	80	27	2,254
4	80	29	6,209
4	80	37	3,302
4	80	42	10,659
4	80	43	28,247
4	80	45	6,709
4	80	46	0,673
4	80	55	2,475
4	80	63	7,539
4	80	65	6,303
4	80	75	1,533
4	80	78	5,305
4	80	83	5,661
4	80	84	3,8
4	80	85	1,943
4	83	1	10,94
4	83	8	5,56
4	83	18	10,056
4	83	22	14,838
4	83	23	3,88
4	83	26	1,86
4	83	27	2,206
4	83	29	6,697
4	83	37	4,991
4	83	42	10,642
4	83	43	8,164
4	83	45	2,146
4	83	46	22,819
4	83	55	8,492
4	83	63	1,076
4	83	65	2,8
4	83	75	1,194
4	83	78	4,871
4	83	80	7,704
4	83	84	3,821
4	83	85	8,021
4	84	1	3,841
4	84	8	3,98
4	84	18	8,102
4	84	22	0,828
4	84	23	3,178
4	84	26	31,587
4	84	27	0,555
4	84	29	4,278
4	84	37	2,544
4	84	42	4,836
4	84	43	3,188
4	84	45	2,472
4	84	46	1,949
4	84	55	5,534
4	84	63	0,745
4	84	65	0,91
4	84	75	12,042
4	84	78	1,323
4	84	80	4,166
4	84	83	4,787
4	84	85	11,892
4	85	1	0,887
4	85	8	0,633
4	85	18	1,867
4	85	22	3,382
4	85	23	3,636
4	85	26	4,005
4	85	27	10,845
4	85	29	7,07
4	85	37	5,346
4	85	42	11,592
4	85	43	9,775
4	85	45	11,776
4	85	46	9,764
4	85	55	0,981
4	85	63	1,391
4	85	65	37,292
4	85	75	1,302
4	85	78	17,234
4	85	80	1,603
4	85	83	10,291
4	85	84	2,825
5	5	15	2,986
5	5	18	2,714
5	5	19	7,236
5	5	22	5,435
5	5	26	5,181
5	5	33	3,947
5	5	38	3,949
5	5	41	5,238
5	5	42	6,905
5	5	45	1,893
5	5	58	16,406
5	5	64	17,077
5	5	68	5,613
5	5	76	4,613
5	5	83	0,893
5	5	85	13,707
5	5	97	20,068
5	5	99	1,817
5	15	5	11,594
5	15	18	9,796
5	15	19	6,204
5	15	22	5,581
5	15	26	8,886
5	15	33	6,622
5	15	38	2,513
5	15	41	0,988
5	15	42	0,77
5	15	45	0,754
5	15	58	1,852
5	15	64	4,524
5	15	68	1,452
5	15	76	1,41
5	15	83	20,434
5	15	85	5,605
5	15	97	2,176
5	15	99	60,578
5	18	5	18,155
5	18	15	4,927
5	18	19	6,847
5	18	22	4,045
5	18	26	0,703
5	18	33	4,215
5	18	38	7,972
5	18	41	4,52
5	18	42	9,295
5	18	45	4,035
5	18	58	1,442
5	18	64	1,941
5	18	68	8,986
5	18	76	1,68
5	18	83	33,677
5	18	85	1,545
5	18	97	2,777
5	18	99	1,289
5	19	5	5,817
5	19	15	3,505
5	19	18	5,931
5	19	22	20,936
5	19	26	2,384
5	19	33	0,63
5	19	38	3,125
5	19	41	12,283
5	19	42	3,297
5	19	45	11,213
5	19	58	5,543
5	19	64	1,888
5	19	68	5,321
5	19	76	0,607
5	19	83	14,717
5	19	85	3,156
5	19	97	6,825
5	19	99	1,544
5	22	5	7,322
5	22	15	1,241
5	22	18	11,549
5	22	19	5,025
5	22	26	10,599
5	22	33	4,129
5	22	38	1,439
5	22	41	0,683
5	22	42	2,076
5	22	45	6,019
5	22	58	10,679
5	22	64	12,642
5	22	68	4,172
5	22	76	1,576
5	22	83	0,725
5	22	85	4,008
5	22	97	6,107
5	22	99	3,76
5	26	5	1,177
5	26	15	2,373
5	26	18	1,309
5	26	19	0,55
5	26	22	1,222
5	26	33	12,032
5	26	38	0,613
5	26	41	3,139
5	26	42	6,803
5	26	45	15,149
5	26	58	1,435
5	26	64	1,484
5	26	68	23,509
5	26	76	2,421
5	26	83	5,361
5	26	85	4,943
5	26	97	5,378
5	26	99	25,067
5	33	5	7,507
5	33	15	9,134
5	33	18	5,399
5	33	19	13,528
5	33	22	0,979
5	33	26	1,821
5	33	38	0,51
5	33	41	3,423
5	33	42	1,854
5	33	45	1,78
5	33	58	0,567
5	33	64	4,031
5	33	68	5,442
5	33	76	18,787
5	33	83	2,328
5	33	85	2,328
5	33	97	2,569
5	33	99	22,553
5	38	5	4,191
5	38	15	4,559
5	38	18	1,946
5	38	19	10,478
5	38	22	1,055
5	38	26	3,593
5	38	33	28,314
5	38	41	10,167
5	38	42	3,758
5	38	45	0,831
5	38	58	7,541
5	38	64	2,818
5	38	68	3,271
5	38	76	2,93
5	38	83	0,63
5	38	85	3,587
5	38	97	11,157
5	38	99	13,328
5	41	5	10,744
5	41	15	8,851
5	41	18	5,252
5	41	19	7,88
5	41	22	1,326
5	41	26	8,429
5	41	33	0,588
5	41	38	15,522
5	41	42	2,05
5	41	45	9,304
5	41	58	6,001
5	41	64	3,476
5	41	68	1,424
5	41	76	6,136
5	41	83	1,174
5	41	85	19,321
5	41	97	2,442
5	41	99	3,428
5	42	5	1,767
5	42	15	8,314
5	42	18	1,878
5	42	19	12,525
5	42	22	3,343
5	42	26	2,013
5	42	33	19,089
5	42	38	3,678
5	42	41	1,341
5	42	45	6,032
5	42	58	24,952
5	42	64	2,698
5	42	68	1,587
5	42	76	16,034
5	42	83	1,792
5	42	85	10,021
5	42	97	6,149
5	42	99	1,259
5	45	5	15,026
5	45	15	2,514
5	45	18	6,359
5	45	19	6,896
5	45	22	2,496
5	45	26	2,389
5	45	33	2,431
5	45	38	15,397
5	45	41	17,211
5	45	42	0,943
5	45	58	1,933
5	45	64	7,524
5	45	68	3,214
5	45	76	0,621
5	45	83	3,8
5	45	85	2,768
5	45	97	20,526
5	45	99	2,271
5	58	5	0,667
5	58	15	6,711
5	58	18	0,526
5	58	19	7,579
5	58	22	1,612
5	58	26	1,07
5	58	33	9,311
5	58	38	4,674
5	58	41	9,242
5	58	42	3,759
5	58	45	1,563
5	58	64	16,317
5	58	68	1,433
5	58	76	3,791
5	58	83	2,547
5	58	85	0,92
5	58	97	4,112
5	58	99	17,034
5	64	5	3,636
5	64	15	4,612
5	64	18	0,569
5	64	19	5,009
5	64	22	2,929
5	64	26	17,729
5	64	33	2,091
5	64	38	2,504
5	64	41	2,501
5	64	42	0,927
5	64	45	3,203
5	64	58	6,096
5	64	68	26,637
5	64	76	1,773
5	64	83	10,283
5	64	85	24,157
5	64	97	15,728
5	64	99	1,029
5	68	5	0,936
5	68	15	1,493
5	68	18	0,563
5	68	19	10,709
5	68	22	0,639
5	68	26	2,173
5	68	33	14,435
5	68	38	1,927
5	68	41	5,275
5	68	42	1,878
5	68	45	6,58
5	68	58	10,809
5	68	64	23,635
5	68	76	7,247
5	68	83	5,604
5	68	85	7,244
5	68	97	7,699
5	68	99	2,214
5	76	5	16,954
5	76	15	3,795
5	76	18	6,592
5	76	19	0,596
5	76	22	16,196
5	76	26	0,957
5	76	33	2,629
5	76	38	4,957
5	76	41	7,065
5	76	42	10,96
5	76	45	10,544
5	76	58	0,66
5	76	64	7,823
5	76	68	35,641
5	76	83	1,355
5	76	85	9,55
5	76	97	3,796
5	76	99	3,839
5	83	5	0,571
5	83	15	2,378
5	83	18	3,907
5	83	19	15,018
5	83	22	4,245
5	83	26	4,061
5	83	33	2,09
5	83	38	6,587
5	83	41	35,375
5	83	42	11,683
5	83	45	0,763
5	83	58	2,073
5	83	64	0,759
5	83	68	31,797
5	83	76	16,099
5	83	85	6,167
5	83	97	1,251
5	83	99	3,636
5	85	5	11,688
5	85	15	1,279
5	85	18	3,655
5	85	19	18,697
5	85	22	4,86
5	85	26	21,907
5	85	33	2,144
5	85	38	0,968
5	85	41	7,804
5	85	42	3,767
5	85	45	48,576
5	85	58	5,219
5	85	64	7,387
5	85	68	2,779
5	85	76	24,682
5	85	83	13,29
5	85	97	10,2
5	85	99	7,956
5	97	5	4,782
5	97	15	1,341
5	97	18	0,9
5	97	19	1,027
5	97	22	11,281
5	97	26	8,109
5	97	33	16,359
5	97	38	0,697
5	97	41	5,707
5	97	42	3,636
5	97	45	6,236
5	97	58	3,552
5	97	64	3,516
5	97	68	1,308
5	97	76	1,07
5	97	83	1,03
5	97	85	4,164
5	97	99	1,97
5	99	5	7,92
5	99	15	16,675
5	99	18	5,076
5	99	19	10,783
5	99	22	1,522
5	99	26	5,134
5	99	33	7,018
5	99	38	5,569
5	99	41	9,582
5	99	42	1,319
5	99	45	2,349
5	99	58	12,12
5	99	64	61,15
5	99	68	22,499
5	99	76	33,138
5	99	83	1,828
5	99	85	5,894
5	99	97	4,727
6	6	17	4,477
6	6	22	6,108
6	6	27	6,399
6	6	32	2,884
6	6	34	13,976
6	6	37	1,318
6	6	44	1,46
6	6	49	2,034
6	6	51	1,433
6	6	52	7,622
6	6	58	2,515
6	6	62	12,211
6	6	70	4,804
6	6	73	6,042
6	6	76	3,461
6	6	90	4,303
6	6	91	0,976
6	6	93	12,13
6	6	97	14,917
6	17	6	3,437
6	17	22	2,125
6	17	27	7,922
6	17	32	1,224
6	17	34	15,534
6	17	37	3,757
6	17	44	3,864
6	17	49	2,597
6	17	51	1,217
6	17	52	7,779
6	17	58	5,541
6	17	62	1,588
6	17	70	2,991
6	17	73	4,635
6	17	76	3,25
6	17	90	12,66
6	17	91	0,75
6	17	93	8,717
6	17	97	11,767
6	22	6	5,371
6	22	17	1,458
6	22	27	11,201
6	22	32	0,66
6	22	34	4,186
6	22	37	2,647
6	22	44	0,676
6	22	49	4,225
6	22	51	3,419
6	22	52	2,386
6	22	58	7,418
6	22	62	3,759
6	22	70	0,98
6	22	73	3,259
6	22	76	1,852
6	22	90	7,047
6	22	91	5,269
6	22	93	5,971
6	22	97	1,531
6	27	6	0,856
6	27	17	11,72
6	27	22	3,843
6	27	32	1,469
6	27	34	24,655
6	27	37	4,881
6	27	44	8,195
6	27	49	18,109
6	27	51	4,78
6	27	52	3,633
6	27	58	23,914
6	27	62	22,47
6	27	70	16,829
6	27	73	3,022
6	27	76	0,981
6	27	90	0,659
6	27	91	3,184
6	27	93	3,782
6	27	97	4,742
6	32	6	2,629
6	32	17	3,965
6	32	22	17,547
6	32	27	12,508
6	32	34	5,18
6	32	37	1,365
6	32	44	2,812
6	32	49	3,281
6	32	51	5,154
6	32	52	12,145
6	32	58	2,359
6	32	62	1,057
6	32	70	6,387
6	32	73	1,601
6	32	76	1,014
6	32	90	9,687
6	32	91	17,295
6	32	93	4,046
6	32	97	0,843
6	34	6	41,776
6	34	17	8,604
6	34	22	5,822
6	34	27	0,998
6	34	32	9,928
6	34	37	2,092
6	34	44	2,508
6	34	49	5,862
6	34	51	1,647
6	34	52	13,203
6	34	58	7,446
6	34	62	41,25
6	34	70	6,412
6	34	73	6,392
6	34	76	1,546
6	34	90	2,806
6	34	91	5,371
6	34	93	1,304
6	34	97	4,038
6	37	6	6,63
6	37	17	11,258
6	37	22	0,635
6	37	27	6,152
6	37	32	4,938
6	37	34	11,8
6	37	44	12,294
6	37	49	5,346
6	37	51	15,709
6	37	52	9,534
6	37	58	4,753
6	37	62	2,286
6	37	70	9,917
6	37	73	12,33
6	37	76	1,442
6	37	90	1,525
6	37	91	11,035
6	37	93	3,181
6	37	97	7,448
6	44	6	0,959
6	44	17	2,759
6	44	22	1,414
6	44	27	11,161
6	44	32	3,607
6	44	34	2,928
6	44	37	0,681
6	44	49	2,318
6	44	51	5,207
6	44	52	13,752
6	44	58	12,781
6	44	62	1,164
6	44	70	1,601
6	44	73	2,453
6	44	76	9,714
6	44	90	0,694
6	44	91	10,501
6	44	93	10,076
6	44	97	3,661
6	49	6	8,437
6	49	17	5,206
6	49	22	0,904
6	49	27	20,418
6	49	32	2,656
6	49	34	2,084
6	49	37	4,512
6	49	44	10,652
6	49	51	1,456
6	49	52	14,576
6	49	58	1,151
6	49	62	12,604
6	49	70	8,725
6	49	73	13,666
6	49	76	2
6	49	90	3,751
6	49	91	2,092
6	49	93	0,547
6	49	97	12,347
6	51	6	3,727
6	51	17	2,961
6	51	22	12,248
6	51	27	0,788
6	51	32	2,102
6	51	34	0,775
6	51	37	7,709
6	51	44	12,836
6	51	49	1,176
6	51	52	2,012
6	51	58	4,19
6	51	62	0,792
6	51	70	12,141
6	51	73	4,038
6	51	76	13,339
6	51	90	5,985
6	51	91	3,386
6	51	93	1,175
6	51	97	6,558
6	52	6	1,119
6	52	17	4,025
6	52	22	3,304
6	52	27	3,653
6	52	32	3,642
6	52	34	6,328
6	52	37	1,809
6	52	44	4,678
6	52	49	1,268
6	52	51	1,206
6	52	58	1,888
6	52	62	15,091
6	52	70	9,215
6	52	73	9,312
6	52	76	1,268
6	52	90	1,189
6	52	91	8,721
6	52	93	6,752
6	52	97	5,209
6	58	6	0,562
6	58	17	0,65
6	58	22	8,215
6	58	27	1,032
6	58	32	22,146
6	58	34	4,516
6	58	37	3,35
6	58	44	5,59
6	58	49	9,982
6	58	51	5,318
6	58	52	2,626
6	58	62	7,397
6	58	70	5,125
6	58	73	0,975
6	58	76	0,947
6	58	90	5,09
6	58	91	2,022
6	58	93	0,605
6	58	97	12,808
6	62	6	19,034
6	62	17	1,818
6	62	22	1,144
6	62	27	4,186
6	62	32	8,973
6	62	34	4,956
6	62	37	2,326
6	62	44	1,57
6	62	49	0,837
6	62	51	12,774
6	62	52	5,537
6	62	58	1,575
6	62	70	21,382
6	62	73	11,02
6	62	76	2,807
6	62	90	0,873
6	62	91	13,841
6	62	93	4,102
6	62	97	18,594
6	70	6	1,766
6	70	17	19,031
6	70	22	4,246
6	70	27	18,759
6	70	32	11,39
6	70	34	5,455
6	70	37	7,085
6	70	44	7,017
6	70	49	4,048
6	70	51	3,849
6	70	52	9,211
6	70	58	5,014
6	70	62	1,656
6	70	73	22,705
6	70	76	1,126
6	70	90	8,809
6	70	91	3,972
6	70	93	4,06
6	70	97	6,41
6	73	6	29
6	73	17	6,542
6	73	22	41,595
6	73	27	1,42
6	73	32	24,637
6	73	34	2,944
6	73	37	2,097
6	73	44	4,126
6	73	49	10,308
6	73	51	8,707
6	73	52	10,954
6	73	58	0,977
6	73	62	23,775
6	73	70	5,026
6	73	76	2,99
6	73	90	12,084
6	73	91	6,038
6	73	93	4,148
6	73	97	21,628
6	76	6	2,29
6	76	17	5,378
6	76	22	1,279
6	76	27	1,33
6	76	32	2,408
6	76	34	8,734
6	76	37	6,623
6	76	44	9,825
6	76	49	8,27
6	76	51	0,74
6	76	52	15,227
6	76	58	20,472
6	76	62	1,321
6	76	70	13,286
6	76	73	30,25
6	76	90	4,65
6	76	91	2,954
6	76	93	6,417
6	76	97	5,95
6	90	6	2,032
6	90	17	2,366
6	90	22	31,567
6	90	27	5,437
6	90	32	4,955
6	90	34	2,668
6	90	37	1,458
6	90	44	2,287
6	90	49	33,216
6	90	51	0,999
6	90	52	4,817
6	90	58	2,847
6	90	62	4,47
6	90	70	1,85
6	90	73	9,319
6	90	76	14,241
6	90	91	10,746
6	90	93	2,848
6	90	97	16,933
6	91	6	7,838
6	91	17	1,868
6	91	22	1,751
6	91	27	14,978
6	91	32	1,609
6	91	34	12,981
6	91	37	16,541
6	91	44	5,999
6	91	49	5,696
6	91	51	4,371
6	91	52	21,23
6	91	58	5,402
6	91	62	3,706
6	91	70	3,445
6	91	73	2,903
6	91	76	4,726
6	91	90	10,355
6	91	93	11,822
6	91	97	4,877
6	93	6	1,481
6	93	17	0,52
6	93	22	8,716
6	93	27	8,001
6	93	32	10,756
6	93	34	3,87
6	93	37	33,978
6	93	44	7,056
6	93	49	4,076
6	93	51	5,106
6	93	52	4,055
6	93	58	1,372
6	93	62	3,742
6	93	70	1,112
6	93	73	10,238
6	93	76	1,879
6	93	90	2,463
6	93	91	7,446
6	93	97	3,097
6	97	6	2,293
6	97	17	2,077
6	97	22	26,989
6	97	27	9,538
6	97	32	5,317
6	97	34	3,366
6	97	37	0,912
6	97	44	3,091
6	97	49	1,338
6	97	51	6,133
6	97	52	2,133
6	97	58	4,001
6	97	62	2,82
6	97	70	5,495
6	97	73	6,754
6	97	76	9,169
6	97	90	1,461
6	97	91	3,261
6	97	93	31,173
7	14	16	3,525
7	14	22	12,804
7	14	24	0,715
7	14	25	3,027
7	14	26	2,396
7	14	30	2,452
7	14	33	11,275
7	14	39	0,989
7	14	45	32,294
7	14	56	4,721
7	14	58	17,988
7	14	65	0,542
7	14	72	7,69
7	14	76	2,262
7	14	82	1,084
7	14	88	9,081
7	14	92	2,561
7	14	93	2,736
7	14	98	4,041
7	14	99	1,063
7	16	14	5,298
7	16	22	1,411
7	16	24	4,023
7	16	25	1,495
7	16	26	13,1
7	16	30	1,966
7	16	33	0,636
7	16	39	2,072
7	16	45	4,854
7	16	56	2,808
7	16	58	9,18
7	16	65	3,643
7	16	72	2,308
7	16	76	7,035
7	16	82	5,666
7	16	88	5,055
7	16	92	0,728
7	16	93	7,967
7	16	98	3,004
7	16	99	4,781
7	22	14	3,294
7	22	16	5,181
7	22	24	5,749
7	22	25	9,757
7	22	26	7,388
7	22	30	4,767
7	22	33	11,933
7	22	39	6,27
7	22	45	3,013
7	22	56	2,039
7	22	58	29,385
7	22	65	1,915
7	22	72	5,217
7	22	76	1,781
7	22	82	20,359
7	22	88	4,673
7	22	92	2,595
7	22	93	0,873
7	22	98	2,911
7	22	99	11,419
7	24	14	7,122
7	24	16	1,57
7	24	22	3,99
7	24	25	17,896
7	24	26	4,05
7	24	30	8,747
7	24	33	1,867
7	24	39	0,846
7	24	45	1,782
7	24	56	3,306
7	24	58	2,462
7	24	65	6,983
7	24	72	15,347
7	24	76	2,383
7	24	82	5,116
7	24	88	2,357
7	24	92	12,617
7	24	93	2,442
7	24	98	1,095
7	24	99	3,271
7	25	14	4,476
7	25	16	3,604
7	25	22	2,953
7	25	24	11,584
7	25	26	1,945
7	25	30	1,17
7	25	33	0,834
7	25	39	3,913
7	25	45	2,991
7	25	56	2,069
7	25	58	6,405
7	25	65	11,663
7	25	72	9,507
7	25	76	9,742
7	25	82	2,016
7	25	88	0,54
7	25	92	2,435
7	25	93	6,344
7	25	98	3,811
7	25	99	1,793
7	26	14	5,967
7	26	16	2,566
7	26	22	1,636
7	26	24	11,629
7	26	25	0,599
7	26	30	5,172
7	26	33	10,435
7	26	39	26,68
7	26	45	20,613
7	26	56	0,995
7	26	58	0,905
7	26	65	4,648
7	26	72	19,207
7	26	76	2,901
7	26	82	0,7
7	26	88	2,823
7	26	92	3,182
7	26	93	3,106
7	26	98	0,858
7	26	99	25,129
7	30	14	0,537
7	30	16	7,896
7	30	22	5,056
7	30	24	2,658
7	30	25	9,78
7	30	26	4,893
7	30	33	7,699
7	30	39	23,377
7	30	45	38,442
7	30	56	6,651
7	30	58	2,232
7	30	65	1,35
7	30	72	1,379
7	30	76	1,142
7	30	82	0,579
7	30	88	0,855
7	30	92	2,367
7	30	93	4,365
7	30	98	3,069
7	30	99	4,924
7	33	14	6,344
7	33	16	4,218
7	33	22	3,414
7	33	24	11,668
7	33	25	1,993
7	33	26	1,263
7	33	30	5,257
7	33	39	13,291
7	33	45	3,909
7	33	56	5,531
7	33	58	3,204
7	33	65	13,986
7	33	72	3,78
7	33	76	14,163
7	33	82	1,695
7	33	88	1,331
7	33	92	6,592
7	33	93	5,224
7	33	98	0,876
7	33	99	6,327
7	39	14	1,42
7	39	16	2,936
7	39	22	7,738
7	39	24	1,33
7	39	25	0,801
7	39	26	0,504
7	39	30	1,616
7	39	33	0,773
7	39	45	5,076
7	39	56	0,894
7	39	58	2,184
7	39	65	4,152
7	39	72	7,685
7	39	76	1,673
7	39	82	1,598
7	39	88	3,092
7	39	92	0,621
7	39	93	3,244
7	39	98	2,95
7	39	99	1,879
7	45	14	7,05
7	45	16	7,925
7	45	22	4,373
7	45	24	0,627
7	45	25	1,502
7	45	26	2,138
7	45	30	4,985
7	45	33	7,808
7	45	39	18,793
7	45	56	3,672
7	45	58	0,562
7	45	65	2,832
7	45	72	6,908
7	45	76	7,101
7	45	82	5,617
7	45	88	5,032
7	45	92	2,583
7	45	93	14,651
7	45	98	2,745
7	45	99	1,925
7	56	14	14,442
7	56	16	1,573
7	56	22	9,712
7	56	24	2,294
7	56	25	13,5
7	56	26	0,602
7	56	30	2,394
7	56	33	1,904
7	56	39	0,547
7	56	45	3,958
7	56	58	8,439
7	56	65	0,857
7	56	72	1,021
7	56	76	1,711
7	56	82	1,421
7	56	88	8,59
7	56	92	3,199
7	56	93	14,499
7	56	98	5,767
7	56	99	1,733
7	58	14	13,355
7	58	16	7,392
7	58	22	0,875
7	58	24	4,668
7	58	25	5,617
7	58	26	14,695
7	58	30	12,971
7	58	33	4,714
7	58	39	3,958
7	58	45	3,685
7	58	56	6,501
7	58	65	10,076
7	58	72	4,919
7	58	76	2,822
7	58	82	4,702
7	58	88	2,298
7	58	92	4,575
7	58	93	3,884
7	58	98	8,193
7	58	99	0,581
7	65	14	15,221
7	65	16	1,21
7	65	22	15,297
7	65	24	7,994
7	65	25	6,034
7	65	26	0,565
7	65	30	3,046
7	65	33	1,466
7	65	39	16,084
7	65	45	8,441
7	65	56	3,99
7	65	58	2,902
7	65	72	7,874
7	65	76	1,006
7	65	82	3,597
7	65	88	7,805
7	65	92	0,96
7	65	93	3,753
7	65	98	3,614
7	65	99	1,449
7	72	14	7,103
7	72	16	4,442
7	72	22	8,219
7	72	24	10,598
7	72	25	4,116
7	72	26	1,092
7	72	30	0,609
7	72	33	10,077
7	72	39	20,611
7	72	45	3,544
7	72	56	0,775
7	72	58	0,863
7	72	65	7,768
7	72	76	3,555
7	72	82	3,301
7	72	88	13,778
7	72	92	3,949
7	72	93	22,516
7	72	98	13,443
7	72	99	1,117
7	76	14	13,781
7	76	16	8,361
7	76	22	3,314
7	76	24	6,937
7	76	25	2,932
7	76	26	3,154
7	76	30	1,882
7	76	33	2,894
7	76	39	9,415
7	76	45	3,033
7	76	56	2,789
7	76	58	2,195
7	76	65	2,054
7	76	72	6,288
7	76	82	3,267
7	76	88	6,157
7	76	92	1,474
7	76	93	2,539
7	76	98	8,703
7	76	99	7,673
7	82	14	6,169
7	82	16	11,672
7	82	22	3,656
7	82	24	0,703
7	82	25	29,049
7	82	26	11,232
7	82	30	14,143
7	82	33	5,728
7	82	39	1,359
7	82	45	0,73
7	82	56	23,864
7	82	58	2,601
7	82	65	2,405
7	82	72	34,207
7	82	76	6,368
7	82	88	3,535
7	82	92	6,918
7	82	93	9,62
7	82	98	8,885
7	82	99	1,828
7	88	14	10,012
7	88	16	7,28
7	88	22	2,821
7	88	24	9,798
7	88	25	12,71
7	88	26	4,127
7	88	30	8,01
7	88	33	1,281
7	88	39	3,157
7	88	45	1,513
7	88	56	8,229
7	88	58	12,209
7	88	65	2,876
7	88	72	10,326
7	88	76	14,161
7	88	82	4,447
7	88	92	12,649
7	88	93	8,74
7	88	98	2,445
7	88	99	10,908
7	92	14	14,594
7	92	16	13,49
7	92	22	1,991
7	92	24	2,281
7	92	25	1,237
7	92	26	2,047
7	92	30	6,045
7	92	33	9,357
7	92	39	2,255
7	92	45	2,14
7	92	56	2,686
7	92	58	5,466
7	92	65	4,654
7	92	72	10,035
7	92	76	3,216
7	92	82	2,699
7	92	88	11,472
7	92	93	11,462
7	92	98	3,316
7	92	99	0,587
7	93	14	4,851
7	93	16	4,301
7	93	22	7,794
7	93	24	7,825
7	93	25	8,241
7	93	26	5,008
7	93	30	3,692
7	93	33	10,633
7	93	39	16,113
7	93	45	0,944
7	93	56	19,903
7	93	58	1,257
7	93	65	10,622
7	93	72	2,063
7	93	76	6,18
7	93	82	1,14
7	93	88	3,485
7	93	92	26,977
7	93	98	6,791
7	93	99	1,547
7	98	14	3,399
7	98	16	3,973
7	98	22	8,42
7	98	24	1,974
7	98	25	1,687
7	98	26	2,521
7	98	30	1,495
7	98	33	6,398
7	98	39	1,395
7	98	45	16,081
7	98	56	1,454
7	98	58	8,608
7	98	65	1,237
7	98	72	3,718
7	98	76	2,631
7	98	82	0,831
7	98	88	10,136
7	98	92	7,291
7	98	93	5,693
7	98	99	0,94
7	99	14	2,653
7	99	16	3,366
7	99	22	1,965
7	99	24	12,155
7	99	25	0,577
7	99	26	13,97
7	99	30	17,28
7	99	33	19,421
7	99	39	6,583
7	99	45	0,61
7	99	56	0,63
7	99	58	1,774
7	99	65	0,773
7	99	72	5,808
7	99	76	1,771
7	99	82	12,57
7	99	88	5,508
7	99	92	10,74
7	99	93	7,478
7	99	98	19,73
8	4	7	6,79
8	4	10	8,866
8	4	11	13,626
8	4	12	1,293
8	4	16	0,609
8	4	33	13,239
8	4	41	21,865
8	4	53	2,65
8	4	54	4,365
8	4	61	4,036
8	4	65	0,958
8	4	67	2,442
8	4	75	6,305
8	4	77	3,352
8	4	80	1,709
8	4	81	5,511
8	4	85	2,664
8	4	89	4,912
8	4	92	7,299
8	4	100	4,781
8	7	4	1,085
8	7	10	1,567
8	7	11	1,919
8	7	12	1,761
8	7	16	1,965
8	7	33	18,954
8	7	41	8,631
8	7	53	2,853
8	7	54	6,071
8	7	61	1,518
8	7	65	6,499
8	7	67	5,319
8	7	75	10,134
8	7	77	40,953
8	7	80	2,524
8	7	81	1,496
8	7	85	3,749
8	7	89	14,049
8	7	92	4,042
8	7	100	6,801
8	10	4	4,427
8	10	7	1,214
8	10	11	4,996
8	10	12	6,852
8	10	16	1,931
8	10	33	3,928
8	10	41	1,843
8	10	53	2,705
8	10	54	2,065
8	10	61	0,531
8	10	65	4,879
8	10	67	3,465
8	10	75	9,499
8	10	77	2,216
8	10	80	0,84
8	10	81	4,8
8	10	85	1,624
8	10	89	6,552
8	10	92	6,398
8	10	100	22,753
8	11	4	9,165
8	11	7	1,316
8	11	10	9,025
8	11	12	13,742
8	11	16	1,374
8	11	33	55,957
8	11	41	4,141
8	11	53	5,013
8	11	54	2,097
8	11	61	3,869
8	11	65	5,611
8	11	67	2,533
8	11	75	38,706
8	11	77	6,366
8	11	80	7,664
8	11	81	7,001
8	11	85	7,243
8	11	89	0,543
8	11	92	7,196
8	11	100	1,932
8	12	4	19,596
8	12	7	1,172
8	12	10	1,071
8	12	11	6,513
8	12	16	4,503
8	12	33	7,821
8	12	41	13,017
8	12	53	2,716
8	12	54	2,475
8	12	61	9,434
8	12	65	7,106
8	12	67	2,933
8	12	75	13,313
8	12	77	1,184
8	12	80	13,312
8	12	81	28,763
8	12	85	13,745
8	12	89	9,001
8	12	92	2,312
8	12	100	0,67
8	16	4	6,783
8	16	7	6,165
8	16	10	6,162
8	16	11	0,743
8	16	12	8,136
8	16	33	5,926
8	16	41	12,08
8	16	53	8,897
8	16	54	11,22
8	16	61	5,943
8	16	65	5,688
8	16	67	3,495
8	16	75	57,86
8	16	77	6,259
8	16	80	4,077
8	16	81	0,975
8	16	85	25,931
8	16	89	9,15
8	16	92	1,073
8	16	100	1,435
8	33	4	0,686
8	33	7	6,921
8	33	10	0,555
8	33	11	8,769
8	33	12	1,978
8	33	16	5,139
8	33	41	1,641
8	33	53	6,692
8	33	54	16,476
8	33	61	8,087
8	33	65	4,488
8	33	67	23,382
8	33	75	4,953
8	33	77	7,496
8	33	80	0,578
8	33	81	1,12
8	33	85	1,449
8	33	89	31,622
8	33	92	5,127
8	33	100	13,043
8	41	4	2,787
8	41	7	6,054
8	41	10	2,998
8	41	11	2,435
8	41	12	11,803
8	41	16	3,468
8	41	33	14,315
8	41	53	1,771
8	41	54	7,471
8	41	61	7,183
8	41	65	5,53
8	41	67	0,96
8	41	75	3,745
8	41	77	9,881
8	41	80	0,614
8	41	81	12,436
8	41	85	13,012
8	41	89	1,595
8	41	92	4,917
8	41	100	3,6
8	53	4	10,79
8	53	7	4,22
8	53	10	0,521
8	53	11	2,514
8	53	12	7,048
8	53	16	1,867
8	53	33	4,188
8	53	41	1,093
8	53	54	3,877
8	53	61	4,035
8	53	65	2,625
8	53	67	19,148
8	53	75	4,134
8	53	77	4,082
8	53	80	3,736
8	53	81	2,5
8	53	85	3,714
8	53	89	0,822
8	53	92	17,047
8	53	100	10,372
8	54	4	0,757
8	54	7	5,814
8	54	10	4,438
8	54	11	2,087
8	54	12	17,036
8	54	16	4,462
8	54	33	5,241
8	54	41	1,077
8	54	53	9,684
8	54	61	1,591
8	54	65	2,258
8	54	67	0,976
8	54	75	10,616
8	54	77	2,005
8	54	80	17,381
8	54	81	41,701
8	54	85	44,768
8	54	89	22,018
8	54	92	3,211
8	54	100	5,701
8	61	4	3,474
8	61	7	17,494
8	61	10	7,959
8	61	11	0,971
8	61	12	1,434
8	61	16	0,839
8	61	33	1,905
8	61	41	3,392
8	61	53	1,57
8	61	54	0,892
8	61	65	17,248
8	61	67	19,942
8	61	75	2,158
8	61	77	8,289
8	61	80	3,878
8	61	81	3,558
8	61	85	9,05
8	61	89	15,23
8	61	92	4,516
8	61	100	7,718
8	65	4	4,119
8	65	7	0,851
8	65	10	1,62
8	65	11	10,39
8	65	12	3,038
8	65	16	13,114
8	65	33	28,776
8	65	41	3,078
8	65	53	6,315
8	65	54	16,208
8	65	61	10,949
8	65	67	5,087
8	65	75	10,249
8	65	77	9,353
8	65	80	5,291
8	65	81	0,951
8	65	85	3,787
8	65	89	3,892
8	65	92	22,959
8	65	100	4,194
8	67	4	6,483
8	67	7	3,431
8	67	10	1,488
8	67	11	8,615
8	67	12	4,309
8	67	16	0,715
8	67	33	27,321
8	67	41	3,477
8	67	53	6,621
8	67	54	13,532
8	67	61	6,62
8	67	65	17,71
8	67	75	2,296
8	67	77	9,111
8	67	80	1,701
8	67	81	3,496
8	67	85	8,924
8	67	89	5,727
8	67	92	13,385
8	67	100	19,202
8	75	4	5,187
8	75	7	12,05
8	75	10	7,126
8	75	11	2,431
8	75	12	3,3
8	75	16	0,752
8	75	33	3,05
8	75	41	1,437
8	75	53	2,388
8	75	54	10,298
8	75	61	3,584
8	75	65	15,188
8	75	67	1,045
8	75	77	4,263
8	75	80	11,807
8	75	81	2,461
8	75	85	0,511
8	75	89	2,395
8	75	92	5,696
8	75	100	20,853
8	77	4	2,382
8	77	7	8,747
8	77	10	5,983
8	77	11	0,559
8	77	12	17,951
8	77	16	2,457
8	77	33	6,518
8	77	41	1,527
8	77	53	8,876
8	77	54	21,357
8	77	61	2,63
8	77	65	1,331
8	77	67	24,044
8	77	75	0,587
8	77	80	2,646
8	77	81	5,461
8	77	85	10,368
8	77	89	2,263
8	77	92	11,111
8	77	100	1,733
8	80	4	6,302
8	80	7	19,032
8	80	10	4,523
8	80	11	4,792
8	80	12	1,077
8	80	16	1,859
8	80	33	16,044
8	80	41	1,29
8	80	53	6,165
8	80	54	20,448
8	80	61	3,169
8	80	65	10,443
8	80	67	10,772
8	80	75	2,404
8	80	77	1,023
8	80	81	1,319
8	80	85	10,623
8	80	89	3,203
8	80	92	4,02
8	80	100	0,848
8	81	4	2,529
8	81	7	38,295
8	81	10	19,486
8	81	11	4,311
8	81	12	1,766
8	81	16	0,592
8	81	33	0,649
8	81	41	2,475
8	81	53	4,758
8	81	54	5,806
8	81	61	14,359
8	81	65	4,745
8	81	67	1,547
8	81	75	8,695
8	81	77	4,697
8	81	80	3,316
8	81	85	1,153
8	81	89	3,862
8	81	92	16,242
8	81	100	10,459
8	85	4	3,169
8	85	7	1,04
8	85	10	4,387
8	85	11	8,605
8	85	12	21,355
8	85	16	3,647
8	85	33	1,035
8	85	41	13,364
8	85	53	11,901
8	85	54	10,942
8	85	61	2,063
8	85	65	2,917
8	85	67	69,635
8	85	75	4,788
8	85	77	25,702
8	85	80	10,177
8	85	81	2,965
8	85	89	1,994
8	85	92	1,273
8	85	100	0,91
8	89	4	7,106
8	89	7	7,22
8	89	10	7,941
8	89	11	11,022
8	89	12	2,399
8	89	16	1,355
8	89	33	26,956
8	89	41	5,091
8	89	53	0,755
8	89	54	7,188
8	89	61	19,642
8	89	65	3,379
8	89	67	12,036
8	89	75	16,895
8	89	77	1,629
8	89	80	19,146
8	89	81	2,748
8	89	85	10,591
8	89	92	1,389
8	89	100	2,581
8	92	4	2,115
8	92	7	4,983
8	92	10	1,416
8	92	11	8,45
8	92	12	1,943
8	92	16	3,705
8	92	33	1,384
8	92	41	8,252
8	92	53	21,805
8	92	54	0,572
8	92	61	1,586
8	92	65	4,233
8	92	67	3,581
8	92	75	1,475
8	92	77	4,202
8	92	80	3,17
8	92	81	8,037
8	92	85	1,403
8	92	89	2,837
8	92	100	4,274
8	100	4	21,724
8	100	7	0,842
8	100	10	19,352
8	100	11	12,037
8	100	12	3,277
8	100	16	16,097
8	100	33	4,068
8	100	41	7,454
8	100	53	2,959
8	100	54	1,485
8	100	61	1,269
8	100	65	5,149
8	100	67	2,539
8	100	75	2,866
8	100	77	4,364
8	100	80	3,607
8	100	81	4,853
8	100	85	0,805
8	100	89	3,994
8	100	92	21,158
9	8	11	2,312
9	8	16	3,684
9	8	18	8,814
9	8	19	0,936
9	8	30	1,051
9	8	41	7,995
9	8	44	6,29
9	8	46	3,467
9	8	49	2,468
9	8	53	1,523
9	8	55	4,417
9	8	60	1,539
9	8	66	5,672
9	8	70	5,202
9	8	71	2,019
9	8	73	2,088
9	8	82	7,144
9	8	86	8,058
9	8	87	3,958
9	8	94	9,662
9	8	96	10,174
9	11	8	2,055
9	11	16	15,978
9	11	18	4,426
9	11	19	0,721
9	11	30	0,537
9	11	41	10,955
9	11	44	0,834
9	11	46	2,504
9	11	49	11,809
9	11	53	7,432
9	11	55	1,578
9	11	60	1,519
9	11	66	0,571
9	11	70	8,405
9	11	71	5,422
9	11	73	7,702
9	11	82	2,069
9	11	86	2,075
9	11	87	11,168
9	11	94	2,112
9	11	96	25,799
9	16	8	3,149
9	16	11	4,693
9	16	18	4,785
9	16	19	2,734
9	16	30	2,144
9	16	41	2,727
9	16	44	8,293
9	16	46	14,621
9	16	49	7,733
9	16	53	2,577
9	16	55	3,444
9	16	60	2,019
9	16	66	6,329
9	16	70	4,633
9	16	71	11,976
9	16	73	8,144
9	16	82	0,972
9	16	86	2,593
9	16	87	11,289
9	16	94	4,373
9	16	96	3,607
9	18	8	17,053
9	18	11	9,806
9	18	16	11,448
9	18	19	1,71
9	18	30	1,396
9	18	41	1,599
9	18	44	10,857
9	18	46	0,754
9	18	49	1,348
9	18	53	3,53
9	18	55	16,67
9	18	60	0,838
9	18	66	6,618
9	18	70	1,86
9	18	71	7,59
9	18	73	21,82
9	18	82	11,228
9	18	86	13,676
9	18	87	14,542
9	18	94	6,186
9	18	96	0,526
9	19	8	10,714
9	19	11	0,568
9	19	16	1,133
9	19	18	11,118
9	19	30	0,911
9	19	41	3,003
9	19	44	13,454
9	19	46	12,125
9	19	49	11,623
9	19	53	4,153
9	19	55	5,27
9	19	60	11,012
9	19	66	12,807
9	19	70	7,056
9	19	71	17,841
9	19	73	3,524
9	19	82	1,217
9	19	86	3,908
9	19	87	1,215
9	19	94	7,169
9	19	96	1,602
9	30	8	3,488
9	30	11	1,399
9	30	16	7,95
9	30	18	3,997
9	30	19	2,361
9	30	41	2,685
9	30	44	36,15
9	30	46	1,132
9	30	49	4,411
9	30	53	0,86
9	30	55	0,865
9	30	60	0,599
9	30	66	1,537
9	30	70	1,566
9	30	71	4,709
9	30	73	2,823
9	30	82	43,3
9	30	86	1,956
9	30	87	4,397
9	30	94	4,21
9	30	96	2,035
9	41	8	7,734
9	41	11	2,243
9	41	16	2,966
9	41	18	0,537
9	41	19	9,168
9	41	30	3,36
9	41	44	6,284
9	41	46	4,319
9	41	49	2,9
9	41	53	0,837
9	41	55	7,544
9	41	60	2,035
9	41	66	10,827
9	41	70	16,839
9	41	71	11,582
9	41	73	3,329
9	41	82	12,56
9	41	86	2,815
9	41	87	4,144
9	41	94	1,429
9	41	96	8,037
9	44	8	9,528
9	44	11	5,675
9	44	16	1,867
9	44	18	10,347
9	44	19	26,895
9	44	30	3,104
9	44	41	30,434
9	44	46	5,331
9	44	49	4,07
9	44	53	3,024
9	44	55	17,143
9	44	60	3,2
9	44	66	1,736
9	44	70	0,546
9	44	71	15,371
9	44	73	0,731
9	44	82	0,509
9	44	86	18,504
9	44	87	7,729
9	44	94	14,646
9	44	96	30,718
9	46	8	1,638
9	46	11	1,996
9	46	16	3,15
9	46	18	5,792
9	46	19	3,241
9	46	30	4,454
9	46	41	10,905
9	46	44	1,443
9	46	49	7,745
9	46	53	12,921
9	46	55	1,705
9	46	60	2,009
9	46	66	4,485
9	46	70	0,756
9	46	71	1,961
9	46	73	2,74
9	46	82	1,838
9	46	86	3,405
9	46	87	4,822
9	46	94	13,604
9	46	96	7,322
9	49	8	0,996
9	49	11	6,739
9	49	16	1,197
9	49	18	4,726
9	49	19	1,585
9	49	30	1,513
9	49	41	4,697
9	49	44	12,892
9	49	46	11,222
9	49	53	2,519
9	49	55	2,349
9	49	60	5,363
9	49	66	2,447
9	49	70	9,037
9	49	71	2,251
9	49	73	0,885
9	49	82	10,1
9	49	86	3,338
9	49	87	4,724
9	49	94	15,541
9	49	96	2,837
9	53	8	3,211
9	53	11	1,387
9	53	16	6,695
9	53	18	3,3
9	53	19	0,606
9	53	30	2,734
9	53	41	1,01
9	53	44	4,812
9	53	46	1,531
9	53	49	31,455
9	53	55	5,947
9	53	60	13,092
9	53	66	6,915
9	53	70	2,356
9	53	71	4,418
9	53	73	3,653
9	53	82	3,074
9	53	86	3,55
9	53	87	0,672
9	53	94	22,73
9	53	96	4,168
9	55	8	11,466
9	55	11	13,618
9	55	16	7,973
9	55	18	5,365
9	55	19	12,29
9	55	30	2,436
9	55	41	7,759
9	55	44	4,521
9	55	46	0,832
9	55	49	3,522
9	55	53	34,797
9	55	60	1,04
9	55	66	5,534
9	55	70	11,462
9	55	71	3,784
9	55	73	4,626
9	55	82	1,425
9	55	86	4,093
9	55	87	0,855
9	55	94	28,773
9	55	96	1,48
9	60	8	18,33
9	60	11	7,819
9	60	16	1,915
9	60	18	6,818
9	60	19	4,369
9	60	30	6,089
9	60	41	9,5
9	60	44	3,664
9	60	46	1,981
9	60	49	2,38
9	60	53	5,63
9	60	55	14,278
9	60	66	4,873
9	60	70	5,491
9	60	71	1,295
9	60	73	23,899
9	60	82	4,146
9	60	86	2,266
9	60	87	5,534
9	60	94	15,292
9	60	96	6,956
9	66	8	1,099
9	66	11	2,449
9	66	16	0,807
9	66	18	14,692
9	66	19	5,649
9	66	30	12,311
9	66	41	12,128
9	66	44	1,19
9	66	46	1,224
9	66	49	8,921
9	66	53	7,155
9	66	55	0,725
9	66	60	2,836
9	66	70	2,778
9	66	71	25,631
9	66	73	6,927
9	66	82	4,946
9	66	86	1,322
9	66	87	0,859
9	66	94	10,578
9	66	96	2,235
9	70	8	5,876
9	70	11	3,37
9	70	16	6,912
9	70	18	21,095
9	70	19	9,723
9	70	30	7,752
9	70	41	17,439
9	70	44	4,008
9	70	46	25,234
9	70	49	4,485
9	70	53	4,547
9	70	55	7,746
9	70	60	3,157
9	70	66	4,901
9	70	71	2,328
9	70	73	4,763
9	70	82	1,833
9	70	86	6,769
9	70	87	19,878
9	70	94	5,274
9	70	96	3,294
9	71	8	4,63
9	71	11	1,006
9	71	16	0,747
9	71	18	15,352
9	71	19	2,015
9	71	30	1,831
9	71	41	1,208
9	71	44	12,095
9	71	46	1,437
9	71	49	0,724
9	71	53	20,207
9	71	55	0,589
9	71	60	22,269
9	71	66	1,375
9	71	70	35,237
9	71	73	1,891
9	71	82	1,31
9	71	86	8,641
9	71	87	21,542
9	71	94	11,106
9	71	96	10,963
9	73	8	6,616
9	73	11	10,341
9	73	16	16,349
9	73	18	5,792
9	73	19	6,284
9	73	30	7,628
9	73	41	9,368
9	73	44	1,107
9	73	46	3,314
9	73	49	1,501
9	73	53	1,247
9	73	55	9,514
9	73	60	5,511
9	73	66	5,324
9	73	70	3,258
9	73	71	22,516
9	73	82	3,181
9	73	86	1,876
9	73	87	12,947
9	73	94	22,429
9	73	96	3,224
9	82	8	4,684
9	82	11	0,755
9	82	16	0,508
9	82	18	4,159
9	82	19	5,87
9	82	30	0,796
9	82	41	0,683
9	82	44	8,106
9	82	46	14,236
9	82	49	8,637
9	82	53	1,669
9	82	55	10,322
9	82	60	9,716
9	82	66	3,403
9	82	70	4,703
9	82	71	1,658
9	82	73	4,463
9	82	86	4,847
9	82	87	3,411
9	82	94	2,744
9	82	96	9,222
9	86	8	4,627
9	86	11	8,801
9	86	16	8,601
9	86	18	8,79
9	86	19	5,371
9	86	30	0,833
9	86	41	1,708
9	86	44	6,24
9	86	46	1,461
9	86	49	7,456
9	86	53	0,626
9	86	55	4,09
9	86	60	3,399
9	86	66	0,739
9	86	70	18,217
9	86	71	1,986
9	86	73	5,215
9	86	82	25,087
9	86	87	1,27
9	86	94	1,972
9	86	96	11,856
9	87	8	2,782
9	87	11	2,373
9	87	16	4,689
9	87	18	7,293
9	87	19	3,975
9	87	30	8,681
9	87	41	10,539
9	87	44	10,305
9	87	46	0,786
9	87	49	5,548
9	87	53	5,36
9	87	55	1,316
9	87	60	4,032
9	87	66	0,804
9	87	70	0,584
9	87	71	8,962
9	87	73	0,618
9	87	82	2,805
9	87	86	3,346
9	87	94	9,038
9	87	96	7,394
9	94	8	9,674
9	94	11	4,76
9	94	16	4,758
9	94	18	7,559
9	94	19	2,242
9	94	30	1,554
9	94	41	3,57
9	94	44	6,762
9	94	46	36,475
9	94	49	3,853
9	94	53	2,026
9	94	55	5,114
9	94	60	13,447
9	94	66	4,199
9	94	70	6,518
9	94	71	7,01
9	94	73	6,628
9	94	82	4,667
9	94	86	1,909
9	94	87	2,515
9	94	96	3,366
9	96	8	5,059
9	96	11	8,542
9	96	16	5,378
9	96	18	63,639
9	96	19	20,124
9	96	30	0,906
9	96	41	3,565
9	96	44	2,807
9	96	46	9,45
9	96	49	6,418
9	96	53	3,449
9	96	55	1,087
9	96	60	10,83
9	96	66	4,248
9	96	70	2,387
9	96	71	3,027
9	96	73	1,495
9	96	82	0,903
9	96	86	0,911
9	96	87	1,853
9	96	94	1,328
10	6	10	1,396
10	6	11	33,467
10	6	14	4,056
10	6	17	13,63
10	6	21	0,618
10	6	31	2,174
10	6	35	4,628
10	6	43	13,132
10	6	51	7,529
10	6	58	10,994
10	6	61	5,412
10	6	66	7,69
10	6	69	20,194
10	6	72	0,978
10	6	77	6,178
10	6	80	4,408
10	6	83	3,498
10	6	88	0,576
10	6	95	1,212
10	6	100	0,761
10	10	6	4,962
10	10	11	1,454
10	10	14	2,217
10	10	17	9,258
10	10	21	7,486
10	10	31	6,25
10	10	35	2,707
10	10	43	1,625
10	10	51	13,281
10	10	58	5,416
10	10	61	2,295
10	10	66	13,656
10	10	69	0,905
10	10	72	3,477
10	10	77	3,068
10	10	80	4,456
10	10	83	0,556
10	10	88	0,552
10	10	95	5,675
10	10	100	2,122
10	11	6	2,806
10	11	10	0,816
10	11	14	9,831
10	11	17	1,365
10	11	21	3,804
10	11	31	6,098
10	11	35	7,402
10	11	43	11,415
10	11	51	13,843
10	11	58	7,729
10	11	61	15,153
10	11	66	2,475
10	11	69	16,806
10	11	72	1,391
10	11	77	5,23
10	11	80	9,433
10	11	83	1,669
10	11	88	0,526
10	11	95	0,847
10	11	100	9,528
10	14	6	6,14
10	14	10	3,583
10	14	11	8,162
10	14	17	7,754
10	14	21	12,546
10	14	31	16,423
10	14	35	1,744
10	14	43	7,741
10	14	51	1,044
10	14	58	2,202
10	14	61	1,62
10	14	66	2,18
10	14	69	11,467
10	14	72	4,013
10	14	77	7,196
10	14	80	2,99
10	14	83	9,636
10	14	88	12,136
10	14	95	3,924
10	14	100	5,667
10	17	6	4,331
10	17	10	8,829
10	17	11	3,841
10	17	14	8,425
10	17	21	1,989
10	17	31	9,371
10	17	35	3,446
10	17	43	4,827
10	17	51	2,519
10	17	58	15,169
10	17	61	3,016
10	17	66	5,963
10	17	69	1,77
10	17	72	1,927
10	17	77	15,592
10	17	80	31,381
10	17	83	1,155
10	17	88	0,927
10	17	95	8,708
10	17	100	5,898
10	21	6	17,036
10	21	10	4,319
10	21	11	1,553
10	21	14	9,409
10	21	17	3,725
10	21	31	0,585
10	21	35	6,401
10	21	43	7,635
10	21	51	1,817
10	21	58	9,373
10	21	61	4,634
10	21	66	4,475
10	21	69	5,142
10	21	72	1,893
10	21	77	1,255
10	21	80	2,866
10	21	83	8,224
10	21	88	1,252
10	21	95	4,063
10	21	100	7,908
10	31	6	18,112
10	31	10	9,18
10	31	11	3,048
10	31	14	14,074
10	31	17	4,037
10	31	21	1,248
10	31	35	4,233
10	31	43	5,013
10	31	51	4,719
10	31	58	5,236
10	31	61	9,737
10	31	66	3,772
10	31	69	3,209
10	31	72	2,994
10	31	77	3,385
10	31	80	0,756
10	31	83	1,261
10	31	88	9,785
10	31	95	8,517
10	31	100	4,073
10	35	6	2,829
10	35	10	8,62
10	35	11	0,837
10	35	14	4,869
10	35	17	2,189
10	35	21	9,639
10	35	31	15,416
10	35	43	3,226
10	35	51	1,711
10	35	58	9,185
10	35	61	4,465
10	35	66	1,45
10	35	69	4,391
10	35	72	8,925
10	35	77	0,988
10	35	80	6,444
10	35	83	1,494
10	35	88	5,456
10	35	95	9,89
10	35	100	1,632
10	43	6	3,613
10	43	10	4,985
10	43	11	5,588
10	43	14	10,729
10	43	17	1,699
10	43	21	6,815
10	43	31	5,192
10	43	35	1,516
10	43	51	4,232
10	43	58	0,902
10	43	61	7,105
10	43	66	8,952
10	43	69	0,933
10	43	72	6,587
10	43	77	1,691
10	43	80	5,408
10	43	83	2,69
10	43	88	21,743
10	43	95	4,498
10	43	100	4,19
10	51	6	5,244
10	51	10	7,304
10	51	11	0,552
10	51	14	5,904
10	51	17	7,657
10	51	21	6,376
10	51	31	9,839
10	51	35	2,053
10	51	43	8,379
10	51	58	5,664
10	51	61	5,048
10	51	66	1,34
10	51	69	10,851
10	51	72	14,247
10	51	77	1,187
10	51	80	8,889
10	51	83	1,566
10	51	88	1,01
10	51	95	19,695
10	51	100	5,306
10	58	6	29,808
10	58	10	2,501
10	58	11	5,733
10	58	14	4,733
10	58	17	5,432
10	58	21	2,075
10	58	31	13,293
10	58	35	7,993
10	58	43	2,235
10	58	51	11,783
10	58	61	4,666
10	58	66	22,818
10	58	69	4,844
10	58	72	19,586
10	58	77	3,618
10	58	80	11,249
10	58	83	3,18
10	58	88	0,547
10	58	95	4,212
10	58	100	2,744
10	61	6	10,11
10	61	10	1,336
10	61	11	16,179
10	61	14	1,246
10	61	17	0,805
10	61	21	33,962
10	61	31	1,988
10	61	35	1,216
10	61	43	5,711
10	61	51	2,822
10	61	58	4,389
10	61	66	3,032
10	61	69	2,733
10	61	72	1,429
10	61	77	4,158
10	61	80	2,294
10	61	83	3,396
10	61	88	12,46
10	61	95	8,28
10	61	100	5,937
10	66	6	4,398
10	66	10	20,799
10	66	11	39,275
10	66	14	3,398
10	66	17	10,673
10	66	21	3,11
10	66	31	15,038
10	66	35	12,57
10	66	43	7,693
10	66	51	5,753
10	66	58	0,809
10	66	61	1,701
10	66	69	0,689
10	66	72	9,518
10	66	77	0,739
10	66	80	2,9
10	66	83	1,359
10	66	88	3,919
10	66	95	5,134
10	66	100	5,733
10	69	6	1,614
10	69	10	1,117
10	69	11	2,935
10	69	14	1,15
10	69	17	5,802
10	69	21	7,897
10	69	31	3,393
10	69	35	2,192
10	69	43	0,838
10	69	51	0,949
10	69	58	11,836
10	69	61	3,639
10	69	66	4,97
10	69	72	5,229
10	69	77	15,009
10	69	80	7,766
10	69	83	17,877
10	69	88	1,252
10	69	95	0,998
10	69	100	20,043
10	72	6	12,01
10	72	10	1,383
10	72	11	21,507
10	72	14	1,523
10	72	17	8,55
10	72	21	1,569
10	72	31	1,527
10	72	35	11,786
10	72	43	1,993
10	72	51	0,62
10	72	58	33,306
10	72	61	1,285
10	72	66	12,301
10	72	69	2,131
10	72	77	1,488
10	72	80	1,817
10	72	83	7,178
10	72	88	1,499
10	72	95	4,265
10	72	100	1,537
10	77	6	5,946
10	77	10	1,253
10	77	11	3,691
10	77	14	2,305
10	77	17	0,822
10	77	21	1,272
10	77	31	5,674
10	77	35	4,132
10	77	43	5,74
10	77	51	5,687
10	77	58	14,462
10	77	61	6,955
10	77	66	18,104
10	77	69	1,911
10	77	72	3,394
10	77	80	0,746
10	77	83	9,804
10	77	88	18,997
10	77	95	1,054
10	77	100	4,897
10	80	6	27,52
10	80	10	3,716
10	80	11	8,677
10	80	14	11,088
10	80	17	1,211
10	80	21	4,303
10	80	31	2,991
10	80	35	4,268
10	80	43	0,741
10	80	51	10,292
10	80	58	5,142
10	80	61	18,668
10	80	66	4,881
10	80	69	2,586
10	80	72	3,683
10	80	77	4,612
10	80	83	5,88
10	80	88	7,659
10	80	95	1,882
10	80	100	1,077
10	83	6	15,545
10	83	10	3,693
10	83	11	2,011
10	83	14	14,814
10	83	17	1,266
10	83	21	1,842
10	83	31	5,285
10	83	35	4,298
10	83	43	22,412
10	83	51	0,67
10	83	58	9,338
10	83	61	12,472
10	83	66	0,621
10	83	69	7,663
10	83	72	8,947
10	83	77	7,844
10	83	80	1,488
10	83	88	9,416
10	83	95	2,24
10	83	100	0,886
10	88	6	21,678
10	88	10	11,383
10	88	11	42,152
10	88	14	6,321
10	88	17	0,73
10	88	21	0,641
10	88	31	0,887
10	88	35	0,804
10	88	43	0,841
10	88	51	11,449
10	88	58	132,753
10	88	61	4,903
10	88	66	2,216
10	88	69	6,569
10	88	72	0,868
10	88	77	30,987
10	88	80	0,818
10	88	83	17,373
10	88	95	0,6
10	88	100	15,503
10	95	6	6,158
10	95	10	9,442
10	95	11	4,077
10	95	14	12,901
10	95	17	16,061
10	95	21	5,298
10	95	31	1,95
10	95	35	11,04
10	95	43	3,854
10	95	51	1,512
10	95	58	0,71
10	95	61	7,338
10	95	66	3,926
10	95	69	0,717
10	95	72	2,255
10	95	77	0,688
10	95	80	5,964
10	95	83	2,691
10	95	88	2,355
10	95	100	1,375
10	100	6	3,345
10	100	10	7,031
10	100	11	2,28
10	100	14	6,416
10	100	17	2,996
10	100	21	2,575
10	100	31	2,017
10	100	35	2,321
10	100	43	2,043
10	100	51	11,895
10	100	58	5,392
10	100	61	6,985
10	100	66	7,263
10	100	69	1,179
10	100	72	9,034
10	100	77	5,544
10	100	80	0,824
10	100	83	2,51
10	100	88	2,911
10	100	95	14,808

