#num jobs
100
#num machines
10

#jobId machId procTime energyCons
1	4	16,25	195,74
2	6	3,99	46,27
3	10	2,44	10,23
3	6	2,85	33,08
3	2	4,87	31,05
4	2	61,3	390,54
4	5	14,11	59,24
4	8	25,07	48,07
5	10	13,82	57,92
5	6	11,09	128,59
5	4	17,17	206,77
5	3	42,86	330,33
5	2	2,17	13,8
5	1	51,41	600,47
6	7	3,77	41,76
6	4	178,21	2146,55
6	3	17,29	133,29
7	9	4,37	27,32
7	1	2,33	27,23
8	3	9,67	74,5
9	8	2	3,83
9	6	0,58	6,77
9	4	4,16	50,12
9	3	4,62	35,57
10	8	1,65	3,16
10	7	2,15	23,75
10	4	63,89	769,59
10	1	0,65	7,63
11	5	8,78	36,85
11	4	49,17	592,19
12	1	47,96	560,24
12	4	22,39	269,74
13	7	5,32	58,82
13	4	37,07	446,56
14	5	37,97	159,4
14	4	20,23	243,71
14	2	20,82	132,63
15	1	31,76	370,98
15	3	1,59	12,26
16	2	7,95	50,65
17	5	8,93	37,49
18	2	4,79	30,53
18	6	9,15	106,08
19	2	258,45	1646,63
20	8	7,56	14,5
21	5	0,73	3,06
21	8	1,54	2,96
22	10	19,12	80,15
22	3	2,84	21,89
22	1	1,56	18,23
23	5	50,42	211,69
23	7	7,12	78,74
24	10	38,52	161,47
25	3	17,4	134,11
25	7	203,24	2248,34
25	8	208	398,93
25	10	9,29	38,94
26	2	5,15	32,79
26	7	1,88	20,83
27	4	230,14	2772,02
27	10	19,79	82,96
28	1	84,95	992,27
28	2	54,02	344,19
28	7	9,04	99,97
29	8	6,31	12,11
29	5	61,17	256,81
30	5	2,69	11,31
30	7	22,19	245,51
30	8	4,37	8,38
30	10	32,16	134,79
31	1	3,21	37,44
31	4	1,84	22,11
31	8	8,15	15,63
32	3	93,55	720,99
32	4	2,47	29,8
32	10	28,64	120,05
33	6	42,28	490,09
33	7	14,81	163,79
34	9	8,32	52
34	4	21,3	256,57
34	3	0,9	6,96
35	5	6,29	26,42
36	1	10,07	117,61
37	8	102,88	197,32
37	1	105,06	1227,2
38	1	3,6	42,05
39	1	4,14	48,4
40	1	140,31	1638,94
40	2	6,19	39,42
40	4	16,15	194,53
40	10	14,54	60,94
41	4	17,64	212,43
41	6	1,6	18,55
42	9	1,8	11,27
42	8	1,55	2,96
42	4	7,03	84,65
42	3	30,85	237,79
43	3	29	223,53
43	7	4,5	49,83
43	8	15,29	29,32
44	8	10,49	20,13
45	5	1,92	8,06
45	3	12,62	97,24
45	1	77,92	910,13
46	2	49,05	312,51
46	3	9,72	74,88
46	4	62,17	748,89
46	7	1,17	12,95
47	10	8,49	35,59
47	8	69,88	134,03
47	7	34,72	384,04
47	1	24,8	289,66
48	2	13,67	87,11
48	7	60,43	668,49
48	8	2,49	4,77
48	9	1,01	6,34
48	10	216,42	907,13
49	3	200,2	1542,91
50	10	25,83	108,25
50	9	1,38	8,62
50	5	3,99	16,76
50	3	98,75	761,07
50	2	4,14	26,37
51	10	6,27	26,29
52	1	15,52	181,23
52	6	2,83	32,75
52	8	2,72	5,21
52	10	63,11	264,53
53	10	2,19	9,19
53	5	47,14	197,9
54	8	1,94	3,72
54	6	3,83	44,44
55	10	1,84	7,69
56	3	12,72	98,04
56	10	7,44	31,2
57	3	0,68	5,27
57	5	21,45	90,05
57	9	8,59	53,72
57	10	3,73	15,65
58	2	74,65	475,6
58	1	2,43	28,35
59	4	0,59	7,15
59	5	2,83	11,88
59	6	12,86	149,01
59	10	30,29	126,98
60	8	4,47	8,57
60	5	84,87	356,29
60	2	15,54	98,98
61	9	9,41	58,82
61	8	7,32	14,04
61	4	8,27	99,56
61	3	1,58	12,19
62	9	2,47	15,43
62	8	0,51	0,99
63	1	6,25	72,96
63	9	31,12	194,53
64	8	17,49	33,54
64	10	9,48	39,72
65	4	22,69	273,3
65	3	23,74	182,95
66	4	60,24	725,6
66	3	4,73	36,48
66	2	18,84	120,03
67	5	23,65	99,29
67	3	8,43	64,98
68	3	4,6	35,49
68	4	33,06	398,16
68	7	3,18	35,14
68	8	11,08	21,26
69	9	0,43	2,69
70	3	19,32	148,86
70	4	26,46	318,75
71	2	50,04	318,83
71	6	7,91	91,64
72	1	55,85	652,32
72	9	10,23	63,96
73	1	9,05	105,77
73	3	19,92	153,53
74	2	38,33	244,22
74	9	34,39	215
75	3	5,31	40,89
76	4	30,63	368,95
77	5	4,04	16,95
78	5	1,92	8,04
78	8	14,05	26,94
79	1	13,97	163,16
79	2	9,9	63,09
79	8	1,19	2,28
80	8	133,57	256,17
80	9	282,49	1765,84
81	4	3,43	41,27
81	5	16,99	71,31
81	8	12,19	23,38
81	10	3,15	13,2
82	5	75,45	316,77
83	7	11,27	124,64
83	5	32,14	134,95
83	3	1,17	8,99
84	7	15,27	168,88
85	7	12,83	141,94
86	1	3,03	35,45
86	2	7,81	49,78
87	10	65,79	275,74
87	9	36,83	230,19
87	8	8,84	16,96
87	2	21,21	135,12
88	9	4,4	27,51
89	2	55,91	356,2
90	10	29,22	122,49
90	7	9,31	103,01
90	5	10,74	45,11
90	4	11,78	141,87
91	10	5,64	23,62
91	9	7,67	47,94
91	8	5,96	11,43
91	4	71,72	863,88
92	3	17,03	131,24
92	5	18,64	78,24
92	6	43	498,38
93	7	0,78	8,64
94	1	13,52	157,9
94	2	5,86	37,36
95	3	7,36	56,73
95	7	5,56	61,47
95	8	3,11	5,97
96	10	2,79	11,71
96	6	20	231,81
96	5	2	8,41
96	2	30,08	191,62
97	9	29,19	182,47
98	10	27,5	115,26
98	8	1,82	3,49
98	4	102,69	1236,87
99	8	80,12	153,67
99	2	8,24	52,48
100	1	7,53	87,91

#jobId ddate weight rdate
1	440,099	17	20,726
2	393,665	16	32,757
3	148,773	48	136,504
4	501,605	11	58,78
5	252,671	18	6,242
6	320,179	27	114,019
7	615,134	45	116,018
8	653,124	2	63,877
9	531,187	1	125,433
10	462,307	35	45,378
11	349,776	13	52,874
12	628,031	42	56,232
13	259,587	34	62,432
14	431,825	47	5,808
15	469,831	33	61,623
16	614,938	29	28,826
17	512,766	26	52,644
18	326,55	3	0,262
19	493,19	34	83,274
20	310,62	16	102,15
21	306,616	33	58,147
22	278,566	3	37,957
23	663,909	32	42,69
24	416,698	19	15,148
25	602,431	40	45,827
26	666,773	1	45,823
27	336,272	35	115,593
28	368,385	47	123,916
29	245,363	19	5,807
30	244,036	40	33,71
31	222,274	35	123,772
32	338,968	31	31,302
33	287,827	9	47,816
34	473,483	45	124,287
35	651,267	14	24,017
36	211,157	33	67,56
37	269,089	14	93,135
38	501,036	45	130,117
39	471,643	26	121,088
40	530,099	12	8,301
41	495,827	4	104,968
42	590,859	11	48,606
43	501,748	6	65,866
44	240,604	49	94,737
45	597,003	46	102,228
46	578,417	36	65,81
47	503,6	27	8,551
48	529,24	28	130,267
49	424,679	47	66,84
50	577,552	17	103,362
51	190,25	15	75,962
52	648,711	7	130,944
53	591,274	41	15,102
54	174,891	1	63,883
55	442,293	49	7,121
56	294,308	11	112,539
57	663,658	20	109,837
58	566,104	49	6,625
59	512,148	40	128,177
60	410,147	43	41,545
61	273,536	36	117,579
62	553,773	7	12,589
63	516,617	39	123,603
64	570,597	19	133,316
65	634,482	30	82,177
66	428,861	45	21,737
67	451,363	33	32,593
68	545,712	47	115,004
69	648,516	25	42,567
70	295,595	1	34,141
71	315,002	40	45,282
72	657,231	30	111,869
73	293,291	48	108,66
74	601,147	46	80,953
75	362,957	41	23,265
76	154,814	22	119,436
77	356,853	39	20,822
78	634,996	4	126,226
79	246,39	1	68,486
80	558,569	39	112,845
81	480,398	33	55,256
82	556,716	32	63,899
83	445,132	39	130,843
84	676,115	18	33,893
85	650,982	32	99,084
86	544,115	33	45,689
87	204,547	22	123,426
88	169,97	5	121,216
89	267,96	20	56,532
90	541,073	16	102,71
91	457,562	48	70,211
92	234,575	10	30,187
93	280,543	35	88,091
94	236,597	45	63,951
95	499,21	45	56,715
96	363,864	10	132,534
97	365,779	9	62,099
98	326	46	88,506
99	324,092	26	77,607
100	441,104	3	72,189

#machId jobPred jobSucc setupTime
1	5	7	5,304
1	5	10	4,245
1	5	12	4,914
1	5	15	13,554
1	5	22	12,326
1	5	28	2,212
1	5	31	2,159
1	5	36	0,825
1	5	37	5,164
1	5	38	5,744
1	5	39	3,19
1	5	40	1,196
1	5	45	15,486
1	5	47	60,338
1	5	52	28,711
1	5	58	8,529
1	5	63	2,257
1	5	72	4,757
1	5	73	10,19
1	5	79	0,502
1	5	86	36,802
1	5	94	2,243
1	5	100	5,084
1	7	5	4,392
1	7	10	24,007
1	7	12	0,919
1	7	15	0,765
1	7	22	6,603
1	7	28	0,787
1	7	31	11,17
1	7	36	19,358
1	7	37	1,713
1	7	38	0,899
1	7	39	2,823
1	7	40	7,637
1	7	45	4,31
1	7	47	2,524
1	7	52	7,897
1	7	58	4,481
1	7	63	2,954
1	7	72	5,016
1	7	73	0,969
1	7	79	0,715
1	7	86	4,798
1	7	94	1,161
1	7	100	2,79
1	10	5	1,663
1	10	7	8,944
1	10	12	1,672
1	10	15	6,764
1	10	22	6,205
1	10	28	1,244
1	10	31	2,288
1	10	36	11,95
1	10	37	13,228
1	10	38	2,224
1	10	39	1,727
1	10	40	17,154
1	10	45	8,345
1	10	47	7,472
1	10	52	1,332
1	10	58	3,023
1	10	63	2,566
1	10	72	2,766
1	10	73	1,215
1	10	79	9,717
1	10	86	7,608
1	10	94	2,34
1	10	100	0,634
1	12	5	16,154
1	12	7	8,077
1	12	10	9,814
1	12	15	4,038
1	12	22	0,69
1	12	28	5,398
1	12	31	3,48
1	12	36	10,818
1	12	37	8,078
1	12	38	6,361
1	12	39	34,458
1	12	40	1,675
1	12	45	0,662
1	12	47	13,107
1	12	52	21,464
1	12	58	5,924
1	12	63	8,939
1	12	72	0,95
1	12	73	8,589
1	12	79	13,135
1	12	86	4,208
1	12	94	1,858
1	12	100	1,79
1	15	5	1,304
1	15	7	1,408
1	15	10	8,578
1	15	12	14,073
1	15	22	9,446
1	15	28	2,455
1	15	31	2,866
1	15	36	5,212
1	15	37	7,625
1	15	38	6,727
1	15	39	1,749
1	15	40	1,147
1	15	45	3,563
1	15	47	0,983
1	15	52	6,891
1	15	58	9,908
1	15	63	11,414
1	15	72	1,545
1	15	73	1,273
1	15	79	22,58
1	15	86	4,311
1	15	94	1,583
1	15	100	14,645
1	22	5	3,356
1	22	7	2,866
1	22	10	17,428
1	22	12	3,172
1	22	15	18,652
1	22	28	4,133
1	22	31	1,061
1	22	36	1,962
1	22	37	1,582
1	22	38	1,038
1	22	39	11,26
1	22	40	2,436
1	22	45	0,76
1	22	47	2,848
1	22	52	7,241
1	22	58	2,186
1	22	63	7,803
1	22	72	5,122
1	22	73	2,997
1	22	79	3,414
1	22	86	8,604
1	22	94	17,938
1	22	100	9,757
1	28	5	2,673
1	28	7	0,804
1	28	10	7,89
1	28	12	0,993
1	28	15	1,964
1	28	22	1,038
1	28	31	2,112
1	28	36	5,007
1	28	37	2,642
1	28	38	3,465
1	28	39	10,4
1	28	40	1,813
1	28	45	9,973
1	28	47	0,635
1	28	52	3,352
1	28	58	4,769
1	28	63	4,295
1	28	72	19,876
1	28	73	2,563
1	28	79	5,277
1	28	86	11,409
1	28	94	1,146
1	28	100	5,526
1	31	5	1,12
1	31	7	2,727
1	31	10	4,243
1	31	12	0,89
1	31	15	9,469
1	31	22	22,879
1	31	28	4,643
1	31	36	7,773
1	31	37	2,684
1	31	38	3,25
1	31	39	5,108
1	31	40	7,353
1	31	45	7,312
1	31	47	0,866
1	31	52	7,635
1	31	58	6,136
1	31	63	20,652
1	31	72	7,443
1	31	73	12,597
1	31	79	4,608
1	31	86	8,259
1	31	94	6,639
1	31	100	1,702
1	36	5	11,311
1	36	7	10,079
1	36	10	6,418
1	36	12	1,934
1	36	15	8,354
1	36	22	0,847
1	36	28	0,727
1	36	31	1,887
1	36	37	4,658
1	36	38	19,793
1	36	39	4,947
1	36	40	1,739
1	36	45	0,599
1	36	47	7,307
1	36	52	4,861
1	36	58	1,359
1	36	63	1,606
1	36	72	1,199
1	36	73	0,998
1	36	79	1,58
1	36	86	2,853
1	36	94	8,486
1	36	100	1,687
1	37	5	6,022
1	37	7	0,579
1	37	10	7,971
1	37	12	3,448
1	37	15	2,115
1	37	22	3,866
1	37	28	17,953
1	37	31	1,664
1	37	36	8,857
1	37	38	1,368
1	37	39	8,809
1	37	40	3,364
1	37	45	0,982
1	37	47	9,017
1	37	52	0,651
1	37	58	2,295
1	37	63	2,107
1	37	72	0,707
1	37	73	1,297
1	37	79	5,32
1	37	86	15,737
1	37	94	6,052
1	37	100	18,729
1	38	5	10,619
1	38	7	4,861
1	38	10	13,525
1	38	12	2,081
1	38	15	1,4
1	38	22	5,396
1	38	28	4,066
1	38	31	18,262
1	38	36	9,69
1	38	37	4,585
1	38	39	0,998
1	38	40	19,274
1	38	45	18,557
1	38	47	12,216
1	38	52	10,481
1	38	58	4,645
1	38	63	13,501
1	38	72	19,741
1	38	73	6,711
1	38	79	0,608
1	38	86	4,893
1	38	94	19,116
1	38	100	1,184
1	39	5	4,36
1	39	7	4,321
1	39	10	5,242
1	39	12	9,771
1	39	15	6,463
1	39	22	2,049
1	39	28	2,663
1	39	31	3,813
1	39	36	6,438
1	39	37	18,817
1	39	38	2,47
1	39	40	0,539
1	39	45	4,809
1	39	47	2,713
1	39	52	1,119
1	39	58	13,917
1	39	63	3,011
1	39	72	2,273
1	39	73	1,77
1	39	79	10,717
1	39	86	2,388
1	39	94	7,217
1	39	100	2,601
1	40	5	3,549
1	40	7	4,529
1	40	10	1,304
1	40	12	5,988
1	40	15	6,33
1	40	22	5,836
1	40	28	1,482
1	40	31	17,89
1	40	36	1,536
1	40	37	1,03
1	40	38	7,035
1	40	39	10,58
1	40	45	2,691
1	40	47	17,82
1	40	52	1,681
1	40	58	3,666
1	40	63	0,745
1	40	72	5,754
1	40	73	0,681
1	40	79	1,421
1	40	86	8,648
1	40	94	2,812
1	40	100	5,988
1	45	5	18,375
1	45	7	2,576
1	45	10	3,48
1	45	12	12,811
1	45	15	17,068
1	45	22	1,066
1	45	28	6,785
1	45	31	2,054
1	45	36	3,567
1	45	37	17,39
1	45	38	0,986
1	45	39	17,02
1	45	40	1,766
1	45	47	1,661
1	45	52	1,148
1	45	58	34,063
1	45	63	5,513
1	45	72	5,655
1	45	73	3,009
1	45	79	2,336
1	45	86	1,502
1	45	94	55,129
1	45	100	2,536
1	47	5	3,64
1	47	7	3,794
1	47	10	2,533
1	47	12	26,039
1	47	15	34,425
1	47	22	2,901
1	47	28	11,407
1	47	31	1,33
1	47	36	2,722
1	47	37	1,054
1	47	38	7,557
1	47	39	41,639
1	47	40	5,135
1	47	45	6,372
1	47	52	3,295
1	47	58	1,985
1	47	63	1,747
1	47	72	6,136
1	47	73	18,377
1	47	79	6,047
1	47	86	17,503
1	47	94	2,145
1	47	100	2,365
1	52	5	2,475
1	52	7	20,653
1	52	10	2,102
1	52	12	3,473
1	52	15	0,621
1	52	22	5,137
1	52	28	2,089
1	52	31	8,873
1	52	36	6,429
1	52	37	3,866
1	52	38	5,474
1	52	39	7,746
1	52	40	4,781
1	52	45	2,93
1	52	47	2,104
1	52	58	1,383
1	52	63	2,497
1	52	72	25,616
1	52	73	13,12
1	52	79	1,943
1	52	86	33,403
1	52	94	3,836
1	52	100	0,877
1	58	5	0,704
1	58	7	10,404
1	58	10	13,963
1	58	12	3,707
1	58	15	28,557
1	58	22	1,828
1	58	28	1,395
1	58	31	6,418
1	58	36	12,526
1	58	37	12,679
1	58	38	4,822
1	58	39	0,801
1	58	40	2,185
1	58	45	2,134
1	58	47	21,032
1	58	52	15,082
1	58	63	3,691
1	58	72	0,526
1	58	73	7,475
1	58	79	2,255
1	58	86	6,433
1	58	94	0,552
1	58	100	4,209
1	63	5	4,985
1	63	7	5,357
1	63	10	1,829
1	63	12	8,347
1	63	15	4,918
1	63	22	4,816
1	63	28	4,55
1	63	31	4,367
1	63	36	3,161
1	63	37	0,702
1	63	38	0,521
1	63	39	1,761
1	63	40	1,655
1	63	45	5,284
1	63	47	10,639
1	63	52	2,07
1	63	58	5,134
1	63	72	3,172
1	63	73	6,357
1	63	79	2,31
1	63	86	2,939
1	63	94	14,534
1	63	100	1,859
1	72	5	19,785
1	72	7	13,497
1	72	10	5,307
1	72	12	39,383
1	72	15	3,544
1	72	22	10,292
1	72	28	14,321
1	72	31	0,636
1	72	36	9,187
1	72	37	4,577
1	72	38	1,655
1	72	39	5,076
1	72	40	5,195
1	72	45	1,646
1	72	47	8,532
1	72	52	10,163
1	72	58	6,62
1	72	63	3,723
1	72	73	5,602
1	72	79	58,579
1	72	86	0,654
1	72	94	3,388
1	72	100	3,57
1	73	5	24,228
1	73	7	2,267
1	73	10	0,877
1	73	12	7,542
1	73	15	8,547
1	73	22	8,978
1	73	28	12,529
1	73	31	2,742
1	73	36	6,011
1	73	37	0,716
1	73	38	0,689
1	73	39	3,096
1	73	40	6,677
1	73	45	24,655
1	73	47	4,195
1	73	52	2,198
1	73	58	11,111
1	73	63	4,9
1	73	72	3,806
1	73	79	1,004
1	73	86	2,201
1	73	94	4,276
1	73	100	4,079
1	79	5	4,571
1	79	7	3,124
1	79	10	5,112
1	79	12	4,328
1	79	15	15,723
1	79	22	0,95
1	79	28	3,621
1	79	31	20,351
1	79	36	1,814
1	79	37	54,45
1	79	38	9,496
1	79	39	4,454
1	79	40	10,228
1	79	45	1,542
1	79	47	5,075
1	79	52	1,38
1	79	58	2,427
1	79	63	12,708
1	79	72	3,451
1	79	73	3,695
1	79	86	4,558
1	79	94	7,471
1	79	100	6,435
1	86	5	1,816
1	86	7	16,808
1	86	10	8,189
1	86	12	1,541
1	86	15	1,64
1	86	22	3,564
1	86	28	20,911
1	86	31	22,752
1	86	36	0,7
1	86	37	1,505
1	86	38	1,699
1	86	39	10,259
1	86	40	4,223
1	86	45	2,461
1	86	47	1,888
1	86	52	4,805
1	86	58	20,745
1	86	63	8,619
1	86	72	1,924
1	86	73	2,773
1	86	79	0,643
1	86	94	4,253
1	86	100	5,682
1	94	5	8,886
1	94	7	1,438
1	94	10	1,683
1	94	12	0,784
1	94	15	8,522
1	94	22	5,644
1	94	28	12,828
1	94	31	3,724
1	94	36	4,351
1	94	37	8,149
1	94	38	10,579
1	94	39	11,214
1	94	40	1,107
1	94	45	4,229
1	94	47	11,838
1	94	52	2,081
1	94	58	2,565
1	94	63	8,015
1	94	72	7,571
1	94	73	2,859
1	94	79	1,939
1	94	86	1,098
1	94	100	1,459
1	100	5	2,648
1	100	7	21,038
1	100	10	0,87
1	100	12	12,133
1	100	15	10,69
1	100	22	0,581
1	100	28	0,891
1	100	31	3,092
1	100	36	16,438
1	100	37	1,791
1	100	38	7,116
1	100	39	4,466
1	100	40	5,563
1	100	45	2,334
1	100	47	15,063
1	100	52	37,003
1	100	58	0,694
1	100	63	4,45
1	100	72	10,284
1	100	73	5,111
1	100	79	2,926
1	100	86	0,645
1	100	94	3,657
2	3	4	26,295
2	3	5	2,347
2	3	14	2,122
2	3	16	0,896
2	3	18	4,806
2	3	19	5,451
2	3	26	1,212
2	3	28	5,128
2	3	40	5,009
2	3	46	6,824
2	3	48	16,659
2	3	50	11,756
2	3	58	4,013
2	3	60	5,022
2	3	66	0,625
2	3	71	39,137
2	3	74	4,974
2	3	79	4,05
2	3	86	9,208
2	3	87	3,065
2	3	89	4,076
2	3	94	2,752
2	3	96	10,031
2	3	99	0,523
2	4	3	11,257
2	4	5	2,421
2	4	14	3,212
2	4	16	10,758
2	4	18	1,329
2	4	19	4,092
2	4	26	3,568
2	4	28	8,676
2	4	40	2,518
2	4	46	3,411
2	4	48	1,292
2	4	50	0,573
2	4	58	10,246
2	4	60	31,081
2	4	66	11,85
2	4	71	1,587
2	4	74	9,56
2	4	79	25,373
2	4	86	4,718
2	4	87	0,802
2	4	89	0,619
2	4	94	1,374
2	4	96	4,042
2	4	99	5,302
2	5	3	4,303
2	5	4	14,133
2	5	14	3,587
2	5	16	10,3
2	5	18	5,017
2	5	19	0,667
2	5	26	30,336
2	5	28	17,83
2	5	40	1,171
2	5	46	6,942
2	5	48	2,303
2	5	50	1,524
2	5	58	0,971
2	5	60	2,093
2	5	66	1,169
2	5	71	1,219
2	5	74	0,99
2	5	79	1,503
2	5	86	8,514
2	5	87	1,671
2	5	89	9,779
2	5	94	14,391
2	5	96	1,193
2	5	99	5,538
2	14	3	8,568
2	14	4	2,885
2	14	5	1,902
2	14	16	17,626
2	14	18	3,861
2	14	19	5,312
2	14	26	3,979
2	14	28	3,771
2	14	40	5,224
2	14	46	6,23
2	14	48	28,793
2	14	50	8,478
2	14	58	6,515
2	14	60	0,642
2	14	66	3,348
2	14	71	0,695
2	14	74	1,968
2	14	79	7,286
2	14	86	1,585
2	14	87	6,801
2	14	89	11,153
2	14	94	8,759
2	14	96	18,663
2	14	99	5,536
2	16	3	21,105
2	16	4	2,143
2	16	5	7,164
2	16	14	13,578
2	16	18	14,717
2	16	19	23,238
2	16	26	7,983
2	16	28	9,538
2	16	40	7,332
2	16	46	2,912
2	16	48	6,705
2	16	50	11,102
2	16	58	3,868
2	16	60	3,127
2	16	66	20,934
2	16	71	6,51
2	16	74	0,617
2	16	79	16,056
2	16	86	0,922
2	16	87	0,862
2	16	89	4,375
2	16	94	5,138
2	16	96	4,744
2	16	99	5,688
2	18	3	1,619
2	18	4	2,565
2	18	5	1,972
2	18	14	8,952
2	18	16	0,754
2	18	19	4,723
2	18	26	37,932
2	18	28	0,931
2	18	40	1,078
2	18	46	5,516
2	18	48	1,298
2	18	50	0,727
2	18	58	8,648
2	18	60	5,28
2	18	66	3,445
2	18	71	4,725
2	18	74	7,391
2	18	79	10,522
2	18	86	3,437
2	18	87	10,491
2	18	89	10,808
2	18	94	4,094
2	18	96	4,445
2	18	99	12,721
2	19	3	5,379
2	19	4	2,607
2	19	5	3,928
2	19	14	6,219
2	19	16	5,622
2	19	18	2,963
2	19	26	18,029
2	19	28	5,053
2	19	40	6,612
2	19	46	7,026
2	19	48	0,827
2	19	50	8,553
2	19	58	1,026
2	19	60	2,505
2	19	66	9,349
2	19	71	1,329
2	19	74	6,045
2	19	79	3,496
2	19	86	0,97
2	19	87	18,014
2	19	89	23,26
2	19	94	7,693
2	19	96	1,493
2	19	99	5,209
2	26	3	3,132
2	26	4	1,841
2	26	5	52,217
2	26	14	5,159
2	26	16	6,335
2	26	18	4,674
2	26	19	1,421
2	26	28	1,341
2	26	40	4,543
2	26	46	1,159
2	26	48	2,754
2	26	50	4,995
2	26	58	1,654
2	26	60	3,472
2	26	66	0,754
2	26	71	3,276
2	26	74	4,481
2	26	79	10,354
2	26	86	18,163
2	26	87	0,921
2	26	89	3,119
2	26	94	3,054
2	26	96	3,103
2	26	99	0,91
2	28	3	8,351
2	28	4	1,934
2	28	5	20,822
2	28	14	7,847
2	28	16	2,313
2	28	18	1,592
2	28	19	0,837
2	28	26	9,118
2	28	40	2,878
2	28	46	12,604
2	28	48	6,063
2	28	50	4,334
2	28	58	1,788
2	28	60	5,724
2	28	66	1,46
2	28	71	3,017
2	28	74	3,062
2	28	79	3,528
2	28	86	8,878
2	28	87	0,853
2	28	89	4,61
2	28	94	6,523
2	28	96	5,343
2	28	99	0,968
2	40	3	10,911
2	40	4	25,624
2	40	5	7,174
2	40	14	14,481
2	40	16	9,159
2	40	18	6,707
2	40	19	25,45
2	40	26	6,955
2	40	28	1,057
2	40	46	1,51
2	40	48	24,335
2	40	50	13,378
2	40	58	3,714
2	40	60	3,167
2	40	66	4,92
2	40	71	1,516
2	40	74	13,688
2	40	79	15,372
2	40	86	2,031
2	40	87	19,123
2	40	89	39,565
2	40	94	42,437
2	40	96	11,958
2	40	99	20,69
2	46	3	2,344
2	46	4	3,001
2	46	5	2,887
2	46	14	0,567
2	46	16	11,733
2	46	18	3,554
2	46	19	9,177
2	46	26	33,998
2	46	28	2,486
2	46	40	1,06
2	46	48	0,907
2	46	50	10,381
2	46	58	5,656
2	46	60	1,521
2	46	66	0,535
2	46	71	28,218
2	46	74	26,868
2	46	79	3,008
2	46	86	6,664
2	46	87	2,664
2	46	89	5,765
2	46	94	5,439
2	46	96	0,889
2	46	99	3,647
2	48	3	14,275
2	48	4	25,688
2	48	5	26,465
2	48	14	3,949
2	48	16	9,31
2	48	18	3,577
2	48	19	8,294
2	48	26	10,564
2	48	28	1,419
2	48	40	9,196
2	48	46	12,743
2	48	50	0,935
2	48	58	6,442
2	48	60	8,351
2	48	66	6,542
2	48	71	4,681
2	48	74	4,584
2	48	79	1,633
2	48	86	5,944
2	48	87	3,167
2	48	89	3,108
2	48	94	1,525
2	48	96	7,581
2	48	99	1,891
2	50	3	2,162
2	50	4	19,577
2	50	5	3,42
2	50	14	13,699
2	50	16	1,527
2	50	18	1,843
2	50	19	12,185
2	50	26	3,181
2	50	28	1,96
2	50	40	13,004
2	50	46	8,145
2	50	48	6,097
2	50	58	6,873
2	50	60	4,902
2	50	66	12,323
2	50	71	3,843
2	50	74	14,698
2	50	79	7,862
2	50	86	8,68
2	50	87	46,452
2	50	89	4,705
2	50	94	5,313
2	50	96	13,805
2	50	99	4,543
2	58	3	17,74
2	58	4	6,555
2	58	5	0,822
2	58	14	19,271
2	58	16	7,474
2	58	18	2,695
2	58	19	21,714
2	58	26	54,603
2	58	28	2,861
2	58	40	19,27
2	58	46	8,591
2	58	48	2,557
2	58	50	0,616
2	58	60	9,649
2	58	66	4,181
2	58	71	1,434
2	58	74	13,365
2	58	79	5,778
2	58	86	4,626
2	58	87	6,58
2	58	89	1,146
2	58	94	5,859
2	58	96	1,616
2	58	99	0,783
2	60	3	2,689
2	60	4	3,867
2	60	5	5,506
2	60	14	1,366
2	60	16	9,433
2	60	18	6,78
2	60	19	1,139
2	60	26	7,619
2	60	28	8,245
2	60	40	1,268
2	60	46	8,032
2	60	48	3,947
2	60	50	11,58
2	60	58	7,009
2	60	66	3,804
2	60	71	4,656
2	60	74	10,214
2	60	79	0,896
2	60	86	2,925
2	60	87	4,86
2	60	89	4,254
2	60	94	25,525
2	60	96	1,028
2	60	99	13,523
2	66	3	10,288
2	66	4	1,161
2	66	5	11,725
2	66	14	3,883
2	66	16	1,182
2	66	18	4,8
2	66	19	0,715
2	66	26	3,423
2	66	28	3,41
2	66	40	3,182
2	66	46	3,996
2	66	48	4,635
2	66	50	6,473
2	66	58	10,726
2	66	60	2,14
2	66	71	4,249
2	66	74	0,868
2	66	79	3,468
2	66	86	2,775
2	66	87	1,635
2	66	89	1,306
2	66	94	9,328
2	66	96	1,95
2	66	99	1,172
2	71	3	2,654
2	71	4	1,503
2	71	5	0,896
2	71	14	1,066
2	71	16	1,712
2	71	18	2,737
2	71	19	15,44
2	71	26	11,029
2	71	28	3,072
2	71	40	5,258
2	71	46	4,326
2	71	48	28,052
2	71	50	3,669
2	71	58	3,032
2	71	60	0,663
2	71	66	7,941
2	71	74	12,125
2	71	79	6,59
2	71	86	7,584
2	71	87	2,519
2	71	89	0,549
2	71	94	4,573
2	71	96	1,684
2	71	99	1,451
2	74	3	1,344
2	74	4	1,138
2	74	5	2,657
2	74	14	0,909
2	74	16	6,763
2	74	18	0,631
2	74	19	52,248
2	74	26	23,644
2	74	28	3,539
2	74	40	0,583
2	74	46	10,343
2	74	48	4,653
2	74	50	11,547
2	74	58	16,21
2	74	60	1,492
2	74	66	6,926
2	74	71	1,375
2	74	79	2,806
2	74	86	16,508
2	74	87	3,487
2	74	89	1,526
2	74	94	18,664
2	74	96	0,527
2	74	99	7,323
2	79	3	3,774
2	79	4	8,833
2	79	5	2,45
2	79	14	12,056
2	79	16	0,578
2	79	18	1,952
2	79	19	2,188
2	79	26	3,966
2	79	28	5,883
2	79	40	5,716
2	79	46	2,132
2	79	48	1,993
2	79	50	1,477
2	79	58	4,182
2	79	60	2,246
2	79	66	2,769
2	79	71	1,559
2	79	74	6,112
2	79	86	0,657
2	79	87	10,514
2	79	89	11,758
2	79	94	4,024
2	79	96	3,369
2	79	99	3,27
2	86	3	4,986
2	86	4	9,879
2	86	5	19,468
2	86	14	1,3
2	86	16	1,134
2	86	18	3,702
2	86	19	0,571
2	86	26	6,425
2	86	28	3,512
2	86	40	2,203
2	86	46	2,938
2	86	48	11,694
2	86	50	0,978
2	86	58	3,728
2	86	60	0,544
2	86	66	3,024
2	86	71	19,638
2	86	74	1,95
2	86	79	2,53
2	86	87	2,761
2	86	89	3,097
2	86	94	7,404
2	86	96	6,011
2	86	99	6,205
2	87	3	9,005
2	87	4	8,102
2	87	5	7,344
2	87	14	10,595
2	87	16	1,822
2	87	18	0,581
2	87	19	21,213
2	87	26	21,432
2	87	28	5,791
2	87	40	0,53
2	87	46	10,9
2	87	48	5,474
2	87	50	5,72
2	87	58	3,014
2	87	60	19,93
2	87	66	16,569
2	87	71	2,574
2	87	74	0,901
2	87	79	2,848
2	87	86	4,298
2	87	89	4,166
2	87	94	35,956
2	87	96	1,87
2	87	99	10,49
2	89	3	7,429
2	89	4	3,632
2	89	5	12,124
2	89	14	20,727
2	89	16	27,648
2	89	18	12,048
2	89	19	2,255
2	89	26	19,575
2	89	28	2,632
2	89	40	6,858
2	89	46	1,863
2	89	48	6,889
2	89	50	8,442
2	89	58	1,839
2	89	60	3,745
2	89	66	20,988
2	89	71	6,939
2	89	74	40,782
2	89	79	2,965
2	89	86	2,983
2	89	87	7,463
2	89	94	3,845
2	89	96	0,798
2	89	99	0,624
2	94	3	3,164
2	94	4	8,191
2	94	5	6,855
2	94	14	12,179
2	94	16	57,578
2	94	18	6,113
2	94	19	7,542
2	94	26	13,522
2	94	28	5,526
2	94	40	4,62
2	94	46	1,217
2	94	48	0,789
2	94	50	3,521
2	94	58	5,52
2	94	60	0,861
2	94	66	6,359
2	94	71	6,992
2	94	74	1,089
2	94	79	9,56
2	94	86	5,393
2	94	87	3,573
2	94	89	2,252
2	94	96	15,607
2	94	99	6,968
2	96	3	12,234
2	96	4	1,744
2	96	5	8,994
2	96	14	1,966
2	96	16	4,574
2	96	18	0,549
2	96	19	16,807
2	96	26	1,151
2	96	28	0,992
2	96	40	4
2	96	46	2,917
2	96	48	6,709
2	96	50	0,571
2	96	58	5,067
2	96	60	3,236
2	96	66	12,666
2	96	71	5,705
2	96	74	5,974
2	96	79	6,744
2	96	86	7,057
2	96	87	5,887
2	96	89	2,847
2	96	94	4,491
2	96	99	1,923
2	99	3	7,342
2	99	4	4,826
2	99	5	8,329
2	99	14	13,401
2	99	16	2,714
2	99	18	3,717
2	99	19	4,019
2	99	26	2,582
2	99	28	0,993
2	99	40	9,402
2	99	46	8,578
2	99	48	3,833
2	99	50	4,242
2	99	58	1,94
2	99	60	6,59
2	99	66	5
2	99	71	1,259
2	99	74	5,818
2	99	79	13,402
2	99	86	3,955
2	99	87	3,997
2	99	89	7,976
2	99	94	8,359
2	99	96	1,53
3	5	6	0,89
3	5	8	8,33
3	5	9	3,397
3	5	15	2,43
3	5	22	7,335
3	5	25	1,992
3	5	32	5,512
3	5	34	1,619
3	5	42	5,375
3	5	43	2,198
3	5	45	2,54
3	5	46	1,811
3	5	49	2,686
3	5	50	1,081
3	5	56	2,608
3	5	57	1,4
3	5	61	6,378
3	5	65	14,466
3	5	66	1,005
3	5	67	3,343
3	5	68	1,734
3	5	70	4,83
3	5	73	13,911
3	5	75	1,597
3	5	83	5,416
3	5	92	19,362
3	5	95	0,558
3	6	5	3,062
3	6	8	0,693
3	6	9	3,13
3	6	15	4,999
3	6	22	2,627
3	6	25	4,171
3	6	32	2,218
3	6	34	0,576
3	6	42	3,387
3	6	43	1,83
3	6	45	8,77
3	6	46	4,767
3	6	49	0,866
3	6	50	10,603
3	6	56	3,222
3	6	57	26,135
3	6	61	1,698
3	6	65	1,492
3	6	66	3,018
3	6	67	3,845
3	6	68	16,126
3	6	70	6,25
3	6	73	8,566
3	6	75	2,218
3	6	83	4,859
3	6	92	10,461
3	6	95	14,51
3	8	5	3,758
3	8	6	3,828
3	8	9	7,794
3	8	15	5,426
3	8	22	16,994
3	8	25	9,796
3	8	32	11,001
3	8	34	13,187
3	8	42	3,393
3	8	43	2,319
3	8	45	13,156
3	8	46	7,565
3	8	49	1,865
3	8	50	4,471
3	8	56	0,505
3	8	57	2,268
3	8	61	1,291
3	8	65	33,712
3	8	66	3,79
3	8	67	5,385
3	8	68	3,414
3	8	70	20,676
3	8	73	24,35
3	8	75	0,65
3	8	83	2,127
3	8	92	3,21
3	8	95	16,058
3	9	5	2,732
3	9	6	2,556
3	9	8	11,118
3	9	15	0,969
3	9	22	0,548
3	9	25	19,621
3	9	32	2,52
3	9	34	11,567
3	9	42	6,541
3	9	43	4,604
3	9	45	10,118
3	9	46	16,258
3	9	49	9,809
3	9	50	1,561
3	9	56	3,481
3	9	57	1,68
3	9	61	11,996
3	9	65	6,391
3	9	66	10,861
3	9	67	4,085
3	9	68	9,147
3	9	70	14,625
3	9	73	3,893
3	9	75	34,459
3	9	83	5,536
3	9	92	9,286
3	9	95	1,595
3	15	5	12,925
3	15	6	6,439
3	15	8	13,903
3	15	9	2,685
3	15	22	4,143
3	15	25	1,306
3	15	32	1,492
3	15	34	1,672
3	15	42	15,13
3	15	43	5,931
3	15	45	6,47
3	15	46	0,869
3	15	49	11,3
3	15	50	17,25
3	15	56	4,102
3	15	57	9,461
3	15	61	3,151
3	15	65	5,426
3	15	66	8,96
3	15	67	13,071
3	15	68	8,223
3	15	70	0,633
3	15	73	4,065
3	15	75	9,269
3	15	83	30,631
3	15	92	5,924
3	15	95	6,836
3	22	5	11,322
3	22	6	2,448
3	22	8	1,554
3	22	9	27,67
3	22	15	4,678
3	22	25	6,579
3	22	32	36,895
3	22	34	2,169
3	22	42	6,563
3	22	43	0,587
3	22	45	7,649
3	22	46	2,213
3	22	49	10,827
3	22	50	0,882
3	22	56	0,556
3	22	57	2,226
3	22	61	1,915
3	22	65	4,609
3	22	66	25,333
3	22	67	6,102
3	22	68	5,422
3	22	70	1,934
3	22	73	9,828
3	22	75	0,998
3	22	83	12,856
3	22	92	4,441
3	22	95	12,85
3	25	5	0,6
3	25	6	2,45
3	25	8	4,578
3	25	9	24,279
3	25	15	2,624
3	25	22	2,554
3	25	32	0,52
3	25	34	2,29
3	25	42	18,784
3	25	43	3,953
3	25	45	3,956
3	25	46	6,494
3	25	49	10,382
3	25	50	6,708
3	25	56	16,299
3	25	57	9,987
3	25	61	0,641
3	25	65	6,16
3	25	66	7,518
3	25	67	14,487
3	25	68	12,39
3	25	70	0,937
3	25	73	1,169
3	25	75	1,958
3	25	83	7,149
3	25	92	1,205
3	25	95	0,802
3	32	5	1,386
3	32	6	2,395
3	32	8	13,207
3	32	9	8,682
3	32	15	2,174
3	32	22	3,43
3	32	25	8,126
3	32	34	7,477
3	32	42	4,912
3	32	43	2,747
3	32	45	2,583
3	32	46	1,908
3	32	49	7,782
3	32	50	2,808
3	32	56	3,36
3	32	57	10,552
3	32	61	7,294
3	32	65	3,868
3	32	66	2,254
3	32	67	3,336
3	32	68	3,776
3	32	70	1,243
3	32	73	5,649
3	32	75	2,435
3	32	83	0,738
3	32	92	0,868
3	32	95	17,462
3	34	5	3,007
3	34	6	4,076
3	34	8	8,377
3	34	9	5,486
3	34	15	3,949
3	34	22	5,108
3	34	25	12,638
3	34	32	17,529
3	34	42	3,581
3	34	43	2,08
3	34	45	10,232
3	34	46	18,236
3	34	49	0,692
3	34	50	4,059
3	34	56	12,912
3	34	57	1,963
3	34	61	5,586
3	34	65	23,116
3	34	66	3,749
3	34	67	4,29
3	34	68	3,018
3	34	70	4,579
3	34	73	1,266
3	34	75	7,099
3	34	83	15,551
3	34	92	4,936
3	34	95	1,758
3	42	5	30,649
3	42	6	1,33
3	42	8	5,984
3	42	9	5,988
3	42	15	23,314
3	42	22	7,859
3	42	25	2,332
3	42	32	3,577
3	42	34	2,691
3	42	43	10,207
3	42	45	0,539
3	42	46	10,248
3	42	49	3,28
3	42	50	4,082
3	42	56	5,455
3	42	57	13,155
3	42	61	1,337
3	42	65	15,692
3	42	66	1,909
3	42	67	41,437
3	42	68	7
3	42	70	6,267
3	42	73	3,727
3	42	75	3,555
3	42	83	4,022
3	42	92	17,277
3	42	95	20,097
3	43	5	4,895
3	43	6	1,887
3	43	8	4,869
3	43	9	1,066
3	43	15	4,338
3	43	22	1,445
3	43	25	0,846
3	43	32	0,785
3	43	34	2,645
3	43	42	10,467
3	43	45	2,176
3	43	46	5,06
3	43	49	2,632
3	43	50	14,013
3	43	56	1,06
3	43	57	6,923
3	43	61	4,616
3	43	65	4,274
3	43	66	7,398
3	43	67	21,019
3	43	68	10,469
3	43	70	9,301
3	43	73	2,588
3	43	75	12,38
3	43	83	6,741
3	43	92	0,645
3	43	95	16,39
3	45	5	36,222
3	45	6	1,877
3	45	8	0,759
3	45	9	3,404
3	45	15	19,796
3	45	22	7,002
3	45	25	7,816
3	45	32	8,481
3	45	34	9,879
3	45	42	12,9
3	45	43	0,914
3	45	46	19,156
3	45	49	0,538
3	45	50	5,806
3	45	56	1,003
3	45	57	1,741
3	45	61	1,807
3	45	65	14,108
3	45	66	14,723
3	45	67	10,243
3	45	68	2,262
3	45	70	6,978
3	45	73	5,616
3	45	75	4,074
3	45	83	3,607
3	45	92	1,519
3	45	95	1,893
3	46	5	30,371
3	46	6	13,024
3	46	8	14,144
3	46	9	3,87
3	46	15	2,063
3	46	22	0,831
3	46	25	10,152
3	46	32	2,31
3	46	34	0,62
3	46	42	6,597
3	46	43	11,622
3	46	45	20,644
3	46	49	6,948
3	46	50	6,4
3	46	56	2,233
3	46	57	20,326
3	46	61	2,82
3	46	65	4,071
3	46	66	9,925
3	46	67	15,193
3	46	68	3,554
3	46	70	1,841
3	46	73	3,798
3	46	75	4,204
3	46	83	3,276
3	46	92	7,816
3	46	95	14,419
3	49	5	19,975
3	49	6	3,289
3	49	8	2,187
3	49	9	2,213
3	49	15	3,565
3	49	22	12,738
3	49	25	8,671
3	49	32	9,305
3	49	34	2,227
3	49	42	0,997
3	49	43	5,032
3	49	45	3,101
3	49	46	27,946
3	49	50	1,838
3	49	56	4,664
3	49	57	6,016
3	49	61	8,547
3	49	65	3,959
3	49	66	1,279
3	49	67	7,057
3	49	68	5,87
3	49	70	1,339
3	49	73	31,968
3	49	75	8,185
3	49	83	3,676
3	49	92	0,968
3	49	95	0,981
3	50	5	7,076
3	50	6	0,524
3	50	8	3,873
3	50	9	21,875
3	50	15	0,513
3	50	22	2,271
3	50	25	6,578
3	50	32	16,27
3	50	34	5,814
3	50	42	3,136
3	50	43	1,399
3	50	45	1,212
3	50	46	1,119
3	50	49	3,75
3	50	56	31,981
3	50	57	11,056
3	50	61	7,18
3	50	65	3,468
3	50	66	0,992
3	50	67	14,613
3	50	68	8,831
3	50	70	14,2
3	50	73	0,691
3	50	75	3,12
3	50	83	1,564
3	50	92	0,705
3	50	95	2,184
3	56	5	24,046
3	56	6	5,005
3	56	8	1,644
3	56	9	6,202
3	56	15	12,073
3	56	22	6,979
3	56	25	3,29
3	56	32	1,922
3	56	34	5,605
3	56	42	0,578
3	56	43	5,645
3	56	45	8,928
3	56	46	0,655
3	56	49	5,044
3	56	50	18,177
3	56	57	11,391
3	56	61	7,448
3	56	65	6,509
3	56	66	1,91
3	56	67	6,275
3	56	68	22,206
3	56	70	15,866
3	56	73	20,09
3	56	75	4,279
3	56	83	11,929
3	56	92	1,395
3	56	95	1,397
3	57	5	1,187
3	57	6	2,107
3	57	8	15,446
3	57	9	21,478
3	57	15	14,872
3	57	22	2,301
3	57	25	5,673
3	57	32	3,082
3	57	34	14,826
3	57	42	1,288
3	57	43	10,597
3	57	45	3,954
3	57	46	4,802
3	57	49	7,719
3	57	50	4,432
3	57	56	0,946
3	57	61	4,413
3	57	65	11,703
3	57	66	1,279
3	57	67	1,953
3	57	68	3,49
3	57	70	0,588
3	57	73	4,162
3	57	75	1,211
3	57	83	24,126
3	57	92	1,323
3	57	95	1,19
3	61	5	6,692
3	61	6	1,187
3	61	8	4,601
3	61	9	2,138
3	61	15	8,897
3	61	22	4,803
3	61	25	4,443
3	61	32	5,399
3	61	34	7,409
3	61	42	1,783
3	61	43	1,774
3	61	45	6,677
3	61	46	4,45
3	61	49	1,532
3	61	50	1,959
3	61	56	8,478
3	61	57	3,876
3	61	65	4,983
3	61	66	19,118
3	61	67	6,325
3	61	68	3,279
3	61	70	16,503
3	61	73	8,644
3	61	75	3,515
3	61	83	4,097
3	61	92	2,52
3	61	95	4,224
3	65	5	2,505
3	65	6	9,182
3	65	8	8,509
3	65	9	3,623
3	65	15	4,475
3	65	22	2,134
3	65	25	1,998
3	65	32	10,987
3	65	34	2,966
3	65	42	1,007
3	65	43	0,921
3	65	45	1,747
3	65	46	3,429
3	65	49	1,57
3	65	50	1,512
3	65	56	1,582
3	65	57	13,621
3	65	61	6,893
3	65	66	6,118
3	65	67	1,204
3	65	68	1,638
3	65	70	1,414
3	65	73	8,33
3	65	75	4,8
3	65	83	15,401
3	65	92	2,39
3	65	95	2,558
3	66	5	5,196
3	66	6	2,638
3	66	8	4,74
3	66	9	8,169
3	66	15	3,647
3	66	22	0,984
3	66	25	2,259
3	66	32	11,721
3	66	34	4,87
3	66	42	7,439
3	66	43	3,236
3	66	45	3,134
3	66	46	15,817
3	66	49	1,616
3	66	50	4,607
3	66	56	2,286
3	66	57	0,634
3	66	61	2,001
3	66	65	7,226
3	66	67	3,895
3	66	68	32,942
3	66	70	2,856
3	66	73	5,143
3	66	75	2,536
3	66	83	0,782
3	66	92	8,699
3	66	95	9,315
3	67	5	4,44
3	67	6	3,148
3	67	8	1,701
3	67	9	11,143
3	67	15	4,055
3	67	22	6,483
3	67	25	14,277
3	67	32	1,602
3	67	34	1,163
3	67	42	15,162
3	67	43	3,06
3	67	45	17,655
3	67	46	32,486
3	67	49	4,426
3	67	50	1,9
3	67	56	1,128
3	67	57	16,072
3	67	61	3,988
3	67	65	4,582
3	67	66	2,538
3	67	68	2,173
3	67	70	7,683
3	67	73	5,179
3	67	75	16,937
3	67	83	16,514
3	67	92	28,547
3	67	95	0,601
3	68	5	5,282
3	68	6	2,825
3	68	8	9,382
3	68	9	1,715
3	68	15	1,87
3	68	22	3,844
3	68	25	3,982
3	68	32	10,915
3	68	34	3,464
3	68	42	7,698
3	68	43	2,712
3	68	45	4,187
3	68	46	5,527
3	68	49	1,462
3	68	50	1,4
3	68	56	3,685
3	68	57	2,723
3	68	61	4,293
3	68	65	5,807
3	68	66	1,297
3	68	67	4,884
3	68	70	2,495
3	68	73	2,652
3	68	75	7,533
3	68	83	1,608
3	68	92	7,206
3	68	95	0,564
3	70	5	11,491
3	70	6	10,555
3	70	8	6,094
3	70	9	18,758
3	70	15	5,627
3	70	22	5,796
3	70	25	21,717
3	70	32	2,623
3	70	34	5,829
3	70	42	0,809
3	70	43	5,809
3	70	45	4,71
3	70	46	10,672
3	70	49	1,077
3	70	50	2,476
3	70	56	3,537
3	70	57	3,023
3	70	61	14,46
3	70	65	2,789
3	70	66	6,747
3	70	67	2,138
3	70	68	15,476
3	70	73	0,781
3	70	75	2,499
3	70	83	9,341
3	70	92	0,968
3	70	95	8,03
3	73	5	2,034
3	73	6	1,71
3	73	8	3,071
3	73	9	12,703
3	73	15	3,315
3	73	22	6,98
3	73	25	7,393
3	73	32	11,007
3	73	34	2,591
3	73	42	3,799
3	73	43	2,029
3	73	45	15,505
3	73	46	9,112
3	73	49	0,572
3	73	50	2,254
3	73	56	3,037
3	73	57	16,466
3	73	61	1,886
3	73	65	5,069
3	73	66	0,697
3	73	67	2,417
3	73	68	3,607
3	73	70	4,572
3	73	75	4,98
3	73	83	1,358
3	73	92	1,703
3	73	95	1,179
3	75	5	2,077
3	75	6	1,102
3	75	8	1,835
3	75	9	2,379
3	75	15	5,722
3	75	22	9,011
3	75	25	0,687
3	75	32	2,102
3	75	34	0,508
3	75	42	1,453
3	75	43	5,482
3	75	45	2,771
3	75	46	10,227
3	75	49	0,57
3	75	50	25,201
3	75	56	5,382
3	75	57	8,115
3	75	61	5,857
3	75	65	9,071
3	75	66	1,244
3	75	67	0,866
3	75	68	9,069
3	75	70	62,879
3	75	73	0,825
3	75	83	5,15
3	75	92	1,817
3	75	95	7,805
3	83	5	2,057
3	83	6	1,244
3	83	8	0,841
3	83	9	9,811
3	83	15	9,03
3	83	22	0,692
3	83	25	1,013
3	83	32	1,81
3	83	34	1,561
3	83	42	11,354
3	83	43	0,632
3	83	45	1,046
3	83	46	1,327
3	83	49	5,925
3	83	50	5,98
3	83	56	11,407
3	83	57	8,963
3	83	61	10,97
3	83	65	6,001
3	83	66	6,028
3	83	67	3,574
3	83	68	9,405
3	83	70	9,267
3	83	73	5,665
3	83	75	4,377
3	83	92	0,59
3	83	95	3,211
3	92	5	0,52
3	92	6	2,324
3	92	8	10,614
3	92	9	16,342
3	92	15	4,112
3	92	22	7,513
3	92	25	4,475
3	92	32	1,202
3	92	34	13,225
3	92	42	7,1
3	92	43	4,402
3	92	45	2,067
3	92	46	8,471
3	92	49	4,463
3	92	50	9,509
3	92	56	8,779
3	92	57	21,365
3	92	61	7,406
3	92	65	18,777
3	92	66	31,29
3	92	67	6,734
3	92	68	4,105
3	92	70	4,516
3	92	73	1,73
3	92	75	28,366
3	92	83	1,597
3	92	95	1,817
3	95	5	2,248
3	95	6	21,907
3	95	8	11,971
3	95	9	3,632
3	95	15	7,744
3	95	22	1,912
3	95	25	7,888
3	95	32	7,042
3	95	34	0,731
3	95	42	3,145
3	95	43	5,376
3	95	45	5,364
3	95	46	2,901
3	95	49	1,833
3	95	50	4,693
3	95	56	3,046
3	95	57	7,746
3	95	61	7,502
3	95	65	6,465
3	95	66	1,483
3	95	67	1,993
3	95	68	1,741
3	95	70	5,059
3	95	73	3,012
3	95	75	4,712
3	95	83	4,05
3	95	92	2,117
4	1	5	5,053
4	1	6	2,916
4	1	9	0,802
4	1	10	1,526
4	1	11	13,159
4	1	12	4,907
4	1	13	0,79
4	1	14	10,689
4	1	27	12,106
4	1	31	7,125
4	1	32	8,909
4	1	34	3,055
4	1	40	14,764
4	1	41	2,303
4	1	42	8,828
4	1	46	9,688
4	1	59	12,121
4	1	61	2,11
4	1	65	3,302
4	1	66	4,044
4	1	68	3,454
4	1	70	3,122
4	1	76	0,558
4	1	81	7,198
4	1	90	11,978
4	1	91	5,887
4	1	98	6,269
4	5	1	3,708
4	5	6	2,588
4	5	9	5,597
4	5	10	15,738
4	5	11	3,077
4	5	12	6,541
4	5	13	2,106
4	5	14	6,391
4	5	27	4,57
4	5	31	0,7
4	5	32	3,052
4	5	34	18,424
4	5	40	0,565
4	5	41	16,242
4	5	42	7,167
4	5	46	3,676
4	5	59	3,322
4	5	61	0,859
4	5	65	7,185
4	5	66	4,986
4	5	68	0,796
4	5	70	7,898
4	5	76	1,063
4	5	81	1,603
4	5	90	10,432
4	5	91	0,993
4	5	98	16,801
4	6	1	1,016
4	6	5	2,386
4	6	9	2,617
4	6	10	4,588
4	6	11	18,361
4	6	12	3,096
4	6	13	1,054
4	6	14	4,084
4	6	27	1,178
4	6	31	1,369
4	6	32	6,684
4	6	34	18,147
4	6	40	4,523
4	6	41	2,204
4	6	42	0,53
4	6	46	0,853
4	6	59	14,809
4	6	61	2,401
4	6	65	7,962
4	6	66	8,294
4	6	68	4,434
4	6	70	11,665
4	6	76	1,582
4	6	81	3,367
4	6	90	6,757
4	6	91	16,496
4	6	98	8,816
4	9	1	2,098
4	9	5	11,428
4	9	6	1,597
4	9	10	12,729
4	9	11	0,989
4	9	12	1,429
4	9	13	16,616
4	9	14	5,224
4	9	27	14,421
4	9	31	7,639
4	9	32	4,27
4	9	34	8,27
4	9	40	1,659
4	9	41	1,035
4	9	42	1,085
4	9	46	7,881
4	9	59	8,883
4	9	61	1,868
4	9	65	3,722
4	9	66	10,02
4	9	68	4,865
4	9	70	12,907
4	9	76	2,759
4	9	81	2,824
4	9	90	8,393
4	9	91	2,367
4	9	98	16,227
4	10	1	3,535
4	10	5	8,86
4	10	6	7,834
4	10	9	7,868
4	10	11	6,345
4	10	12	5,18
4	10	13	0,984
4	10	14	3,207
4	10	27	8,453
4	10	31	2,649
4	10	32	1,64
4	10	34	11,047
4	10	40	1,041
4	10	41	14,28
4	10	42	1,746
4	10	46	4,597
4	10	59	4,444
4	10	61	5,006
4	10	65	0,649
4	10	66	0,993
4	10	68	1,687
4	10	70	1,148
4	10	76	29,897
4	10	81	2,003
4	10	90	3,286
4	10	91	7,954
4	10	98	3,93
4	11	1	11,132
4	11	5	7,809
4	11	6	2,476
4	11	9	0,75
4	11	10	7,528
4	11	12	8,474
4	11	13	1,822
4	11	14	3,168
4	11	27	8,547
4	11	31	49,41
4	11	32	5,506
4	11	34	5,941
4	11	40	1,706
4	11	41	5,924
4	11	42	14,869
4	11	46	14,663
4	11	59	3,96
4	11	61	14,972
4	11	65	19,921
4	11	66	8,127
4	11	68	10,443
4	11	70	16,291
4	11	76	11,85
4	11	81	3,223
4	11	90	0,597
4	11	91	1,79
4	11	98	1,75
4	12	1	4,778
4	12	5	0,885
4	12	6	3,059
4	12	9	1,966
4	12	10	4,51
4	12	11	1,156
4	12	13	1,49
4	12	14	3,704
4	12	27	8,964
4	12	31	24,375
4	12	32	6,432
4	12	34	6,284
4	12	40	3,108
4	12	41	1,01
4	12	42	4,004
4	12	46	0,647
4	12	59	1,114
4	12	61	11,505
4	12	65	9,75
4	12	66	0,915
4	12	68	34,708
4	12	70	2,144
4	12	76	27,888
4	12	81	1,556
4	12	90	3,809
4	12	91	15,583
4	12	98	0,762
4	13	1	2,819
4	13	5	6,078
4	13	6	1,111
4	13	9	8,006
4	13	10	0,971
4	13	11	3,665
4	13	12	2,609
4	13	14	39,786
4	13	27	7,962
4	13	31	1,874
4	13	32	9,2
4	13	34	4,926
4	13	40	4,823
4	13	41	6,847
4	13	42	2,198
4	13	46	2,505
4	13	59	11,067
4	13	61	1,185
4	13	65	0,525
4	13	66	2,867
4	13	68	1,586
4	13	70	1,523
4	13	76	0,582
4	13	81	1,036
4	13	90	5,076
4	13	91	8,962
4	13	98	7,093
4	14	1	6,672
4	14	5	1,532
4	14	6	0,53
4	14	9	11,75
4	14	10	2,009
4	14	11	28,633
4	14	12	3,315
4	14	13	5,331
4	14	27	10,048
4	14	31	20,076
4	14	32	13,033
4	14	34	1,811
4	14	40	1,507
4	14	41	12,567
4	14	42	25,36
4	14	46	1,749
4	14	59	3,558
4	14	61	0,524
4	14	65	18,595
4	14	66	1,988
4	14	68	7,451
4	14	70	1,909
4	14	76	31,095
4	14	81	2,774
4	14	90	14,564
4	14	91	11,387
4	14	98	6,505
4	27	1	1,149
4	27	5	8,244
4	27	6	2,195
4	27	9	2,275
4	27	10	1,821
4	27	11	14,674
4	27	12	14,308
4	27	13	6,42
4	27	14	17,692
4	27	31	1,96
4	27	32	23,415
4	27	34	0,882
4	27	40	5,511
4	27	41	3,805
4	27	42	2,387
4	27	46	9,484
4	27	59	0,762
4	27	61	7,96
4	27	65	3,518
4	27	66	2,368
4	27	68	16,789
4	27	70	9,068
4	27	76	1,457
4	27	81	9,773
4	27	90	9,659
4	27	91	8,473
4	27	98	0,77
4	31	1	0,743
4	31	5	2,378
4	31	6	0,523
4	31	9	8,688
4	31	10	2,913
4	31	11	11,074
4	31	12	1,916
4	31	13	11,093
4	31	14	34,527
4	31	27	19,486
4	31	32	10,57
4	31	34	1,137
4	31	40	31,313
4	31	41	7,062
4	31	42	6,128
4	31	46	4,832
4	31	59	12,799
4	31	61	3,01
4	31	65	2,81
4	31	66	2,763
4	31	68	2,226
4	31	70	7,189
4	31	76	9,302
4	31	81	4,044
4	31	90	19,572
4	31	91	4,243
4	31	98	6,431
4	32	1	1,002
4	32	5	1,164
4	32	6	5,637
4	32	9	1,087
4	32	10	1,861
4	32	11	3,146
4	32	12	1,123
4	32	13	1,126
4	32	14	6,634
4	32	27	2,029
4	32	31	17,395
4	32	34	1,88
4	32	40	6,913
4	32	41	3,379
4	32	42	7,82
4	32	46	2,569
4	32	59	4,764
4	32	61	0,764
4	32	65	3,101
4	32	66	1,941
4	32	68	3,27
4	32	70	11,621
4	32	76	3,876
4	32	81	0,901
4	32	90	1,718
4	32	91	1,186
4	32	98	15,542
4	34	1	15,457
4	34	5	14,571
4	34	6	1,429
4	34	9	7,553
4	34	10	2,971
4	34	11	1,902
4	34	12	1,111
4	34	13	0,74
4	34	14	20,602
4	34	27	16,154
4	34	31	0,755
4	34	32	14,859
4	34	40	10,21
4	34	41	8,043
4	34	42	1,475
4	34	46	7,977
4	34	59	3,983
4	34	61	1,153
4	34	65	2,783
4	34	66	2,838
4	34	68	4,474
4	34	70	10,667
4	34	76	15,645
4	34	81	0,639
4	34	90	2,733
4	34	91	6,565
4	34	98	3,461
4	40	1	1,417
4	40	5	3,647
4	40	6	0,716
4	40	9	0,858
4	40	10	5,161
4	40	11	6,359
4	40	12	4,724
4	40	13	23,251
4	40	14	4,604
4	40	27	9,976
4	40	31	4,469
4	40	32	16,48
4	40	34	1,493
4	40	41	4,516
4	40	42	7,162
4	40	46	3,775
4	40	59	5,082
4	40	61	1,52
4	40	65	2,198
4	40	66	4,22
4	40	68	3,042
4	40	70	1,043
4	40	76	10,778
4	40	81	16,468
4	40	90	0,613
4	40	91	10,32
4	40	98	1,476
4	41	1	3,049
4	41	5	1,999
4	41	6	6,366
4	41	9	1,064
4	41	10	34,652
4	41	11	10,173
4	41	12	7,135
4	41	13	5,67
4	41	14	0,862
4	41	27	17,53
4	41	31	1,103
4	41	32	2,313
4	41	34	5,743
4	41	40	3,569
4	41	42	7,807
4	41	46	0,602
4	41	59	5,516
4	41	61	1,751
4	41	65	7,476
4	41	66	13,375
4	41	68	6,128
4	41	70	11,399
4	41	76	8,659
4	41	81	25,264
4	41	90	6,36
4	41	91	17,75
4	41	98	2,429
4	42	1	10,994
4	42	5	4,205
4	42	6	3,254
4	42	9	2,106
4	42	10	5,659
4	42	11	7,721
4	42	12	2,38
4	42	13	8,309
4	42	14	2,533
4	42	27	1,153
4	42	31	3,639
4	42	32	11,396
4	42	34	5,661
4	42	40	4,693
4	42	41	5,946
4	42	46	8,584
4	42	59	15,797
4	42	61	9,699
4	42	65	15,261
4	42	66	12,729
4	42	68	4,871
4	42	70	3,756
4	42	76	6,322
4	42	81	6,319
4	42	90	1,899
4	42	91	7,133
4	42	98	7,367
4	46	1	6,63
4	46	5	11,948
4	46	6	2,287
4	46	9	5,77
4	46	10	1,78
4	46	11	4,918
4	46	12	6,897
4	46	13	2,209
4	46	14	2,389
4	46	27	17,286
4	46	31	5,405
4	46	32	5,762
4	46	34	2,273
4	46	40	0,639
4	46	41	1,887
4	46	42	0,662
4	46	59	4,357
4	46	61	11,074
4	46	65	6,631
4	46	66	4,789
4	46	68	1,245
4	46	70	5,429
4	46	76	32,809
4	46	81	4,19
4	46	90	6,219
4	46	91	1,344
4	46	98	1,722
4	59	1	5,419
4	59	5	1,458
4	59	6	2,307
4	59	9	7,385
4	59	10	5,241
4	59	11	11,961
4	59	12	0,557
4	59	13	23,113
4	59	14	5,143
4	59	27	20,329
4	59	31	2,008
4	59	32	0,778
4	59	34	2,529
4	59	40	19,616
4	59	41	28,788
4	59	42	0,675
4	59	46	3,422
4	59	61	1,425
4	59	65	12,06
4	59	66	0,821
4	59	68	3,684
4	59	70	1,504
4	59	76	7,595
4	59	81	1,178
4	59	90	13,126
4	59	91	3,634
4	59	98	1,99
4	61	1	0,943
4	61	5	24,631
4	61	6	1,958
4	61	9	14,261
4	61	10	0,527
4	61	11	0,505
4	61	12	4,509
4	61	13	9,083
4	61	14	3,253
4	61	27	14,12
4	61	31	2,82
4	61	32	6,762
4	61	34	2,695
4	61	40	0,663
4	61	41	2,469
4	61	42	9,598
4	61	46	5,507
4	61	59	1,047
4	61	65	11,188
4	61	66	12,953
4	61	68	9,888
4	61	70	1,285
4	61	76	4,962
4	61	81	4,844
4	61	90	9,442
4	61	91	32,6
4	61	98	2,44
4	65	1	0,867
4	65	5	0,921
4	65	6	9,495
4	65	9	1,086
4	65	10	1,788
4	65	11	5,027
4	65	12	3,548
4	65	13	8,125
4	65	14	2,617
4	65	27	5,359
4	65	31	3,887
4	65	32	22,658
4	65	34	19,115
4	65	40	7,591
4	65	41	5,742
4	65	42	5,754
4	65	46	4,754
4	65	59	17,447
4	65	61	2,731
4	65	66	19,588
4	65	68	10,585
4	65	70	7,528
4	65	76	2,172
4	65	81	2,153
4	65	90	4,96
4	65	91	3,223
4	65	98	3,282
4	66	1	4,583
4	66	5	0,563
4	66	6	4,666
4	66	9	2,215
4	66	10	14,244
4	66	11	9,879
4	66	12	6,044
4	66	13	5,393
4	66	14	0,611
4	66	27	7,607
4	66	31	1,363
4	66	32	7,752
4	66	34	5,306
4	66	40	3,072
4	66	41	1,637
4	66	42	1,66
4	66	46	3,369
4	66	59	0,985
4	66	61	1,111
4	66	65	11,043
4	66	68	5,881
4	66	70	3,3
4	66	76	17,256
4	66	81	8,803
4	66	90	3,701
4	66	91	3,335
4	66	98	5,874
4	68	1	1,582
4	68	5	16,384
4	68	6	6,488
4	68	9	8,972
4	68	10	1,491
4	68	11	3,58
4	68	12	2,748
4	68	13	8,032
4	68	14	4,391
4	68	27	1,252
4	68	31	0,914
4	68	32	8,814
4	68	34	2,466
4	68	40	9,755
4	68	41	1,987
4	68	42	9,193
4	68	46	6,672
4	68	59	0,606
4	68	61	3,011
4	68	65	3,802
4	68	66	0,693
4	68	70	2,341
4	68	76	6,457
4	68	81	1,554
4	68	90	7,689
4	68	91	3,591
4	68	98	2,412
4	70	1	6,133
4	70	5	5,561
4	70	6	3,996
4	70	9	1,541
4	70	10	2,806
4	70	11	17,975
4	70	12	12,003
4	70	13	3,323
4	70	14	16,358
4	70	27	3,906
4	70	31	12,87
4	70	32	3,299
4	70	34	29,093
4	70	40	13,341
4	70	41	1,797
4	70	42	10,678
4	70	46	3,95
4	70	59	0,876
4	70	61	1,264
4	70	65	12,366
4	70	66	7,019
4	70	68	7,005
4	70	76	8,524
4	70	81	5,04
4	70	90	17,597
4	70	91	1,895
4	70	98	0,652
4	76	1	11,255
4	76	5	1,006
4	76	6	2,443
4	76	9	7,661
4	76	10	5,976
4	76	11	1,021
4	76	12	1,69
4	76	13	5,199
4	76	14	12,668
4	76	27	2,516
4	76	31	5,469
4	76	32	2,963
4	76	34	2,609
4	76	40	2,706
4	76	41	4,595
4	76	42	12,37
4	76	46	2,099
4	76	59	1,17
4	76	61	3,638
4	76	65	9,349
4	76	66	1,326
4	76	68	5,271
4	76	70	2,272
4	76	81	9,505
4	76	90	23,917
4	76	91	11,638
4	76	98	19,256
4	81	1	3,646
4	81	5	1,842
4	81	6	1,686
4	81	9	1,998
4	81	10	1,674
4	81	11	3,224
4	81	12	3,233
4	81	13	9,318
4	81	14	3,678
4	81	27	0,807
4	81	31	3,89
4	81	32	1,05
4	81	34	8,434
4	81	40	1,769
4	81	41	3,004
4	81	42	6,507
4	81	46	5,879
4	81	59	0,515
4	81	61	2,128
4	81	65	3,411
4	81	66	0,719
4	81	68	8,902
4	81	70	0,677
4	81	76	7,465
4	81	90	13,259
4	81	91	5,882
4	81	98	2,707
4	90	1	22,07
4	90	5	0,856
4	90	6	2,549
4	90	9	1,022
4	90	10	0,528
4	90	11	3,958
4	90	12	15,598
4	90	13	8,657
4	90	14	10,837
4	90	27	11,486
4	90	31	30,979
4	90	32	12,317
4	90	34	14,972
4	90	40	4,537
4	90	41	9,804
4	90	42	11,764
4	90	46	1,28
4	90	59	12,798
4	90	61	13,936
4	90	65	0,815
4	90	66	3,132
4	90	68	8,853
4	90	70	30,392
4	90	76	11,267
4	90	81	2,203
4	90	91	0,81
4	90	98	8,437
4	91	1	17,441
4	91	5	19,668
4	91	6	3,083
4	91	9	3,852
4	91	10	9,065
4	91	11	13,453
4	91	12	9,495
4	91	13	7,174
4	91	14	17,76
4	91	27	0,55
4	91	31	1,666
4	91	32	16,951
4	91	34	6,582
4	91	40	1,43
4	91	41	15,532
4	91	42	3,568
4	91	46	2,56
4	91	59	8,877
4	91	61	1,992
4	91	65	5,622
4	91	66	27,46
4	91	68	7,379
4	91	70	1,381
4	91	76	2,617
4	91	81	3,811
4	91	90	1,168
4	91	98	4,81
4	98	1	5,058
4	98	5	2,78
4	98	6	8,769
4	98	9	1,42
4	98	10	49,177
4	98	11	0,999
4	98	12	0,976
4	98	13	3,788
4	98	14	2,599
4	98	27	2,037
4	98	31	3,516
4	98	32	10,374
4	98	34	6,854
4	98	40	3,999
4	98	41	16,286
4	98	42	6,011
4	98	46	8,721
4	98	59	10,649
4	98	61	2,088
4	98	65	7,563
4	98	66	5,352
4	98	68	4,049
4	98	70	1,398
4	98	76	4,295
4	98	81	1,497
4	98	90	3,149
4	98	91	21,351
5	4	11	16,095
5	4	14	5,692
5	4	17	3,77
5	4	21	1,134
5	4	23	1,442
5	4	29	3,316
5	4	30	10,754
5	4	35	5,399
5	4	45	11,213
5	4	50	8,629
5	4	53	7,14
5	4	57	2,023
5	4	59	4,66
5	4	60	5,31
5	4	67	2,995
5	4	77	10,598
5	4	78	2,131
5	4	81	0,799
5	4	82	8,304
5	4	83	6,776
5	4	90	14,892
5	4	92	8,149
5	4	96	2,187
5	11	4	8,375
5	11	14	2,7
5	11	17	4,628
5	11	21	14,437
5	11	23	5,357
5	11	29	5,483
5	11	30	1,253
5	11	35	1,102
5	11	45	2,057
5	11	50	24,516
5	11	53	5,732
5	11	57	0,812
5	11	59	2,941
5	11	60	4,713
5	11	67	2,654
5	11	77	9,617
5	11	78	12,892
5	11	81	2,918
5	11	82	1,825
5	11	83	0,681
5	11	90	0,91
5	11	92	15,122
5	11	96	3,228
5	14	4	3,919
5	14	11	15,981
5	14	17	7,563
5	14	21	7,58
5	14	23	6,949
5	14	29	2,655
5	14	30	7,44
5	14	35	6,429
5	14	45	3,274
5	14	50	5,656
5	14	53	5,495
5	14	57	29,777
5	14	59	2,756
5	14	60	5,186
5	14	67	2,896
5	14	77	3,559
5	14	78	1,736
5	14	81	9,216
5	14	82	10,355
5	14	83	0,596
5	14	90	11,958
5	14	92	5,106
5	14	96	12,468
5	17	4	5,604
5	17	11	30,765
5	17	14	1,276
5	17	21	0,83
5	17	23	7,121
5	17	29	2,752
5	17	30	0,521
5	17	35	5,122
5	17	45	4,107
5	17	50	27,659
5	17	53	4,65
5	17	57	4,419
5	17	59	2,87
5	17	60	11,199
5	17	67	1,516
5	17	77	2,64
5	17	78	0,775
5	17	81	2,842
5	17	82	2,827
5	17	83	17,954
5	17	90	2,704
5	17	92	3,237
5	17	96	12,633
5	21	4	27,116
5	21	11	1,018
5	21	14	4,979
5	21	17	23,459
5	21	23	21,014
5	21	29	1,974
5	21	30	4,978
5	21	35	1,817
5	21	45	1,656
5	21	50	2,025
5	21	53	20,08
5	21	57	3,378
5	21	59	0,639
5	21	60	6,769
5	21	67	5,616
5	21	77	1,873
5	21	78	5,278
5	21	81	3,626
5	21	82	11,896
5	21	83	0,517
5	21	90	0,864
5	21	92	14,432
5	21	96	5,347
5	23	4	14,325
5	23	11	1,412
5	23	14	6,327
5	23	17	20,701
5	23	21	12,165
5	23	29	11,704
5	23	30	3,803
5	23	35	2,325
5	23	45	2,675
5	23	50	8,541
5	23	53	23,23
5	23	57	2,311
5	23	59	2,146
5	23	60	1,23
5	23	67	1,964
5	23	77	2,053
5	23	78	1,45
5	23	81	1,275
5	23	82	3,766
5	23	83	0,741
5	23	90	2,829
5	23	92	7,085
5	23	96	8,023
5	29	4	1,99
5	29	11	0,959
5	29	14	9,586
5	29	17	5,947
5	29	21	11,269
5	29	23	17,289
5	29	30	20,571
5	29	35	1,275
5	29	45	2,616
5	29	50	5,342
5	29	53	1,602
5	29	57	3,161
5	29	59	15,662
5	29	60	1,862
5	29	67	5,419
5	29	77	2,613
5	29	78	15,294
5	29	81	2,099
5	29	82	9,731
5	29	83	0,73
5	29	90	3,436
5	29	92	3,13
5	29	96	4,581
5	30	4	3,526
5	30	11	10,853
5	30	14	7,156
5	30	17	0,627
5	30	21	2,556
5	30	23	1,027
5	30	29	9,592
5	30	35	3,326
5	30	45	0,828
5	30	50	5,105
5	30	53	5,745
5	30	57	13,781
5	30	59	2,307
5	30	60	28,747
5	30	67	3,235
5	30	77	11,748
5	30	78	2,523
5	30	81	4,623
5	30	82	22,04
5	30	83	2,154
5	30	90	6,557
5	30	92	3,721
5	30	96	4,967
5	35	4	8,379
5	35	11	1,816
5	35	14	3,853
5	35	17	7,079
5	35	21	2,615
5	35	23	0,564
5	35	29	29,98
5	35	30	6,912
5	35	45	4,621
5	35	50	1,442
5	35	53	17,898
5	35	57	2,534
5	35	59	12,701
5	35	60	5,902
5	35	67	5,51
5	35	77	8,487
5	35	78	17,825
5	35	81	0,734
5	35	82	8,255
5	35	83	1,774
5	35	90	3,797
5	35	92	6,574
5	35	96	2,525
5	45	4	2,669
5	45	11	30,253
5	45	14	3,927
5	45	17	0,971
5	45	21	5,759
5	45	23	13,923
5	45	29	7,699
5	45	30	13,46
5	45	35	6,968
5	45	50	4,109
5	45	53	3,307
5	45	57	12,176
5	45	59	2,629
5	45	60	3,632
5	45	67	4,378
5	45	77	1,359
5	45	78	8,949
5	45	81	3,42
5	45	82	15,687
5	45	83	1,393
5	45	90	5,01
5	45	92	1,244
5	45	96	13,921
5	50	4	1,025
5	50	11	3,944
5	50	14	2,922
5	50	17	10,366
5	50	21	1,847
5	50	23	4,387
5	50	29	2,17
5	50	30	2,935
5	50	35	1,007
5	50	45	9,576
5	50	53	3,016
5	50	57	2,415
5	50	59	12,865
5	50	60	4,946
5	50	67	10,437
5	50	77	1,154
5	50	78	0,54
5	50	81	5,947
5	50	82	2,817
5	50	83	4,761
5	50	90	1,733
5	50	92	0,617
5	50	96	8,471
5	53	4	8,088
5	53	11	5,496
5	53	14	2,038
5	53	17	2,554
5	53	21	1,915
5	53	23	1,695
5	53	29	9,739
5	53	30	3,308
5	53	35	1,216
5	53	45	23,339
5	53	50	0,948
5	53	57	1,23
5	53	59	16,527
5	53	60	1,534
5	53	67	6,689
5	53	77	3,779
5	53	78	13,244
5	53	81	19,238
5	53	82	18,001
5	53	83	10,367
5	53	90	3,64
5	53	92	4,221
5	53	96	8,175
5	57	4	0,74
5	57	11	9,691
5	57	14	7,368
5	57	17	2,939
5	57	21	8,362
5	57	23	2,246
5	57	29	2,931
5	57	30	1,989
5	57	35	2,871
5	57	45	1,507
5	57	50	21,384
5	57	53	8,082
5	57	59	2,814
5	57	60	2,805
5	57	67	2,556
5	57	77	0,786
5	57	78	7,11
5	57	81	1,75
5	57	82	9,945
5	57	83	11,55
5	57	90	5,725
5	57	92	2,435
5	57	96	12,736
5	59	4	1,495
5	59	11	3,835
5	59	14	6,162
5	59	17	10,869
5	59	21	4,932
5	59	23	1,202
5	59	29	5,246
5	59	30	4,506
5	59	35	6,965
5	59	45	1,284
5	59	50	4,089
5	59	53	9,554
5	59	57	16,324
5	59	60	11,522
5	59	67	6,01
5	59	77	3,748
5	59	78	3,166
5	59	81	3,523
5	59	82	10,429
5	59	83	3,861
5	59	90	2,441
5	59	92	12,478
5	59	96	1,665
5	60	4	1,5
5	60	11	0,9
5	60	14	1,711
5	60	17	5,939
5	60	21	2,357
5	60	23	0,653
5	60	29	9,689
5	60	30	21,507
5	60	35	13,347
5	60	45	11,748
5	60	50	1,362
5	60	53	6,977
5	60	57	2,239
5	60	59	1,654
5	60	67	11,615
5	60	77	0,958
5	60	78	7,949
5	60	81	3,664
5	60	82	4,451
5	60	83	13,044
5	60	90	2,88
5	60	92	2,312
5	60	96	4,334
5	67	4	10,222
5	67	11	2,337
5	67	14	2,439
5	67	17	0,849
5	67	21	1,151
5	67	23	0,817
5	67	29	1,971
5	67	30	3,83
5	67	35	13,105
5	67	45	1,306
5	67	50	10,096
5	67	53	5,418
5	67	57	8,073
5	67	59	5,59
5	67	60	9,691
5	67	77	7,594
5	67	78	4,154
5	67	81	2,184
5	67	82	5,614
5	67	83	41,203
5	67	90	10,331
5	67	92	4,828
5	67	96	0,754
5	77	4	12,768
5	77	11	2,776
5	77	14	9,588
5	77	17	0,836
5	77	21	4,064
5	77	23	11,708
5	77	29	2,633
5	77	30	9,727
5	77	35	2,08
5	77	45	3,914
5	77	50	5,645
5	77	53	12,076
5	77	57	1,263
5	77	59	55,65
5	77	60	2,751
5	77	67	5,539
5	77	78	10,204
5	77	81	14,674
5	77	82	7,52
5	77	83	7,241
5	77	90	3,45
5	77	92	4,515
5	77	96	15,581
5	78	4	3,895
5	78	11	14,397
5	78	14	3,524
5	78	17	9,97
5	78	21	10,722
5	78	23	14,23
5	78	29	4,197
5	78	30	2,367
5	78	35	0,546
5	78	45	0,938
5	78	50	6,002
5	78	53	6,087
5	78	57	2,468
5	78	59	18,013
5	78	60	1,442
5	78	67	8,008
5	78	77	9,35
5	78	81	6,051
5	78	82	4,961
5	78	83	7,379
5	78	90	4,55
5	78	92	4,15
5	78	96	20,1
5	81	4	6,994
5	81	11	1,225
5	81	14	1,228
5	81	17	4,511
5	81	21	4,824
5	81	23	11,166
5	81	29	4,252
5	81	30	24,545
5	81	35	2,471
5	81	45	14,175
5	81	50	12,614
5	81	53	0,902
5	81	57	0,828
5	81	59	6,429
5	81	60	0,54
5	81	67	4,717
5	81	77	39,19
5	81	78	3,311
5	81	82	15,841
5	81	83	2,726
5	81	90	8,354
5	81	92	3,535
5	81	96	7,349
5	82	4	0,754
5	82	11	7,596
5	82	14	0,69
5	82	17	3,134
5	82	21	1,643
5	82	23	16,238
5	82	29	8,372
5	82	30	4,497
5	82	35	3,089
5	82	45	15,393
5	82	50	20,654
5	82	53	18,066
5	82	57	11,481
5	82	59	0,614
5	82	60	13,915
5	82	67	1,033
5	82	77	0,822
5	82	78	3,487
5	82	81	7,046
5	82	83	2,032
5	82	90	23,409
5	82	92	0,793
5	82	96	0,626
5	83	4	5,799
5	83	11	0,769
5	83	14	0,589
5	83	17	2,22
5	83	21	6,358
5	83	23	3,497
5	83	29	16,054
5	83	30	1,089
5	83	35	3,56
5	83	45	0,854
5	83	50	2,503
5	83	53	1,964
5	83	57	3,64
5	83	59	0,553
5	83	60	4,484
5	83	67	1,652
5	83	77	0,527
5	83	78	2,732
5	83	81	2,267
5	83	82	3,825
5	83	90	5,86
5	83	92	10,318
5	83	96	12,673
5	90	4	2,653
5	90	11	2,439
5	90	14	2,028
5	90	17	1,549
5	90	21	1,954
5	90	23	3,661
5	90	29	1,607
5	90	30	1,418
5	90	35	7,426
5	90	45	5,708
5	90	50	6,917
5	90	53	8,455
5	90	57	9,155
5	90	59	2,167
5	90	60	3,437
5	90	67	4,041
5	90	77	2,895
5	90	78	10,045
5	90	81	1,709
5	90	82	0,672
5	90	83	4,522
5	90	92	0,816
5	90	96	14,994
5	92	4	0,938
5	92	11	9,005
5	92	14	1,297
5	92	17	0,587
5	92	21	2,62
5	92	23	3,413
5	92	29	1,3
5	92	30	0,865
5	92	35	5,281
5	92	45	11,795
5	92	50	3,968
5	92	53	0,946
5	92	57	5,164
5	92	59	2,705
5	92	60	1,763
5	92	67	5,134
5	92	77	12,053
5	92	78	0,961
5	92	81	2,991
5	92	82	2,658
5	92	83	5,631
5	92	90	1,125
5	92	96	3,619
5	96	4	3,883
5	96	11	9,741
5	96	14	3,646
5	96	17	1,452
5	96	21	30,773
5	96	23	4,201
5	96	29	2,259
5	96	30	1,126
5	96	35	17,269
5	96	45	1,303
5	96	50	7,075
5	96	53	0,51
5	96	57	6,84
5	96	59	3,682
5	96	60	1,843
5	96	67	6,272
5	96	77	13,075
5	96	78	6,311
5	96	81	19,711
5	96	82	1,882
5	96	83	5,225
5	96	90	2,696
5	96	92	1,742
6	2	3	2,359
6	2	5	16,055
6	2	9	2,308
6	2	18	21,269
6	2	33	25,445
6	2	41	18,983
6	2	52	10,002
6	2	54	11,704
6	2	59	12,363
6	2	71	7,084
6	2	92	5,392
6	2	96	3,209
6	3	2	2,601
6	3	5	3,602
6	3	9	1,097
6	3	18	4,164
6	3	33	1,451
6	3	41	7,662
6	3	52	14,724
6	3	54	23,084
6	3	59	0,621
6	3	71	17,254
6	3	92	3,7
6	3	96	17,324
6	5	2	3,566
6	5	3	15,351
6	5	9	0,884
6	5	18	2,622
6	5	33	14,705
6	5	41	0,535
6	5	52	0,597
6	5	54	6,424
6	5	59	1,397
6	5	71	2,128
6	5	92	7,721
6	5	96	3,689
6	9	2	8,939
6	9	3	4,151
6	9	5	3,69
6	9	18	2,278
6	9	33	2,16
6	9	41	3,612
6	9	52	0,52
6	9	54	1,534
6	9	59	3,68
6	9	71	2,016
6	9	92	13,716
6	9	96	1,508
6	18	2	3,98
6	18	3	11,714
6	18	5	2,153
6	18	9	0,935
6	18	33	9,517
6	18	41	11,056
6	18	52	1,795
6	18	54	4,073
6	18	59	15,668
6	18	71	10,699
6	18	92	6,638
6	18	96	0,816
6	33	2	4,597
6	33	3	5,582
6	33	5	3,823
6	33	9	0,954
6	33	18	2,618
6	33	41	41,244
6	33	52	4,824
6	33	54	4,701
6	33	59	5,04
6	33	71	1,003
6	33	92	0,799
6	33	96	2,039
6	41	2	2,563
6	41	3	9,69
6	41	5	0,809
6	41	9	2,153
6	41	18	10,288
6	41	33	1,833
6	41	52	2,4
6	41	54	2,228
6	41	59	12,243
6	41	71	2,045
6	41	92	12,487
6	41	96	23,977
6	52	2	6,942
6	52	3	10,713
6	52	5	7,006
6	52	9	1,782
6	52	18	4,914
6	52	33	5,697
6	52	41	18,546
6	52	54	11,018
6	52	59	2,376
6	52	71	8,785
6	52	92	2,566
6	52	96	0,913
6	54	2	3,578
6	54	3	1,714
6	54	5	2,854
6	54	9	7,71
6	54	18	8,827
6	54	33	47,239
6	54	41	23,163
6	54	52	0,578
6	54	59	2,985
6	54	71	16,056
6	54	92	4,96
6	54	96	1,124
6	59	2	1,139
6	59	3	2,947
6	59	5	1,329
6	59	9	0,82
6	59	18	3,066
6	59	33	4,642
6	59	41	9,684
6	59	52	5,188
6	59	54	2,423
6	59	71	21,062
6	59	92	3,365
6	59	96	5,14
6	71	2	2,3
6	71	3	5,542
6	71	5	1,343
6	71	9	11,781
6	71	18	16,863
6	71	33	47,16
6	71	41	1,9
6	71	52	2,178
6	71	54	2,905
6	71	59	1,898
6	71	92	9,312
6	71	96	0,622
6	92	2	8,006
6	92	3	27,54
6	92	5	5,562
6	92	9	0,743
6	92	18	1,373
6	92	33	2,283
6	92	41	3,427
6	92	52	3,963
6	92	54	5,231
6	92	59	7,726
6	92	71	1,089
6	92	96	7,928
6	96	2	16,67
6	96	3	1,477
6	96	5	42,587
6	96	9	1,737
6	96	18	16,467
6	96	33	2,339
6	96	41	10,371
6	96	52	2,279
6	96	54	7,457
6	96	59	4,146
6	96	71	12,736
6	96	92	2,739
7	6	10	15,816
7	6	13	24,868
7	6	23	6,479
7	6	25	1,431
7	6	26	1,946
7	6	28	3,615
7	6	30	3,46
7	6	33	14,049
7	6	43	1,495
7	6	46	2,235
7	6	47	8,517
7	6	48	8,974
7	6	68	3,001
7	6	83	2,739
7	6	84	3,769
7	6	85	2,267
7	6	90	12,562
7	6	93	1,116
7	6	95	0,748
7	10	6	2,122
7	10	13	1,491
7	10	23	19,351
7	10	25	0,805
7	10	26	16,468
7	10	28	1,816
7	10	30	7,031
7	10	33	9,728
7	10	43	5,16
7	10	46	13,285
7	10	47	8,788
7	10	48	6,273
7	10	68	2,809
7	10	83	4,963
7	10	84	4,624
7	10	85	15,371
7	10	90	0,975
7	10	93	1,107
7	10	95	15,861
7	13	6	2,72
7	13	10	0,64
7	13	23	3,807
7	13	25	9,237
7	13	26	1,624
7	13	28	0,836
7	13	30	2,286
7	13	33	3,979
7	13	43	2,542
7	13	46	2,442
7	13	47	1,342
7	13	48	3,567
7	13	68	2,963
7	13	83	9,148
7	13	84	2,174
7	13	85	3,221
7	13	90	2,724
7	13	93	2,39
7	13	95	12,545
7	23	6	10,764
7	23	10	3,165
7	23	13	1,52
7	23	25	4,523
7	23	26	2,325
7	23	28	0,909
7	23	30	9,287
7	23	33	0,661
7	23	43	1,131
7	23	46	2,901
7	23	47	1,146
7	23	48	13,273
7	23	68	10,935
7	23	83	3,149
7	23	84	2,24
7	23	85	1,574
7	23	90	2,337
7	23	93	1,421
7	23	95	5,892
7	25	6	3,384
7	25	10	21,541
7	25	13	0,865
7	25	23	5,624
7	25	26	10,244
7	25	28	3,594
7	25	30	1,676
7	25	33	8,13
7	25	43	1,483
7	25	46	1,11
7	25	47	3,492
7	25	48	3,176
7	25	68	6,197
7	25	83	2,051
7	25	84	6,298
7	25	85	22,814
7	25	90	2,379
7	25	93	2,763
7	25	95	5,453
7	26	6	0,676
7	26	10	4,364
7	26	13	9,612
7	26	23	1,479
7	26	25	9,175
7	26	28	6,28
7	26	30	12,469
7	26	33	1,737
7	26	43	4,03
7	26	46	2,173
7	26	47	10,437
7	26	48	1,008
7	26	68	7,227
7	26	83	2,442
7	26	84	1,248
7	26	85	1,709
7	26	90	7,983
7	26	93	7,208
7	26	95	9,304
7	28	6	9,397
7	28	10	8,493
7	28	13	4,791
7	28	23	0,806
7	28	25	13,52
7	28	26	4,428
7	28	30	8,305
7	28	33	3,621
7	28	43	11,674
7	28	46	3,735
7	28	47	9,902
7	28	48	10,42
7	28	68	7,782
7	28	83	3,636
7	28	84	1,996
7	28	85	8,272
7	28	90	4,985
7	28	93	0,793
7	28	95	2,37
7	30	6	1,785
7	30	10	11,639
7	30	13	1,556
7	30	23	1,746
7	30	25	1,964
7	30	26	5,602
7	30	28	6,579
7	30	33	1,212
7	30	43	1,236
7	30	46	3,844
7	30	47	0,862
7	30	48	1,535
7	30	68	3,55
7	30	83	9,659
7	30	84	3,343
7	30	85	3,783
7	30	90	2,062
7	30	93	0,869
7	30	95	8,627
7	33	6	4,914
7	33	10	1,997
7	33	13	5,008
7	33	23	0,554
7	33	25	7,345
7	33	26	4,436
7	33	28	3,437
7	33	30	4,798
7	33	43	22,231
7	33	46	2,448
7	33	47	5,554
7	33	48	26,124
7	33	68	8,877
7	33	83	2,026
7	33	84	17,313
7	33	85	2,79
7	33	90	3,509
7	33	93	4,403
7	33	95	0,805
7	43	6	1,618
7	43	10	3,65
7	43	13	10,823
7	43	23	2,961
7	43	25	9,338
7	43	26	14,56
7	43	28	11,969
7	43	30	6,671
7	43	33	1,572
7	43	46	0,875
7	43	47	9,427
7	43	48	4,222
7	43	68	1,231
7	43	83	29,471
7	43	84	20,005
7	43	85	4,225
7	43	90	18,062
7	43	93	2,272
7	43	95	21,635
7	46	6	10,905
7	46	10	23,551
7	46	13	2,122
7	46	23	2,12
7	46	25	31,864
7	46	26	4,256
7	46	28	1,498
7	46	30	2,772
7	46	33	8,079
7	46	43	19,193
7	46	47	1,971
7	46	48	4,077
7	46	68	0,936
7	46	83	21,611
7	46	84	2,589
7	46	85	2,571
7	46	90	3,245
7	46	93	0,864
7	46	95	18,382
7	47	6	2,074
7	47	10	5,488
7	47	13	12,746
7	47	23	12,145
7	47	25	14,144
7	47	26	9,49
7	47	28	7,652
7	47	30	16,078
7	47	33	31,383
7	47	43	0,697
7	47	46	6,508
7	47	48	11,14
7	47	68	2,857
7	47	83	3,555
7	47	84	6,795
7	47	85	4,884
7	47	90	1,733
7	47	93	3,483
7	47	95	43,629
7	48	6	1,054
7	48	10	1,402
7	48	13	10,752
7	48	23	29,388
7	48	25	7,218
7	48	26	13,335
7	48	28	23,021
7	48	30	4,524
7	48	33	3,242
7	48	43	12,375
7	48	46	1,077
7	48	47	10,261
7	48	68	1,793
7	48	83	2,691
7	48	84	5,421
7	48	85	1,593
7	48	90	3,079
7	48	93	8,771
7	48	95	9,941
7	68	6	7,762
7	68	10	4,378
7	68	13	13,83
7	68	23	10,429
7	68	25	2,036
7	68	26	2,206
7	68	28	2,324
7	68	30	3,175
7	68	33	6,994
7	68	43	3,568
7	68	46	26,941
7	68	47	8,471
7	68	48	18,692
7	68	83	4,649
7	68	84	6,325
7	68	85	3,734
7	68	90	1,583
7	68	93	35,48
7	68	95	5,574
7	83	6	3,281
7	83	10	2,809
7	83	13	3,563
7	83	23	7,922
7	83	25	8,352
7	83	26	2,271
7	83	28	4,58
7	83	30	2,988
7	83	33	4,116
7	83	43	0,517
7	83	46	13,371
7	83	47	1,614
7	83	48	0,525
7	83	68	14,174
7	83	84	0,706
7	83	85	7,742
7	83	90	2,414
7	83	93	3,392
7	83	95	6,369
7	84	6	7,736
7	84	10	2,126
7	84	13	15,953
7	84	23	17,344
7	84	25	1,989
7	84	26	2,862
7	84	28	3,805
7	84	30	1,099
7	84	33	3,27
7	84	43	15,092
7	84	46	5,071
7	84	47	1,056
7	84	48	2,636
7	84	68	8,675
7	84	83	1,587
7	84	85	4,786
7	84	90	1,432
7	84	93	12,021
7	84	95	2,098
7	85	6	2,501
7	85	10	6,812
7	85	13	1,993
7	85	23	1,682
7	85	25	14,599
7	85	26	1,507
7	85	28	0,52
7	85	30	3,553
7	85	33	11,974
7	85	43	6,538
7	85	46	2,063
7	85	47	2,389
7	85	48	26,244
7	85	68	20,984
7	85	83	1,804
7	85	84	5,131
7	85	90	10,652
7	85	93	12,434
7	85	95	0,894
7	90	6	7,391
7	90	10	25,831
7	90	13	4,227
7	90	23	10,971
7	90	25	1,154
7	90	26	5,701
7	90	28	1,79
7	90	30	5,49
7	90	33	0,771
7	90	43	11,391
7	90	46	12,542
7	90	47	3,676
7	90	48	3,735
7	90	68	8,093
7	90	83	3,272
7	90	84	3,058
7	90	85	11,053
7	90	93	0,897
7	90	95	1,116
7	93	6	0,683
7	93	10	1,06
7	93	13	0,537
7	93	23	7,679
7	93	25	1,503
7	93	26	2,184
7	93	28	0,751
7	93	30	17,256
7	93	33	11,898
7	93	43	2,13
7	93	46	1,821
7	93	47	7,903
7	93	48	5,136
7	93	68	16,633
7	93	83	3,523
7	93	84	0,547
7	93	85	0,837
7	93	90	8,488
7	93	95	6,284
7	95	6	1,138
7	95	10	1,45
7	95	13	2,782
7	95	23	0,737
7	95	25	12,341
7	95	26	7,92
7	95	28	2,303
7	95	30	7,23
7	95	33	3,008
7	95	43	1,128
7	95	46	3,761
7	95	47	8,081
7	95	48	4,733
7	95	68	4,044
7	95	83	5,459
7	95	84	2,665
7	95	85	7,119
7	95	90	3,971
7	95	93	17,762
8	4	9	6,14
8	4	10	4,026
8	4	20	2,808
8	4	21	1,848
8	4	25	9,706
8	4	29	18,606
8	4	30	1,014
8	4	31	14,069
8	4	37	3,315
8	4	42	0,769
8	4	43	20,102
8	4	44	9,143
8	4	47	1,429
8	4	48	22,808
8	4	52	10,4
8	4	54	0,62
8	4	60	0,917
8	4	61	3,518
8	4	62	1,115
8	4	64	3,8
8	4	68	4,862
8	4	78	2,426
8	4	79	7,174
8	4	80	4,234
8	4	81	0,688
8	4	87	5,581
8	4	91	3,567
8	4	95	9,278
8	4	98	7,388
8	4	99	6,547
8	9	4	6,644
8	9	10	1,109
8	9	20	4,273
8	9	21	25,29
8	9	25	2,18
8	9	29	19,673
8	9	30	12,369
8	9	31	11,893
8	9	37	19,704
8	9	42	7,792
8	9	43	9,444
8	9	44	8,851
8	9	47	7,103
8	9	48	9,46
8	9	52	12,224
8	9	54	17,656
8	9	60	25,094
8	9	61	3,691
8	9	62	4,362
8	9	64	3,896
8	9	68	5,103
8	9	78	3,002
8	9	79	6,949
8	9	80	2,365
8	9	81	7,106
8	9	87	3,604
8	9	91	2,771
8	9	95	2,308
8	9	98	6,595
8	9	99	10,684
8	10	4	18,617
8	10	9	5,555
8	10	20	2,602
8	10	21	9,831
8	10	25	4,367
8	10	29	11,272
8	10	30	2,887
8	10	31	0,823
8	10	37	21,458
8	10	42	4,397
8	10	43	5,28
8	10	44	11,781
8	10	47	5,752
8	10	48	7,451
8	10	52	1,046
8	10	54	3,892
8	10	60	23,384
8	10	61	0,611
8	10	62	3,704
8	10	64	3,845
8	10	68	0,649
8	10	78	27,173
8	10	79	5,639
8	10	80	4,657
8	10	81	25,657
8	10	87	3,041
8	10	91	3,44
8	10	95	0,781
8	10	98	5,467
8	10	99	5,906
8	20	4	1,686
8	20	9	3,117
8	20	10	2,194
8	20	21	1,631
8	20	25	8,163
8	20	29	2,455
8	20	30	4,663
8	20	31	11,137
8	20	37	2,598
8	20	42	10,593
8	20	43	4,586
8	20	44	22,111
8	20	47	8,12
8	20	48	1,459
8	20	52	9,367
8	20	54	4,747
8	20	60	4,604
8	20	61	5,3
8	20	62	3,585
8	20	64	7,086
8	20	68	0,961
8	20	78	11,753
8	20	79	1,934
8	20	80	1,341
8	20	81	1,219
8	20	87	2,58
8	20	91	2,877
8	20	95	8,475
8	20	98	14,246
8	20	99	6,619
8	21	4	1,014
8	21	9	8,246
8	21	10	3,278
8	21	20	2,379
8	21	25	1,387
8	21	29	2,684
8	21	30	1,742
8	21	31	2,057
8	21	37	2,198
8	21	42	2,626
8	21	43	6,26
8	21	44	13,437
8	21	47	0,831
8	21	48	15,643
8	21	52	3,631
8	21	54	2,231
8	21	60	16,477
8	21	61	2,06
8	21	62	2,165
8	21	64	6,29
8	21	68	2,131
8	21	78	4,714
8	21	79	20,814
8	21	80	4,198
8	21	81	0,674
8	21	87	10,215
8	21	91	4,294
8	21	95	11,516
8	21	98	2,429
8	21	99	2,394
8	25	4	1,191
8	25	9	15,185
8	25	10	3,186
8	25	20	10,396
8	25	21	1,857
8	25	29	2,048
8	25	30	2,267
8	25	31	15,968
8	25	37	19,096
8	25	42	4,766
8	25	43	2,839
8	25	44	1,746
8	25	47	7,135
8	25	48	1,126
8	25	52	2,917
8	25	54	5,629
8	25	60	1,668
8	25	61	0,927
8	25	62	14,215
8	25	64	0,9
8	25	68	8,961
8	25	78	6,52
8	25	79	28,468
8	25	80	7,23
8	25	81	5,127
8	25	87	6,741
8	25	91	7,558
8	25	95	1,76
8	25	98	11,655
8	25	99	22,907
8	29	4	5,811
8	29	9	6,339
8	29	10	8,506
8	29	20	5,369
8	29	21	0,763
8	29	25	18,79
8	29	30	2,812
8	29	31	7,583
8	29	37	3,091
8	29	42	1,832
8	29	43	5,749
8	29	44	13,115
8	29	47	23,842
8	29	48	2,507
8	29	52	12,919
8	29	54	2,931
8	29	60	15,397
8	29	61	5,946
8	29	62	11,362
8	29	64	17,298
8	29	68	3,761
8	29	78	2,612
8	29	79	0,837
8	29	80	4,723
8	29	81	1,102
8	29	87	7,535
8	29	91	4,154
8	29	95	4,09
8	29	98	4,289
8	29	99	5,856
8	30	4	16,207
8	30	9	2,624
8	30	10	2,828
8	30	20	1,417
8	30	21	7,018
8	30	25	0,64
8	30	29	5,549
8	30	31	1,76
8	30	37	3,438
8	30	42	2,366
8	30	43	1,601
8	30	44	2,206
8	30	47	2,283
8	30	48	7,445
8	30	52	4,39
8	30	54	14,419
8	30	60	3,828
8	30	61	11,061
8	30	62	1,505
8	30	64	4,388
8	30	68	3,689
8	30	78	7,855
8	30	79	2,567
8	30	80	7,917
8	30	81	1,054
8	30	87	3,848
8	30	91	54,416
8	30	95	11,582
8	30	98	17,409
8	30	99	9,209
8	31	4	0,774
8	31	9	12,096
8	31	10	3,463
8	31	20	11,99
8	31	21	6,181
8	31	25	18,393
8	31	29	4,51
8	31	30	17,116
8	31	37	1,57
8	31	42	1,77
8	31	43	2,542
8	31	44	4,357
8	31	47	2,356
8	31	48	4,933
8	31	52	0,802
8	31	54	2,525
8	31	60	4,187
8	31	61	2,096
8	31	62	2,546
8	31	64	3,03
8	31	68	4,876
8	31	78	3,117
8	31	79	3,541
8	31	80	21,353
8	31	81	2,543
8	31	87	11,138
8	31	91	5,407
8	31	95	38,398
8	31	98	0,788
8	31	99	6,314
8	37	4	16,919
8	37	9	6,237
8	37	10	6,463
8	37	20	6,656
8	37	21	7,975
8	37	25	7,352
8	37	29	1,11
8	37	30	2,723
8	37	31	2,463
8	37	42	7,61
8	37	43	3,907
8	37	44	14,307
8	37	47	28,325
8	37	48	9,62
8	37	52	1,715
8	37	54	11,084
8	37	60	1,333
8	37	61	15,562
8	37	62	3,214
8	37	64	4,119
8	37	68	6,293
8	37	78	2,308
8	37	79	1,245
8	37	80	2,778
8	37	81	5,036
8	37	87	0,822
8	37	91	0,531
8	37	95	4,734
8	37	98	8,434
8	37	99	11,24
8	42	4	9,144
8	42	9	1,155
8	42	10	1,771
8	42	20	2,034
8	42	21	3,861
8	42	25	13,986
8	42	29	13,732
8	42	30	2,779
8	42	31	2,058
8	42	37	1,029
8	42	43	4,532
8	42	44	0,692
8	42	47	11,14
8	42	48	5,502
8	42	52	11,427
8	42	54	1,396
8	42	60	7,924
8	42	61	0,984
8	42	62	4,615
8	42	64	0,826
8	42	68	1,644
8	42	78	8,65
8	42	79	10,596
8	42	80	9,828
8	42	81	2,543
8	42	87	1,3
8	42	91	2,575
8	42	95	2,221
8	42	98	0,683
8	42	99	0,506
8	43	4	4,445
8	43	9	14,047
8	43	10	2,27
8	43	20	0,585
8	43	21	8,831
8	43	25	2,403
8	43	29	5,133
8	43	30	2,828
8	43	31	10,613
8	43	37	6,825
8	43	42	2,848
8	43	44	1,508
8	43	47	3,122
8	43	48	6,6
8	43	52	3,448
8	43	54	4,789
8	43	60	3,762
8	43	61	4,533
8	43	62	7,751
8	43	64	11,524
8	43	68	2,433
8	43	78	3,215
8	43	79	3,43
8	43	80	5,033
8	43	81	19,133
8	43	87	3,079
8	43	91	19,877
8	43	95	7,595
8	43	98	5,475
8	43	99	4,985
8	44	4	2,061
8	44	9	9,277
8	44	10	1,916
8	44	20	2,866
8	44	21	4,914
8	44	25	1,622
8	44	29	0,878
8	44	30	1,805
8	44	31	0,735
8	44	37	7,643
8	44	42	4,033
8	44	43	4,152
8	44	47	4,457
8	44	48	19,713
8	44	52	2,316
8	44	54	11,428
8	44	60	2,162
8	44	61	6,524
8	44	62	10,674
8	44	64	2,523
8	44	68	29,149
8	44	78	7,441
8	44	79	1,539
8	44	80	0,787
8	44	81	2,177
8	44	87	0,668
8	44	91	0,77
8	44	95	9,131
8	44	98	1,059
8	44	99	2,943
8	47	4	3,736
8	47	9	2,284
8	47	10	0,925
8	47	20	8,125
8	47	21	1,113
8	47	25	17,001
8	47	29	2,549
8	47	30	0,833
8	47	31	7,44
8	47	37	13,016
8	47	42	2,961
8	47	43	7,296
8	47	44	3,399
8	47	48	15
8	47	52	10,651
8	47	54	5,873
8	47	60	1,408
8	47	61	5,244
8	47	62	7,524
8	47	64	19,871
8	47	68	6,293
8	47	78	0,928
8	47	79	0,675
8	47	80	6,362
8	47	81	3,758
8	47	87	1,306
8	47	91	11,967
8	47	95	3,781
8	47	98	7,201
8	47	99	7,222
8	48	4	2,655
8	48	9	6,462
8	48	10	13,544
8	48	20	2,994
8	48	21	1,186
8	48	25	9,206
8	48	29	4,391
8	48	30	4,232
8	48	31	7,084
8	48	37	2,368
8	48	42	1,923
8	48	43	2,493
8	48	44	6,799
8	48	47	1,978
8	48	52	0,756
8	48	54	14,82
8	48	60	15,004
8	48	61	5,841
8	48	62	16,854
8	48	64	13,563
8	48	68	1,294
8	48	78	1,935
8	48	79	4,474
8	48	80	1,285
8	48	81	8,148
8	48	87	43,233
8	48	91	6,67
8	48	95	22,459
8	48	98	6,771
8	48	99	6,031
8	52	4	5,534
8	52	9	9,044
8	52	10	5,1
8	52	20	1,691
8	52	21	2,565
8	52	25	12,193
8	52	29	0,744
8	52	30	8,935
8	52	31	2,548
8	52	37	0,601
8	52	42	11,23
8	52	43	1,645
8	52	44	14,232
8	52	47	0,984
8	52	48	9,56
8	52	54	39,538
8	52	60	1,391
8	52	61	5,691
8	52	62	0,814
8	52	64	3,473
8	52	68	11,207
8	52	78	5,69
8	52	79	10,142
8	52	80	7,744
8	52	81	0,612
8	52	87	3,915
8	52	91	1,069
8	52	95	0,908
8	52	98	2,023
8	52	99	2,712
8	54	4	18,116
8	54	9	22,26
8	54	10	11,107
8	54	20	8,55
8	54	21	4,21
8	54	25	2,81
8	54	29	15,072
8	54	30	9,913
8	54	31	7,667
8	54	37	5,269
8	54	42	3,495
8	54	43	1,042
8	54	44	3,034
8	54	47	7,465
8	54	48	14,579
8	54	52	3,798
8	54	60	6,766
8	54	61	4,922
8	54	62	3,482
8	54	64	0,911
8	54	68	2,735
8	54	78	0,938
8	54	79	1,786
8	54	80	3,643
8	54	81	1,632
8	54	87	5,07
8	54	91	10,38
8	54	95	0,503
8	54	98	29,563
8	54	99	1,114
8	60	4	2,809
8	60	9	1,505
8	60	10	5,866
8	60	20	6,277
8	60	21	28,271
8	60	25	0,668
8	60	29	1,764
8	60	30	3,95
8	60	31	3,658
8	60	37	0,58
8	60	42	1,793
8	60	43	24,479
8	60	44	8,993
8	60	47	12,032
8	60	48	44,133
8	60	52	9,003
8	60	54	0,571
8	60	61	3,363
8	60	62	4,045
8	60	64	2,727
8	60	68	4,452
8	60	78	5,447
8	60	79	5,493
8	60	80	8,539
8	60	81	0,853
8	60	87	28,271
8	60	91	7,796
8	60	95	23,155
8	60	98	5,877
8	60	99	3,207
8	61	4	10,726
8	61	9	15,573
8	61	10	2,243
8	61	20	5,317
8	61	21	3,396
8	61	25	2,425
8	61	29	10,145
8	61	30	7,549
8	61	31	4,898
8	61	37	7,095
8	61	42	8,206
8	61	43	0,907
8	61	44	1,342
8	61	47	22,449
8	61	48	16,656
8	61	52	1,257
8	61	54	4,642
8	61	60	7,606
8	61	62	5,849
8	61	64	12,699
8	61	68	3,191
8	61	78	5,366
8	61	79	16,697
8	61	80	0,682
8	61	81	1,56
8	61	87	6,68
8	61	91	1,744
8	61	95	3,17
8	61	98	3,565
8	61	99	7,525
8	62	4	3,113
8	62	9	3,217
8	62	10	5,408
8	62	20	36,673
8	62	21	8,973
8	62	25	0,897
8	62	29	21,263
8	62	30	3,384
8	62	31	2,263
8	62	37	11,628
8	62	42	14,244
8	62	43	18,905
8	62	44	4,704
8	62	47	3,047
8	62	48	10,734
8	62	52	5,323
8	62	54	0,639
8	62	60	12,446
8	62	61	0,724
8	62	64	8,806
8	62	68	3,986
8	62	78	4,012
8	62	79	1,754
8	62	80	10,976
8	62	81	1,565
8	62	87	7,027
8	62	91	2,392
8	62	95	3,808
8	62	98	4,434
8	62	99	7,03
8	64	4	2,791
8	64	9	9,079
8	64	10	1,193
8	64	20	9,529
8	64	21	5,314
8	64	25	2,14
8	64	29	22,463
8	64	30	1,788
8	64	31	2,061
8	64	37	3,627
8	64	42	4,48
8	64	43	8,622
8	64	44	0,863
8	64	47	1,543
8	64	48	0,872
8	64	52	3,537
8	64	54	7,033
8	64	60	12,365
8	64	61	6,706
8	64	62	2,896
8	64	68	0,847
8	64	78	1,608
8	64	79	10,63
8	64	80	8,189
8	64	81	10,273
8	64	87	3,333
8	64	91	2,532
8	64	95	7,968
8	64	98	2,442
8	64	99	20,107
8	68	4	3,491
8	68	9	3,016
8	68	10	0,763
8	68	20	1,894
8	68	21	9,229
8	68	25	9,626
8	68	29	1,111
8	68	30	5,892
8	68	31	3,49
8	68	37	16,134
8	68	42	1,298
8	68	43	1,632
8	68	44	9,958
8	68	47	26,883
8	68	48	9,678
8	68	52	1,122
8	68	54	4,333
8	68	60	1,615
8	68	61	0,612
8	68	62	6,555
8	68	64	4,831
8	68	78	13,275
8	68	79	1,731
8	68	80	17,783
8	68	81	3,144
8	68	87	2,543
8	68	91	1,136
8	68	95	1,097
8	68	98	5,557
8	68	99	5,208
8	78	4	34,207
8	78	9	6,454
8	78	10	7,172
8	78	20	2,407
8	78	21	6,209
8	78	25	1,065
8	78	29	3,205
8	78	30	8,578
8	78	31	6,284
8	78	37	12,578
8	78	42	3,742
8	78	43	2,396
8	78	44	10,283
8	78	47	4,573
8	78	48	0,527
8	78	52	7,003
8	78	54	2,007
8	78	60	12,27
8	78	61	6,279
8	78	62	2,577
8	78	64	2,496
8	78	68	11,838
8	78	79	4,384
8	78	80	12,349
8	78	81	14,874
8	78	87	2,112
8	78	91	3,603
8	78	95	1,829
8	78	98	2,056
8	78	99	11,407
8	79	4	6,181
8	79	9	35,498
8	79	10	6,569
8	79	20	2,936
8	79	21	1,754
8	79	25	1,724
8	79	29	12,379
8	79	30	13,673
8	79	31	6,267
8	79	37	6,985
8	79	42	42,338
8	79	43	18,312
8	79	44	0,653
8	79	47	2,34
8	79	48	9,068
8	79	52	8,32
8	79	54	3,162
8	79	60	3,408
8	79	61	19,189
8	79	62	3,157
8	79	64	2,81
8	79	68	11,189
8	79	78	0,806
8	79	80	4,96
8	79	81	4,209
8	79	87	12,208
8	79	91	9,436
8	79	95	11,267
8	79	98	4,486
8	79	99	2,596
8	80	4	0,999
8	80	9	6,065
8	80	10	0,585
8	80	20	0,648
8	80	21	3,327
8	80	25	5,087
8	80	29	12,545
8	80	30	8,635
8	80	31	6,285
8	80	37	7,132
8	80	42	7,691
8	80	43	3,089
8	80	44	4,345
8	80	47	3,205
8	80	48	6,399
8	80	52	2,76
8	80	54	1,558
8	80	60	0,699
8	80	61	11,091
8	80	62	1,235
8	80	64	10,493
8	80	68	1,768
8	80	78	1,365
8	80	79	1,268
8	80	81	28,424
8	80	87	4,517
8	80	91	5,047
8	80	95	6,871
8	80	98	1,144
8	80	99	2,804
8	81	4	6,202
8	81	9	7,961
8	81	10	7,156
8	81	20	21,512
8	81	21	4,529
8	81	25	7,395
8	81	29	6,709
8	81	30	2,984
8	81	31	3,914
8	81	37	15,386
8	81	42	5,762
8	81	43	6,705
8	81	44	8,201
8	81	47	1,307
8	81	48	2,591
8	81	52	8,249
8	81	54	6,27
8	81	60	3,2
8	81	61	3,756
8	81	62	9,002
8	81	64	8,709
8	81	68	7,622
8	81	78	5,642
8	81	79	0,787
8	81	80	9,03
8	81	87	20,151
8	81	91	6,558
8	81	95	6,664
8	81	98	7,637
8	81	99	3,398
8	87	4	7,827
8	87	9	4,923
8	87	10	1,439
8	87	20	0,573
8	87	21	2,194
8	87	25	1,012
8	87	29	1,368
8	87	30	0,633
8	87	31	3,766
8	87	37	8,362
8	87	42	5,191
8	87	43	2,209
8	87	44	6,746
8	87	47	5,731
8	87	48	1,644
8	87	52	7,895
8	87	54	6,404
8	87	60	5,139
8	87	61	7,681
8	87	62	16,185
8	87	64	11,732
8	87	68	6,057
8	87	78	0,733
8	87	79	0,74
8	87	80	4,782
8	87	81	0,642
8	87	91	6,208
8	87	95	4,302
8	87	98	6,355
8	87	99	1,891
8	91	4	10,974
8	91	9	5,891
8	91	10	1,723
8	91	20	8,579
8	91	21	0,814
8	91	25	6,082
8	91	29	6,684
8	91	30	0,649
8	91	31	5,85
8	91	37	1,319
8	91	42	4,337
8	91	43	4,802
8	91	44	13,872
8	91	47	3,563
8	91	48	1,718
8	91	52	1,656
8	91	54	5,443
8	91	60	2,703
8	91	61	6,015
8	91	62	6,207
8	91	64	9,826
8	91	68	25,964
8	91	78	7,149
8	91	79	3,92
8	91	80	4,415
8	91	81	12,484
8	91	87	1,84
8	91	95	1,147
8	91	98	3,247
8	91	99	3,938
8	95	4	5,581
8	95	9	2,011
8	95	10	33,528
8	95	20	0,748
8	95	21	2,019
8	95	25	7,388
8	95	29	9,709
8	95	30	2,589
8	95	31	5,56
8	95	37	1,588
8	95	42	1,258
8	95	43	5,702
8	95	44	1,847
8	95	47	1,244
8	95	48	1,624
8	95	52	4,516
8	95	54	10,188
8	95	60	3,479
8	95	61	2,841
8	95	62	2,954
8	95	64	2,815
8	95	68	10,265
8	95	78	3,992
8	95	79	3,494
8	95	80	9,61
8	95	81	6,633
8	95	87	5,061
8	95	91	4,043
8	95	98	0,689
8	95	99	8,469
8	98	4	1,351
8	98	9	1,503
8	98	10	5,61
8	98	20	4,718
8	98	21	7,46
8	98	25	4,999
8	98	29	10,691
8	98	30	1,355
8	98	31	5,087
8	98	37	5,084
8	98	42	5,026
8	98	43	7,09
8	98	44	3,426
8	98	47	2,599
8	98	48	4,99
8	98	52	1,191
8	98	54	2,096
8	98	60	2,149
8	98	61	17,363
8	98	62	9,716
8	98	64	33,393
8	98	68	3,203
8	98	78	6,492
8	98	79	3,169
8	98	80	10,648
8	98	81	6,656
8	98	87	6,456
8	98	91	3,818
8	98	95	13,48
8	98	99	8,61
8	99	4	4,301
8	99	9	1,761
8	99	10	0,726
8	99	20	2,692
8	99	21	4,424
8	99	25	1,048
8	99	29	3,464
8	99	30	7,553
8	99	31	6,308
8	99	37	2,639
8	99	42	16,101
8	99	43	0,593
8	99	44	4,708
8	99	47	4,156
8	99	48	14,495
8	99	52	14,314
8	99	54	13,71
8	99	60	1,381
8	99	61	3,758
8	99	62	5,407
8	99	64	8,23
8	99	68	2,258
8	99	78	2,814
8	99	79	3,321
8	99	80	2,756
8	99	81	3,987
8	99	87	12,475
8	99	91	3,041
8	99	95	6,909
8	99	98	26,023
9	7	34	17,437
9	7	42	5,218
9	7	48	4,03
9	7	50	0,684
9	7	57	8,718
9	7	61	3,788
9	7	62	4,039
9	7	63	5,676
9	7	69	2,092
9	7	72	8,794
9	7	74	14,271
9	7	80	12,588
9	7	87	6,985
9	7	88	13,16
9	7	91	1,228
9	7	97	5,909
9	34	7	14,946
9	34	42	2,454
9	34	48	2,804
9	34	50	26,248
9	34	57	7,538
9	34	61	28,153
9	34	62	1,082
9	34	63	2,821
9	34	69	10,199
9	34	72	7,512
9	34	74	2,743
9	34	80	11,698
9	34	87	2,117
9	34	88	6,908
9	34	91	4,094
9	34	97	9,59
9	42	7	9,757
9	42	34	12,107
9	42	48	9,502
9	42	50	6,511
9	42	57	5,454
9	42	61	0,949
9	42	62	8,814
9	42	63	1,974
9	42	69	7,891
9	42	72	6,706
9	42	74	4,114
9	42	80	0,544
9	42	87	39,72
9	42	88	2,866
9	42	91	2
9	42	97	4,449
9	48	7	7,294
9	48	34	1,254
9	48	42	11,906
9	48	50	30,996
9	48	57	7,722
9	48	61	4,593
9	48	62	1,098
9	48	63	3,53
9	48	69	31,368
9	48	72	6,896
9	48	74	14,164
9	48	80	0,991
9	48	87	1,032
9	48	88	6,218
9	48	91	6,199
9	48	97	1,013
9	50	7	2,121
9	50	34	7,617
9	50	42	10,16
9	50	48	1,181
9	50	57	1,158
9	50	61	0,709
9	50	62	29,527
9	50	63	5,789
9	50	69	7,163
9	50	72	1,249
9	50	74	14,634
9	50	80	2,085
9	50	87	2,616
9	50	88	14,946
9	50	91	0,93
9	50	97	1,572
9	57	7	2,265
9	57	34	2,487
9	57	42	7,93
9	57	48	4,474
9	57	50	5,399
9	57	61	2,12
9	57	62	40,484
9	57	63	2,447
9	57	69	4,66
9	57	72	27,56
9	57	74	3,333
9	57	80	1,125
9	57	87	6,907
9	57	88	0,642
9	57	91	2,711
9	57	97	17,282
9	61	7	6,705
9	61	34	11,004
9	61	42	1,257
9	61	48	10,968
9	61	50	4,56
9	61	57	20,469
9	61	62	13,015
9	61	63	6,739
9	61	69	4,828
9	61	72	1,591
9	61	74	2,711
9	61	80	9,176
9	61	87	3,29
9	61	88	4,293
9	61	91	0,765
9	61	97	3,4
9	62	7	8,159
9	62	34	3,101
9	62	42	1,352
9	62	48	4,587
9	62	50	2,06
9	62	57	0,962
9	62	61	5,603
9	62	63	2,056
9	62	69	3,114
9	62	72	3,486
9	62	74	1,851
9	62	80	3,937
9	62	87	0,957
9	62	88	0,9
9	62	91	18,214
9	62	97	5,144
9	63	7	24,204
9	63	34	4,287
9	63	42	10,948
9	63	48	1,678
9	63	50	7,957
9	63	57	8,354
9	63	61	4,263
9	63	62	1,228
9	63	69	17,252
9	63	72	2,39
9	63	74	1,235
9	63	80	20,425
9	63	87	39,08
9	63	88	0,798
9	63	91	8,669
9	63	97	1,383
9	69	7	9,92
9	69	34	0,771
9	69	42	3,107
9	69	48	6,227
9	69	50	4,136
9	69	57	2,903
9	69	61	1,63
9	69	62	5,524
9	69	63	25,868
9	69	72	0,605
9	69	74	12,136
9	69	80	11,424
9	69	87	10,718
9	69	88	3,48
9	69	91	4,054
9	69	97	20,585
9	72	7	18,343
9	72	34	1,488
9	72	42	7,449
9	72	48	1,317
9	72	50	3,205
9	72	57	13,571
9	72	61	23,521
9	72	62	5,793
9	72	63	7,345
9	72	69	0,865
9	72	74	4,962
9	72	80	1,989
9	72	87	2,211
9	72	88	48,563
9	72	91	3,438
9	72	97	3,053
9	74	7	8,583
9	74	34	1,625
9	74	42	2,645
9	74	48	5,995
9	74	50	3,358
9	74	57	4,532
9	74	61	2,537
9	74	62	6,883
9	74	63	0,968
9	74	69	11,289
9	74	72	0,988
9	74	80	5,677
9	74	87	3,314
9	74	88	1,115
9	74	91	2,499
9	74	97	6,932
9	80	7	0,885
9	80	34	6,717
9	80	42	6,17
9	80	48	1,502
9	80	50	1,073
9	80	57	9,892
9	80	61	7,909
9	80	62	2,33
9	80	63	8,003
9	80	69	5,64
9	80	72	2,146
9	80	74	1,983
9	80	87	5,606
9	80	88	1,317
9	80	91	1,073
9	80	97	2,927
9	87	7	2,026
9	87	34	2,771
9	87	42	8,604
9	87	48	2,955
9	87	50	8,524
9	87	57	6,382
9	87	61	19,563
9	87	62	24,158
9	87	63	2,264
9	87	69	5,192
9	87	72	12,075
9	87	74	0,643
9	87	80	2,535
9	87	88	1,484
9	87	91	16,544
9	87	97	3,15
9	88	7	0,696
9	88	34	3,096
9	88	42	4,179
9	88	48	1,041
9	88	50	6,178
9	88	57	8,312
9	88	61	26,147
9	88	62	0,806
9	88	63	4,575
9	88	69	4,108
9	88	72	8,636
9	88	74	1,031
9	88	80	1,702
9	88	87	3,728
9	88	91	8,256
9	88	97	1,029
9	91	7	22,446
9	91	34	6,503
9	91	42	5,584
9	91	48	0,977
9	91	50	1,438
9	91	57	6,868
9	91	61	3,692
9	91	62	3,962
9	91	63	5,704
9	91	69	5,941
9	91	72	17,156
9	91	74	0,615
9	91	80	8,571
9	91	87	2,399
9	91	88	0,963
9	91	97	0,946
9	97	7	4,183
9	97	34	19,504
9	97	42	14,304
9	97	48	0,633
9	97	50	4,128
9	97	57	7,024
9	97	61	3,06
9	97	62	5,95
9	97	63	3,572
9	97	69	4,183
9	97	72	5,639
9	97	74	3,384
9	97	80	11,759
9	97	87	2,817
9	97	88	1,54
9	97	91	6,721
10	3	5	6,741
10	3	22	9,469
10	3	24	1,46
10	3	25	12,656
10	3	27	4,577
10	3	30	12,895
10	3	32	12,191
10	3	40	5,785
10	3	47	7,269
10	3	48	1,432
10	3	50	4,513
10	3	51	10,35
10	3	52	35,305
10	3	53	2,106
10	3	55	5,74
10	3	56	12,827
10	3	57	0,85
10	3	59	2,744
10	3	64	0,695
10	3	81	16,492
10	3	87	10,395
10	3	90	6,823
10	3	91	12,65
10	3	96	5,133
10	3	98	0,816
10	5	3	5,409
10	5	22	2,715
10	5	24	6,269
10	5	25	3,756
10	5	27	0,758
10	5	30	1,074
10	5	32	0,728
10	5	40	7,401
10	5	47	1,275
10	5	48	6,879
10	5	50	14,251
10	5	51	2,314
10	5	52	5,443
10	5	53	1,792
10	5	55	13,352
10	5	56	21,473
10	5	57	1,49
10	5	59	1,426
10	5	64	6,443
10	5	81	13,618
10	5	87	6,716
10	5	90	4,732
10	5	91	22,939
10	5	96	9,776
10	5	98	2,635
10	22	3	0,919
10	22	5	1,424
10	22	24	4,578
10	22	25	7,01
10	22	27	6,923
10	22	30	5,158
10	22	32	1,412
10	22	40	6,951
10	22	47	4,001
10	22	48	5,899
10	22	50	1,933
10	22	51	3,75
10	22	52	10,956
10	22	53	5,33
10	22	55	1,206
10	22	56	13,488
10	22	57	3,869
10	22	59	7,455
10	22	64	2,155
10	22	81	6,768
10	22	87	1,837
10	22	90	1,186
10	22	91	34,374
10	22	96	11,438
10	22	98	5,695
10	24	3	7,414
10	24	5	2,249
10	24	22	8,441
10	24	25	9,461
10	24	27	8,07
10	24	30	14,055
10	24	32	1,183
10	24	40	0,941
10	24	47	1,723
10	24	48	5,099
10	24	50	3,417
10	24	51	1,572
10	24	52	5,314
10	24	53	1,802
10	24	55	1,22
10	24	56	0,799
10	24	57	3,258
10	24	59	7,593
10	24	64	0,727
10	24	81	1,369
10	24	87	18,58
10	24	90	13,037
10	24	91	9,785
10	24	96	2,316
10	24	98	11,491
10	25	3	9,892
10	25	5	7,453
10	25	22	13,004
10	25	24	8,82
10	25	27	19,518
10	25	30	4,602
10	25	32	15,76
10	25	40	5,204
10	25	47	2,295
10	25	48	4,972
10	25	50	1,734
10	25	51	1,111
10	25	52	0,552
10	25	53	32,564
10	25	55	1,268
10	25	56	4,829
10	25	57	7,011
10	25	59	0,643
10	25	64	5,746
10	25	81	21,828
10	25	87	1,533
10	25	90	28,606
10	25	91	3,692
10	25	96	2,49
10	25	98	4,029
10	27	3	2,097
10	27	5	2,457
10	27	22	4,77
10	27	24	4,031
10	27	25	6,304
10	27	30	11,797
10	27	32	1,782
10	27	40	3,084
10	27	47	5,31
10	27	48	13,315
10	27	50	24,202
10	27	51	2,606
10	27	52	22,649
10	27	53	2,343
10	27	55	1,402
10	27	56	13,474
10	27	57	6,669
10	27	59	9,339
10	27	64	0,798
10	27	81	11,643
10	27	87	53,63
10	27	90	1,068
10	27	91	0,621
10	27	96	4,121
10	27	98	11,905
10	30	3	1,082
10	30	5	0,992
10	30	22	2,008
10	30	24	6,951
10	30	25	8,146
10	30	27	1,954
10	30	32	19,953
10	30	40	9,948
10	30	47	21,641
10	30	48	1,238
10	30	50	1,12
10	30	51	7,07
10	30	52	1,056
10	30	53	3,649
10	30	55	6,563
10	30	56	0,655
10	30	57	0,64
10	30	59	1,863
10	30	64	17,407
10	30	81	6,836
10	30	87	12,324
10	30	90	2,012
10	30	91	2,139
10	30	96	4,924
10	30	98	4,068
10	32	3	5,479
10	32	5	18,705
10	32	22	1,474
10	32	24	1,007
10	32	25	2,243
10	32	27	2,274
10	32	30	22,587
10	32	40	47,029
10	32	47	5,194
10	32	48	1,003
10	32	50	14,377
10	32	51	5,959
10	32	52	25,979
10	32	53	2,85
10	32	55	1,163
10	32	56	16,323
10	32	57	5,156
10	32	59	10,776
10	32	64	2,225
10	32	81	7,612
10	32	87	0,579
10	32	90	0,562
10	32	91	9,384
10	32	96	3,947
10	32	98	10,7
10	40	3	11,101
10	40	5	7,282
10	40	22	2,4
10	40	24	5,137
10	40	25	0,7
10	40	27	1,399
10	40	30	5,502
10	40	32	11,933
10	40	47	0,874
10	40	48	4,28
10	40	50	8,397
10	40	51	2,931
10	40	52	6,969
10	40	53	6,619
10	40	55	2,296
10	40	56	1,78
10	40	57	0,731
10	40	59	12,446
10	40	64	20,495
10	40	81	1,479
10	40	87	2,241
10	40	90	25,243
10	40	91	5,098
10	40	96	6,122
10	40	98	0,751
10	47	3	1,416
10	47	5	3,554
10	47	22	4,281
10	47	24	1,153
10	47	25	1,073
10	47	27	2,09
10	47	30	5,529
10	47	32	2,236
10	47	40	1,581
10	47	48	7,704
10	47	50	6,866
10	47	51	2,696
10	47	52	13,294
10	47	53	5,376
10	47	55	10,257
10	47	56	0,723
10	47	57	6,902
10	47	59	5,526
10	47	64	64,68
10	47	81	3,085
10	47	87	2,663
10	47	90	7,01
10	47	91	6,452
10	47	96	10,044
10	47	98	19,442
10	48	3	5,717
10	48	5	7,693
10	48	22	4,081
10	48	24	6,119
10	48	25	9,527
10	48	27	7,216
10	48	30	4,476
10	48	32	5,369
10	48	40	1,468
10	48	47	7,219
10	48	50	7,976
10	48	51	2,739
10	48	52	0,932
10	48	53	5,647
10	48	55	17,963
10	48	56	4,867
10	48	57	1,619
10	48	59	2,308
10	48	64	4,48
10	48	81	6,453
10	48	87	5,861
10	48	90	5,454
10	48	91	14,266
10	48	96	1,17
10	48	98	21,813
10	50	3	2,178
10	50	5	41,956
10	50	22	1,097
10	50	24	5,289
10	50	25	5,067
10	50	27	2,214
10	50	30	14,753
10	50	32	5,666
10	50	40	9,592
10	50	47	16,793
10	50	48	4,479
10	50	51	10,298
10	50	52	3,406
10	50	53	1,826
10	50	55	1,924
10	50	56	16,648
10	50	57	10,885
10	50	59	1,547
10	50	64	14,476
10	50	81	12,736
10	50	87	4,929
10	50	90	4,074
10	50	91	3,74
10	50	96	2,104
10	50	98	6,058
10	51	3	5,082
10	51	5	4,866
10	51	22	1,128
10	51	24	4,672
10	51	25	4,406
10	51	27	5,334
10	51	30	2,874
10	51	32	4,445
10	51	40	0,579
10	51	47	1,456
10	51	48	14,636
10	51	50	6,75
10	51	52	15,06
10	51	53	6,421
10	51	55	4,649
10	51	56	2,507
10	51	57	4,096
10	51	59	1,469
10	51	64	5,417
10	51	81	1,7
10	51	87	6,868
10	51	90	8,794
10	51	91	15,065
10	51	96	5,222
10	51	98	7,484
10	52	3	8,706
10	52	5	0,956
10	52	22	1,666
10	52	24	15,537
10	52	25	5,618
10	52	27	4,21
10	52	30	4,258
10	52	32	1,886
10	52	40	32,278
10	52	47	6,722
10	52	48	5,021
10	52	50	3,183
10	52	51	7,871
10	52	53	8,731
10	52	55	4,728
10	52	56	0,584
10	52	57	13,871
10	52	59	13,406
10	52	64	13,949
10	52	81	18,432
10	52	87	3,591
10	52	90	7,839
10	52	91	4,904
10	52	96	3,119
10	52	98	1,081
10	53	3	1,015
10	53	5	26,438
10	53	22	8,431
10	53	24	2,262
10	53	25	4,388
10	53	27	2,279
10	53	30	5,209
10	53	32	4,419
10	53	40	0,745
10	53	47	30,47
10	53	48	7,713
10	53	50	2,245
10	53	51	8,122
10	53	52	23,952
10	53	55	5,313
10	53	56	6,289
10	53	57	1,928
10	53	59	8,077
10	53	64	0,643
10	53	81	4,051
10	53	87	2,952
10	53	90	8,366
10	53	91	11,562
10	53	96	15,372
10	53	98	1,485
10	55	3	7,264
10	55	5	15,176
10	55	22	5,376
10	55	24	0,926
10	55	25	10,075
10	55	27	1,028
10	55	30	3,084
10	55	32	4,675
10	55	40	2,764
10	55	47	0,724
10	55	48	3,868
10	55	50	9,764
10	55	51	1,846
10	55	52	37,341
10	55	53	7,299
10	55	56	1,464
10	55	57	4,855
10	55	59	2,333
10	55	64	20,946
10	55	81	6,453
10	55	87	5,402
10	55	90	4,865
10	55	91	7,82
10	55	96	5,008
10	55	98	1,971
10	56	3	4,498
10	56	5	15,086
10	56	22	5,681
10	56	24	2,551
10	56	25	2,395
10	56	27	2,931
10	56	30	8,247
10	56	32	4,399
10	56	40	0,621
10	56	47	1,932
10	56	48	3,867
10	56	50	7,055
10	56	51	2,134
10	56	52	1,373
10	56	53	3,762
10	56	55	1,881
10	56	57	2,179
10	56	59	2,951
10	56	64	1,155
10	56	81	15,514
10	56	87	1,8
10	56	90	3,468
10	56	91	0,594
10	56	96	11,8
10	56	98	2,405
10	57	3	9,137
10	57	5	32,034
10	57	22	23,665
10	57	24	13,894
10	57	25	0,827
10	57	27	11,736
10	57	30	2,34
10	57	32	5,239
10	57	40	2,439
10	57	47	5,111
10	57	48	20,724
10	57	50	19,747
10	57	51	9,393
10	57	52	1,741
10	57	53	6,343
10	57	55	0,602
10	57	56	7,238
10	57	59	6,441
10	57	64	9,374
10	57	81	2,418
10	57	87	7,399
10	57	90	1,444
10	57	91	3,678
10	57	96	17,224
10	57	98	2,261
10	59	3	7,637
10	59	5	0,797
10	59	22	7,226
10	59	24	8,323
10	59	25	3,861
10	59	27	7,004
10	59	30	5,603
10	59	32	7,69
10	59	40	6,098
10	59	47	1,832
10	59	48	10,173
10	59	50	1,51
10	59	51	1,787
10	59	52	6,23
10	59	53	4,382
10	59	55	2,493
10	59	56	4,986
10	59	57	4,73
10	59	64	4,081
10	59	81	1,094
10	59	87	9,619
10	59	90	5,183
10	59	91	9,675
10	59	96	2,222
10	59	98	3,9
10	64	3	2,123
10	64	5	2,654
10	64	22	5,926
10	64	24	1,737
10	64	25	1,486
10	64	27	2,709
10	64	30	4,777
10	64	32	3,496
10	64	40	4,352
10	64	47	2,261
10	64	48	11,245
10	64	50	3,139
10	64	51	2,036
10	64	52	7,487
10	64	53	2,399
10	64	55	10,258
10	64	56	2,514
10	64	57	6,115
10	64	59	2,671
10	64	81	5,598
10	64	87	3,619
10	64	90	1,324
10	64	91	2,772
10	64	96	1,706
10	64	98	1,344
10	81	3	1,321
10	81	5	0,888
10	81	22	2,334
10	81	24	0,807
10	81	25	34,412
10	81	27	8,064
10	81	30	6,757
10	81	32	9,886
10	81	40	6,58
10	81	47	17,66
10	81	48	7,22
10	81	50	9,376
10	81	51	6,26
10	81	52	1,531
10	81	53	1,694
10	81	55	12,599
10	81	56	3,854
10	81	57	3,529
10	81	59	1,823
10	81	64	1,01
10	81	87	10,31
10	81	90	2,614
10	81	91	2,953
10	81	96	11,558
10	81	98	7,308
10	87	3	1,439
10	87	5	0,875
10	87	22	0,919
10	87	24	1,123
10	87	25	8,407
10	87	27	8,92
10	87	30	5,42
10	87	32	7,06
10	87	40	1,335
10	87	47	1,527
10	87	48	10,862
10	87	50	0,862
10	87	51	8,301
10	87	52	12,504
10	87	53	10,584
10	87	55	4,091
10	87	56	1,63
10	87	57	2,17
10	87	59	6,172
10	87	64	3,794
10	87	81	10,131
10	87	90	1,546
10	87	91	16,517
10	87	96	21,191
10	87	98	2,939
10	90	3	7,105
10	90	5	2,992
10	90	22	3,986
10	90	24	26,306
10	90	25	11,819
10	90	27	1
10	90	30	0,873
10	90	32	4,155
10	90	40	26,406
10	90	47	2,393
10	90	48	3,227
10	90	50	7,149
10	90	51	0,916
10	90	52	5,023
10	90	53	2,596
10	90	55	1,626
10	90	56	3,045
10	90	57	1,187
10	90	59	2,155
10	90	64	3,608
10	90	81	11,58
10	90	87	0,579
10	90	91	3,109
10	90	96	2,143
10	90	98	6,284
10	91	3	6,691
10	91	5	3,932
10	91	22	18,423
10	91	24	0,573
10	91	25	8,25
10	91	27	12,773
10	91	30	4,35
10	91	32	8,192
10	91	40	0,505
10	91	47	10,502
10	91	48	12,716
10	91	50	2,041
10	91	51	0,593
10	91	52	2,158
10	91	53	2,612
10	91	55	1,921
10	91	56	2,404
10	91	57	3,612
10	91	59	6,24
10	91	64	4,857
10	91	81	8,82
10	91	87	6,168
10	91	90	23,804
10	91	96	2,498
10	91	98	9,498
10	96	3	3,58
10	96	5	3,498
10	96	22	16,287
10	96	24	0,643
10	96	25	4,12
10	96	27	1,316
10	96	30	2,756
10	96	32	8,281
10	96	40	8,282
10	96	47	2,565
10	96	48	2,809
10	96	50	0,711
10	96	51	19,163
10	96	52	23,334
10	96	53	4,161
10	96	55	2,218
10	96	56	3,088
10	96	57	1,784
10	96	59	14,26
10	96	64	5,782
10	96	81	13,753
10	96	87	3,212
10	96	90	5,225
10	96	91	2,123
10	96	98	7,743
10	98	3	0,854
10	98	5	19,113
10	98	22	0,761
10	98	24	6,271
10	98	25	30,7
10	98	27	1,022
10	98	30	4,597
10	98	32	0,973
10	98	40	3,987
10	98	47	13,515
10	98	48	6,554
10	98	50	2,928
10	98	51	17,91
10	98	52	8,116
10	98	53	4,699
10	98	55	0,538
10	98	56	0,896
10	98	57	1,347
10	98	59	0,804
10	98	64	13,336
10	98	81	15,467
10	98	87	3,081
10	98	90	2,256
10	98	91	1,102
10	98	96	1,061

