#num jobs
100
#num machines
10

#jobId machId procTime energyCons
1	9	39,49	313,02
1	4	129,06	797,83
2	1	25,58	129
2	9	36,91	292,58
3	2	13,62	153,42
3	7	7,9	105,82
3	8	22,34	269,78
4	1	3,88	19,57
5	2	2,32	26,13
5	3	1,95	4,61
5	4	26,83	165,86
5	9	2,72	21,54
6	10	33,05	293,02
7	6	2,57	14,29
7	4	22,81	141,02
7	1	21,27	107,28
8	5	161,43	296,97
8	2	59,31	668,02
9	2	14,31	161,16
9	6	78,36	435,11
10	7	10,9	146,03
11	7	23,02	308,5
12	9	10,83	85,88
13	9	11,91	94,4
14	1	89,88	453,24
15	3	10,22	24,11
16	2	43,84	493,7
16	4	22,7	140,32
16	6	598,06	3320,93
16	8	9,61	116,04
17	9	33,47	265,35
18	9	7,06	55,93
18	4	12,42	76,78
18	3	3,14	7,41
18	1	2,89	14,59
19	5	6,65	12,23
19	4	19,02	117,59
20	1	16,52	83,3
21	9	49,65	393,61
21	6	19,77	109,76
22	10	125,24	1110,49
23	7	32,56	436,28
24	7	8,1	108,56
24	4	4,79	29,63
25	4	2,76	17,06
25	8	2,86	34,52
26	6	22,57	125,35
27	6	4,11	22,82
28	8	33,97	410,27
29	6	38,24	212,37
29	4	23,12	142,92
30	10	2,58	22,87
30	3	1,82	4,29
31	10	38,16	338,37
31	9	36,74	291,22
31	1	7,14	35,99
32	9	2,23	17,69
33	6	47,34	262,9
34	10	149,95	1329,6
34	5	3,75	6,9
34	4	5,05	31,2
35	5	12,73	23,41
35	2	5,61	63,19
36	2	14,46	162,86
37	10	7,63	67,67
37	3	2,8	6,61
37	2	12,89	145,16
37	1	2,96	14,93
38	9	207,55	1645,33
39	6	17,16	95,31
39	2	31,8	358,11
40	1	6,73	33,96
40	4	1,1	6,79
40	5	36,26	66,71
40	10	10,32	91,49
41	1	8,07	40,7
41	5	26,25	48,29
41	6	5,17	28,71
42	10	3,19	28,25
43	5	2,87	5,27
43	1	7,63	38,45
44	5	2,38	4,38
44	3	27,05	63,82
44	2	3,13	35,3
45	1	0,87	4,36
45	8	10,39	125,52
46	6	139,83	776,47
47	4	4,64	28,66
47	2	9,75	109,78
48	4	4,27	26,37
48	5	27	49,67
48	7	14,27	191,17
48	9	5,29	41,95
49	1	3	15,13
49	3	144,12	339,97
50	2	28,12	316,69
50	4	3,15	19,48
50	5	3,26	5,99
50	6	3,56	19,77
50	7	3,66	49,07
50	8	32,13	388,01
51	6	24,55	136,33
52	10	2,64	23,45
53	2	298,73	3364,54
53	6	323,78	1797,88
53	7	13,55	181,61
53	8	481,43	5814,55
54	8	21,14	255,34
54	5	24,38	44,86
54	3	31,29	73,8
55	4	29,25	180,83
56	2	68,81	774,95
57	8	33,9	409,43
57	9	14,1	111,79
57	10	24,11	213,75
58	9	12,4	98,27
58	5	3,96	7,28
59	6	62,03	344,46
60	2	14,09	158,67
60	8	360,75	4357,04
61	10	10,52	93,31
61	7	5,72	76,61
61	2	6,03	67,9
62	10	54,9	486,81
62	9	4,63	36,72
62	5	25,44	46,8
63	4	2,84	17,54
64	8	7,77	93,84
64	2	2,84	31,99
65	8	34,4	415,44
66	2	3,47	39,11
67	2	3,56	40,07
68	5	240,12	441,74
69	2	5,96	67,15
69	6	2,65	14,73
70	7	10,67	142,99
71	6	6,99	38,83
71	5	13,24	24,36
71	4	11,9	73,59
71	2	82,38	927,77
72	10	9,33	82,77
72	9	73,28	580,91
72	3	11,65	27,48
72	2	0,96	10,81
73	7	33,89	454,12
74	2	200,67	2260,03
74	8	1,56	18,85
74	10	145,46	1289,83
75	10	1,31	11,59
75	7	0,42	5,58
75	4	1,08	6,66
76	1	3,93	19,81
77	4	3,34	20,62
77	2	3,51	39,51
77	1	8,87	44,73
78	2	1,75	19,75
78	7	13,04	174,77
79	7	24,94	334,15
79	9	12,71	100,76
80	2	17,35	195,43
81	5	308,51	567,55
82	7	12,07	161,77
83	4	75,36	465,87
84	5	2134,58	3926,92
84	4	1,7	10,51
85	8	16,16	195,14
85	4	61,92	382,79
86	9	8,05	63,8
86	5	1,9	3,49
86	2	1,06	11,98
87	10	21,45	190,19
88	9	16,42	130,15
88	8	12,04	145,41
88	1	6,16	31,06
89	5	14,43	26,54
90	10	6,49	57,54
90	3	1,2	2,84
91	10	7,07	62,67
91	7	2,71	36,32
91	5	19,03	35,02
91	1	1,31	6,61
92	1	2,54	12,83
93	6	348,83	1937,01
93	7	3,91	52,42
94	3	20,33	47,97
94	6	10,4	57,77
95	5	1,1	2,03
95	10	4,92	43,67
96	5	14,63	26,91
96	2	2,49	28,07
97	2	130,46	1469,37
97	4	7,14	44,15
97	6	1873,45	10403,01
97	7	1,33	17,82
97	10	5,78	51,23
98	6	52,31	290,46
99	10	2,51	22,23
99	8	11,39	137,62
100	2	0,63	7,07
100	3	113,61	268,01
100	5	1,78	3,28

#jobId ddate weight rdate
1	601,613	18	1008,72
2	748,706	42	821,394
3	767,204	28	1071,089
4	695,419	28	898,697
5	690,954	18	391,436
6	615,112	6	458,032
7	745,283	36	1010,354
8	717,012	35	247,626
9	646,039	32	37,529
10	679,469	46	541,878
11	624,61	45	1063,61
12	810,331	37	650,511
13	742,938	45	637,331
14	758,301	44	1096,883
15	708,515	4	1110,931
16	781,156	38	209,207
17	795,997	22	1066,607
18	642,813	7	934,88
19	639,381	32	598,193
20	741,561	33	513,334
21	636,84	23	438,678
22	736,083	43	354,04
23	744,596	39	578,304
24	731,14	42	536,059
25	634,655	46	1110,095
26	784,915	14	42,486
27	735,295	42	499,602
28	795,307	28	592,546
29	702,597	6	1084,174
30	770,003	3	854,75
31	608,881	6	6,884
32	643,666	28	607,31
33	690,096	32	1037,346
34	636,475	34	182,801
35	818,331	23	324,284
36	726,865	42	40,792
37	634,462	24	447,519
38	677,436	1	31,333
39	778,702	43	382,852
40	798,382	19	167,429
41	763,903	38	1048,153
42	760,352	23	611,295
43	761,972	21	1130,134
44	673,684	8	474,092
45	733,63	14	494,096
46	627,078	12	1060,065
47	611,576	44	1053,85
48	648,382	17	677,702
49	721,954	48	832,412
50	609,647	10	500,004
51	750,009	37	633,76
52	649,961	13	538,05
53	804,101	38	289,893
54	587,868	4	999,652
55	687,031	48	979,076
56	662,67	30	894,219
57	762,018	21	758,122
58	738,205	13	934,028
59	702,966	16	577,602
60	685,896	40	191,994
61	698,319	27	761,626
62	643,259	43	793,566
63	684,713	48	418,343
64	588,987	33	290,072
65	698,648	3	118,538
66	779,101	37	981,943
67	674,355	47	296,42
68	675,257	39	413,333
69	767,928	37	59,017
70	703,824	48	910,165
71	810,508	5	591,025
72	809,452	10	622,936
73	713,775	8	218,861
74	614,213	20	1064,97
75	738,869	20	865,153
76	768,192	35	197,785
77	634,508	33	794,511
78	721,959	45	57,707
79	790,769	15	115,31
80	765,243	31	551,843
81	615,714	29	1079,633
82	821,751	37	67,582
83	722,048	28	621,167
84	785,866	32	326,632
85	725,254	17	300,709
86	715,095	31	857,123
87	677,398	44	1173,869
88	599,48	5	346,583
89	660,552	23	442,746
90	628,059	22	93,415
91	800,578	36	917,844
92	712,823	49	1167,683
93	781,133	34	760,782
94	741,394	32	230,717
95	616,534	20	418,397
96	589,147	39	1158,709
97	720,419	19	378,375
98	747,617	24	439,227
99	762,257	31	81,17
100	701,136	34	805,995

#machId jobPred jobSucc setupTime
1	2	4	6,861
1	2	7	23,281
1	2	14	1,103
1	2	18	26,08
1	2	20	1,634
1	2	31	0,723
1	2	37	5,468
1	2	40	6,09
1	2	41	7,328
1	2	43	3,197
1	2	45	9,016
1	2	49	0,728
1	2	76	3,398
1	2	77	7,926
1	2	88	2,286
1	2	91	17,759
1	2	92	2,025
1	4	2	1,053
1	4	7	1,561
1	4	14	15,865
1	4	18	5,852
1	4	20	3,383
1	4	31	19,138
1	4	37	4,267
1	4	40	2,835
1	4	41	3,575
1	4	43	6,628
1	4	45	2,872
1	4	49	0,655
1	4	76	0,865
1	4	77	7,359
1	4	88	0,901
1	4	91	15,447
1	4	92	1,879
1	7	2	3,625
1	7	4	0,901
1	7	14	3,567
1	7	18	5,636
1	7	20	1,57
1	7	31	5,014
1	7	37	1,315
1	7	40	14,077
1	7	41	6,088
1	7	43	11,681
1	7	45	1,03
1	7	49	2,965
1	7	76	4,548
1	7	77	5,686
1	7	88	7,065
1	7	91	0,972
1	7	92	1,157
1	14	2	5,173
1	14	4	5,685
1	14	7	4,142
1	14	18	2,951
1	14	20	14,668
1	14	31	15,323
1	14	37	2,655
1	14	40	11,497
1	14	41	4,335
1	14	43	7,07
1	14	45	0,744
1	14	49	12,85
1	14	76	5,532
1	14	77	4,125
1	14	88	2,64
1	14	91	21,563
1	14	92	20,195
1	18	2	1,398
1	18	4	0,507
1	18	7	4,78
1	18	14	16,194
1	18	20	1,152
1	18	31	10,063
1	18	37	1,165
1	18	40	0,699
1	18	41	9,255
1	18	43	7,974
1	18	45	2,505
1	18	49	1,99
1	18	76	7,872
1	18	77	1,016
1	18	88	0,584
1	18	91	0,621
1	18	92	0,739
1	20	2	10,674
1	20	4	3,947
1	20	7	2,847
1	20	14	0,626
1	20	18	2,453
1	20	31	4,988
1	20	37	12,555
1	20	40	7,04
1	20	41	1,203
1	20	43	3,419
1	20	45	4,06
1	20	49	4,76
1	20	76	5,461
1	20	77	1,557
1	20	88	8,174
1	20	91	2,914
1	20	92	4,071
1	31	2	10,087
1	31	4	8,53
1	31	7	11,576
1	31	14	1,361
1	31	18	11,623
1	31	20	7,183
1	31	37	6,173
1	31	40	21,168
1	31	41	13,051
1	31	43	2,863
1	31	45	0,857
1	31	49	4,652
1	31	76	5,625
1	31	77	1,93
1	31	88	5,006
1	31	91	1,246
1	31	92	5,539
1	37	2	0,772
1	37	4	2,903
1	37	7	16,193
1	37	14	6,11
1	37	18	1,43
1	37	20	0,856
1	37	31	3,304
1	37	40	2,578
1	37	41	1,983
1	37	43	7,045
1	37	45	4,448
1	37	49	3,727
1	37	76	33,228
1	37	77	0,949
1	37	88	3,903
1	37	91	5,958
1	37	92	0,817
1	40	2	1,607
1	40	4	4,919
1	40	7	2,735
1	40	14	6,132
1	40	18	6,535
1	40	20	6,34
1	40	31	15,509
1	40	37	3,542
1	40	41	19,077
1	40	43	11,088
1	40	45	9,278
1	40	49	2,163
1	40	76	4,86
1	40	77	0,596
1	40	88	45,735
1	40	91	1,444
1	40	92	13,246
1	41	2	8,629
1	41	4	2,281
1	41	7	8,829
1	41	14	5,355
1	41	18	2,688
1	41	20	3,249
1	41	31	5,908
1	41	37	25,81
1	41	40	7,633
1	41	43	2,763
1	41	45	5,148
1	41	49	27,993
1	41	76	9,808
1	41	77	1,944
1	41	88	5,761
1	41	91	5,36
1	41	92	9,443
1	43	2	4,758
1	43	4	3,714
1	43	7	2,171
1	43	14	9,885
1	43	18	7,985
1	43	20	16,199
1	43	31	9,044
1	43	37	2,057
1	43	40	9,549
1	43	41	4,924
1	43	45	4,215
1	43	49	0,999
1	43	76	1,082
1	43	77	1,655
1	43	88	2,391
1	43	91	1,179
1	43	92	4,827
1	45	2	2,071
1	45	4	2,37
1	45	7	2,626
1	45	14	13,251
1	45	18	3,256
1	45	20	2,525
1	45	31	1,546
1	45	37	1,387
1	45	40	2,983
1	45	41	1,729
1	45	43	2,964
1	45	49	2,161
1	45	76	18,521
1	45	77	1,752
1	45	88	5,32
1	45	91	3,723
1	45	92	6,894
1	49	2	25,288
1	49	4	23,075
1	49	7	2,012
1	49	14	2,603
1	49	18	1,921
1	49	20	8,159
1	49	31	6,197
1	49	37	0,626
1	49	40	10,263
1	49	41	3,641
1	49	43	3,272
1	49	45	2,885
1	49	76	7,922
1	49	77	8,019
1	49	88	1,138
1	49	91	24,516
1	49	92	14,782
1	76	2	0,675
1	76	4	3,113
1	76	7	8,908
1	76	14	2,132
1	76	18	6,855
1	76	20	6,576
1	76	31	10,459
1	76	37	5,61
1	76	40	8,273
1	76	41	11,441
1	76	43	5,759
1	76	45	2,229
1	76	49	3,234
1	76	77	13,343
1	76	88	7,078
1	76	91	7,357
1	76	92	5,969
1	77	2	1,393
1	77	4	5,137
1	77	7	2,773
1	77	14	7,283
1	77	18	6,827
1	77	20	1,967
1	77	31	0,807
1	77	37	6,551
1	77	40	1,086
1	77	41	1,646
1	77	43	5,083
1	77	45	2,034
1	77	49	11,883
1	77	76	7,661
1	77	88	13,331
1	77	91	14,149
1	77	92	9,73
1	88	2	12,647
1	88	4	0,865
1	88	7	37,814
1	88	14	0,619
1	88	18	20,645
1	88	20	10,992
1	88	31	2,558
1	88	37	3,366
1	88	40	2,29
1	88	41	4,428
1	88	43	14,955
1	88	45	2,062
1	88	49	7,625
1	88	76	1,229
1	88	77	20,136
1	88	91	12,726
1	88	92	4,502
1	91	2	11,424
1	91	4	3,423
1	91	7	6,3
1	91	14	1,443
1	91	18	3,761
1	91	20	4,115
1	91	31	0,921
1	91	37	9,516
1	91	40	0,523
1	91	41	3,753
1	91	43	3,724
1	91	45	11,64
1	91	49	3,927
1	91	76	12,848
1	91	77	10,727
1	91	88	6,307
1	91	92	5,197
1	92	2	2,673
1	92	4	9,605
1	92	7	3,482
1	92	14	2,241
1	92	18	2,437
1	92	20	9,071
1	92	31	12,962
1	92	37	7,638
1	92	40	3,111
1	92	41	11,158
1	92	43	2,133
1	92	45	7,629
1	92	49	3,916
1	92	76	2,604
1	92	77	21,822
1	92	88	1,018
1	92	91	1,671
2	3	5	1,776
2	3	8	13,636
2	3	9	3,372
2	3	16	0,941
2	3	35	10,455
2	3	36	0,723
2	3	37	1,498
2	3	39	10,204
2	3	44	1,62
2	3	47	7,645
2	3	50	2,822
2	3	53	1,284
2	3	56	14,041
2	3	60	37,311
2	3	61	1,416
2	3	64	3,507
2	3	66	8,481
2	3	67	3,041
2	3	69	3,211
2	3	71	6,086
2	3	72	0,94
2	3	74	15,167
2	3	77	5,067
2	3	78	3,558
2	3	80	11,034
2	3	86	7,148
2	3	96	1,832
2	3	97	1,167
2	3	100	9,938
2	5	3	8,688
2	5	8	1,297
2	5	9	1,478
2	5	16	15,102
2	5	35	8,984
2	5	36	15,549
2	5	37	1,392
2	5	39	25,089
2	5	44	2,675
2	5	47	7,346
2	5	50	6,064
2	5	53	3,224
2	5	56	10,068
2	5	60	8,1
2	5	61	5,903
2	5	64	2,342
2	5	66	25,272
2	5	67	25,02
2	5	69	5,111
2	5	71	9,001
2	5	72	4,052
2	5	74	1,537
2	5	77	1,203
2	5	78	2,132
2	5	80	4,491
2	5	86	3,832
2	5	96	15,015
2	5	97	0,874
2	5	100	1,653
2	8	3	6,238
2	8	5	6,581
2	8	9	5,405
2	8	16	4,03
2	8	35	0,817
2	8	36	4,13
2	8	37	3,753
2	8	39	6,294
2	8	44	2,256
2	8	47	9,024
2	8	50	11,105
2	8	53	4,101
2	8	56	3,476
2	8	60	4,417
2	8	61	12,409
2	8	64	6,046
2	8	66	11,739
2	8	67	45,656
2	8	69	12,082
2	8	71	9,088
2	8	72	1,636
2	8	74	8,255
2	8	77	8,476
2	8	78	8,785
2	8	80	0,849
2	8	86	8,975
2	8	96	0,721
2	8	97	2,824
2	8	100	18,962
2	9	3	4,965
2	9	5	2,403
2	9	8	2,28
2	9	16	11,028
2	9	35	0,964
2	9	36	7,317
2	9	37	2,654
2	9	39	4,309
2	9	44	4,769
2	9	47	2,164
2	9	50	8,55
2	9	53	6,39
2	9	56	4,551
2	9	60	1,431
2	9	61	1,194
2	9	64	0,677
2	9	66	3,277
2	9	67	19,856
2	9	69	0,908
2	9	71	7,329
2	9	72	24,306
2	9	74	4,306
2	9	77	0,842
2	9	78	3,22
2	9	80	2,411
2	9	86	17,007
2	9	96	2,983
2	9	97	3,334
2	9	100	4,649
2	16	3	3,022
2	16	5	23,665
2	16	8	1,677
2	16	9	0,678
2	16	35	14,543
2	16	36	10,743
2	16	37	2,626
2	16	39	1,399
2	16	44	7,47
2	16	47	2,745
2	16	50	7,063
2	16	53	8,45
2	16	56	4,706
2	16	60	3,823
2	16	61	47,215
2	16	64	2,372
2	16	66	0,882
2	16	67	17,103
2	16	69	6,271
2	16	71	1,917
2	16	72	6,638
2	16	74	12,581
2	16	77	1,493
2	16	78	2,561
2	16	80	2,751
2	16	86	5,098
2	16	96	3,06
2	16	97	12,495
2	16	100	3,207
2	35	3	3,976
2	35	5	2,019
2	35	8	2,72
2	35	9	2,723
2	35	16	11,07
2	35	36	2,482
2	35	37	0,576
2	35	39	1,004
2	35	44	2,351
2	35	47	13,789
2	35	50	45,025
2	35	53	1,452
2	35	56	1,681
2	35	60	5,185
2	35	61	12,31
2	35	64	6,597
2	35	66	1,474
2	35	67	4,345
2	35	69	4,951
2	35	71	3,216
2	35	72	3,54
2	35	74	5,117
2	35	77	3,144
2	35	78	7,304
2	35	80	35,579
2	35	86	2,302
2	35	96	8,002
2	35	97	10,123
2	35	100	4,98
2	36	3	2,403
2	36	5	1,686
2	36	8	7,941
2	36	9	1,307
2	36	16	3,572
2	36	35	1,919
2	36	37	33,523
2	36	39	5,11
2	36	44	5,045
2	36	47	5,226
2	36	50	3,079
2	36	53	5,461
2	36	56	1,822
2	36	60	1,768
2	36	61	5,372
2	36	64	0,67
2	36	66	21,755
2	36	67	12,778
2	36	69	14,569
2	36	71	12,049
2	36	72	3,064
2	36	74	2,533
2	36	77	5,562
2	36	78	11,546
2	36	80	2,794
2	36	86	11,727
2	36	96	8,781
2	36	97	1,097
2	36	100	3,9
2	37	3	15,142
2	37	5	1,222
2	37	8	3,404
2	37	9	1,334
2	37	16	5,837
2	37	35	2,071
2	37	36	13,915
2	37	39	5,057
2	37	44	2,202
2	37	47	1,31
2	37	50	1,337
2	37	53	1,579
2	37	56	3,346
2	37	60	15,507
2	37	61	3,358
2	37	64	21,728
2	37	66	13,362
2	37	67	3,22
2	37	69	1,057
2	37	71	26,046
2	37	72	3,064
2	37	74	10,001
2	37	77	15,138
2	37	78	0,774
2	37	80	11,061
2	37	86	6,182
2	37	96	7,391
2	37	97	2,526
2	37	100	4,527
2	39	3	28,331
2	39	5	8,691
2	39	8	6,523
2	39	9	21,681
2	39	16	2,755
2	39	35	12,514
2	39	36	2,017
2	39	37	0,557
2	39	44	7,198
2	39	47	67,579
2	39	50	1,32
2	39	53	5,506
2	39	56	10,177
2	39	60	3,468
2	39	61	2,635
2	39	64	1,235
2	39	66	6,215
2	39	67	0,523
2	39	69	13,69
2	39	71	13,123
2	39	72	21,503
2	39	74	9,404
2	39	77	7,905
2	39	78	1,492
2	39	80	1,105
2	39	86	7,401
2	39	96	1,094
2	39	97	17,626
2	39	100	1,551
2	44	3	7,298
2	44	5	1,303
2	44	8	14,588
2	44	9	2,578
2	44	16	8,931
2	44	35	2,268
2	44	36	5,793
2	44	37	8,17
2	44	39	2,434
2	44	47	4,313
2	44	50	5,575
2	44	53	10,699
2	44	56	8,142
2	44	60	9,447
2	44	61	1,574
2	44	64	0,992
2	44	66	0,652
2	44	67	1,523
2	44	69	1,081
2	44	71	9,35
2	44	72	2,295
2	44	74	6,617
2	44	77	0,895
2	44	78	5,524
2	44	80	22,035
2	44	86	20,533
2	44	96	1,699
2	44	97	11,349
2	44	100	11,415
2	47	3	3,123
2	47	5	0,878
2	47	8	3,238
2	47	9	1,27
2	47	16	9,179
2	47	35	6,362
2	47	36	6,465
2	47	37	6,959
2	47	39	7,49
2	47	44	7,766
2	47	50	42,34
2	47	53	4,665
2	47	56	3,951
2	47	60	3,539
2	47	61	1,083
2	47	64	5,792
2	47	66	3,029
2	47	67	3,879
2	47	69	12,318
2	47	71	8,575
2	47	72	10,305
2	47	74	4,655
2	47	77	1,936
2	47	78	7,309
2	47	80	9,704
2	47	86	4,129
2	47	96	5,592
2	47	97	0,921
2	47	100	2,04
2	50	3	3,506
2	50	5	21,196
2	50	8	12,837
2	50	9	4,93
2	50	16	1,378
2	50	35	60,092
2	50	36	7,539
2	50	37	7,262
2	50	39	0,855
2	50	44	14,884
2	50	47	6,758
2	50	53	1,271
2	50	56	10,686
2	50	60	2,891
2	50	61	2,118
2	50	64	20,55
2	50	66	8,605
2	50	67	23,866
2	50	69	2,562
2	50	71	1,871
2	50	72	13,475
2	50	74	2,325
2	50	77	4,289
2	50	78	16,434
2	50	80	7,276
2	50	86	14,584
2	50	96	0,753
2	50	97	4,281
2	50	100	3,555
2	53	3	7,295
2	53	5	5,341
2	53	8	4,67
2	53	9	6,702
2	53	16	16,345
2	53	35	2,771
2	53	36	1,217
2	53	37	6,846
2	53	39	1,79
2	53	44	8,257
2	53	47	3,606
2	53	50	4,936
2	53	56	4,61
2	53	60	4,412
2	53	61	3,908
2	53	64	1,69
2	53	66	8,812
2	53	67	5,565
2	53	69	0,56
2	53	71	15,902
2	53	72	3,386
2	53	74	1,665
2	53	77	10,891
2	53	78	0,653
2	53	80	4,362
2	53	86	18,168
2	53	96	6,514
2	53	97	5,556
2	53	100	11,725
2	56	3	10,092
2	56	5	1,949
2	56	8	0,647
2	56	9	10,371
2	56	16	8,308
2	56	35	1,536
2	56	36	2,435
2	56	37	2,475
2	56	39	6,382
2	56	44	4,432
2	56	47	2,909
2	56	50	0,924
2	56	53	2,229
2	56	60	6,65
2	56	61	16,154
2	56	64	7,228
2	56	66	26,83
2	56	67	8,432
2	56	69	2,476
2	56	71	27,076
2	56	72	1,037
2	56	74	3,763
2	56	77	19,933
2	56	78	3,603
2	56	80	23,028
2	56	86	7,836
2	56	96	4,123
2	56	97	0,692
2	56	100	2,812
2	60	3	5,823
2	60	5	6,547
2	60	8	11,723
2	60	9	1,328
2	60	16	12,633
2	60	35	15,631
2	60	36	13,996
2	60	37	3,738
2	60	39	4,86
2	60	44	13,597
2	60	47	3,56
2	60	50	2,391
2	60	53	21,21
2	60	56	6,785
2	60	61	1,191
2	60	64	5,361
2	60	66	1,339
2	60	67	15,336
2	60	69	1,822
2	60	71	1,777
2	60	72	0,756
2	60	74	9,598
2	60	77	2,96
2	60	78	5,155
2	60	80	7,855
2	60	86	6,658
2	60	96	5,445
2	60	97	3,554
2	60	100	0,518
2	61	3	17,051
2	61	5	6,96
2	61	8	3,78
2	61	9	1,074
2	61	16	6,74
2	61	35	1,795
2	61	36	3,428
2	61	37	0,978
2	61	39	11,311
2	61	44	10,888
2	61	47	0,612
2	61	50	14,255
2	61	53	9,952
2	61	56	1,109
2	61	60	7,118
2	61	64	0,617
2	61	66	6,917
2	61	67	2,268
2	61	69	3,466
2	61	71	17,071
2	61	72	6,363
2	61	74	4,162
2	61	77	3,126
2	61	78	3,609
2	61	80	6,443
2	61	86	5,981
2	61	96	1,481
2	61	97	2,053
2	61	100	4,223
2	64	3	10,552
2	64	5	31,312
2	64	8	19,75
2	64	9	3,469
2	64	16	0,989
2	64	35	0,805
2	64	36	2,984
2	64	37	1,181
2	64	39	14,616
2	64	44	2,58
2	64	47	7,158
2	64	50	11,362
2	64	53	1,648
2	64	56	0,833
2	64	60	8,406
2	64	61	7,273
2	64	66	2,705
2	64	67	5,759
2	64	69	7,502
2	64	71	9,184
2	64	72	7,491
2	64	74	12,753
2	64	77	2,206
2	64	78	3,62
2	64	80	2,109
2	64	86	5,017
2	64	96	10,062
2	64	97	15,929
2	64	100	2,731
2	66	3	0,856
2	66	5	16,461
2	66	8	4,985
2	66	9	9,097
2	66	16	16,752
2	66	35	9,979
2	66	36	3,541
2	66	37	4,546
2	66	39	0,846
2	66	44	24,943
2	66	47	4,427
2	66	50	3,794
2	66	53	3,142
2	66	56	6,676
2	66	60	2,849
2	66	61	14,258
2	66	64	3,421
2	66	67	2,614
2	66	69	5,325
2	66	71	4,661
2	66	72	1,643
2	66	74	3,933
2	66	77	3,383
2	66	78	5,741
2	66	80	3,646
2	66	86	6,575
2	66	96	0,506
2	66	97	7,316
2	66	100	5,813
2	67	3	3,205
2	67	5	1,715
2	67	8	4,914
2	67	9	6,596
2	67	16	20,348
2	67	35	1,616
2	67	36	1,96
2	67	37	0,937
2	67	39	7,007
2	67	44	2,731
2	67	47	3,656
2	67	50	1,086
2	67	53	2,443
2	67	56	20,341
2	67	60	6,132
2	67	61	9,988
2	67	64	1,056
2	67	66	4,788
2	67	69	9,89
2	67	71	10,716
2	67	72	1,831
2	67	74	17,864
2	67	77	12,093
2	67	78	8,469
2	67	80	1,906
2	67	86	9,331
2	67	96	16,649
2	67	97	6,191
2	67	100	8,188
2	69	3	8,036
2	69	5	2,917
2	69	8	4,75
2	69	9	1,207
2	69	16	7,522
2	69	35	5,544
2	69	36	1,512
2	69	37	2,539
2	69	39	2,853
2	69	44	5,04
2	69	47	8,847
2	69	50	5,859
2	69	53	2,88
2	69	56	1,497
2	69	60	1,28
2	69	61	12,706
2	69	64	19,572
2	69	66	3,555
2	69	67	9,672
2	69	71	7,498
2	69	72	5,019
2	69	74	16,409
2	69	77	17,296
2	69	78	12,123
2	69	80	2,017
2	69	86	7,131
2	69	96	2,742
2	69	97	10,588
2	69	100	5,182
2	71	3	7,771
2	71	5	11,07
2	71	8	34,493
2	71	9	12,508
2	71	16	3,708
2	71	35	1,03
2	71	36	3,226
2	71	37	4,201
2	71	39	12,611
2	71	44	8,491
2	71	47	4,289
2	71	50	8,403
2	71	53	42,225
2	71	56	3,014
2	71	60	2,446
2	71	61	3,251
2	71	64	0,886
2	71	66	3,537
2	71	67	1,067
2	71	69	8,197
2	71	72	1,372
2	71	74	3,236
2	71	77	1,449
2	71	78	2,794
2	71	80	19,857
2	71	86	3,75
2	71	96	2,496
2	71	97	3,613
2	71	100	1,601
2	72	3	13,726
2	72	5	2,258
2	72	8	6,429
2	72	9	5,068
2	72	16	5,701
2	72	35	9,308
2	72	36	4,6
2	72	37	2,4
2	72	39	3,765
2	72	44	1,193
2	72	47	8,482
2	72	50	0,784
2	72	53	4,069
2	72	56	1,611
2	72	60	0,83
2	72	61	3,548
2	72	64	5,453
2	72	66	9,518
2	72	67	40,25
2	72	69	2,65
2	72	71	2,751
2	72	74	22,661
2	72	77	7,4
2	72	78	1,632
2	72	80	4,187
2	72	86	4,559
2	72	96	0,943
2	72	97	1,498
2	72	100	4,822
2	74	3	21,253
2	74	5	5,943
2	74	8	6,695
2	74	9	1,091
2	74	16	1,223
2	74	35	3,337
2	74	36	4,113
2	74	37	1,634
2	74	39	4,393
2	74	44	3,876
2	74	47	1,603
2	74	50	3,261
2	74	53	1,201
2	74	56	5,355
2	74	60	1,327
2	74	61	0,558
2	74	64	5,668
2	74	66	8,634
2	74	67	22,66
2	74	69	9,072
2	74	71	7,515
2	74	72	1,113
2	74	77	11,767
2	74	78	2,846
2	74	80	7,876
2	74	86	11,129
2	74	96	0,511
2	74	97	1,72
2	74	100	6,679
2	77	3	10,802
2	77	5	16,433
2	77	8	3,402
2	77	9	2,679
2	77	16	4,93
2	77	35	26,727
2	77	36	5,201
2	77	37	4,811
2	77	39	4,708
2	77	44	1,258
2	77	47	0,965
2	77	50	13,137
2	77	53	9,551
2	77	56	3,421
2	77	60	2,615
2	77	61	3,295
2	77	64	5,646
2	77	66	5,143
2	77	67	4,796
2	77	69	8,09
2	77	71	4,525
2	77	72	9,471
2	77	74	10,139
2	77	78	25,042
2	77	80	2,566
2	77	86	9,004
2	77	96	5,405
2	77	97	5,684
2	77	100	5,077
2	78	3	10,064
2	78	5	3,929
2	78	8	8,653
2	78	9	4,048
2	78	16	2,617
2	78	35	4,921
2	78	36	3,865
2	78	37	2,483
2	78	39	0,67
2	78	44	0,512
2	78	47	32,324
2	78	50	6,012
2	78	53	11,179
2	78	56	4,703
2	78	60	3,811
2	78	61	6,851
2	78	64	9,112
2	78	66	2,505
2	78	67	8,898
2	78	69	0,569
2	78	71	59,031
2	78	72	4,043
2	78	74	1,494
2	78	77	4,881
2	78	80	12,072
2	78	86	0,965
2	78	96	0,69
2	78	97	1,293
2	78	100	1,612
2	80	3	2,781
2	80	5	7,716
2	80	8	4,182
2	80	9	5,907
2	80	16	3,604
2	80	35	1,105
2	80	36	1,285
2	80	37	2,439
2	80	39	3,313
2	80	44	4,491
2	80	47	4,624
2	80	50	9,114
2	80	53	3,121
2	80	56	3,302
2	80	60	4,244
2	80	61	2,223
2	80	64	8,072
2	80	66	40,44
2	80	67	10,613
2	80	69	3,085
2	80	71	0,847
2	80	72	6,937
2	80	74	2,003
2	80	77	4,87
2	80	78	31,286
2	80	86	8,64
2	80	96	2,43
2	80	97	2,001
2	80	100	6,663
2	86	3	12,05
2	86	5	3,636
2	86	8	4,65
2	86	9	9,088
2	86	16	6,499
2	86	35	7,32
2	86	36	6,336
2	86	37	8,359
2	86	39	13,312
2	86	44	0,745
2	86	47	17,833
2	86	50	1,874
2	86	53	3,259
2	86	56	12,211
2	86	60	1,656
2	86	61	8,559
2	86	64	15,541
2	86	66	15,056
2	86	67	1,7
2	86	69	5,957
2	86	71	7,95
2	86	72	10,404
2	86	74	7,216
2	86	77	16,681
2	86	78	2,201
2	86	80	2,965
2	86	96	5,262
2	86	97	5,636
2	86	100	4,215
2	96	3	11,235
2	96	5	21,421
2	96	8	3,458
2	96	9	3,175
2	96	16	10,366
2	96	35	8,136
2	96	36	6,9
2	96	37	8,61
2	96	39	4,887
2	96	44	1,054
2	96	47	2,571
2	96	50	49,926
2	96	53	31,258
2	96	56	1,199
2	96	60	9,938
2	96	61	7,023
2	96	64	1,503
2	96	66	37,169
2	96	67	14,601
2	96	69	1,786
2	96	71	0,586
2	96	72	3,758
2	96	74	3,09
2	96	77	8,414
2	96	78	1,137
2	96	80	11,526
2	96	86	11,5
2	96	97	1,101
2	96	100	5,723
2	97	3	4,64
2	97	5	0,734
2	97	8	4,583
2	97	9	6,934
2	97	16	15,481
2	97	35	0,81
2	97	36	2,311
2	97	37	1,007
2	97	39	10,1
2	97	44	7,111
2	97	47	2,972
2	97	50	0,63
2	97	53	9,08
2	97	56	6,947
2	97	60	1,19
2	97	61	6,759
2	97	64	3,386
2	97	66	7,089
2	97	67	5,699
2	97	69	11,721
2	97	71	13,661
2	97	72	2,243
2	97	74	2,104
2	97	77	1,083
2	97	78	1,73
2	97	80	12,433
2	97	86	0,571
2	97	96	11,8
2	97	100	5,974
2	100	3	8,035
2	100	5	5,805
2	100	8	6,412
2	100	9	1,916
2	100	16	2,64
2	100	35	6,37
2	100	36	11,632
2	100	37	1,061
2	100	39	4,912
2	100	44	4,592
2	100	47	4,938
2	100	50	2,485
2	100	53	1,569
2	100	56	6,239
2	100	60	2,263
2	100	61	11,17
2	100	64	18,782
2	100	66	9,364
2	100	67	4,875
2	100	69	21,198
2	100	71	5,84
2	100	72	0,766
2	100	74	12,437
2	100	77	4,883
2	100	78	0,82
2	100	80	5,997
2	100	86	1,726
2	100	96	7,054
2	100	97	10,014
3	5	15	1,121
3	5	18	9,028
3	5	30	4,156
3	5	37	8,905
3	5	44	5,354
3	5	49	4,445
3	5	54	29,535
3	5	72	9,879
3	5	90	5,12
3	5	94	2,816
3	5	100	2,468
3	15	5	1,583
3	15	18	3,793
3	15	30	5,838
3	15	37	8,599
3	15	44	7,07
3	15	49	17,656
3	15	54	4,139
3	15	72	1,041
3	15	90	0,543
3	15	94	8,187
3	15	100	1,056
3	18	5	0,829
3	18	15	4,305
3	18	30	2,373
3	18	37	13,348
3	18	44	30,856
3	18	49	1,289
3	18	54	8,162
3	18	72	2,195
3	18	90	4,036
3	18	94	17,592
3	18	100	9,621
3	30	5	3,557
3	30	15	3,994
3	30	18	5,051
3	30	37	0,764
3	30	44	0,867
3	30	49	3,297
3	30	54	0,544
3	30	72	2,406
3	30	90	3,769
3	30	94	5,911
3	30	100	3,891
3	37	5	22,444
3	37	15	2,445
3	37	18	5,967
3	37	30	4,165
3	37	44	1,984
3	37	49	2,266
3	37	54	2,176
3	37	72	1,69
3	37	90	33,431
3	37	94	5,325
3	37	100	17,357
3	44	5	1,75
3	44	15	7,231
3	44	18	3,209
3	44	30	5,252
3	44	37	3,917
3	44	49	5,655
3	44	54	15,985
3	44	72	3,855
3	44	90	0,768
3	44	94	14,667
3	44	100	13,849
3	49	5	11,129
3	49	15	4,188
3	49	18	8,364
3	49	30	1,799
3	49	37	4,082
3	49	44	0,521
3	49	54	6,707
3	49	72	7,39
3	49	90	16,859
3	49	94	1,306
3	49	100	4,987
3	54	5	3,24
3	54	15	7,33
3	54	18	0,919
3	54	30	1,426
3	54	37	7,335
3	54	44	1,173
3	54	49	9,577
3	54	72	0,64
3	54	90	9,466
3	54	94	4,48
3	54	100	2,078
3	72	5	4,191
3	72	15	17,203
3	72	18	3,909
3	72	30	10,009
3	72	37	1,777
3	72	44	10,97
3	72	49	5,864
3	72	54	28,568
3	72	90	11,376
3	72	94	2,051
3	72	100	1,446
3	90	5	11,313
3	90	15	13,944
3	90	18	0,952
3	90	30	1,497
3	90	37	63,852
3	90	44	2,364
3	90	49	2,321
3	90	54	6,829
3	90	72	2,952
3	90	94	0,752
3	90	100	2,984
3	94	5	39,287
3	94	15	0,867
3	94	18	7,956
3	94	30	10,532
3	94	37	10,003
3	94	44	5,314
3	94	49	1,193
3	94	54	13,793
3	94	72	12,258
3	94	90	9,154
3	94	100	3,07
3	100	5	40,751
3	100	15	3,54
3	100	18	3,978
3	100	30	0,639
3	100	37	5,379
3	100	44	0,816
3	100	49	11,688
3	100	54	20,031
3	100	72	4,197
3	100	90	6,677
3	100	94	7,323
4	1	5	0,92
4	1	7	5,867
4	1	16	3,38
4	1	18	2,908
4	1	19	26,685
4	1	24	2,977
4	1	25	4,399
4	1	29	13,707
4	1	34	1,526
4	1	40	1,05
4	1	47	0,728
4	1	48	0,53
4	1	50	1,983
4	1	55	4,228
4	1	63	1,044
4	1	71	0,858
4	1	75	6,104
4	1	77	13,624
4	1	83	6,075
4	1	84	1,254
4	1	85	6,86
4	1	97	3,575
4	5	1	7,997
4	5	7	13,429
4	5	16	13,461
4	5	18	2,853
4	5	19	9,212
4	5	24	6,009
4	5	25	1,813
4	5	29	2,775
4	5	34	3,554
4	5	40	2,946
4	5	47	5,227
4	5	48	0,686
4	5	50	1,836
4	5	55	11,969
4	5	63	1,329
4	5	71	1,034
4	5	75	8,232
4	5	77	2,403
4	5	83	5,894
4	5	84	1,753
4	5	85	14,34
4	5	97	7,891
4	7	1	7,426
4	7	5	30,492
4	7	16	4,832
4	7	18	6,934
4	7	19	8,757
4	7	24	11,743
4	7	25	1,348
4	7	29	6,025
4	7	34	1,385
4	7	40	2,005
4	7	47	11,072
4	7	48	1,478
4	7	50	2,364
4	7	55	2,37
4	7	63	0,821
4	7	71	11,15
4	7	75	1,304
4	7	77	4,046
4	7	83	7,292
4	7	84	8,437
4	7	85	2,535
4	7	97	1,424
4	16	1	8,168
4	16	5	15,545
4	16	7	0,603
4	16	18	18,098
4	16	19	3,6
4	16	24	12,796
4	16	25	10,279
4	16	29	8,433
4	16	34	17,004
4	16	40	2,821
4	16	47	12,524
4	16	48	7,888
4	16	50	1,888
4	16	55	4,356
4	16	63	2,54
4	16	71	3,998
4	16	75	4,891
4	16	77	14,29
4	16	83	3,017
4	16	84	8,842
4	16	85	2,696
4	16	97	3,908
4	18	1	3,897
4	18	5	3,588
4	18	7	0,863
4	18	16	38,95
4	18	19	2,755
4	18	24	1,527
4	18	25	7,529
4	18	29	7,09
4	18	34	4,395
4	18	40	4,555
4	18	47	3,978
4	18	48	3,784
4	18	50	3,866
4	18	55	13,811
4	18	63	1,255
4	18	71	1,4
4	18	75	4,219
4	18	77	2,869
4	18	83	20,074
4	18	84	2,215
4	18	85	2,645
4	18	97	10,023
4	19	1	20,133
4	19	5	1,376
4	19	7	7,203
4	19	16	4,848
4	19	18	4,102
4	19	24	8,038
4	19	25	0,645
4	19	29	13,562
4	19	34	5,637
4	19	40	2,317
4	19	47	4,499
4	19	48	2,365
4	19	50	8,33
4	19	55	7,029
4	19	63	2,638
4	19	71	9,413
4	19	75	16,505
4	19	77	8,028
4	19	83	8,165
4	19	84	12,162
4	19	85	8,628
4	19	97	3,14
4	24	1	9,705
4	24	5	7,853
4	24	7	2,242
4	24	16	1,866
4	24	18	8,929
4	24	19	2,934
4	24	25	10,598
4	24	29	4,682
4	24	34	3,721
4	24	40	3,358
4	24	47	5,169
4	24	48	10,301
4	24	50	0,592
4	24	55	3,692
4	24	63	5,435
4	24	71	2,32
4	24	75	16,725
4	24	77	3,195
4	24	83	1,785
4	24	84	0,882
4	24	85	3,981
4	24	97	6,417
4	25	1	1,783
4	25	5	4,636
4	25	7	0,968
4	25	16	5,061
4	25	18	0,571
4	25	19	5,223
4	25	24	10,16
4	25	29	1,607
4	25	34	6,471
4	25	40	2,394
4	25	47	4,041
4	25	48	7,722
4	25	50	5,302
4	25	55	4,838
4	25	63	1,228
4	25	71	2,56
4	25	75	6,69
4	25	77	1,972
4	25	83	0,56
4	25	84	14,726
4	25	85	7,832
4	25	97	0,947
4	29	1	5,355
4	29	5	2,562
4	29	7	2,362
4	29	16	5,325
4	29	18	5,699
4	29	19	7,101
4	29	24	3,019
4	29	25	1,635
4	29	34	5,053
4	29	40	3,574
4	29	47	2,279
4	29	48	10,367
4	29	50	0,663
4	29	55	7,948
4	29	63	2,725
4	29	71	8,828
4	29	75	1,604
4	29	77	0,976
4	29	83	0,992
4	29	84	6,848
4	29	85	5,579
4	29	97	0,839
4	34	1	21,999
4	34	5	5,043
4	34	7	4,117
4	34	16	16,759
4	34	18	2,415
4	34	19	0,751
4	34	24	1,05
4	34	25	15,561
4	34	29	5,684
4	34	40	14,183
4	34	47	3,302
4	34	48	8,726
4	34	50	9,125
4	34	55	5,482
4	34	63	16,232
4	34	71	1,977
4	34	75	11,503
4	34	77	1,661
4	34	83	7,347
4	34	84	4,299
4	34	85	13,616
4	34	97	3,752
4	40	1	2,778
4	40	5	5,163
4	40	7	7,099
4	40	16	1,646
4	40	18	1,642
4	40	19	1,051
4	40	24	4,743
4	40	25	3,084
4	40	29	6,137
4	40	34	1,745
4	40	47	0,515
4	40	48	11,113
4	40	50	22,356
4	40	55	2,708
4	40	63	1,068
4	40	71	15,279
4	40	75	4,244
4	40	77	6,225
4	40	83	21,113
4	40	84	2,215
4	40	85	3,678
4	40	97	0,515
4	47	1	1,794
4	47	5	1,703
4	47	7	1,674
4	47	16	4,107
4	47	18	3,549
4	47	19	18,36
4	47	24	5,28
4	47	25	22,492
4	47	29	2,462
4	47	34	14,329
4	47	40	2,911
4	47	48	4,665
4	47	50	18,163
4	47	55	49,76
4	47	63	7,232
4	47	71	1,867
4	47	75	11,747
4	47	77	5,211
4	47	83	25,32
4	47	84	11,044
4	47	85	2,42
4	47	97	2,746
4	48	1	13,072
4	48	5	9,558
4	48	7	7,281
4	48	16	25,739
4	48	18	2,81
4	48	19	1,807
4	48	24	6,327
4	48	25	1,584
4	48	29	4,855
4	48	34	1,867
4	48	40	5,027
4	48	47	6,308
4	48	50	1,771
4	48	55	4,747
4	48	63	2,689
4	48	71	1,137
4	48	75	35,946
4	48	77	11,539
4	48	83	1,869
4	48	84	2,239
4	48	85	19,747
4	48	97	3,408
4	50	1	0,727
4	50	5	1,346
4	50	7	0,655
4	50	16	0,583
4	50	18	8,902
4	50	19	1,391
4	50	24	4,36
4	50	25	22,544
4	50	29	1,88
4	50	34	18,794
4	50	40	4,074
4	50	47	13,961
4	50	48	6,223
4	50	55	21,05
4	50	63	1,924
4	50	71	4,942
4	50	75	8,95
4	50	77	2,237
4	50	83	0,644
4	50	84	0,845
4	50	85	2,593
4	50	97	5,662
4	55	1	6,669
4	55	5	2,339
4	55	7	12,108
4	55	16	7,456
4	55	18	0,528
4	55	19	9,306
4	55	24	9,838
4	55	25	12,037
4	55	29	7,172
4	55	34	5,029
4	55	40	2,33
4	55	47	16,924
4	55	48	1,663
4	55	50	4,27
4	55	63	10,644
4	55	71	7,148
4	55	75	2,016
4	55	77	1,447
4	55	83	1,074
4	55	84	12,559
4	55	85	5,465
4	55	97	5,672
4	63	1	5,704
4	63	5	7,911
4	63	7	1,609
4	63	16	37,453
4	63	18	8,889
4	63	19	12,571
4	63	24	1,84
4	63	25	5,048
4	63	29	2,106
4	63	34	2,009
4	63	40	7,639
4	63	47	19,369
4	63	48	1,415
4	63	50	4,746
4	63	55	3,55
4	63	71	13,508
4	63	75	18,637
4	63	77	4,472
4	63	83	7,71
4	63	84	46,857
4	63	85	2,166
4	63	97	3,193
4	71	1	12,813
4	71	5	2,181
4	71	7	6,337
4	71	16	1,842
4	71	18	1,972
4	71	19	6,45
4	71	24	1,268
4	71	25	4,92
4	71	29	13,944
4	71	34	5,625
4	71	40	2,026
4	71	47	1,534
4	71	48	6,566
4	71	50	7,32
4	71	55	4,591
4	71	63	4,089
4	71	75	1,934
4	71	77	1,628
4	71	83	1,044
4	71	84	11,46
4	71	85	12,101
4	71	97	5,11
4	75	1	15,447
4	75	5	26,841
4	75	7	1,972
4	75	16	4,385
4	75	18	0,838
4	75	19	12,686
4	75	24	12,687
4	75	25	2,218
4	75	29	8,577
4	75	34	4,885
4	75	40	3,084
4	75	47	8,395
4	75	48	4,037
4	75	50	7,883
4	75	55	6,681
4	75	63	11,018
4	75	71	4,316
4	75	77	8,421
4	75	83	3,947
4	75	84	1,899
4	75	85	2,783
4	75	97	33,015
4	77	1	22,293
4	77	5	2,011
4	77	7	2,674
4	77	16	1,853
4	77	18	2,179
4	77	19	7,5
4	77	24	9,487
4	77	25	5,301
4	77	29	3,791
4	77	34	1,031
4	77	40	12,87
4	77	47	2,492
4	77	48	12,412
4	77	50	8,093
4	77	55	4,589
4	77	63	0,754
4	77	71	5,785
4	77	75	2,734
4	77	83	1,629
4	77	84	20,616
4	77	85	3,29
4	77	97	1,464
4	83	1	3,139
4	83	5	2,749
4	83	7	0,878
4	83	16	14,305
4	83	18	6
4	83	19	6,597
4	83	24	0,907
4	83	25	6,004
4	83	29	15,254
4	83	34	5,363
4	83	40	1,217
4	83	47	7,371
4	83	48	2,745
4	83	50	5,836
4	83	55	2,146
4	83	63	0,703
4	83	71	2,194
4	83	75	3,219
4	83	77	10,164
4	83	84	0,707
4	83	85	2,452
4	83	97	0,685
4	84	1	4,991
4	84	5	0,597
4	84	7	5,81
4	84	16	1,14
4	84	18	1,335
4	84	19	1,699
4	84	24	8,14
4	84	25	3,774
4	84	29	10,295
4	84	34	12,328
4	84	40	4,482
4	84	47	2,111
4	84	48	0,913
4	84	50	3,065
4	84	55	0,929
4	84	63	8,893
4	84	71	0,573
4	84	75	0,593
4	84	77	3,957
4	84	83	5,66
4	84	85	21,342
4	84	97	0,5
4	85	1	9,333
4	85	5	7,187
4	85	7	4,263
4	85	16	2,315
4	85	18	0,834
4	85	19	4,878
4	85	24	4,936
4	85	25	6,38
4	85	29	3,246
4	85	34	1,742
4	85	40	2,677
4	85	47	2,607
4	85	48	8,503
4	85	50	1,158
4	85	55	0,936
4	85	63	5,509
4	85	71	4,497
4	85	75	2,515
4	85	77	4,397
4	85	83	3,983
4	85	84	1,685
4	85	97	1,321
4	97	1	1,033
4	97	5	27,135
4	97	7	2,003
4	97	16	1,034
4	97	18	4,882
4	97	19	11,482
4	97	24	8,109
4	97	25	2,341
4	97	29	2,737
4	97	34	4,846
4	97	40	13,985
4	97	47	4,613
4	97	48	5,848
4	97	50	15,19
4	97	55	6,96
4	97	63	3,9
4	97	71	11,993
4	97	75	56,591
4	97	77	18,284
4	97	83	6,885
4	97	84	2,223
4	97	85	1,794
5	8	19	1,994
5	8	34	2,301
5	8	35	0,755
5	8	40	2,305
5	8	41	5,625
5	8	43	6,253
5	8	44	3,813
5	8	48	16,814
5	8	50	2,269
5	8	54	1,246
5	8	58	13,204
5	8	62	17,182
5	8	68	5,6
5	8	71	6,18
5	8	81	7,169
5	8	84	3,454
5	8	86	5,207
5	8	89	1,846
5	8	91	2,796
5	8	95	0,566
5	8	96	2,422
5	8	100	5,45
5	19	8	1,379
5	19	34	2,577
5	19	35	6,402
5	19	40	5,796
5	19	41	6,441
5	19	43	2,405
5	19	44	5,582
5	19	48	2,514
5	19	50	2,111
5	19	54	1,317
5	19	58	0,681
5	19	62	8,244
5	19	68	2,37
5	19	71	2,191
5	19	81	0,627
5	19	84	6,639
5	19	86	0,865
5	19	89	9,615
5	19	91	1,681
5	19	95	1,146
5	19	96	0,72
5	19	100	3,862
5	34	8	0,782
5	34	19	4,215
5	34	35	7,111
5	34	40	4,639
5	34	41	4,177
5	34	43	3,003
5	34	44	19,491
5	34	48	1,253
5	34	50	9,643
5	34	54	1,79
5	34	58	5,485
5	34	62	4,579
5	34	68	4,949
5	34	71	2,686
5	34	81	3,352
5	34	84	15,127
5	34	86	0,9
5	34	89	0,785
5	34	91	2,823
5	34	95	5,533
5	34	96	10,554
5	34	100	8,789
5	35	8	1,419
5	35	19	21,697
5	35	34	0,936
5	35	40	11,306
5	35	41	22,762
5	35	43	7,957
5	35	44	1,132
5	35	48	3,801
5	35	50	1,367
5	35	54	3,02
5	35	58	8,078
5	35	62	4,915
5	35	68	1,446
5	35	71	3,896
5	35	81	8,163
5	35	84	4,176
5	35	86	2,327
5	35	89	15,46
5	35	91	3,676
5	35	95	23,509
5	35	96	6,859
5	35	100	13,772
5	40	8	7,247
5	40	19	4,897
5	40	34	10,372
5	40	35	3,204
5	40	41	4,476
5	40	43	7,235
5	40	44	5,941
5	40	48	10,631
5	40	50	11,512
5	40	54	25,003
5	40	58	6,694
5	40	62	7,69
5	40	68	4,433
5	40	71	11,637
5	40	81	4,434
5	40	84	2,428
5	40	86	6,06
5	40	89	11,066
5	40	91	16,703
5	40	95	7,609
5	40	96	2,279
5	40	100	1,647
5	41	8	3,298
5	41	19	8,785
5	41	34	4,658
5	41	35	2,115
5	41	40	1,849
5	41	43	2,082
5	41	44	2,699
5	41	48	3,456
5	41	50	3,897
5	41	54	10,997
5	41	58	4,169
5	41	62	0,577
5	41	68	5,661
5	41	71	6,985
5	41	81	5,641
5	41	84	0,565
5	41	86	10,915
5	41	89	5,86
5	41	91	2,498
5	41	95	2,216
5	41	96	0,548
5	41	100	2,535
5	43	8	3,042
5	43	19	9,283
5	43	34	1,155
5	43	35	23,123
5	43	40	2,557
5	43	41	0,575
5	43	44	2,078
5	43	48	3,314
5	43	50	6,998
5	43	54	8,762
5	43	58	5,362
5	43	62	11,574
5	43	68	15,746
5	43	71	3,615
5	43	81	2,565
5	43	84	1,943
5	43	86	11,535
5	43	89	5,911
5	43	91	17,008
5	43	95	1,65
5	43	96	5,305
5	43	100	1,707
5	44	8	1,701
5	44	19	30,52
5	44	34	3,648
5	44	35	3,937
5	44	40	1,551
5	44	41	3,802
5	44	43	2,542
5	44	48	4,099
5	44	50	4,737
5	44	54	3,041
5	44	58	7,624
5	44	62	3,286
5	44	68	1,368
5	44	71	14,061
5	44	81	8,664
5	44	84	1,057
5	44	86	4,739
5	44	89	16,002
5	44	91	1,634
5	44	95	1,584
5	44	96	1,82
5	44	100	3,003
5	48	8	4,654
5	48	19	1,231
5	48	34	10,105
5	48	35	1,046
5	48	40	19,419
5	48	41	1,479
5	48	43	24,154
5	48	44	3,19
5	48	50	5,069
5	48	54	2,443
5	48	58	4,767
5	48	62	1,073
5	48	68	8,313
5	48	71	8,43
5	48	81	1,451
5	48	84	3,423
5	48	86	1,045
5	48	89	8,4
5	48	91	11,046
5	48	95	5,479
5	48	96	0,663
5	48	100	2,522
5	50	8	9,819
5	50	19	5,226
5	50	34	4,37
5	50	35	2,464
5	50	40	13,028
5	50	41	6,782
5	50	43	13,305
5	50	44	4,621
5	50	48	4,409
5	50	54	0,872
5	50	58	1,394
5	50	62	6,203
5	50	68	22,742
5	50	71	6,347
5	50	81	4,093
5	50	84	0,607
5	50	86	13,327
5	50	89	4,975
5	50	91	2,966
5	50	95	1,282
5	50	96	1,717
5	50	100	6,616
5	54	8	4,593
5	54	19	2,338
5	54	34	1,054
5	54	35	38,921
5	54	40	9,942
5	54	41	10,301
5	54	43	4,889
5	54	44	4,473
5	54	48	0,832
5	54	50	6,765
5	54	58	2,414
5	54	62	3,836
5	54	68	1,867
5	54	71	4,368
5	54	81	2,59
5	54	84	1,949
5	54	86	24,024
5	54	89	2,086
5	54	91	17,451
5	54	95	11,263
5	54	96	10,118
5	54	100	12,653
5	58	8	2,625
5	58	19	0,567
5	58	34	8,639
5	58	35	3,249
5	58	40	5,575
5	58	41	4,1
5	58	43	20,506
5	58	44	10,92
5	58	48	1,812
5	58	50	2,066
5	58	54	6,184
5	58	62	1,655
5	58	68	4,783
5	58	71	2,837
5	58	81	4,699
5	58	84	2,18
5	58	86	1,267
5	58	89	3,461
5	58	91	20,235
5	58	95	4,132
5	58	96	1,794
5	58	100	2,362
5	62	8	3,081
5	62	19	5,633
5	62	34	8,842
5	62	35	4,822
5	62	40	1,655
5	62	41	3,028
5	62	43	1,654
5	62	44	0,678
5	62	48	4,366
5	62	50	2,45
5	62	54	2,575
5	62	58	3,164
5	62	68	1,223
5	62	71	1,558
5	62	81	2,211
5	62	84	25,413
5	62	86	6,106
5	62	89	2,51
5	62	91	2,896
5	62	95	7,471
5	62	96	3,005
5	62	100	6,552
5	68	8	0,919
5	68	19	6,304
5	68	34	14,565
5	68	35	22,059
5	68	40	1,052
5	68	41	0,859
5	68	43	2,813
5	68	44	2,12
5	68	48	4,613
5	68	50	9,259
5	68	54	7,408
5	68	58	9,044
5	68	62	0,572
5	68	71	3,687
5	68	81	1,847
5	68	84	2,557
5	68	86	24,115
5	68	89	3,584
5	68	91	2,825
5	68	95	3,145
5	68	96	10,712
5	68	100	1,274
5	71	8	8,356
5	71	19	3,846
5	71	34	7,422
5	71	35	2,447
5	71	40	3,663
5	71	41	8,601
5	71	43	2,016
5	71	44	5,861
5	71	48	2
5	71	50	0,856
5	71	54	2,344
5	71	58	9,244
5	71	62	6,645
5	71	68	3,507
5	71	81	12,877
5	71	84	5,412
5	71	86	0,515
5	71	89	6,246
5	71	91	9,093
5	71	95	11,286
5	71	96	1,515
5	71	100	6,641
5	81	8	1,536
5	81	19	12,498
5	81	34	17,727
5	81	35	2,782
5	81	40	5,984
5	81	41	8,133
5	81	43	9,407
5	81	44	5,638
5	81	48	4,443
5	81	50	1,978
5	81	54	6,667
5	81	58	17,727
5	81	62	5,922
5	81	68	14,44
5	81	71	5,401
5	81	84	3,774
5	81	86	2,44
5	81	89	1,978
5	81	91	2,309
5	81	95	0,71
5	81	96	11,701
5	81	100	3,197
5	84	8	0,558
5	84	19	6,753
5	84	34	5,297
5	84	35	9,254
5	84	40	22,136
5	84	41	0,818
5	84	43	5,038
5	84	44	3,99
5	84	48	10,49
5	84	50	10,469
5	84	54	0,843
5	84	58	4,08
5	84	62	9,888
5	84	68	2,181
5	84	71	2,347
5	84	81	3,286
5	84	86	2,833
5	84	89	4,197
5	84	91	4,264
5	84	95	4,195
5	84	96	50,438
5	84	100	1,195
5	86	8	47,944
5	86	19	5,801
5	86	34	12,433
5	86	35	2,754
5	86	40	2,995
5	86	41	3,553
5	86	43	3,108
5	86	44	17,574
5	86	48	0,587
5	86	50	4,988
5	86	54	0,577
5	86	58	0,979
5	86	62	13,091
5	86	68	2,245
5	86	71	9,569
5	86	81	11,767
5	86	84	4,644
5	86	89	8,016
5	86	91	10,587
5	86	95	2,534
5	86	96	8,323
5	86	100	1,127
5	89	8	0,589
5	89	19	3,094
5	89	34	1,911
5	89	35	2,299
5	89	40	0,779
5	89	41	12,923
5	89	43	7,751
5	89	44	0,741
5	89	48	33,95
5	89	50	9,329
5	89	54	7,249
5	89	58	11,148
5	89	62	1,768
5	89	68	2,637
5	89	71	2,329
5	89	81	1,284
5	89	84	3,964
5	89	86	1,04
5	89	91	2,674
5	89	95	3,484
5	89	96	1,92
5	89	100	3,34
5	91	8	7,753
5	91	19	2,24
5	91	34	2,451
5	91	35	0,673
5	91	40	0,769
5	91	41	1,13
5	91	43	2,372
5	91	44	2,779
5	91	48	0,589
5	91	50	1,113
5	91	54	1,094
5	91	58	19,844
5	91	62	3,299
5	91	68	10,695
5	91	71	2,175
5	91	81	5,921
5	91	84	5,129
5	91	86	0,892
5	91	89	6,654
5	91	95	2,968
5	91	96	4,314
5	91	100	1,27
5	95	8	1,485
5	95	19	3,829
5	95	34	3,095
5	95	35	3,567
5	95	40	2,78
5	95	41	1,553
5	95	43	2,928
5	95	44	16,176
5	95	48	2,733
5	95	50	9,522
5	95	54	6,253
5	95	58	4,111
5	95	62	4,539
5	95	68	6,071
5	95	71	2,047
5	95	81	0,61
5	95	84	4,987
5	95	86	2,193
5	95	89	11,43
5	95	91	13,825
5	95	96	15,006
5	95	100	14,504
5	96	8	3,019
5	96	19	4,787
5	96	34	0,972
5	96	35	9,585
5	96	40	2,383
5	96	41	5,18
5	96	43	5,19
5	96	44	1,85
5	96	48	4,323
5	96	50	2,985
5	96	54	12,54
5	96	58	4,05
5	96	62	5,173
5	96	68	1,468
5	96	71	13,107
5	96	81	10,215
5	96	84	24,024
5	96	86	3,033
5	96	89	15,001
5	96	91	16,83
5	96	95	1,642
5	96	100	7,992
5	100	8	1,52
5	100	19	9,353
5	100	34	12,217
5	100	35	6,229
5	100	40	6,172
5	100	41	10,368
5	100	43	5,142
5	100	44	2,098
5	100	48	1,643
5	100	50	12,212
5	100	54	5,79
5	100	58	2,651
5	100	62	2,744
5	100	68	0,66
5	100	71	4,218
5	100	81	1,493
5	100	84	3,535
5	100	86	3,719
5	100	89	9,514
5	100	91	3,262
5	100	95	0,555
5	100	96	0,515
6	7	9	32,537
6	7	16	15,445
6	7	21	4,888
6	7	26	7,352
6	7	27	3,546
6	7	29	4,598
6	7	33	6,303
6	7	39	9,617
6	7	41	16,484
6	7	46	46,845
6	7	50	2,986
6	7	51	9,596
6	7	53	4,052
6	7	59	7,994
6	7	69	1,275
6	7	71	6,18
6	7	93	16,967
6	7	94	9,243
6	7	97	11,152
6	7	98	1,366
6	9	7	9,178
6	9	16	1,382
6	9	21	10,535
6	9	26	20,401
6	9	27	2,015
6	9	29	0,5
6	9	33	2,615
6	9	39	0,867
6	9	41	2,983
6	9	46	4,431
6	9	50	6,989
6	9	51	4,604
6	9	53	3,754
6	9	59	2,545
6	9	69	1,951
6	9	71	2,26
6	9	93	9,665
6	9	94	3,139
6	9	97	0,951
6	9	98	3,343
6	16	7	7,478
6	16	9	15,392
6	16	21	17,784
6	16	26	22,837
6	16	27	10,861
6	16	29	10,445
6	16	33	4,746
6	16	39	3,278
6	16	41	30,823
6	16	46	14,255
6	16	50	13,699
6	16	51	4,748
6	16	53	0,53
6	16	59	2,241
6	16	69	3,867
6	16	71	6,848
6	16	93	2,276
6	16	94	1,566
6	16	97	6,134
6	16	98	5,012
6	21	7	2,171
6	21	9	16,384
6	21	16	9,676
6	21	26	2,778
6	21	27	4,529
6	21	29	12,776
6	21	33	4,96
6	21	39	3,176
6	21	41	3,489
6	21	46	11,603
6	21	50	2,355
6	21	51	6,033
6	21	53	2,828
6	21	59	12,607
6	21	69	0,957
6	21	71	5,619
6	21	93	1,089
6	21	94	2,568
6	21	97	2,294
6	21	98	11,6
6	26	7	9,255
6	26	9	13,88
6	26	16	2,753
6	26	21	2,99
6	26	27	11,65
6	26	29	2,448
6	26	33	10,879
6	26	39	5,472
6	26	41	5,677
6	26	46	12,52
6	26	50	2,153
6	26	51	3,736
6	26	53	4,964
6	26	59	2,55
6	26	69	4,363
6	26	71	1,813
6	26	93	3,551
6	26	94	0,692
6	26	97	6,786
6	26	98	2,244
6	27	7	4,657
6	27	9	3,821
6	27	16	3,029
6	27	21	4,17
6	27	26	3,525
6	27	29	0,788
6	27	33	3,844
6	27	39	5,774
6	27	41	2,438
6	27	46	8,604
6	27	50	18,015
6	27	51	20,691
6	27	53	3,916
6	27	59	17,394
6	27	69	7,491
6	27	71	0,699
6	27	93	0,654
6	27	94	2,997
6	27	97	5,455
6	27	98	3,994
6	29	7	0,882
6	29	9	1,135
6	29	16	6,947
6	29	21	6,314
6	29	26	2,931
6	29	27	1,987
6	29	33	5,137
6	29	39	1,42
6	29	41	3,791
6	29	46	18,176
6	29	50	2,486
6	29	51	6,539
6	29	53	5,248
6	29	59	19,589
6	29	69	5,342
6	29	71	1,351
6	29	93	5,283
6	29	94	7,672
6	29	97	7,732
6	29	98	3,628
6	33	7	5,056
6	33	9	4,272
6	33	16	10,05
6	33	21	7,748
6	33	26	5,787
6	33	27	3,341
6	33	29	1,09
6	33	39	0,526
6	33	41	2,395
6	33	46	2,581
6	33	50	2,347
6	33	51	14,511
6	33	53	1,382
6	33	59	0,759
6	33	69	9,235
6	33	71	27,396
6	33	93	14,917
6	33	94	5,772
6	33	97	1,268
6	33	98	5,267
6	39	7	0,777
6	39	9	0,923
6	39	16	2,808
6	39	21	1,383
6	39	26	3,642
6	39	27	7,133
6	39	29	8,333
6	39	33	17,599
6	39	41	4,989
6	39	46	2,075
6	39	50	2,971
6	39	51	8,718
6	39	53	7,158
6	39	59	2,785
6	39	69	7,194
6	39	71	2,466
6	39	93	1,422
6	39	94	12,213
6	39	97	13,305
6	39	98	2,132
6	41	7	11,045
6	41	9	7,098
6	41	16	4,153
6	41	21	6,335
6	41	26	9,331
6	41	27	2,428
6	41	29	43,779
6	41	33	9,752
6	41	39	6,495
6	41	46	1,832
6	41	50	4,999
6	41	51	5,378
6	41	53	23,781
6	41	59	10,795
6	41	69	6,724
6	41	71	7,865
6	41	93	6,017
6	41	94	31,809
6	41	97	15,169
6	41	98	20,025
6	46	7	3,035
6	46	9	5,765
6	46	16	11,804
6	46	21	0,768
6	46	26	2,96
6	46	27	1,853
6	46	29	8,989
6	46	33	7,328
6	46	39	1,628
6	46	41	4,709
6	46	50	1,504
6	46	51	7,607
6	46	53	2,294
6	46	59	5,957
6	46	69	8,938
6	46	71	4,916
6	46	93	7,112
6	46	94	20,749
6	46	97	1,386
6	46	98	3,641
6	50	7	5,529
6	50	9	1,833
6	50	16	11,123
6	50	21	9,805
6	50	26	2,442
6	50	27	3,305
6	50	29	7,876
6	50	33	4,583
6	50	39	2,072
6	50	41	3,304
6	50	46	3,637
6	50	51	6,199
6	50	53	11,973
6	50	59	4,966
6	50	69	25,769
6	50	71	15,877
6	50	93	22,191
6	50	94	2,038
6	50	97	11,392
6	50	98	13,96
6	51	7	18,128
6	51	9	7,235
6	51	16	9,927
6	51	21	6,849
6	51	26	0,524
6	51	27	2,719
6	51	29	4,273
6	51	33	4,05
6	51	39	9,448
6	51	41	3,389
6	51	46	17,271
6	51	50	7,707
6	51	53	0,512
6	51	59	4,855
6	51	69	12,318
6	51	71	4,01
6	51	93	39,549
6	51	94	1,537
6	51	97	2,92
6	51	98	2,935
6	53	7	1,376
6	53	9	1,956
6	53	16	9,092
6	53	21	9,814
6	53	26	1,332
6	53	27	22,476
6	53	29	0,694
6	53	33	12,711
6	53	39	1,78
6	53	41	11,636
6	53	46	4,292
6	53	50	7,718
6	53	51	1,508
6	53	59	2,219
6	53	69	1,337
6	53	71	1,562
6	53	93	7,298
6	53	94	12,131
6	53	97	2,559
6	53	98	3,484
6	59	7	2,528
6	59	9	21,275
6	59	16	10,163
6	59	21	9,034
6	59	26	8,098
6	59	27	2,385
6	59	29	18,615
6	59	33	2,545
6	59	39	2,104
6	59	41	1,434
6	59	46	3,058
6	59	50	4,28
6	59	51	4,665
6	59	53	0,972
6	59	69	0,634
6	59	71	0,87
6	59	93	0,939
6	59	94	3,081
6	59	97	5,791
6	59	98	3,523
6	69	7	8,728
6	69	9	1,428
6	69	16	6,843
6	69	21	0,795
6	69	26	2,298
6	69	27	7,328
6	69	29	1,856
6	69	33	26,546
6	69	39	3,34
6	69	41	5,981
6	69	46	5,7
6	69	50	0,986
6	69	51	7,896
6	69	53	9,299
6	69	59	2,37
6	69	71	23,865
6	69	93	5,344
6	69	94	4,14
6	69	97	8,343
6	69	98	4,355
6	71	7	15,678
6	71	9	1,39
6	71	16	1,791
6	71	21	5,703
6	71	26	4,485
6	71	27	1,622
6	71	29	18,542
6	71	33	13,154
6	71	39	0,902
6	71	41	6,061
6	71	46	4,818
6	71	50	8,086
6	71	51	2,467
6	71	53	8,034
6	71	59	7,241
6	71	69	6,696
6	71	93	2,27
6	71	94	16,676
6	71	97	1,558
6	71	98	5,731
6	93	7	12,33
6	93	9	17,846
6	93	16	4,688
6	93	21	8,524
6	93	26	9,969
6	93	27	1,313
6	93	29	4,499
6	93	33	6,723
6	93	39	2,633
6	93	41	3,716
6	93	46	0,634
6	93	50	1,746
6	93	51	2,449
6	93	53	4,909
6	93	59	6,608
6	93	69	2,02
6	93	71	8,045
6	93	94	2,802
6	93	97	6,746
6	93	98	0,678
6	94	7	2,077
6	94	9	8,325
6	94	16	5,967
6	94	21	8,434
6	94	26	8,452
6	94	27	1,833
6	94	29	14,196
6	94	33	18,822
6	94	39	6,793
6	94	41	0,614
6	94	46	5,539
6	94	50	2,704
6	94	51	10,302
6	94	53	6,854
6	94	59	19,665
6	94	69	6,281
6	94	71	5,023
6	94	93	20,439
6	94	97	2,562
6	94	98	1,227
6	97	7	1,554
6	97	9	9,25
6	97	16	1,125
6	97	21	11,412
6	97	26	7,686
6	97	27	35,581
6	97	29	3,166
6	97	33	5,186
6	97	39	3,301
6	97	41	10,773
6	97	46	5,421
6	97	50	0,686
6	97	51	24,856
6	97	53	0,677
6	97	59	3,713
6	97	69	4,138
6	97	71	0,818
6	97	93	3,524
6	97	94	3,741
6	97	98	2,921
6	98	7	5,143
6	98	9	1,306
6	98	16	0,565
6	98	21	4,679
6	98	26	7,611
6	98	27	13,754
6	98	29	8,412
6	98	33	3,852
6	98	39	4,671
6	98	41	0,893
6	98	46	5,992
6	98	50	13,889
6	98	51	0,836
6	98	53	3,513
6	98	59	0,522
6	98	69	5,379
6	98	71	15,566
6	98	93	6,42
6	98	94	8,53
6	98	97	8,058
7	3	10	9,106
7	3	11	14,683
7	3	23	8,958
7	3	24	2,859
7	3	48	4,572
7	3	50	4,333
7	3	53	1,815
7	3	61	4,692
7	3	70	3,793
7	3	73	2,778
7	3	75	8,146
7	3	78	1,203
7	3	79	2,769
7	3	82	1,253
7	3	91	2,136
7	3	93	4,752
7	3	97	2,441
7	10	3	0,687
7	10	11	2,638
7	10	23	2,369
7	10	24	4,805
7	10	48	13,795
7	10	50	0,704
7	10	53	14,262
7	10	61	1,296
7	10	70	9,709
7	10	73	2,323
7	10	75	0,934
7	10	78	9,344
7	10	79	1,539
7	10	82	2,483
7	10	91	13,567
7	10	93	5,654
7	10	97	1,123
7	11	3	4,524
7	11	10	0,562
7	11	23	9,513
7	11	24	5,332
7	11	48	1,924
7	11	50	1,274
7	11	53	13,292
7	11	61	18,091
7	11	70	3,463
7	11	73	5,812
7	11	75	1,553
7	11	78	18,005
7	11	79	1,653
7	11	82	2,546
7	11	91	3,223
7	11	93	2,153
7	11	97	0,827
7	23	3	11,532
7	23	10	2,424
7	23	11	13,592
7	23	24	0,676
7	23	48	3,466
7	23	50	5,521
7	23	53	1,143
7	23	61	2,731
7	23	70	13,944
7	23	73	32,811
7	23	75	9,345
7	23	78	13,032
7	23	79	13,75
7	23	82	3,337
7	23	91	0,856
7	23	93	36,733
7	23	97	1,13
7	24	3	16,909
7	24	10	6,436
7	24	11	27,058
7	24	23	6,543
7	24	48	22,206
7	24	50	0,529
7	24	53	1,599
7	24	61	16,829
7	24	70	7,134
7	24	73	3,745
7	24	75	1,388
7	24	78	3,796
7	24	79	10,801
7	24	82	1,434
7	24	91	5,003
7	24	93	4,695
7	24	97	14,144
7	48	3	5,756
7	48	10	2,292
7	48	11	8,699
7	48	23	8,858
7	48	24	1,501
7	48	50	3,359
7	48	53	2,439
7	48	61	3,18
7	48	70	22,629
7	48	73	2,062
7	48	75	9,636
7	48	78	1,428
7	48	79	13,374
7	48	82	13,664
7	48	91	0,517
7	48	93	13,456
7	48	97	2,389
7	50	3	1,497
7	50	10	1,541
7	50	11	8,985
7	50	23	13,047
7	50	24	4,784
7	50	48	4,083
7	50	53	1,032
7	50	61	2,657
7	50	70	9,896
7	50	73	6,282
7	50	75	3,084
7	50	78	5,151
7	50	79	2,451
7	50	82	0,813
7	50	91	1,829
7	50	93	5,326
7	50	97	3,312
7	53	3	3,842
7	53	10	3,554
7	53	11	7,309
7	53	23	5,592
7	53	24	6,967
7	53	48	2,312
7	53	50	4,18
7	53	61	5,786
7	53	70	3,279
7	53	73	3,988
7	53	75	6,226
7	53	78	6,158
7	53	79	1,704
7	53	82	3,741
7	53	91	7,592
7	53	93	3,392
7	53	97	7,879
7	61	3	0,929
7	61	10	4,586
7	61	11	2,989
7	61	23	10,707
7	61	24	7,576
7	61	48	1,924
7	61	50	7,119
7	61	53	1,79
7	61	70	5,236
7	61	73	10,829
7	61	75	6,371
7	61	78	4,984
7	61	79	2,115
7	61	82	2,44
7	61	91	1,363
7	61	93	8,691
7	61	97	0,659
7	70	3	2,225
7	70	10	4,688
7	70	11	3,774
7	70	23	0,783
7	70	24	0,883
7	70	48	3,527
7	70	50	14,999
7	70	53	11,234
7	70	61	37,632
7	70	73	2,891
7	70	75	1,45
7	70	78	5,434
7	70	79	0,938
7	70	82	5,501
7	70	91	2,995
7	70	93	6,247
7	70	97	4,556
7	73	3	3,589
7	73	10	6,188
7	73	11	2,522
7	73	23	4,054
7	73	24	5,723
7	73	48	2,788
7	73	50	1,684
7	73	53	7,588
7	73	61	1,182
7	73	70	8,408
7	73	75	4,491
7	73	78	13,515
7	73	79	27,947
7	73	82	29,829
7	73	91	8,557
7	73	93	5,586
7	73	97	1,255
7	75	3	2,5
7	75	10	15,216
7	75	11	2,729
7	75	23	7,788
7	75	24	9,756
7	75	48	3,364
7	75	50	0,856
7	75	53	5,128
7	75	61	4,055
7	75	70	3,133
7	75	73	4,278
7	75	78	12,308
7	75	79	4,682
7	75	82	2,151
7	75	91	9,127
7	75	93	7,781
7	75	97	4,043
7	78	3	2,058
7	78	10	7,295
7	78	11	9,046
7	78	23	1,14
7	78	24	0,928
7	78	48	3,007
7	78	50	1,188
7	78	53	1,775
7	78	61	46,151
7	78	70	15,473
7	78	73	3,274
7	78	75	1,915
7	78	79	19,956
7	78	82	11,494
7	78	91	12,417
7	78	93	4,934
7	78	97	45,009
7	79	3	9,274
7	79	10	0,864
7	79	11	8,763
7	79	23	5,238
7	79	24	4,113
7	79	48	4,192
7	79	50	0,525
7	79	53	4,184
7	79	61	1,28
7	79	70	1,289
7	79	73	14,934
7	79	75	3,159
7	79	78	7,102
7	79	82	9,816
7	79	91	0,578
7	79	93	0,847
7	79	97	4,474
7	82	3	1,532
7	82	10	16,481
7	82	11	2,468
7	82	23	12,945
7	82	24	2,187
7	82	48	5,087
7	82	50	1,739
7	82	53	4,713
7	82	61	4,625
7	82	70	1,843
7	82	73	12,121
7	82	75	5,063
7	82	78	1,369
7	82	79	19,275
7	82	91	5,682
7	82	93	1,585
7	82	97	4,407
7	91	3	1,266
7	91	10	12,338
7	91	11	2,823
7	91	23	1,405
7	91	24	1,918
7	91	48	0,97
7	91	50	2,862
7	91	53	5,069
7	91	61	13,954
7	91	70	9,563
7	91	73	4,358
7	91	75	7,475
7	91	78	0,549
7	91	79	1,836
7	91	82	1,538
7	91	93	9,943
7	91	97	3,514
7	93	3	3,277
7	93	10	1,813
7	93	11	4,905
7	93	23	10,308
7	93	24	0,747
7	93	48	2,709
7	93	50	11,715
7	93	53	16,151
7	93	61	1,528
7	93	70	7,15
7	93	73	1,315
7	93	75	4,522
7	93	78	23,073
7	93	79	8,48
7	93	82	19,343
7	93	91	5,642
7	93	97	2,683
7	97	3	12,498
7	97	10	7,765
7	97	11	5,923
7	97	23	8,096
7	97	24	11,914
7	97	48	1,484
7	97	50	2,096
7	97	53	4,029
7	97	61	0,652
7	97	70	3,228
7	97	73	3,475
7	97	75	9,701
7	97	78	5,361
7	97	79	4,348
7	97	82	9,45
7	97	91	5,024
7	97	93	0,844
8	3	16	10,558
8	3	25	19,489
8	3	28	3,256
8	3	45	1,891
8	3	50	3,134
8	3	53	1,625
8	3	54	31,049
8	3	57	2,339
8	3	60	0,502
8	3	64	5,736
8	3	65	3,022
8	3	74	3,849
8	3	85	8,744
8	3	88	0,688
8	3	99	30,038
8	16	3	34,043
8	16	25	4,955
8	16	28	7,75
8	16	45	5,072
8	16	50	3,168
8	16	53	1,927
8	16	54	9,285
8	16	57	6,769
8	16	60	2,561
8	16	64	8,755
8	16	65	0,587
8	16	74	7,928
8	16	85	7,068
8	16	88	1,779
8	16	99	0,908
8	25	3	1,165
8	25	16	3,153
8	25	28	26,689
8	25	45	9,951
8	25	50	4,253
8	25	53	13,21
8	25	54	3,567
8	25	57	6,193
8	25	60	16,387
8	25	64	1,629
8	25	65	54,637
8	25	74	16,607
8	25	85	10,571
8	25	88	1,11
8	25	99	4,496
8	28	3	5,508
8	28	16	1,184
8	28	25	1,205
8	28	45	6,651
8	28	50	11,589
8	28	53	3,552
8	28	54	9,788
8	28	57	3,973
8	28	60	2,512
8	28	64	5,02
8	28	65	1,662
8	28	74	14,485
8	28	85	0,959
8	28	88	5,922
8	28	99	7,991
8	45	3	2,022
8	45	16	2,21
8	45	25	14,094
8	45	28	7,067
8	45	50	1,985
8	45	53	6,593
8	45	54	9,546
8	45	57	1,078
8	45	60	19,557
8	45	64	1,498
8	45	65	18,258
8	45	74	9,985
8	45	85	3,339
8	45	88	5,246
8	45	99	1,854
8	50	3	0,886
8	50	16	4,346
8	50	25	0,872
8	50	28	2,104
8	50	45	3,128
8	50	53	4,622
8	50	54	1,173
8	50	57	7,423
8	50	60	9,637
8	50	64	3,675
8	50	65	3,51
8	50	74	5,286
8	50	85	9,568
8	50	88	6,258
8	50	99	4,177
8	53	3	11,085
8	53	16	14,609
8	53	25	13,131
8	53	28	1,62
8	53	45	10,19
8	53	50	1,768
8	53	54	2,162
8	53	57	0,962
8	53	60	6,072
8	53	64	3,768
8	53	65	1,843
8	53	74	1,288
8	53	85	2,652
8	53	88	2,751
8	53	99	2,648
8	54	3	2,795
8	54	16	3,436
8	54	25	1,9
8	54	28	2,327
8	54	45	8,091
8	54	50	2,548
8	54	53	1,791
8	54	57	3,317
8	54	60	7,463
8	54	64	0,7
8	54	65	12,776
8	54	74	6,794
8	54	85	6,57
8	54	88	23,854
8	54	99	1,442
8	57	3	3,318
8	57	16	2,785
8	57	25	9,091
8	57	28	6,091
8	57	45	13,234
8	57	50	3,929
8	57	53	3,869
8	57	54	5,424
8	57	60	2,724
8	57	64	1,732
8	57	65	3,234
8	57	74	2,789
8	57	85	7,338
8	57	88	3,958
8	57	99	11,58
8	60	3	3,748
8	60	16	3,957
8	60	25	5,011
8	60	28	9,177
8	60	45	4,931
8	60	50	8,43
8	60	53	5,477
8	60	54	5,233
8	60	57	32,745
8	60	64	71,172
8	60	65	18,972
8	60	74	0,975
8	60	85	3,123
8	60	88	3,912
8	60	99	4,813
8	64	3	5,709
8	64	16	16,002
8	64	25	1,822
8	64	28	4,716
8	64	45	17,569
8	64	50	2,638
8	64	53	2,159
8	64	54	1,716
8	64	57	2,285
8	64	60	7,747
8	64	65	15,182
8	64	74	10,999
8	64	85	0,516
8	64	88	15,396
8	64	99	5,252
8	65	3	0,745
8	65	16	3,616
8	65	25	7,902
8	65	28	0,631
8	65	45	1,383
8	65	50	2,726
8	65	53	2,028
8	65	54	1,903
8	65	57	13,918
8	65	60	0,543
8	65	64	2,045
8	65	74	2,71
8	65	85	23,108
8	65	88	23,594
8	65	99	16,917
8	74	3	5,033
8	74	16	17,033
8	74	25	0,677
8	74	28	16,957
8	74	45	1,364
8	74	50	3,551
8	74	53	10,622
8	74	54	4,229
8	74	57	0,708
8	74	60	0,818
8	74	64	3,305
8	74	65	2,03
8	74	85	9,141
8	74	88	3,167
8	74	99	7,505
8	85	3	26,433
8	85	16	8,055
8	85	25	4,89
8	85	28	5,039
8	85	45	13,843
8	85	50	6,509
8	85	53	0,835
8	85	54	4,353
8	85	57	6,762
8	85	60	1,831
8	85	64	2,278
8	85	65	5,216
8	85	74	4,611
8	85	88	0,657
8	85	99	1,273
8	88	3	1,809
8	88	16	13,559
8	88	25	2,251
8	88	28	13,977
8	88	45	0,869
8	88	50	12,426
8	88	53	0,609
8	88	54	8,888
8	88	57	6,229
8	88	60	1,309
8	88	64	13,709
8	88	65	4,353
8	88	74	1,208
8	88	85	10,74
8	88	99	7,395
8	99	3	0,665
8	99	16	1,714
8	99	25	3,373
8	99	28	3,427
8	99	45	4,041
8	99	50	8,166
8	99	53	6,488
8	99	54	7,028
8	99	57	0,715
8	99	60	8,305
8	99	64	1,827
8	99	65	1,331
8	99	74	5,493
8	99	85	7,419
8	99	88	5,92
9	1	2	1,756
9	1	5	14,114
9	1	12	3,295
9	1	13	4,295
9	1	17	0,623
9	1	18	7,128
9	1	21	0,61
9	1	31	3,383
9	1	32	0,567
9	1	38	4,069
9	1	48	13,21
9	1	57	4,119
9	1	58	3,983
9	1	62	1,233
9	1	72	10,612
9	1	79	8,411
9	1	86	7,319
9	1	88	2,127
9	2	1	1,572
9	2	5	3,163
9	2	12	0,959
9	2	13	1,156
9	2	17	8,075
9	2	18	4,476
9	2	21	5,306
9	2	31	4,778
9	2	32	2,016
9	2	38	4,116
9	2	48	1,59
9	2	57	15,269
9	2	58	3,898
9	2	62	9,568
9	2	72	5,186
9	2	79	5,982
9	2	86	3,379
9	2	88	6,093
9	5	1	2,649
9	5	2	3,895
9	5	12	5,184
9	5	13	4,906
9	5	17	29,09
9	5	18	6,205
9	5	21	2,594
9	5	31	3,733
9	5	32	6,147
9	5	38	13,667
9	5	48	2,977
9	5	57	6,113
9	5	58	6,285
9	5	62	12,165
9	5	72	2,23
9	5	79	0,847
9	5	86	1,359
9	5	88	6,606
9	12	1	5,836
9	12	2	20,576
9	12	5	0,853
9	12	13	16,206
9	12	17	6,353
9	12	18	11,509
9	12	21	4,948
9	12	31	2,208
9	12	32	3,824
9	12	38	3,021
9	12	48	8,57
9	12	57	10,093
9	12	58	1,678
9	12	62	2,399
9	12	72	5,508
9	12	79	14,086
9	12	86	1,048
9	12	88	0,547
9	13	1	9,347
9	13	2	4,381
9	13	5	5,101
9	13	12	1,392
9	13	17	1,112
9	13	18	1,592
9	13	21	2,717
9	13	31	9,389
9	13	32	3,567
9	13	38	1,11
9	13	48	1,896
9	13	57	17,335
9	13	58	0,722
9	13	62	1,793
9	13	72	12,047
9	13	79	7,622
9	13	86	35,18
9	13	88	14,042
9	17	1	5,009
9	17	2	2,286
9	17	5	4,408
9	17	12	4,418
9	17	13	6,046
9	17	18	0,718
9	17	21	5,878
9	17	31	1,008
9	17	32	4,05
9	17	38	3,011
9	17	48	10,791
9	17	57	31,411
9	17	58	5,786
9	17	62	0,71
9	17	72	2,708
9	17	79	2,29
9	17	86	4,303
9	17	88	4,708
9	18	1	4,723
9	18	2	3,727
9	18	5	10,98
9	18	12	6,011
9	18	13	4,365
9	18	17	6,085
9	18	21	1,912
9	18	31	4,222
9	18	32	2,447
9	18	38	12,922
9	18	48	2,88
9	18	57	2,564
9	18	58	12,895
9	18	62	10,442
9	18	72	8,241
9	18	79	7,435
9	18	86	2,211
9	18	88	8,47
9	21	1	5,794
9	21	2	5,824
9	21	5	6,052
9	21	12	4,5
9	21	13	2,255
9	21	17	4,997
9	21	18	7,937
9	21	31	2,926
9	21	32	1,779
9	21	38	8,05
9	21	48	12,43
9	21	57	3,732
9	21	58	22,667
9	21	62	2,262
9	21	72	2,497
9	21	79	9,262
9	21	86	6,984
9	21	88	2,619
9	31	1	11,193
9	31	2	6,88
9	31	5	8,45
9	31	12	2,599
9	31	13	1,477
9	31	17	7,017
9	31	18	0,59
9	31	21	2,579
9	31	32	2,216
9	31	38	3,594
9	31	48	5,722
9	31	57	0,932
9	31	58	7,159
9	31	62	2,34
9	31	72	1,76
9	31	79	1,859
9	31	86	0,624
9	31	88	1,792
9	32	1	4,982
9	32	2	4,581
9	32	5	4,604
9	32	12	18,428
9	32	13	4,718
9	32	17	1,118
9	32	18	9,272
9	32	21	20,33
9	32	31	8,856
9	32	38	6,325
9	32	48	8,507
9	32	57	7,285
9	32	58	3,576
9	32	62	6,86
9	32	72	7,098
9	32	79	3,004
9	32	86	3,67
9	32	88	4,201
9	38	1	20,897
9	38	2	1,987
9	38	5	5,121
9	38	12	13,261
9	38	13	2,262
9	38	17	3,294
9	38	18	3,048
9	38	21	8,932
9	38	31	3,939
9	38	32	6,139
9	38	48	6,409
9	38	57	7,651
9	38	58	13,763
9	38	62	2,994
9	38	72	4,526
9	38	79	1,801
9	38	86	2,018
9	38	88	2,009
9	48	1	2,557
9	48	2	8,916
9	48	5	3,143
9	48	12	0,947
9	48	13	8,265
9	48	17	3,934
9	48	18	3,147
9	48	21	3,692
9	48	31	2,446
9	48	32	2,257
9	48	38	5,259
9	48	57	1,414
9	48	58	6,515
9	48	62	2,317
9	48	72	3,46
9	48	79	1,888
9	48	86	9,22
9	48	88	1,356
9	57	1	1,166
9	57	2	15,004
9	57	5	0,951
9	57	12	6,277
9	57	13	6,201
9	57	17	42,657
9	57	18	8,773
9	57	21	4,814
9	57	31	8,445
9	57	32	14,707
9	57	38	3,695
9	57	48	0,896
9	57	58	5,726
9	57	62	3,081
9	57	72	24,427
9	57	79	13,792
9	57	86	8,648
9	57	88	3,654
9	58	1	2,374
9	58	2	7,642
9	58	5	1,821
9	58	12	10,813
9	58	13	4,342
9	58	17	2,55
9	58	18	0,591
9	58	21	5,622
9	58	31	3,186
9	58	32	3,514
9	58	38	11,133
9	58	48	1,364
9	58	57	4,802
9	58	62	7,673
9	58	72	10,437
9	58	79	12,123
9	58	86	1,846
9	58	88	8,586
9	62	1	8,167
9	62	2	1,96
9	62	5	4,075
9	62	12	3,148
9	62	13	7,136
9	62	17	1,468
9	62	18	4,527
9	62	21	7,461
9	62	31	1,378
9	62	32	5,101
9	62	38	3,031
9	62	48	1,162
9	62	57	8,633
9	62	58	1,282
9	62	72	10,474
9	62	79	4,76
9	62	86	3,546
9	62	88	5,487
9	72	1	3,814
9	72	2	2,718
9	72	5	6,144
9	72	12	3,177
9	72	13	2,367
9	72	17	0,512
9	72	18	1,674
9	72	21	0,679
9	72	31	5,355
9	72	32	11,98
9	72	38	1,228
9	72	48	1,806
9	72	57	28,751
9	72	58	1,162
9	72	62	0,96
9	72	79	2,961
9	72	86	23,825
9	72	88	5,787
9	79	1	2,331
9	79	2	6,281
9	79	5	2,03
9	79	12	3,96
9	79	13	2,455
9	79	17	3,312
9	79	18	1,043
9	79	21	2,362
9	79	31	4,557
9	79	32	0,59
9	79	38	1,944
9	79	48	8,031
9	79	57	1,055
9	79	58	11,268
9	79	62	5,051
9	79	72	2,305
9	79	86	1,572
9	79	88	2,505
9	86	1	11,261
9	86	2	11,923
9	86	5	0,557
9	86	12	12,686
9	86	13	3,123
9	86	17	3,894
9	86	18	0,504
9	86	21	5,99
9	86	31	4,849
9	86	32	3,921
9	86	38	1,167
9	86	48	0,811
9	86	57	2,917
9	86	58	2,218
9	86	62	5,588
9	86	72	11,468
9	86	79	6,064
9	86	88	1,127
9	88	1	6,215
9	88	2	22,428
9	88	5	2,392
9	88	12	3,938
9	88	13	3,001
9	88	17	61,433
9	88	18	1,937
9	88	21	1,02
9	88	31	12,779
9	88	32	5,847
9	88	38	6,265
9	88	48	5,223
9	88	57	1,125
9	88	58	4,369
9	88	62	2,053
9	88	72	4,513
9	88	79	2,462
9	88	86	11,48
10	6	22	6,792
10	6	30	10,908
10	6	31	2,655
10	6	34	0,766
10	6	37	3,969
10	6	40	1,765
10	6	42	6,831
10	6	52	14,146
10	6	57	18,938
10	6	61	1,571
10	6	62	4,486
10	6	72	8,269
10	6	74	1,213
10	6	75	8,624
10	6	87	1,538
10	6	90	11,312
10	6	91	21,863
10	6	95	13,091
10	6	97	2,904
10	6	99	7,677
10	22	6	3,153
10	22	30	0,914
10	22	31	1,782
10	22	34	18,783
10	22	37	10,062
10	22	40	4,284
10	22	42	5,928
10	22	52	18,799
10	22	57	12,832
10	22	61	2,95
10	22	62	2,392
10	22	72	4,21
10	22	74	2,361
10	22	75	11,014
10	22	87	3,474
10	22	90	0,968
10	22	91	2,861
10	22	95	10,5
10	22	97	2,803
10	22	99	6,596
10	30	6	14,987
10	30	22	12,6
10	30	31	0,834
10	30	34	10,369
10	30	37	7,199
10	30	40	3,165
10	30	42	8,833
10	30	52	2,378
10	30	57	3,426
10	30	61	7,138
10	30	62	13,332
10	30	72	4,749
10	30	74	32,944
10	30	75	13,553
10	30	87	10,686
10	30	90	14,84
10	30	91	2,391
10	30	95	5,256
10	30	97	4,455
10	30	99	11,778
10	31	6	22,172
10	31	22	2,795
10	31	30	2,033
10	31	34	0,802
10	31	37	2,408
10	31	40	1,654
10	31	42	0,892
10	31	52	4,734
10	31	57	2,151
10	31	61	1,139
10	31	62	7,738
10	31	72	4,326
10	31	74	7,854
10	31	75	1,1
10	31	87	6,623
10	31	90	4,282
10	31	91	2,549
10	31	95	4,014
10	31	97	5,08
10	31	99	16,292
10	34	6	5,973
10	34	22	8,016
10	34	30	1,308
10	34	31	0,714
10	34	37	3,421
10	34	40	1,915
10	34	42	2,227
10	34	52	24,458
10	34	57	0,543
10	34	61	0,887
10	34	62	5,274
10	34	72	3,84
10	34	74	2,528
10	34	75	12,563
10	34	87	8,535
10	34	90	3,652
10	34	91	9,197
10	34	95	8,759
10	34	97	0,801
10	34	99	1,808
10	37	6	1,95
10	37	22	3,285
10	37	30	5,147
10	37	31	8,57
10	37	34	0,641
10	37	40	2,954
10	37	42	6,811
10	37	52	8,058
10	37	57	2,508
10	37	61	7,364
10	37	62	12,094
10	37	72	2,586
10	37	74	1,287
10	37	75	0,703
10	37	87	7,485
10	37	90	1,196
10	37	91	9,061
10	37	95	8,134
10	37	97	11,416
10	37	99	17,574
10	40	6	3,414
10	40	22	0,751
10	40	30	9,883
10	40	31	11,824
10	40	34	0,907
10	40	37	6,268
10	40	42	9,516
10	40	52	1,333
10	40	57	7,675
10	40	61	19,523
10	40	62	6,334
10	40	72	1,323
10	40	74	1,506
10	40	75	9,971
10	40	87	1,79
10	40	90	4,816
10	40	91	2,398
10	40	95	5,069
10	40	97	16,262
10	40	99	3,806
10	42	6	12,249
10	42	22	3,235
10	42	30	3,103
10	42	31	8,097
10	42	34	16,638
10	42	37	10,806
10	42	40	3,486
10	42	52	30,078
10	42	57	12,963
10	42	61	2,312
10	42	62	0,844
10	42	72	5,824
10	42	74	11,287
10	42	75	4,661
10	42	87	7,009
10	42	90	2,827
10	42	91	7,271
10	42	95	45,356
10	42	97	13,912
10	42	99	6,008
10	52	6	1,115
10	52	22	6,92
10	52	30	2,976
10	52	31	4,553
10	52	34	0,967
10	52	37	22,767
10	52	40	5,301
10	52	42	1,761
10	52	57	5,588
10	52	61	4,205
10	52	62	8,998
10	52	72	11,664
10	52	74	1,159
10	52	75	45,683
10	52	87	0,945
10	52	90	1,97
10	52	91	3,438
10	52	95	11,676
10	52	97	5,206
10	52	99	4,513
10	57	6	1,565
10	57	22	6,143
10	57	30	2,744
10	57	31	2,23
10	57	34	3,948
10	57	37	11,242
10	57	40	2,635
10	57	42	1,089
10	57	52	3,535
10	57	61	6,121
10	57	62	11,866
10	57	72	1,296
10	57	74	1,638
10	57	75	3,919
10	57	87	6,417
10	57	90	0,721
10	57	91	43,108
10	57	95	4,316
10	57	97	3,127
10	57	99	2,273
10	61	6	7,336
10	61	22	2,261
10	61	30	7,673
10	61	31	8,051
10	61	34	2,476
10	61	37	2,958
10	61	40	1,922
10	61	42	1,293
10	61	52	1,497
10	61	57	0,825
10	61	62	0,53
10	61	72	4,924
10	61	74	2,79
10	61	75	3,11
10	61	87	3,73
10	61	90	7,571
10	61	91	9,233
10	61	95	7,236
10	61	97	4,273
10	61	99	10,526
10	62	6	1,539
10	62	22	12,253
10	62	30	0,803
10	62	31	4,322
10	62	34	2,939
10	62	37	2,344
10	62	40	4,756
10	62	42	6,281
10	62	52	2,037
10	62	57	2,839
10	62	61	4,11
10	62	72	0,639
10	62	74	0,738
10	62	75	8,129
10	62	87	3,573
10	62	90	15,379
10	62	91	2,29
10	62	95	2,076
10	62	97	2,04
10	62	99	34,416
10	72	6	5,685
10	72	22	3,924
10	72	30	2,882
10	72	31	2,381
10	72	34	2,777
10	72	37	10,062
10	72	40	1,022
10	72	42	11,731
10	72	52	22,836
10	72	57	11,89
10	72	61	9,705
10	72	62	3,701
10	72	74	1,579
10	72	75	79,767
10	72	87	5,561
10	72	90	2,759
10	72	91	1,983
10	72	95	0,537
10	72	97	3,692
10	72	99	2,475
10	74	6	1,968
10	74	22	14,973
10	74	30	2,274
10	74	31	6,137
10	74	34	13,436
10	74	37	0,755
10	74	40	9,976
10	74	42	0,622
10	74	52	0,862
10	74	57	1,49
10	74	61	3,553
10	74	62	2,686
10	74	72	8,824
10	74	75	0,619
10	74	87	1,695
10	74	90	10,949
10	74	91	14,043
10	74	95	2,292
10	74	97	2,807
10	74	99	43,357
10	75	6	17,199
10	75	22	16,576
10	75	30	5,353
10	75	31	9,703
10	75	34	4,454
10	75	37	15,082
10	75	40	4,374
10	75	42	1,616
10	75	52	4,042
10	75	57	5,111
10	75	61	6,005
10	75	62	13,07
10	75	72	1,391
10	75	74	1,426
10	75	87	1,601
10	75	90	0,53
10	75	91	1,633
10	75	95	12,364
10	75	97	5,122
10	75	99	1,265
10	87	6	3,437
10	87	22	0,762
10	87	30	23,513
10	87	31	9,546
10	87	34	0,756
10	87	37	4,454
10	87	40	4,972
10	87	42	15,442
10	87	52	0,765
10	87	57	3,867
10	87	61	1,245
10	87	62	5,424
10	87	72	6,406
10	87	74	0,848
10	87	75	6,463
10	87	90	1,603
10	87	91	0,808
10	87	95	6,514
10	87	97	0,635
10	87	99	0,701
10	90	6	22,823
10	90	22	4,548
10	90	30	4,624
10	90	31	3,253
10	90	34	7,835
10	90	37	3,828
10	90	40	2,128
10	90	42	2,771
10	90	52	6,666
10	90	57	14,358
10	90	61	4,453
10	90	62	7,906
10	90	72	2,798
10	90	74	1,059
10	90	75	2,193
10	90	87	11,036
10	90	91	13,364
10	90	95	12,288
10	90	97	7,523
10	90	99	19,577
10	91	6	5,071
10	91	22	1,36
10	91	30	1,901
10	91	31	4,255
10	91	34	8,45
10	91	37	7,591
10	91	40	3,608
10	91	42	0,873
10	91	52	0,807
10	91	57	2,493
10	91	61	8,481
10	91	62	42,756
10	91	72	1,518
10	91	74	8,907
10	91	75	3,746
10	91	87	4,112
10	91	90	6,002
10	91	95	3,793
10	91	97	8,969
10	91	99	1,258
10	95	6	2,134
10	95	22	7,659
10	95	30	10,801
10	95	31	2,312
10	95	34	10,306
10	95	37	2,366
10	95	40	5,985
10	95	42	0,772
10	95	52	9,97
10	95	57	4,028
10	95	61	9,137
10	95	62	2,443
10	95	72	29,604
10	95	74	10,867
10	95	75	5,249
10	95	87	2,279
10	95	90	0,629
10	95	91	4,408
10	95	97	1,832
10	95	99	2,926
10	97	6	3,784
10	97	22	5,197
10	97	30	7,382
10	97	31	1,11
10	97	34	0,754
10	97	37	15,488
10	97	40	5,692
10	97	42	0,669
10	97	52	0,763
10	97	57	10,561
10	97	61	4,969
10	97	62	2,284
10	97	72	4,679
10	97	74	4,642
10	97	75	6,825
10	97	87	3,343
10	97	90	5,667
10	97	91	0,733
10	97	95	4,84
10	97	99	0,792
10	99	6	12,822
10	99	22	2,344
10	99	30	3,702
10	99	31	3,045
10	99	34	4,005
10	99	37	2,839
10	99	40	3,042
10	99	42	1,981
10	99	52	6,066
10	99	57	1,096
10	99	61	3,317
10	99	62	9,082
10	99	72	3,468
10	99	74	1,709
10	99	75	5,566
10	99	87	5,725
10	99	90	15,011
10	99	91	25,389
10	99	95	6,585
10	99	97	0,577

