#num jobs
100
#num machines
10

#jobId machId procTime energyCons
1	10	8,73	99,6
2	2	6,5	17,59
2	8	24,49	86,47
3	2	9,33	25,25
3	9	9130,34	26592,68
4	8	33,91	119,73
4	3	9,71	95,29
5	4	371,6	955,34
5	3	8,98	88,09
6	10	9,31	106,27
7	7	3,07	3,85
8	4	13,24	34,03
8	2	21,1	57,12
9	4	2,71	6,96
10	1	5,63	40,06
10	5	30,36	145,8
11	10	6,32	72,14
11	8	1398,17	4936,76
11	4	4,61	11,86
11	3	2,65	25,98
12	3	8,12	79,7
12	2	119,65	323,92
12	1	125,97	896,99
13	10	1,77	20,19
13	7	26,62	33,42
13	4	5,19	13,34
13	1	2,01	14,28
14	5	3,45	16,59
14	8	27,74	97,94
15	3	20,07	196,91
15	4	28,42	73,06
15	6	1792,4	11818,54
16	4	32,89	84,55
16	6	47,77	314,96
16	8	16,48	58,18
17	2	106,19	287,49
17	5	17,02	81,76
17	6	3,93	25,91
17	7	8,49	10,66
17	9	71,45	208,11
18	7	2,29	2,88
18	1	3,34	23,8
19	10	1,43	16,26
19	9	6,93	20,18
20	5	4,33	20,8
20	2	4	10,84
21	8	2,85	10,06
21	9	5,37	15,63
21	10	9,37	106,86
22	2	51,19	138,6
23	7	14,29	17,94
24	1	4,72	33,61
24	8	170,79	603,02
24	10	12,8	146,07
25	7	4,59	5,76
25	8	11,34	40,06
26	9	57,4	167,17
27	5	9,76	46,87
27	7	43,61	54,75
27	8	30,13	106,38
28	9	38,96	113,46
28	6	59,16	390,1
28	5	2,09	10,02
28	3	17,17	168,52
28	1	67,82	482,93
29	4	5,56	14,28
29	5	33,69	161,8
29	7	1,34	1,68
30	1	0,66	4,67
30	6	199,97	1318,54
31	2	7,72	20,89
31	8	0,96	3,38
32	9	2,52	7,35
33	3	18,84	184,89
33	4	2,77	7,11
34	10	0,93	10,62
34	5	53,31	256,01
35	6	8,66	57,09
35	7	47,45	59,57
35	8	7,12	25,15
35	10	84,3	961,82
36	7	17,04	21,39
36	3	3,63	35,67
36	2	2,7	7,31
37	10	2820,97	32186,89
37	7	123,42	154,95
37	6	11,45	75,51
37	2	13,66	36,98
38	4	11,95	30,71
38	6	30,71	202,49
38	7	2,23	2,8
38	10	46,19	527
39	6	9,11	60,06
40	10	14,37	163,94
40	1	5,46	38,85
41	6	759,91	5010,59
42	10	8,6	98,07
42	9	134,76	392,5
42	7	2,67	3,35
42	6	161	1061,58
42	5	3,42	16,4
43	10	37,54	428,35
43	2	1,38	3,74
44	1	28,72	204,54
44	5	46,05	221,15
45	1	24,69	175,79
45	2	101,06	273,61
45	3	131,48	1290,2
46	6	4,15	27,36
46	5	4,12	19,77
46	3	5,74	56,29
47	9	2,91	8,47
47	8	7,08	25
48	6	5,72	37,74
48	5	15,48	74,33
48	3	382,13	3749,7
48	2	8,17	22,11
49	9	11,42	33,26
49	3	8,99	88,2
49	1	9,81	69,84
50	10	19,13	218,24
50	6	340,8	2247,11
50	3	121,65	1193,73
50	1	15,43	109,84
51	1	1,54	10,93
51	8	22,06	77,87
51	9	6,04	17,58
52	1	13,77	98,06
52	2	24,57	66,51
52	7	39,27	49,3
52	8	20,72	73,17
53	2	4,55	12,31
53	3	30,62	300,44
53	4	7,46	19,19
53	8	23,68	83,62
54	4	5,62	14,45
55	9	19,41	56,52
55	8	2,76	9,73
56	4	62,32	160,21
57	8	9,22	32,55
58	8	37,15	131,18
58	3	45,59	447,32
58	1	15,83	112,74
59	2	8,87	24,03
59	9	10,11	29,43
60	2	11,71	31,69
61	9	13,29	38,7
61	8	5,25	18,54
61	5	155,25	745,6
62	2	13,97	37,83
62	8	10,16	35,89
63	5	2,82	13,55
63	3	4,78	46,95
64	4	0,76	1,96
65	8	26,18	92,44
65	7	1,89	2,37
66	2	2,99	8,1
66	3	21,32	209,24
66	10	83,7	955,06
67	1	5,81	41,36
67	2	2,66	7,2
67	5	1,39	6,65
67	6	221,39	1459,8
67	9	7,52	21,91
68	5	10,07	48,34
68	8	70,62	249,36
69	1	9,58	68,18
69	6	120,28	793,11
69	10	34,67	395,57
70	10	10,17	116,08
70	5	15,68	75,32
70	4	26,87	69,09
70	3	4,87	47,81
71	1	7,63	54,35
71	5	10,76	51,66
71	6	16,98	111,95
71	8	5,81	20,52
71	10	19,34	220,71
72	4	2,51	6,45
72	9	9,79	28,5
73	10	6,71	76,59
73	8	10,9	38,48
73	7	15,97	20,05
74	1	5,47	38,98
74	2	28,23	76,42
74	8	37,75	133,28
75	5	2,18	10,48
75	9	86,07	250,69
76	7	5,7	7,15
76	8	6,58	23,25
77	5	6,07	29,14
77	1	4,91	34,99
78	2	111,47	301,78
79	2	73,68	199,48
80	10	24,27	276,96
81	7	16,81	21,11
81	8	98,9	349,19
81	9	12,45	36,27
82	3	12,12	118,9
82	1	1,75	12,45
83	7	9,52	11,95
83	2	0,94	2,54
84	5	288,79	1386,9
84	3	4,48	44,01
85	5	6,22	29,88
86	9	6,74	19,62
86	4	61,48	158,04
87	3	1,64	16,09
87	4	394,41	1013,98
87	5	8,03	38,58
87	6	15,93	105,03
87	10	23,03	262,74
88	7	16,23	20,38
89	9	20,77	60,48
90	1	0,23	1,66
90	10	40,94	467,17
91	8	25650,61	90568,95
91	7	21,43	26,9
91	5	3,42	16,44
91	4	11,1	28,55
91	3	4,38	42,96
92	2	134,92	365,28
93	8	8,7	30,7
94	5	2,14	10,28
94	10	0,96	11
95	6	10537,75	69482,85
95	5	10,38	49,84
96	10	0,36	4,08
96	5	18,72	89,88
97	7	422,17	530,02
97	5	78,03	374,73
97	4	13,44	34,56
97	3	2,95	28,96
98	3	19,4	190,4
98	8	259,89	917,63
99	6	2,12	13,99
99	5	6,96	33,42
100	9	9,23	26,87
100	7	18,18	22,82
100	3	11,47	112,53
100	1	7,45	53,02

#jobId ddate weight rdate
1	669,447	26	4722,656
2	619,682	39	4105,005
3	1111,434	23	2821,281
4	1422,734	42	5039,051
5	1730,946	33	162,2
6	1216,011	11	7048,703
7	1209,932	48	8556,386
8	1708,743	37	6202,34
9	782,38	19	10757,082
10	1116,676	38	1371,674
11	873,143	11	9470,059
12	1334,827	15	7972,614
13	1809,708	13	4479,83
14	986,187	29	1339,904
15	1686,21	32	3548,276
16	1223,149	28	4373,289
17	952,792	30	1168,454
18	1732,754	42	642,881
19	610,075	43	1565,247
20	1547,497	20	9454,633
21	1112,538	7	10871,735
22	1441,489	30	4946,319
23	1358,387	14	3565,077
24	1053,037	12	5575,644
25	1751,201	33	2013,705
26	1066,988	12	202,802
27	721,032	29	6952
28	1577,87	1	1474,96
29	798,322	40	3182,412
30	1054,388	29	6522,769
31	1124,399	27	2359,897
32	1666,561	7	9781,755
33	1156,763	43	2202,489
34	667,652	4	9701,771
35	952,835	30	10016,703
36	1055,615	43	10752,892
37	840,63	7	6806,689
38	1360,514	12	7438,185
39	1584,602	43	6730,93
40	745,094	8	5788,5
41	1559,9	36	2735,99
42	1453,278	15	10276,656
43	1444,792	15	761,76
44	1254,317	41	10110,943
45	1056,84	37	480,421
46	1226,115	11	5625,313
47	1118,874	16	8603,271
48	1739,718	48	1923,823
49	1167,153	27	8793,884
50	988,993	14	737,637
51	929,853	33	3705,023
52	1468,491	32	2888,683
53	1025,04	48	6414,925
54	972,826	45	7416,32
55	1317,409	35	7195,724
56	980,177	32	2733,059
57	1190,207	5	3226,378
58	1386,562	37	7554,892
59	1643,76	4	9300,555
60	1522,733	7	2575,126
61	1528,166	1	4102,198
62	617,722	29	2920,178
63	782,865	39	7214,057
64	740,313	46	1809,676
65	899,62	6	1314,431
66	1081,741	26	3800,775
67	942,199	28	1682,789
68	1695,693	38	9107,986
69	822,74	32	6808,53
70	1734,126	21	9341,491
71	1290,341	18	6439,674
72	1626,183	15	5920,857
73	1714,052	20	6297,186
74	740,911	29	1775,808
75	1647,276	7	4049,045
76	817,187	29	4382,482
77	1375,183	25	5058,172
78	1282,614	5	5224,809
79	1311,146	27	9411,173
80	885,813	32	9073,747
81	1746,139	40	2357,563
82	1051,452	29	5968,659
83	1305,44	29	4379,846
84	1583,467	38	5228,118
85	758,991	49	1811,595
86	1777,92	23	435,751
87	1385,881	11	49,977
88	698,671	20	3230,483
89	1709,515	6	69,546
90	934,102	34	2835,331
91	1531,041	37	7454,146
92	1513,706	47	1871,863
93	1558,312	41	5362,414
94	1278,462	1	6524,64
95	1811,816	49	9044,363
96	1495,072	16	4712,602
97	716,09	41	6717,949
98	701,516	41	6418,307
99	1118,219	46	9427,207
100	1107,513	27	4996,349

#machId jobPred jobSucc setupTime
1	10	12	1,146
1	10	13	2,547
1	10	18	2,26
1	10	24	11,336
1	10	28	5,35
1	10	30	8,097
1	10	40	3,757
1	10	44	25,989
1	10	45	0,623
1	10	49	5,389
1	10	50	1,219
1	10	51	12,582
1	10	52	1,52
1	10	58	6,161
1	10	67	0,758
1	10	69	1,987
1	10	71	25,328
1	10	74	7,965
1	10	77	0,549
1	10	82	10,412
1	10	90	3,262
1	10	100	2,641
1	12	10	7,832
1	12	13	15,759
1	12	18	2,32
1	12	24	10,393
1	12	28	10,96
1	12	30	4,199
1	12	40	19,844
1	12	44	8,712
1	12	45	2,773
1	12	49	24,302
1	12	50	4,001
1	12	51	0,707
1	12	52	1,772
1	12	58	24,565
1	12	67	0,608
1	12	69	17,097
1	12	71	10,267
1	12	74	7,349
1	12	77	3,983
1	12	82	4,912
1	12	90	7,84
1	12	100	0,558
1	13	10	10,029
1	13	12	12,65
1	13	18	11,772
1	13	24	3,715
1	13	28	2,888
1	13	30	2,987
1	13	40	10,425
1	13	44	5,605
1	13	45	1,029
1	13	49	6,135
1	13	50	5,757
1	13	51	1,473
1	13	52	1,656
1	13	58	3,52
1	13	67	3,837
1	13	69	2,602
1	13	71	13,449
1	13	74	2,854
1	13	77	2,355
1	13	82	5,146
1	13	90	2,863
1	13	100	3,698
1	18	10	6,604
1	18	12	4,385
1	18	13	1,873
1	18	24	13,625
1	18	28	20,73
1	18	30	10,912
1	18	40	5,398
1	18	44	16,288
1	18	45	4,277
1	18	49	18,041
1	18	50	21,534
1	18	51	19,238
1	18	52	3,355
1	18	58	11,252
1	18	67	11,088
1	18	69	6,953
1	18	71	2,035
1	18	74	2,141
1	18	77	17,453
1	18	82	2,365
1	18	90	1,101
1	18	100	16,77
1	24	10	9,103
1	24	12	13,11
1	24	13	17,876
1	24	18	5,678
1	24	28	5,598
1	24	30	5,168
1	24	40	16,53
1	24	44	2,445
1	24	45	5,387
1	24	49	4,216
1	24	50	2,419
1	24	51	12,483
1	24	52	6,993
1	24	58	4,081
1	24	67	6,149
1	24	69	2,099
1	24	71	5,052
1	24	74	3,683
1	24	77	2,134
1	24	82	2,434
1	24	90	17,137
1	24	100	4,041
1	28	10	0,889
1	28	12	3,287
1	28	13	3,399
1	28	18	3,795
1	28	24	4,413
1	28	30	5,69
1	28	40	3,056
1	28	44	6,694
1	28	45	6,9
1	28	49	9,715
1	28	50	10,642
1	28	51	5,87
1	28	52	11,845
1	28	58	10,813
1	28	67	2,806
1	28	69	4,246
1	28	71	2,274
1	28	74	13,052
1	28	77	1,673
1	28	82	3,006
1	28	90	3,784
1	28	100	3,82
1	30	10	3,664
1	30	12	9,696
1	30	13	10,783
1	30	18	0,507
1	30	24	3,864
1	30	28	2,828
1	30	40	4,006
1	30	44	9,608
1	30	45	3,09
1	30	49	1,137
1	30	50	0,552
1	30	51	8,179
1	30	52	0,801
1	30	58	1,319
1	30	67	3,803
1	30	69	2,01
1	30	71	1,377
1	30	74	3,688
1	30	77	2,762
1	30	82	2,182
1	30	90	10,299
1	30	100	5,464
1	40	10	2,794
1	40	12	1,192
1	40	13	0,757
1	40	18	0,773
1	40	24	7,062
1	40	28	0,75
1	40	30	7,084
1	40	44	2,243
1	40	45	10,582
1	40	49	6,512
1	40	50	4,732
1	40	51	2,531
1	40	52	0,934
1	40	58	17,88
1	40	67	1,001
1	40	69	13,533
1	40	71	23,288
1	40	74	2,718
1	40	77	19,662
1	40	82	9,652
1	40	90	2,54
1	40	100	2,737
1	44	10	4,487
1	44	12	8,284
1	44	13	1,815
1	44	18	5,134
1	44	24	8,026
1	44	28	23,033
1	44	30	1,041
1	44	40	5,6
1	44	45	1,401
1	44	49	0,511
1	44	50	13,077
1	44	51	15,646
1	44	52	9,191
1	44	58	10,031
1	44	67	3,018
1	44	69	9,285
1	44	71	31,359
1	44	74	3,261
1	44	77	5,948
1	44	82	6,729
1	44	90	1,45
1	44	100	14,16
1	45	10	2,184
1	45	12	4,91
1	45	13	12,641
1	45	18	1,731
1	45	24	1,371
1	45	28	4,522
1	45	30	6,352
1	45	40	3,81
1	45	44	7,605
1	45	49	2,257
1	45	50	7,695
1	45	51	0,671
1	45	52	10,353
1	45	58	0,848
1	45	67	4,301
1	45	69	9,715
1	45	71	4,661
1	45	74	1,572
1	45	77	0,961
1	45	82	4,169
1	45	90	0,995
1	45	100	1,907
1	49	10	3,32
1	49	12	12,951
1	49	13	2,075
1	49	18	12,43
1	49	24	20,729
1	49	28	8,678
1	49	30	2,308
1	49	40	16,782
1	49	44	0,735
1	49	45	6,438
1	49	50	5,45
1	49	51	5,113
1	49	52	1,117
1	49	58	4,356
1	49	67	7,895
1	49	69	2,813
1	49	71	2,881
1	49	74	9,088
1	49	77	1,735
1	49	82	1,656
1	49	90	5,119
1	49	100	7,061
1	50	10	7,033
1	50	12	1,523
1	50	13	1,292
1	50	18	1,835
1	50	24	26,984
1	50	28	0,596
1	50	30	8,291
1	50	40	1,835
1	50	44	5,313
1	50	45	1,881
1	50	49	1,12
1	50	51	2,647
1	50	52	5,62
1	50	58	5,37
1	50	67	5,101
1	50	69	1,426
1	50	71	1,633
1	50	74	4,578
1	50	77	10,584
1	50	82	4,43
1	50	90	9,726
1	50	100	1,095
1	51	10	3,358
1	51	12	8,906
1	51	13	4,477
1	51	18	11,33
1	51	24	5,852
1	51	28	21,663
1	51	30	1,504
1	51	40	1,13
1	51	44	1,155
1	51	45	9
1	51	49	2,818
1	51	50	2,725
1	51	52	1,344
1	51	58	3,681
1	51	67	7,497
1	51	69	1,352
1	51	71	5,142
1	51	74	3,792
1	51	77	6,472
1	51	82	9,805
1	51	90	3,237
1	51	100	1,248
1	52	10	4,698
1	52	12	3,667
1	52	13	6,965
1	52	18	15,403
1	52	24	2,018
1	52	28	4,324
1	52	30	15,169
1	52	40	3,204
1	52	44	4,249
1	52	45	6,283
1	52	49	5,561
1	52	50	3,736
1	52	51	12,457
1	52	58	0,866
1	52	67	1,145
1	52	69	2,843
1	52	71	1,309
1	52	74	7,739
1	52	77	1,499
1	52	82	1,1
1	52	90	2,344
1	52	100	11,75
1	58	10	26,914
1	58	12	3,748
1	58	13	6,478
1	58	18	1,272
1	58	24	1,491
1	58	28	11,907
1	58	30	0,85
1	58	40	6,265
1	58	44	7,854
1	58	45	8,996
1	58	49	0,55
1	58	50	39,842
1	58	51	9,873
1	58	52	8,076
1	58	67	19,041
1	58	69	1,211
1	58	71	0,594
1	58	74	7,623
1	58	77	2,501
1	58	82	3,458
1	58	90	0,531
1	58	100	2,988
1	67	10	0,699
1	67	12	5,235
1	67	13	2,391
1	67	18	1,652
1	67	24	4,269
1	67	28	1,669
1	67	30	2,593
1	67	40	2,731
1	67	44	1,433
1	67	45	3,259
1	67	49	5,501
1	67	50	6,379
1	67	51	0,688
1	67	52	5,833
1	67	58	3,486
1	67	69	1,057
1	67	71	5,565
1	67	74	27,902
1	67	77	1,575
1	67	82	2,132
1	67	90	4,695
1	67	100	11,21
1	69	10	0,739
1	69	12	1,882
1	69	13	5,521
1	69	18	0,831
1	69	24	5,788
1	69	28	11,094
1	69	30	3,335
1	69	40	3,177
1	69	44	5,197
1	69	45	0,657
1	69	49	6,318
1	69	50	3,477
1	69	51	3,747
1	69	52	7,699
1	69	58	2,552
1	69	67	15,61
1	69	71	7,064
1	69	74	9,284
1	69	77	12,548
1	69	82	1,693
1	69	90	4,181
1	69	100	3,196
1	71	10	8,185
1	71	12	2,756
1	71	13	16,29
1	71	18	1,641
1	71	24	6,347
1	71	28	6,099
1	71	30	2,242
1	71	40	3,612
1	71	44	10,044
1	71	45	1,133
1	71	49	0,552
1	71	50	11,014
1	71	51	23,717
1	71	52	2,73
1	71	58	1,704
1	71	67	3,878
1	71	69	10,061
1	71	74	0,57
1	71	77	2,054
1	71	82	17,165
1	71	90	3,707
1	71	100	2,203
1	74	10	8,307
1	74	12	0,839
1	74	13	2,418
1	74	18	1,043
1	74	24	5,051
1	74	28	6,653
1	74	30	6,165
1	74	40	3,917
1	74	44	7,813
1	74	45	17,023
1	74	49	3,564
1	74	50	0,742
1	74	51	3,916
1	74	52	8,496
1	74	58	2,267
1	74	67	4,707
1	74	69	6,338
1	74	71	2,346
1	74	77	31,717
1	74	82	4,777
1	74	90	0,665
1	74	100	3,413
1	77	10	0,967
1	77	12	2,809
1	77	13	10,586
1	77	18	4,756
1	77	24	12,022
1	77	28	2,988
1	77	30	13,64
1	77	40	16,74
1	77	44	3,761
1	77	45	52,156
1	77	49	13,499
1	77	50	1,535
1	77	51	0,599
1	77	52	13,504
1	77	58	10,51
1	77	67	4,172
1	77	69	2,007
1	77	71	3,723
1	77	74	1,092
1	77	82	7,391
1	77	90	2,577
1	77	100	3,027
1	82	10	6,726
1	82	12	1,394
1	82	13	0,621
1	82	18	4,99
1	82	24	1,583
1	82	28	4,396
1	82	30	0,584
1	82	40	16,592
1	82	44	1,533
1	82	45	2,198
1	82	49	2,172
1	82	50	11,37
1	82	51	0,991
1	82	52	8,282
1	82	58	13,031
1	82	67	3,146
1	82	69	0,854
1	82	71	17,503
1	82	74	2,188
1	82	77	8,496
1	82	90	3,023
1	82	100	0,849
1	90	10	1,361
1	90	12	2,086
1	90	13	13,508
1	90	18	0,743
1	90	24	1,519
1	90	28	5,998
1	90	30	2,972
1	90	40	2,981
1	90	44	19,64
1	90	45	5,336
1	90	49	2,623
1	90	50	5,382
1	90	51	10,375
1	90	52	1,221
1	90	58	0,571
1	90	67	5,033
1	90	69	0,808
1	90	71	0,946
1	90	74	3,276
1	90	77	8,699
1	90	82	8,077
1	90	100	2,157
1	100	10	6,61
1	100	12	3,75
1	100	13	0,836
1	100	18	1,54
1	100	24	3,8
1	100	28	1,766
1	100	30	1,789
1	100	40	4,87
1	100	44	1,552
1	100	45	4,835
1	100	49	13,642
1	100	50	4,213
1	100	51	11,543
1	100	52	23,497
1	100	58	1,4
1	100	67	6,836
1	100	69	9,996
1	100	71	0,886
1	100	74	6,667
1	100	77	7,086
1	100	82	23,011
1	100	90	9,383
2	2	3	1,026
2	2	8	0,928
2	2	12	11,28
2	2	17	3,196
2	2	20	2,324
2	2	22	8,161
2	2	31	14,308
2	2	36	4,331
2	2	37	3,408
2	2	43	2,447
2	2	45	29,603
2	2	48	2,263
2	2	52	3,82
2	2	53	1,108
2	2	59	5,789
2	2	60	0,842
2	2	62	5,725
2	2	66	22,894
2	2	67	48,82
2	2	74	7,997
2	2	78	5,934
2	2	79	1,75
2	2	83	1,868
2	2	92	4,701
2	3	2	2,28
2	3	8	1,82
2	3	12	9,81
2	3	17	3,415
2	3	20	7,786
2	3	22	3,481
2	3	31	13,216
2	3	36	10,781
2	3	37	1,514
2	3	43	6,681
2	3	45	3,474
2	3	48	32,16
2	3	52	13,369
2	3	53	10,649
2	3	59	4,407
2	3	60	0,646
2	3	62	5,422
2	3	66	1,152
2	3	67	7,214
2	3	74	32,662
2	3	78	6,931
2	3	79	1,21
2	3	83	6,849
2	3	92	2,356
2	8	2	3,404
2	8	3	3,23
2	8	12	1,269
2	8	17	12,155
2	8	20	7,6
2	8	22	4,057
2	8	31	4,557
2	8	36	12,87
2	8	37	9,851
2	8	43	1,266
2	8	45	13,24
2	8	48	7,029
2	8	52	21,726
2	8	53	1,215
2	8	59	4,694
2	8	60	6,336
2	8	62	11,486
2	8	66	2,708
2	8	67	2,569
2	8	74	4,567
2	8	78	24,694
2	8	79	1,691
2	8	83	1,897
2	8	92	8,384
2	12	2	7,696
2	12	3	3,052
2	12	8	13,066
2	12	17	8,443
2	12	20	1,359
2	12	22	2,531
2	12	31	5,656
2	12	36	1,026
2	12	37	2,081
2	12	43	10,62
2	12	45	2,68
2	12	48	7,159
2	12	52	2,007
2	12	53	0,909
2	12	59	7,667
2	12	60	1,96
2	12	62	6,485
2	12	66	1,158
2	12	67	3,689
2	12	74	42,657
2	12	78	3,745
2	12	79	4,636
2	12	83	3,668
2	12	92	2,092
2	17	2	3,243
2	17	3	4,783
2	17	8	4,387
2	17	12	6,974
2	17	20	3,544
2	17	22	6,665
2	17	31	1,492
2	17	36	9,423
2	17	37	7,135
2	17	43	0,952
2	17	45	15,26
2	17	48	3,819
2	17	52	5,759
2	17	53	13,223
2	17	59	6,783
2	17	60	5,716
2	17	62	0,604
2	17	66	36,913
2	17	67	2,853
2	17	74	1,24
2	17	78	3,609
2	17	79	31,122
2	17	83	0,9
2	17	92	3,567
2	20	2	0,784
2	20	3	7,41
2	20	8	7,436
2	20	12	0,711
2	20	17	11,808
2	20	22	0,582
2	20	31	4,835
2	20	36	11,77
2	20	37	7,858
2	20	43	5,339
2	20	45	2,978
2	20	48	15,081
2	20	52	4,911
2	20	53	0,798
2	20	59	7,219
2	20	60	3,731
2	20	62	9,676
2	20	66	3,704
2	20	67	5,574
2	20	74	8,637
2	20	78	0,985
2	20	79	5,072
2	20	83	5,601
2	20	92	7,173
2	22	2	8,442
2	22	3	3,182
2	22	8	10,47
2	22	12	7,813
2	22	17	2,933
2	22	20	1,784
2	22	31	7,644
2	22	36	0,62
2	22	37	5,259
2	22	43	4,225
2	22	45	8,305
2	22	48	4,701
2	22	52	3,765
2	22	53	20,697
2	22	59	10,351
2	22	60	4,06
2	22	62	1,418
2	22	66	5,117
2	22	67	20,166
2	22	74	3,249
2	22	78	0,882
2	22	79	0,722
2	22	83	6,114
2	22	92	4,78
2	31	2	2,084
2	31	3	8,689
2	31	8	2,874
2	31	12	4,391
2	31	17	2,646
2	31	20	3,471
2	31	22	3,575
2	31	36	12,558
2	31	37	1,372
2	31	43	7,298
2	31	45	1,451
2	31	48	5,001
2	31	52	3,349
2	31	53	7,009
2	31	59	3,337
2	31	60	2,025
2	31	62	9,621
2	31	66	11,119
2	31	67	10,491
2	31	74	2,82
2	31	78	2,43
2	31	79	4,399
2	31	83	1,416
2	31	92	25,748
2	36	2	14,49
2	36	3	10,539
2	36	8	1,72
2	36	12	1,673
2	36	17	4,291
2	36	20	3,178
2	36	22	2,096
2	36	31	14,298
2	36	37	2,144
2	36	43	7,301
2	36	45	9,879
2	36	48	23,69
2	36	52	1,447
2	36	53	5,723
2	36	59	7,001
2	36	60	11,352
2	36	62	1,112
2	36	66	0,941
2	36	67	8,354
2	36	74	2,788
2	36	78	3,275
2	36	79	2,143
2	36	83	2,368
2	36	92	21,926
2	37	2	2,985
2	37	3	1,555
2	37	8	1,772
2	37	12	6,224
2	37	17	2,307
2	37	20	21,082
2	37	22	0,631
2	37	31	3,144
2	37	36	16,303
2	37	43	1,434
2	37	45	3,756
2	37	48	0,609
2	37	52	4,644
2	37	53	3,626
2	37	59	11,467
2	37	60	1,54
2	37	62	4,504
2	37	66	4,723
2	37	67	17,553
2	37	74	2,323
2	37	78	5,73
2	37	79	12,587
2	37	83	1,484
2	37	92	1,273
2	43	2	3,119
2	43	3	1,274
2	43	8	16,042
2	43	12	2,625
2	43	17	7,821
2	43	20	8,733
2	43	22	7,506
2	43	31	19,875
2	43	36	1,507
2	43	37	1,766
2	43	45	8,827
2	43	48	3,788
2	43	52	5,675
2	43	53	3,327
2	43	59	13,226
2	43	60	23,414
2	43	62	3,306
2	43	66	6,42
2	43	67	9,249
2	43	74	1,466
2	43	78	4,425
2	43	79	1,821
2	43	83	9,715
2	43	92	2,117
2	45	2	2,713
2	45	3	1,859
2	45	8	3,359
2	45	12	2,75
2	45	17	3,55
2	45	20	9,889
2	45	22	4,885
2	45	31	8,352
2	45	36	0,905
2	45	37	2,207
2	45	43	20,791
2	45	48	5,529
2	45	52	7,542
2	45	53	7,006
2	45	59	1,878
2	45	60	5,262
2	45	62	17,647
2	45	66	10,826
2	45	67	3,292
2	45	74	4,333
2	45	78	36,507
2	45	79	4,754
2	45	83	25,397
2	45	92	0,598
2	48	2	1,474
2	48	3	10,518
2	48	8	2,762
2	48	12	0,739
2	48	17	14,703
2	48	20	5,413
2	48	22	2,136
2	48	31	7,584
2	48	36	1,643
2	48	37	9,602
2	48	43	2,728
2	48	45	7,281
2	48	52	2,833
2	48	53	3,116
2	48	59	3,794
2	48	60	3,495
2	48	62	6,047
2	48	66	7,065
2	48	67	8,299
2	48	74	6,406
2	48	78	2,92
2	48	79	4,118
2	48	83	0,997
2	48	92	1,666
2	52	2	0,51
2	52	3	10,553
2	52	8	6,444
2	52	12	0,544
2	52	17	3,529
2	52	20	5,53
2	52	22	4,362
2	52	31	14,336
2	52	36	3,328
2	52	37	1,271
2	52	43	10,007
2	52	45	1,214
2	52	48	1,429
2	52	53	9,383
2	52	59	13,267
2	52	60	2,501
2	52	62	5,898
2	52	66	1,988
2	52	67	8,847
2	52	74	5,873
2	52	78	2,654
2	52	79	6,957
2	52	83	0,705
2	52	92	4,88
2	53	2	5,366
2	53	3	1,492
2	53	8	5,687
2	53	12	7,403
2	53	17	4,838
2	53	20	0,535
2	53	22	1,02
2	53	31	16,85
2	53	36	1,115
2	53	37	15,316
2	53	43	5,041
2	53	45	5,006
2	53	48	7,391
2	53	52	5,586
2	53	59	16,779
2	53	60	4,595
2	53	62	1,66
2	53	66	2,248
2	53	67	20,068
2	53	74	0,536
2	53	78	1,527
2	53	79	1,98
2	53	83	2,038
2	53	92	6,561
2	59	2	20,093
2	59	3	1,792
2	59	8	1,775
2	59	12	0,507
2	59	17	5,733
2	59	20	0,885
2	59	22	6,832
2	59	31	3,989
2	59	36	8,118
2	59	37	7,687
2	59	43	12,888
2	59	45	2,848
2	59	48	25,552
2	59	52	3,793
2	59	53	12,878
2	59	60	14,619
2	59	62	7,912
2	59	66	24,053
2	59	67	5,452
2	59	74	10,848
2	59	78	1,846
2	59	79	1,114
2	59	83	3,965
2	59	92	6,871
2	60	2	3,063
2	60	3	9,062
2	60	8	33,893
2	60	12	2,482
2	60	17	0,632
2	60	20	0,94
2	60	22	3,965
2	60	31	5,586
2	60	36	1,181
2	60	37	4,265
2	60	43	10,165
2	60	45	1,381
2	60	48	1,313
2	60	52	6,39
2	60	53	1,069
2	60	59	1,079
2	60	62	13,734
2	60	66	2,722
2	60	67	2,255
2	60	74	0,527
2	60	78	1,125
2	60	79	4,627
2	60	83	3,174
2	60	92	10,172
2	62	2	1,766
2	62	3	10,309
2	62	8	2,357
2	62	12	5,463
2	62	17	2,821
2	62	20	1,298
2	62	22	1,302
2	62	31	6,259
2	62	36	4,802
2	62	37	8,834
2	62	43	20,079
2	62	45	2,267
2	62	48	0,882
2	62	52	1,328
2	62	53	3,23
2	62	59	13,26
2	62	60	6,124
2	62	66	11,978
2	62	67	5,741
2	62	74	14,483
2	62	78	3,949
2	62	79	0,624
2	62	83	4,103
2	62	92	9,853
2	66	2	5,465
2	66	3	3,334
2	66	8	3,413
2	66	12	27,539
2	66	17	2,209
2	66	20	2,617
2	66	22	2,242
2	66	31	0,839
2	66	36	6,022
2	66	37	16,056
2	66	43	3,184
2	66	45	47,314
2	66	48	35,201
2	66	52	19,153
2	66	53	1,713
2	66	59	0,606
2	66	60	8,729
2	66	62	32,869
2	66	67	9,98
2	66	74	4,952
2	66	78	8,108
2	66	79	2,255
2	66	83	3,156
2	66	92	1,629
2	67	2	10,551
2	67	3	1,352
2	67	8	4,755
2	67	12	4,085
2	67	17	16,485
2	67	20	4,396
2	67	22	3,765
2	67	31	9,356
2	67	36	2,357
2	67	37	25,251
2	67	43	0,613
2	67	45	2,743
2	67	48	5,974
2	67	52	7,175
2	67	53	10,324
2	67	59	3,711
2	67	60	1,096
2	67	62	2,07
2	67	66	2,909
2	67	74	0,937
2	67	78	9,815
2	67	79	4,939
2	67	83	13,019
2	67	92	9,544
2	74	2	0,985
2	74	3	0,527
2	74	8	1,623
2	74	12	3,622
2	74	17	4,846
2	74	20	7,036
2	74	22	7,012
2	74	31	7,092
2	74	36	1,253
2	74	37	0,559
2	74	43	6,523
2	74	45	3,355
2	74	48	6,086
2	74	52	1,72
2	74	53	0,704
2	74	59	3,015
2	74	60	14,146
2	74	62	3,601
2	74	66	7,277
2	74	67	6,22
2	74	78	0,803
2	74	79	9,23
2	74	83	0,661
2	74	92	7,434
2	78	2	10,051
2	78	3	1,027
2	78	8	3,508
2	78	12	1,491
2	78	17	1,088
2	78	20	0,758
2	78	22	30,384
2	78	31	1,643
2	78	36	4,709
2	78	37	21,69
2	78	43	4,634
2	78	45	4,635
2	78	48	0,721
2	78	52	14,807
2	78	53	7,038
2	78	59	4,905
2	78	60	13,644
2	78	62	7,929
2	78	66	0,596
2	78	67	8,888
2	78	74	7,285
2	78	79	1,662
2	78	83	7,756
2	78	92	17,191
2	79	2	10,997
2	79	3	16,507
2	79	8	2,144
2	79	12	2,519
2	79	17	9,98
2	79	20	1,396
2	79	22	16,83
2	79	31	18,636
2	79	36	13,301
2	79	37	7,679
2	79	43	1,547
2	79	45	3,404
2	79	48	8,014
2	79	52	1,183
2	79	53	1,636
2	79	59	6,374
2	79	60	1,46
2	79	62	9,99
2	79	66	0,652
2	79	67	1,316
2	79	74	0,794
2	79	78	15,157
2	79	83	0,608
2	79	92	1,285
2	83	2	12,47
2	83	3	3,182
2	83	8	2,606
2	83	12	24,747
2	83	17	17,629
2	83	20	10,069
2	83	22	8,919
2	83	31	1,876
2	83	36	0,952
2	83	37	1,455
2	83	43	8,114
2	83	45	1,208
2	83	48	4,325
2	83	52	5,15
2	83	53	5,272
2	83	59	2,727
2	83	60	8,76
2	83	62	12,073
2	83	66	12,72
2	83	67	6,985
2	83	74	9,254
2	83	78	3,31
2	83	79	1,752
2	83	92	1,919
2	92	2	0,957
2	92	3	1,746
2	92	8	2,215
2	92	12	3,527
2	92	17	15,999
2	92	20	5,283
2	92	22	8,333
2	92	31	9,085
2	92	36	1,894
2	92	37	5,708
2	92	43	8,158
2	92	45	6,877
2	92	48	3,99
2	92	52	3,255
2	92	53	1,713
2	92	59	6,564
2	92	60	4,143
2	92	62	9,502
2	92	66	15,828
2	92	67	0,611
2	92	74	4,751
2	92	78	1,91
2	92	79	39,646
2	92	83	1,127
3	4	5	7,011
3	4	11	1,929
3	4	12	1,5
3	4	15	7,917
3	4	28	7,124
3	4	33	3,275
3	4	36	5,135
3	4	45	0,804
3	4	46	12,489
3	4	48	1,191
3	4	49	2,565
3	4	50	14,255
3	4	53	4,214
3	4	58	2,192
3	4	63	11,642
3	4	66	4,513
3	4	70	1,681
3	4	82	5,588
3	4	84	3,557
3	4	87	4,976
3	4	91	3,087
3	4	97	4,603
3	4	98	0,879
3	4	100	1,924
3	5	4	4,825
3	5	11	4,12
3	5	12	20,218
3	5	15	2,894
3	5	28	7,298
3	5	33	1,74
3	5	36	1,413
3	5	45	1,424
3	5	46	1,563
3	5	48	8,9
3	5	49	4,909
3	5	50	10,88
3	5	53	2,416
3	5	58	2,125
3	5	63	0,698
3	5	66	7,193
3	5	70	5,256
3	5	82	5,586
3	5	84	11,666
3	5	87	3,694
3	5	91	2,976
3	5	97	15,667
3	5	98	8,601
3	5	100	14,593
3	11	4	5,971
3	11	5	0,71
3	11	12	2,359
3	11	15	11,463
3	11	28	1,353
3	11	33	11,537
3	11	36	1,772
3	11	45	0,972
3	11	46	9,341
3	11	48	9,585
3	11	49	33,025
3	11	50	4,47
3	11	53	5,09
3	11	58	4,059
3	11	63	4,692
3	11	66	1,362
3	11	70	1,461
3	11	82	15,614
3	11	84	6,201
3	11	87	1,314
3	11	91	0,702
3	11	97	7,852
3	11	98	4,679
3	11	100	4,494
3	12	4	3,196
3	12	5	1,521
3	12	11	3,287
3	12	15	9,984
3	12	28	6,452
3	12	33	4,361
3	12	36	15,671
3	12	45	5,143
3	12	46	3,567
3	12	48	7,873
3	12	49	15,148
3	12	50	3,14
3	12	53	6,116
3	12	58	1,975
3	12	63	5,134
3	12	66	2,245
3	12	70	4,619
3	12	82	7,006
3	12	84	7,321
3	12	87	7,547
3	12	91	6,724
3	12	97	1,838
3	12	98	1,199
3	12	100	2,191
3	15	4	17,694
3	15	5	11,332
3	15	11	10,958
3	15	12	6,217
3	15	28	4,419
3	15	33	2,829
3	15	36	3,119
3	15	45	9
3	15	46	20,619
3	15	48	7,943
3	15	49	0,985
3	15	50	5,306
3	15	53	0,638
3	15	58	0,915
3	15	63	35,246
3	15	66	0,671
3	15	70	2,72
3	15	82	4,988
3	15	84	3,337
3	15	87	1,554
3	15	91	2,374
3	15	97	1,24
3	15	98	10,574
3	15	100	1,433
3	28	4	10,235
3	28	5	3,766
3	28	11	1,448
3	28	12	1,565
3	28	15	12,75
3	28	33	9,011
3	28	36	7,301
3	28	45	1,602
3	28	46	31,28
3	28	48	3,862
3	28	49	8,724
3	28	50	0,508
3	28	53	2,552
3	28	58	7,145
3	28	63	9,846
3	28	66	3,691
3	28	70	0,612
3	28	82	4,546
3	28	84	4,693
3	28	87	5,324
3	28	91	9,642
3	28	97	2,035
3	28	98	7,608
3	28	100	0,803
3	33	4	2,569
3	33	5	7,19
3	33	11	3,843
3	33	12	5,55
3	33	15	10,321
3	33	28	2,524
3	33	36	5,592
3	33	45	1,758
3	33	46	1,281
3	33	48	6,044
3	33	49	9,607
3	33	50	47,238
3	33	53	0,652
3	33	58	5,91
3	33	63	3,31
3	33	66	8,812
3	33	70	16,084
3	33	82	2,159
3	33	84	1,744
3	33	87	6,507
3	33	91	1,221
3	33	97	2,975
3	33	98	1,008
3	33	100	3,794
3	36	4	2,733
3	36	5	7,184
3	36	11	14,87
3	36	12	1,655
3	36	15	5,686
3	36	28	1,584
3	36	33	1,252
3	36	45	8,637
3	36	46	1,78
3	36	48	2,192
3	36	49	2,686
3	36	50	8,838
3	36	53	0,519
3	36	58	11,763
3	36	63	6,29
3	36	66	4,237
3	36	70	20,926
3	36	82	12,996
3	36	84	4,128
3	36	87	13,393
3	36	91	4,448
3	36	97	5,513
3	36	98	0,75
3	36	100	1,296
3	45	4	5,701
3	45	5	2,782
3	45	11	1,185
3	45	12	12,353
3	45	15	4,493
3	45	28	0,77
3	45	33	1,91
3	45	36	6,735
3	45	46	5,855
3	45	48	1,002
3	45	49	4,426
3	45	50	1,4
3	45	53	6,361
3	45	58	3,119
3	45	63	3,482
3	45	66	12,301
3	45	70	1,817
3	45	82	10,769
3	45	84	1,045
3	45	87	4,521
3	45	91	5,108
3	45	97	5,78
3	45	98	6,586
3	45	100	5,742
3	46	4	2,332
3	46	5	4,147
3	46	11	4,524
3	46	12	1,936
3	46	15	5,234
3	46	28	15,965
3	46	33	1,539
3	46	36	14,906
3	46	45	16,563
3	46	48	2,661
3	46	49	18,328
3	46	50	0,858
3	46	53	0,655
3	46	58	1,326
3	46	63	0,609
3	46	66	11,559
3	46	70	10,72
3	46	82	0,992
3	46	84	1,555
3	46	87	13,279
3	46	91	12,808
3	46	97	2,766
3	46	98	0,56
3	46	100	1,844
3	48	4	6,337
3	48	5	9,142
3	48	11	0,525
3	48	12	10,117
3	48	15	2,959
3	48	28	4,003
3	48	33	2,334
3	48	36	20,317
3	48	45	42,199
3	48	46	12,606
3	48	49	3,251
3	48	50	6,812
3	48	53	9,139
3	48	58	2,084
3	48	63	3,393
3	48	66	6,871
3	48	70	3,988
3	48	82	2,543
3	48	84	7,018
3	48	87	2,485
3	48	91	10,969
3	48	97	6,041
3	48	98	13,86
3	48	100	4,296
3	49	4	14,353
3	49	5	2,131
3	49	11	21,513
3	49	12	7,002
3	49	15	0,986
3	49	28	1,914
3	49	33	1,88
3	49	36	1,2
3	49	45	1,199
3	49	46	2,882
3	49	48	21,519
3	49	50	3,601
3	49	53	2,407
3	49	58	7,592
3	49	63	2,317
3	49	66	6,868
3	49	70	0,747
3	49	82	1,649
3	49	84	4,885
3	49	87	1,985
3	49	91	3,132
3	49	97	1,518
3	49	98	5,727
3	49	100	1,146
3	50	4	3,58
3	50	5	2,104
3	50	11	7,329
3	50	12	6,174
3	50	15	9,713
3	50	28	1,111
3	50	33	23,727
3	50	36	3,733
3	50	45	4,753
3	50	46	3,437
3	50	48	4,594
3	50	49	0,553
3	50	53	0,649
3	50	58	11,361
3	50	63	4,547
3	50	66	4,943
3	50	70	3,389
3	50	82	3,398
3	50	84	0,677
3	50	87	0,618
3	50	91	0,631
3	50	97	3,205
3	50	98	1,431
3	50	100	10,576
3	53	4	1,286
3	53	5	17,865
3	53	11	3,572
3	53	12	5,488
3	53	15	0,832
3	53	28	5,503
3	53	33	3,625
3	53	36	7,057
3	53	45	4,978
3	53	46	0,627
3	53	48	3,548
3	53	49	8,854
3	53	50	4,2
3	53	58	4,839
3	53	63	4,89
3	53	66	7,248
3	53	70	8,417
3	53	82	1,976
3	53	84	0,631
3	53	87	0,617
3	53	91	0,537
3	53	97	1,397
3	53	98	3,921
3	53	100	2,716
3	58	4	2,463
3	58	5	13,851
3	58	11	9,39
3	58	12	1,161
3	58	15	5,82
3	58	28	5,721
3	58	33	0,524
3	58	36	19,086
3	58	45	7,548
3	58	46	3,149
3	58	48	0,593
3	58	49	10,199
3	58	50	6,172
3	58	53	2,969
3	58	63	0,916
3	58	66	0,589
3	58	70	2,5
3	58	82	1,893
3	58	84	6,95
3	58	87	3,656
3	58	91	1,551
3	58	97	4,673
3	58	98	11,759
3	58	100	12,242
3	63	4	24,879
3	63	5	16,246
3	63	11	4,374
3	63	12	8,479
3	63	15	8,494
3	63	28	12,68
3	63	33	0,952
3	63	36	11,038
3	63	45	3,665
3	63	46	4,045
3	63	48	10,919
3	63	49	10,376
3	63	50	17,426
3	63	53	21,675
3	63	58	0,569
3	63	66	2,041
3	63	70	2,43
3	63	82	4,73
3	63	84	1,789
3	63	87	1,03
3	63	91	0,642
3	63	97	1,96
3	63	98	2,611
3	63	100	1,819
3	66	4	4,343
3	66	5	1,239
3	66	11	8,803
3	66	12	1,189
3	66	15	11,737
3	66	28	1,436
3	66	33	1,938
3	66	36	8,478
3	66	45	4,82
3	66	46	2,605
3	66	48	0,913
3	66	49	2,155
3	66	50	15,502
3	66	53	1,709
3	66	58	7,777
3	66	63	1,658
3	66	70	12,632
3	66	82	1,576
3	66	84	1,121
3	66	87	6,185
3	66	91	2,378
3	66	97	5,132
3	66	98	8,82
3	66	100	13,232
3	70	4	7,718
3	70	5	2,814
3	70	11	4,239
3	70	12	4,26
3	70	15	9,483
3	70	28	17,171
3	70	33	3,559
3	70	36	2,398
3	70	45	1,751
3	70	46	4,958
3	70	48	13,507
3	70	49	3,283
3	70	50	11,155
3	70	53	3,031
3	70	58	11,954
3	70	63	8,569
3	70	66	4,137
3	70	82	6,344
3	70	84	5,306
3	70	87	6,003
3	70	91	14,394
3	70	97	1,535
3	70	98	4,069
3	70	100	1,984
3	82	4	1,842
3	82	5	5,666
3	82	11	1,205
3	82	12	0,931
3	82	15	2,653
3	82	28	0,597
3	82	33	1,558
3	82	36	1,905
3	82	45	12,326
3	82	46	15,878
3	82	48	1,142
3	82	49	2,798
3	82	50	3,466
3	82	53	19,163
3	82	58	5,793
3	82	63	6,534
3	82	66	3,389
3	82	70	2,715
3	82	84	11,861
3	82	87	1,131
3	82	91	1,45
3	82	97	6,658
3	82	98	2,614
3	82	100	1,277
3	84	4	12,687
3	84	5	6,174
3	84	11	2,58
3	84	12	3,486
3	84	15	2,395
3	84	28	2,425
3	84	33	0,993
3	84	36	2,574
3	84	45	5,028
3	84	46	3,566
3	84	48	5,653
3	84	49	4,109
3	84	50	5,366
3	84	53	0,63
3	84	58	6,282
3	84	63	4,842
3	84	66	1,065
3	84	70	15,853
3	84	82	2,182
3	84	87	2,265
3	84	91	3,441
3	84	97	15,783
3	84	98	8,108
3	84	100	2,923
3	87	4	3,257
3	87	5	10,143
3	87	11	2,881
3	87	12	2,904
3	87	15	2,947
3	87	28	1,704
3	87	33	0,66
3	87	36	2,23
3	87	45	1,649
3	87	46	9,499
3	87	48	3,077
3	87	49	1,407
3	87	50	1,305
3	87	53	16,74
3	87	58	1,081
3	87	63	1,018
3	87	66	1,106
3	87	70	0,506
3	87	82	1,525
3	87	84	2,266
3	87	91	6,073
3	87	97	3,327
3	87	98	6,807
3	87	100	2,643
3	91	4	1,331
3	91	5	16,34
3	91	11	3,653
3	91	12	4,231
3	91	15	0,956
3	91	28	8,851
3	91	33	12,662
3	91	36	8,386
3	91	45	7,681
3	91	46	8,339
3	91	48	0,617
3	91	49	1,304
3	91	50	3,153
3	91	53	4,02
3	91	58	1,346
3	91	63	0,568
3	91	66	8,376
3	91	70	0,706
3	91	82	3,721
3	91	84	16,157
3	91	87	6,648
3	91	97	2,591
3	91	98	13,056
3	91	100	3,67
3	97	4	2,595
3	97	5	8,372
3	97	11	7,043
3	97	12	3,025
3	97	15	3,888
3	97	28	7,026
3	97	33	9,453
3	97	36	7,34
3	97	45	1,118
3	97	46	4,775
3	97	48	1,286
3	97	49	4,959
3	97	50	16,604
3	97	53	1,778
3	97	58	4,949
3	97	63	6,951
3	97	66	0,714
3	97	70	32,963
3	97	82	19,853
3	97	84	0,652
3	97	87	1,434
3	97	91	0,729
3	97	98	2,759
3	97	100	0,854
3	98	4	3,843
3	98	5	18,611
3	98	11	3,872
3	98	12	2,558
3	98	15	12,085
3	98	28	14,823
3	98	33	1,972
3	98	36	7,819
3	98	45	7,121
3	98	46	16,097
3	98	48	1,64
3	98	49	3,628
3	98	50	0,623
3	98	53	1,527
3	98	58	1,696
3	98	63	2,837
3	98	66	10,953
3	98	70	3,381
3	98	82	1,34
3	98	84	17,174
3	98	87	7,417
3	98	91	13,488
3	98	97	2,287
3	98	100	0,792
3	100	4	0,738
3	100	5	3,186
3	100	11	0,727
3	100	12	2,343
3	100	15	4,31
3	100	28	9,943
3	100	33	17,09
3	100	36	13,227
3	100	45	7,441
3	100	46	21,569
3	100	48	1,03
3	100	49	1,88
3	100	50	2,958
3	100	53	0,845
3	100	58	0,927
3	100	63	6,293
3	100	66	1,632
3	100	70	2,648
3	100	82	0,973
3	100	84	16,322
3	100	87	3,689
3	100	91	1,168
3	100	97	0,797
3	100	98	0,534
4	5	8	0,676
4	5	9	1,648
4	5	11	2,253
4	5	13	5,071
4	5	15	3,706
4	5	16	7,023
4	5	29	1,943
4	5	33	3,463
4	5	38	3,06
4	5	53	0,629
4	5	54	5,889
4	5	56	2,395
4	5	64	0,598
4	5	70	0,87
4	5	72	30,67
4	5	86	9,249
4	5	87	25,923
4	5	91	2,033
4	5	97	2,797
4	8	5	4,401
4	8	9	21,223
4	8	11	0,985
4	8	13	5,934
4	8	15	2,384
4	8	16	4,268
4	8	29	8,555
4	8	33	7,182
4	8	38	1,306
4	8	53	1,729
4	8	54	2,619
4	8	56	4,069
4	8	64	20,183
4	8	70	9,263
4	8	72	0,954
4	8	86	8,761
4	8	87	5,853
4	8	91	4,433
4	8	97	3,788
4	9	5	2,124
4	9	8	9,317
4	9	11	1,275
4	9	13	7,077
4	9	15	2,806
4	9	16	20,998
4	9	29	1,462
4	9	33	3,019
4	9	38	25,523
4	9	53	1,485
4	9	54	3,625
4	9	56	8,492
4	9	64	9,323
4	9	70	6,825
4	9	72	4,838
4	9	86	4,665
4	9	87	1,338
4	9	91	3,517
4	9	97	0,563
4	11	5	7,621
4	11	8	7,235
4	11	9	49,339
4	11	13	0,922
4	11	15	8,896
4	11	16	4,007
4	11	29	1,06
4	11	33	1,76
4	11	38	9,73
4	11	53	0,595
4	11	54	3,055
4	11	56	21,863
4	11	64	2,319
4	11	70	1,77
4	11	72	1,936
4	11	86	1,298
4	11	87	4,819
4	11	91	19,211
4	11	97	13,657
4	13	5	8,374
4	13	8	4,433
4	13	9	5,61
4	13	11	1,566
4	13	15	5,293
4	13	16	1,079
4	13	29	1,162
4	13	33	3,473
4	13	38	9,708
4	13	53	13,375
4	13	54	11,287
4	13	56	10,89
4	13	64	3,955
4	13	70	0,816
4	13	72	4,57
4	13	86	14,873
4	13	87	30,411
4	13	91	9,089
4	13	97	7,061
4	15	5	1,509
4	15	8	11,915
4	15	9	1,018
4	15	11	4,824
4	15	13	1,284
4	15	16	4,484
4	15	29	0,573
4	15	33	3,723
4	15	38	4,023
4	15	53	13,526
4	15	54	5,808
4	15	56	3,453
4	15	64	21,36
4	15	70	9,146
4	15	72	2,329
4	15	86	1,267
4	15	87	1,258
4	15	91	9,001
4	15	97	10,189
4	16	5	1,94
4	16	8	13,951
4	16	9	3,052
4	16	11	0,631
4	16	13	2,262
4	16	15	3,667
4	16	29	0,552
4	16	33	3,507
4	16	38	7,041
4	16	53	0,879
4	16	54	11,644
4	16	56	8,704
4	16	64	6,841
4	16	70	1,051
4	16	72	5,493
4	16	86	1,945
4	16	87	3,444
4	16	91	1,572
4	16	97	1,609
4	29	5	7,628
4	29	8	5,9
4	29	9	0,527
4	29	11	9,303
4	29	13	5,993
4	29	15	7,159
4	29	16	10,372
4	29	33	2,629
4	29	38	1,599
4	29	53	4,765
4	29	54	11,078
4	29	56	7,938
4	29	64	1,739
4	29	70	6,643
4	29	72	2,788
4	29	86	1,519
4	29	87	3,475
4	29	91	3,029
4	29	97	5,504
4	33	5	10,037
4	33	8	4,835
4	33	9	13,28
4	33	11	7,584
4	33	13	7,419
4	33	15	7,903
4	33	16	2,086
4	33	29	0,78
4	33	38	2,222
4	33	53	12,552
4	33	54	20,616
4	33	56	1,787
4	33	64	1,575
4	33	70	5,699
4	33	72	1,092
4	33	86	2,525
4	33	87	0,536
4	33	91	5,973
4	33	97	0,638
4	38	5	35,988
4	38	8	15,605
4	38	9	0,826
4	38	11	6,661
4	38	13	2,53
4	38	15	9,397
4	38	16	2,457
4	38	29	5,791
4	38	33	7,981
4	38	53	6,757
4	38	54	22,41
4	38	56	7,677
4	38	64	21,484
4	38	70	1,966
4	38	72	10,3
4	38	86	1,258
4	38	87	5,531
4	38	91	11,76
4	38	97	0,948
4	53	5	1,579
4	53	8	7,961
4	53	9	8,301
4	53	11	0,896
4	53	13	17,38
4	53	15	1,958
4	53	16	9,103
4	53	29	30,206
4	53	33	7,815
4	53	38	7,197
4	53	54	1,566
4	53	56	12,887
4	53	64	7,668
4	53	70	2,314
4	53	72	1,743
4	53	86	7,003
4	53	87	4,516
4	53	91	3,085
4	53	97	3,508
4	54	5	0,952
4	54	8	9,405
4	54	9	4,741
4	54	11	6,231
4	54	13	27,617
4	54	15	3,391
4	54	16	12,602
4	54	29	8,936
4	54	33	6,151
4	54	38	1,905
4	54	53	18,518
4	54	56	14,656
4	54	64	1,046
4	54	70	1,058
4	54	72	14,107
4	54	86	7,03
4	54	87	3,791
4	54	91	0,982
4	54	97	2,226
4	56	5	0,816
4	56	8	1,357
4	56	9	5,313
4	56	11	25,263
4	56	13	11,788
4	56	15	3,148
4	56	16	2,273
4	56	29	2,718
4	56	33	2,983
4	56	38	6,051
4	56	53	5,036
4	56	54	2,901
4	56	64	4,432
4	56	70	3,17
4	56	72	2,176
4	56	86	5,533
4	56	87	8,47
4	56	91	4,705
4	56	97	9,67
4	64	5	5,698
4	64	8	7,589
4	64	9	2,978
4	64	11	7,369
4	64	13	5,317
4	64	15	0,963
4	64	16	0,749
4	64	29	4,753
4	64	33	23,128
4	64	38	0,813
4	64	53	10,012
4	64	54	10,864
4	64	56	1,836
4	64	70	3,358
4	64	72	8,35
4	64	86	2,093
4	64	87	7,169
4	64	91	2,377
4	64	97	3,161
4	70	5	20,145
4	70	8	11,927
4	70	9	4,85
4	70	11	15,212
4	70	13	3,357
4	70	15	0,871
4	70	16	1,309
4	70	29	8,706
4	70	33	10,833
4	70	38	12,229
4	70	53	3,181
4	70	54	7,169
4	70	56	6,516
4	70	64	6,232
4	70	72	2,257
4	70	86	14,202
4	70	87	9,599
4	70	91	9,484
4	70	97	8,318
4	72	5	15,551
4	72	8	0,913
4	72	9	31,815
4	72	11	7,66
4	72	13	0,667
4	72	15	8,808
4	72	16	15,46
4	72	29	0,957
4	72	33	5,058
4	72	38	5,183
4	72	53	3,825
4	72	54	11,992
4	72	56	0,61
4	72	64	4,456
4	72	70	9,377
4	72	86	0,537
4	72	87	3,817
4	72	91	1,946
4	72	97	6,473
4	86	5	28,323
4	86	8	1,724
4	86	9	3,06
4	86	11	9,946
4	86	13	3,256
4	86	15	4,462
4	86	16	3,878
4	86	29	1,897
4	86	33	1,962
4	86	38	4,101
4	86	53	14,676
4	86	54	4,218
4	86	56	3,185
4	86	64	3,842
4	86	70	0,715
4	86	72	15,264
4	86	87	0,532
4	86	91	78,047
4	86	97	8,005
4	87	5	8,79
4	87	8	4,86
4	87	9	7,409
4	87	11	21,706
4	87	13	6,633
4	87	15	8,035
4	87	16	14,241
4	87	29	0,74
4	87	33	5,146
4	87	38	1,677
4	87	53	1,026
4	87	54	7,769
4	87	56	8,361
4	87	64	11,383
4	87	70	1,209
4	87	72	10,052
4	87	86	0,938
4	87	91	0,575
4	87	97	1,596
4	91	5	1,603
4	91	8	2,268
4	91	9	2,028
4	91	11	0,89
4	91	13	13,526
4	91	15	4,48
4	91	16	4,635
4	91	29	7,027
4	91	33	13,147
4	91	38	21,329
4	91	53	4,225
4	91	54	16,401
4	91	56	4,64
4	91	64	3,274
4	91	70	5,141
4	91	72	3,741
4	91	86	8,197
4	91	87	15,13
4	91	97	7,035
4	97	5	1,821
4	97	8	16,968
4	97	9	8,137
4	97	11	3,682
4	97	13	11,42
4	97	15	6,697
4	97	16	3,197
4	97	29	11,48
4	97	33	1,518
4	97	38	10,121
4	97	53	1,77
4	97	54	12,004
4	97	56	10,948
4	97	64	0,51
4	97	70	2,794
4	97	72	57,031
4	97	86	0,958
4	97	87	0,925
4	97	91	5,888
5	10	14	2,821
5	10	17	5,15
5	10	20	3,815
5	10	27	7,718
5	10	28	1,951
5	10	29	3,286
5	10	34	7,954
5	10	42	6,647
5	10	44	1,338
5	10	46	5,802
5	10	48	4,563
5	10	61	3,191
5	10	63	7,296
5	10	67	14,542
5	10	68	1,903
5	10	70	6,281
5	10	71	0,621
5	10	75	8,611
5	10	77	7,491
5	10	84	4,313
5	10	85	24,26
5	10	87	0,602
5	10	91	12,82
5	10	94	14,449
5	10	95	4,952
5	10	96	3,054
5	10	97	13,422
5	10	99	5,951
5	14	10	1,307
5	14	17	9,543
5	14	20	5,65
5	14	27	0,622
5	14	28	0,979
5	14	29	0,914
5	14	34	0,77
5	14	42	7,458
5	14	44	8,922
5	14	46	2,177
5	14	48	3,883
5	14	61	2,417
5	14	63	2,568
5	14	67	14,583
5	14	68	4,27
5	14	70	3,96
5	14	71	3,384
5	14	75	1,274
5	14	77	18,079
5	14	84	8,54
5	14	85	4,98
5	14	87	1,611
5	14	91	1,508
5	14	94	1,333
5	14	95	23,035
5	14	96	0,744
5	14	97	1,121
5	14	99	3,367
5	17	10	1,045
5	17	14	16,211
5	17	20	2,974
5	17	27	12,842
5	17	28	5,39
5	17	29	2,309
5	17	34	2,059
5	17	42	4,112
5	17	44	4,398
5	17	46	3,196
5	17	48	17,019
5	17	61	2,252
5	17	63	5,064
5	17	67	5,495
5	17	68	9,459
5	17	70	4,738
5	17	71	4,064
5	17	75	1,777
5	17	77	2,76
5	17	84	2,754
5	17	85	9,343
5	17	87	1,945
5	17	91	15,937
5	17	94	15,56
5	17	95	4,033
5	17	96	1,161
5	17	97	2,322
5	17	99	1,036
5	20	10	0,833
5	20	14	2,726
5	20	17	12,963
5	20	27	3,997
5	20	28	14,303
5	20	29	7,101
5	20	34	1,58
5	20	42	1,457
5	20	44	1,841
5	20	46	0,641
5	20	48	1,998
5	20	61	1,684
5	20	63	10,7
5	20	67	0,861
5	20	68	7,947
5	20	70	3,74
5	20	71	0,579
5	20	75	4,789
5	20	77	4,534
5	20	84	1,801
5	20	85	3,888
5	20	87	11,631
5	20	91	2,376
5	20	94	3,185
5	20	95	3,061
5	20	96	2,646
5	20	97	5,267
5	20	99	3,055
5	27	10	5,717
5	27	14	10,175
5	27	17	2,161
5	27	20	0,567
5	27	28	1,092
5	27	29	1,219
5	27	34	2,777
5	27	42	1,264
5	27	44	0,976
5	27	46	4,761
5	27	48	7,16
5	27	61	2,312
5	27	63	6,084
5	27	67	12,77
5	27	68	6,575
5	27	70	2,433
5	27	71	1,824
5	27	75	17,206
5	27	77	14,739
5	27	84	1,591
5	27	85	4,138
5	27	87	2,118
5	27	91	6,343
5	27	94	2,041
5	27	95	2,682
5	27	96	14,573
5	27	97	5,096
5	27	99	11,173
5	28	10	4,012
5	28	14	1,867
5	28	17	2,884
5	28	20	2,054
5	28	27	4,441
5	28	29	3,013
5	28	34	7,308
5	28	42	5,768
5	28	44	3,207
5	28	46	2,145
5	28	48	5,248
5	28	61	3,339
5	28	63	1,86
5	28	67	17,185
5	28	68	5,082
5	28	70	2,867
5	28	71	1,553
5	28	75	2,332
5	28	77	1,278
5	28	84	13,314
5	28	85	7,066
5	28	87	24,454
5	28	91	3,573
5	28	94	0,775
5	28	95	1,738
5	28	96	5,732
5	28	97	2,962
5	28	99	1,689
5	29	10	2,844
5	29	14	5,173
5	29	17	10,625
5	29	20	0,961
5	29	27	12,118
5	29	28	1,369
5	29	34	0,974
5	29	42	5,463
5	29	44	3,49
5	29	46	0,876
5	29	48	10,998
5	29	61	3,281
5	29	63	0,892
5	29	67	6,193
5	29	68	7,263
5	29	70	1,877
5	29	71	21,104
5	29	75	9,736
5	29	77	10,763
5	29	84	15,528
5	29	85	4,706
5	29	87	5,313
5	29	91	9,01
5	29	94	12,933
5	29	95	5,422
5	29	96	11,368
5	29	97	0,567
5	29	99	11,329
5	34	10	42,448
5	34	14	1,445
5	34	17	9,074
5	34	20	4,472
5	34	27	4,97
5	34	28	5,361
5	34	29	6,777
5	34	42	1,526
5	34	44	5,903
5	34	46	3,537
5	34	48	3,215
5	34	61	4,735
5	34	63	1,053
5	34	67	9,934
5	34	68	2,066
5	34	70	0,971
5	34	71	9,301
5	34	75	8,357
5	34	77	4,141
5	34	84	4,38
5	34	85	2,058
5	34	87	1,046
5	34	91	17,07
5	34	94	0,898
5	34	95	3,605
5	34	96	1,802
5	34	97	10,411
5	34	99	31,367
5	42	10	8,005
5	42	14	8,492
5	42	17	14,33
5	42	20	4,458
5	42	27	23,2
5	42	28	7,097
5	42	29	1,083
5	42	34	2,357
5	42	44	2,321
5	42	46	10,403
5	42	48	6,448
5	42	61	6,116
5	42	63	10,67
5	42	67	6,496
5	42	68	1,54
5	42	70	14,783
5	42	71	3,542
5	42	75	11,004
5	42	77	2,533
5	42	84	18,227
5	42	85	2,444
5	42	87	8,467
5	42	91	7,775
5	42	94	6,147
5	42	95	9,111
5	42	96	17,655
5	42	97	21,113
5	42	99	5,559
5	44	10	23,751
5	44	14	0,805
5	44	17	9,057
5	44	20	28,869
5	44	27	21,816
5	44	28	10,936
5	44	29	9,416
5	44	34	1,983
5	44	42	6,452
5	44	46	2,241
5	44	48	0,877
5	44	61	24,689
5	44	63	3,569
5	44	67	3,426
5	44	68	17,121
5	44	70	0,766
5	44	71	14,753
5	44	75	15,544
5	44	77	5,217
5	44	84	0,798
5	44	85	20,325
5	44	87	1,077
5	44	91	31,519
5	44	94	0,687
5	44	95	3,472
5	44	96	5,229
5	44	97	1,258
5	44	99	11,522
5	46	10	0,966
5	46	14	3,318
5	46	17	15,228
5	46	20	1,524
5	46	27	6,099
5	46	28	7,448
5	46	29	4,281
5	46	34	0,99
5	46	42	17,554
5	46	44	8,757
5	46	48	3,926
5	46	61	0,594
5	46	63	9,945
5	46	67	1,038
5	46	68	1,1
5	46	70	13,634
5	46	71	0,915
5	46	75	1,509
5	46	77	7,414
5	46	84	0,887
5	46	85	3,995
5	46	87	3,373
5	46	91	2,61
5	46	94	12,673
5	46	95	1,606
5	46	96	0,696
5	46	97	1,187
5	46	99	18,166
5	48	10	0,678
5	48	14	1,271
5	48	17	3,022
5	48	20	1,536
5	48	27	16,747
5	48	28	9,601
5	48	29	10,351
5	48	34	11,502
5	48	42	1,88
5	48	44	20,175
5	48	46	4,605
5	48	61	0,938
5	48	63	1,577
5	48	67	3,962
5	48	68	0,731
5	48	70	14,575
5	48	71	5,21
5	48	75	4,181
5	48	77	29,306
5	48	84	1,15
5	48	85	6,313
5	48	87	2,052
5	48	91	3,097
5	48	94	5,956
5	48	95	1,585
5	48	96	5,754
5	48	97	3,954
5	48	99	6,042
5	61	10	16,377
5	61	14	6,88
5	61	17	0,785
5	61	20	4,427
5	61	27	9,412
5	61	28	3,438
5	61	29	0,942
5	61	34	10,982
5	61	42	1,424
5	61	44	0,504
5	61	46	5,481
5	61	48	2,059
5	61	63	0,717
5	61	67	14,343
5	61	68	3,688
5	61	70	1,617
5	61	71	3,231
5	61	75	9,283
5	61	77	4,768
5	61	84	14,49
5	61	85	2,826
5	61	87	12,08
5	61	91	3,934
5	61	94	4,799
5	61	95	3,209
5	61	96	7,124
5	61	97	2,375
5	61	99	5,658
5	63	10	2,059
5	63	14	6,766
5	63	17	1,694
5	63	20	3,62
5	63	27	19,113
5	63	28	3,261
5	63	29	2,944
5	63	34	4,068
5	63	42	1,082
5	63	44	2,563
5	63	46	5,391
5	63	48	11,232
5	63	61	2,494
5	63	67	3,562
5	63	68	2,961
5	63	70	28,479
5	63	71	7,222
5	63	75	1,896
5	63	77	8,157
5	63	84	2,813
5	63	85	18,345
5	63	87	2,418
5	63	91	3,598
5	63	94	6,959
5	63	95	1,161
5	63	96	2,931
5	63	97	6,315
5	63	99	14,492
5	67	10	4,775
5	67	14	14,292
5	67	17	2,116
5	67	20	2,983
5	67	27	1,411
5	67	28	1,01
5	67	29	1,182
5	67	34	0,592
5	67	42	1,097
5	67	44	2,232
5	67	46	7,52
5	67	48	9,245
5	67	61	1,525
5	67	63	8,02
5	67	68	2,948
5	67	70	9,593
5	67	71	3,27
5	67	75	6,016
5	67	77	9,875
5	67	84	3,294
5	67	85	8,696
5	67	87	1,483
5	67	91	6,656
5	67	94	16,404
5	67	95	15,961
5	67	96	8,1
5	67	97	1,131
5	67	99	4,773
5	68	10	6,986
5	68	14	1,502
5	68	17	12,138
5	68	20	12,236
5	68	27	1,524
5	68	28	6,723
5	68	29	7,138
5	68	34	5,787
5	68	42	2,088
5	68	44	7,385
5	68	46	2,776
5	68	48	13,97
5	68	61	3,923
5	68	63	4,466
5	68	67	3,37
5	68	70	1,656
5	68	71	3,741
5	68	75	5,569
5	68	77	10,999
5	68	84	4,272
5	68	85	1,816
5	68	87	2,376
5	68	91	19,302
5	68	94	1,142
5	68	95	2,759
5	68	96	8,038
5	68	97	8,207
5	68	99	7,032
5	70	10	3,788
5	70	14	3,373
5	70	17	3,523
5	70	20	5,705
5	70	27	5,493
5	70	28	7,155
5	70	29	1,328
5	70	34	2,225
5	70	42	3,542
5	70	44	3,407
5	70	46	0,585
5	70	48	5,824
5	70	61	10,391
5	70	63	0,887
5	70	67	0,895
5	70	68	1,838
5	70	71	15,808
5	70	75	0,532
5	70	77	1,17
5	70	84	3,246
5	70	85	4,916
5	70	87	2,323
5	70	91	1,038
5	70	94	0,68
5	70	95	2,879
5	70	96	8,825
5	70	97	4,252
5	70	99	2,881
5	71	10	47,576
5	71	14	1,151
5	71	17	3,077
5	71	20	2,424
5	71	27	4,176
5	71	28	1,523
5	71	29	1,352
5	71	34	5,771
5	71	42	4,147
5	71	44	6,26
5	71	46	7,916
5	71	48	5,362
5	71	61	2,438
5	71	63	3,524
5	71	67	1,988
5	71	68	0,749
5	71	70	12,763
5	71	75	1,849
5	71	77	3,786
5	71	84	3,214
5	71	85	5,967
5	71	87	8,554
5	71	91	11,789
5	71	94	0,713
5	71	95	3,223
5	71	96	3,041
5	71	97	11,993
5	71	99	7,624
5	75	10	1,364
5	75	14	9,547
5	75	17	3,288
5	75	20	2,786
5	75	27	1,084
5	75	28	0,768
5	75	29	11,044
5	75	34	3,376
5	75	42	2,051
5	75	44	4,006
5	75	46	5,952
5	75	48	18,417
5	75	61	11,538
5	75	63	6,878
5	75	67	32,96
5	75	68	5,161
5	75	70	12,041
5	75	71	1,955
5	75	77	4,533
5	75	84	2,609
5	75	85	2,894
5	75	87	11,477
5	75	91	0,857
5	75	94	3,978
5	75	95	4,238
5	75	96	5,629
5	75	97	9,591
5	75	99	0,513
5	77	10	3,139
5	77	14	6,431
5	77	17	5,01
5	77	20	1,27
5	77	27	1,599
5	77	28	7,899
5	77	29	29,849
5	77	34	6,607
5	77	42	5,54
5	77	44	6,746
5	77	46	9,696
5	77	48	1,193
5	77	61	6,512
5	77	63	11,686
5	77	67	5,551
5	77	68	10,558
5	77	70	5,571
5	77	71	8,289
5	77	75	2,029
5	77	84	11,187
5	77	85	4,249
5	77	87	15,394
5	77	91	8,115
5	77	94	1,597
5	77	95	4,737
5	77	96	2,775
5	77	97	0,604
5	77	99	7,812
5	84	10	4,084
5	84	14	5,948
5	84	17	1,412
5	84	20	2,537
5	84	27	5,963
5	84	28	6,199
5	84	29	4,832
5	84	34	1,088
5	84	42	2,011
5	84	44	4,317
5	84	46	17,57
5	84	48	6,423
5	84	61	2,578
5	84	63	2,119
5	84	67	2,326
5	84	68	1,354
5	84	70	0,511
5	84	71	3,655
5	84	75	3,53
5	84	77	1,663
5	84	85	5,922
5	84	87	0,512
5	84	91	5,617
5	84	94	6,72
5	84	95	1,322
5	84	96	3,923
5	84	97	4,437
5	84	99	5,719
5	85	10	5,869
5	85	14	8,065
5	85	17	0,945
5	85	20	2,182
5	85	27	3,375
5	85	28	2,119
5	85	29	2,469
5	85	34	1,192
5	85	42	1,183
5	85	44	1,975
5	85	46	4,273
5	85	48	10,589
5	85	61	24,229
5	85	63	1,723
5	85	67	6,35
5	85	68	0,926
5	85	70	5,559
5	85	71	2,972
5	85	75	0,781
5	85	77	0,902
5	85	84	0,98
5	85	87	8,946
5	85	91	6,661
5	85	94	4,158
5	85	95	6,842
5	85	96	5,384
5	85	97	5,952
5	85	99	4,155
5	87	10	3,123
5	87	14	4,896
5	87	17	8,82
5	87	20	12,607
5	87	27	24,518
5	87	28	8,366
5	87	29	8,686
5	87	34	3,374
5	87	42	2,219
5	87	44	4,235
5	87	46	7,483
5	87	48	8,058
5	87	61	28,834
5	87	63	10,548
5	87	67	12,323
5	87	68	4,548
5	87	70	24,315
5	87	71	11,42
5	87	75	1,238
5	87	77	13,931
5	87	84	5,979
5	87	85	5,296
5	87	91	5,359
5	87	94	2,137
5	87	95	5,527
5	87	96	13,947
5	87	97	4,744
5	87	99	3,644
5	91	10	5,697
5	91	14	6,058
5	91	17	21,055
5	91	20	1,085
5	91	27	5,63
5	91	28	13,124
5	91	29	0,814
5	91	34	2,54
5	91	42	7,311
5	91	44	3,126
5	91	46	7,219
5	91	48	0,849
5	91	61	16,376
5	91	63	0,77
5	91	67	0,625
5	91	68	0,677
5	91	70	9,472
5	91	71	1,12
5	91	75	11,111
5	91	77	2,854
5	91	84	7,315
5	91	85	18,811
5	91	87	8,77
5	91	94	7,729
5	91	95	10,788
5	91	96	2,719
5	91	97	1,039
5	91	99	3,47
5	94	10	11,304
5	94	14	6,533
5	94	17	1,522
5	94	20	0,692
5	94	27	1,329
5	94	28	8,472
5	94	29	5,4
5	94	34	26,543
5	94	42	10,99
5	94	44	1,736
5	94	46	2,004
5	94	48	5,416
5	94	61	2,636
5	94	63	14,357
5	94	67	1,362
5	94	68	3,247
5	94	70	2,497
5	94	71	3,186
5	94	75	6,519
5	94	77	1,868
5	94	84	4,122
5	94	85	2,125
5	94	87	26,541
5	94	91	2,54
5	94	95	1,059
5	94	96	4,588
5	94	97	2,643
5	94	99	1,513
5	95	10	7,283
5	95	14	5,453
5	95	17	4,166
5	95	20	22,657
5	95	27	31,591
5	95	28	0,606
5	95	29	7,309
5	95	34	8,019
5	95	42	8,706
5	95	44	7,214
5	95	46	3,269
5	95	48	1,804
5	95	61	11,239
5	95	63	11,588
5	95	67	1,415
5	95	68	16,726
5	95	70	4,565
5	95	71	12,061
5	95	75	11,791
5	95	77	10,935
5	95	84	12,437
5	95	85	3,183
5	95	87	2,998
5	95	91	0,72
5	95	94	1,833
5	95	96	2,877
5	95	97	4,956
5	95	99	9,326
5	96	10	2,016
5	96	14	1,604
5	96	17	2,016
5	96	20	2,476
5	96	27	5,211
5	96	28	3,016
5	96	29	5,217
5	96	34	4,844
5	96	42	0,84
5	96	44	4,958
5	96	46	10,586
5	96	48	5,19
5	96	61	1,165
5	96	63	26,633
5	96	67	16,985
5	96	68	4,472
5	96	70	3,569
5	96	71	19,369
5	96	75	0,582
5	96	77	1,339
5	96	84	4,213
5	96	85	15,431
5	96	87	0,786
5	96	91	1,071
5	96	94	5,434
5	96	95	3,044
5	96	97	1,733
5	96	99	6,741
5	97	10	0,948
5	97	14	1,765
5	97	17	9,545
5	97	20	9,207
5	97	27	3,7
5	97	28	0,815
5	97	29	5,464
5	97	34	4,816
5	97	42	1,402
5	97	44	1,127
5	97	46	10,711
5	97	48	2,93
5	97	61	0,884
5	97	63	3,684
5	97	67	1,156
5	97	68	5,03
5	97	70	7,364
5	97	71	1,169
5	97	75	2,353
5	97	77	2,492
5	97	84	15,162
5	97	85	23,98
5	97	87	4,274
5	97	91	1,028
5	97	94	2,102
5	97	95	1,029
5	97	96	0,873
5	97	99	7,138
5	99	10	3,401
5	99	14	0,522
5	99	17	11,284
5	99	20	22,544
5	99	27	0,773
5	99	28	4,359
5	99	29	1,871
5	99	34	2,197
5	99	42	1,347
5	99	44	1,886
5	99	46	1,596
5	99	48	0,875
5	99	61	1,699
5	99	63	12,885
5	99	67	1,478
5	99	68	1,577
5	99	70	8,419
5	99	71	10,975
5	99	75	0,869
5	99	77	3,047
5	99	84	12,51
5	99	85	3,236
5	99	87	3,243
5	99	91	0,593
5	99	94	4,834
5	99	95	5,676
5	99	96	2,464
5	99	97	8,241
6	15	16	5,308
6	15	17	2,365
6	15	28	9,158
6	15	30	0,568
6	15	35	6,009
6	15	37	3,341
6	15	38	3,974
6	15	39	0,59
6	15	41	4,623
6	15	42	1,231
6	15	46	4,571
6	15	48	9,179
6	15	50	1,563
6	15	67	8,783
6	15	69	1,72
6	15	71	12,4
6	15	87	3,814
6	15	95	0,866
6	15	99	4,597
6	16	15	4,162
6	16	17	9,24
6	16	28	0,847
6	16	30	4,749
6	16	35	4,214
6	16	37	38,173
6	16	38	6,305
6	16	39	5,166
6	16	41	25,432
6	16	42	0,813
6	16	46	3,875
6	16	48	14,633
6	16	50	0,712
6	16	67	4,021
6	16	69	5,321
6	16	71	5,052
6	16	87	10,188
6	16	95	4,109
6	16	99	5,883
6	17	15	2,559
6	17	16	7,865
6	17	28	3,5
6	17	30	1,448
6	17	35	3,02
6	17	37	4,137
6	17	38	2,905
6	17	39	1,54
6	17	41	2,232
6	17	42	2,446
6	17	46	1,134
6	17	48	5,436
6	17	50	3,344
6	17	67	2,9
6	17	69	3,921
6	17	71	12,127
6	17	87	7,968
6	17	95	13,392
6	17	99	2,502
6	28	15	3,669
6	28	16	7,225
6	28	17	1,973
6	28	30	12,839
6	28	35	9,223
6	28	37	5,711
6	28	38	4,512
6	28	39	5,971
6	28	41	2,097
6	28	42	1,234
6	28	46	9,572
6	28	48	4,178
6	28	50	3,968
6	28	67	6,736
6	28	69	3,105
6	28	71	31,589
6	28	87	1,563
6	28	95	1,59
6	28	99	1,891
6	30	15	1,78
6	30	16	2,502
6	30	17	5,311
6	30	28	5,709
6	30	35	2,717
6	30	37	0,606
6	30	38	2,829
6	30	39	1,782
6	30	41	4,042
6	30	42	5,179
6	30	46	6,245
6	30	48	2,276
6	30	50	0,999
6	30	67	7,408
6	30	69	1,29
6	30	71	6,832
6	30	87	3,954
6	30	95	6,453
6	30	99	1,925
6	35	15	4,199
6	35	16	2,802
6	35	17	1,581
6	35	28	10,653
6	35	30	3,31
6	35	37	5,969
6	35	38	4,755
6	35	39	6,935
6	35	41	2,97
6	35	42	2,902
6	35	46	11,646
6	35	48	22,525
6	35	50	0,541
6	35	67	2,641
6	35	69	5,145
6	35	71	2,968
6	35	87	4,727
6	35	95	13,506
6	35	99	3,244
6	37	15	4,776
6	37	16	1,752
6	37	17	5,971
6	37	28	1,354
6	37	30	23,549
6	37	35	7,308
6	37	38	13,726
6	37	39	1,258
6	37	41	0,536
6	37	42	12,033
6	37	46	2,544
6	37	48	2,761
6	37	50	9,352
6	37	67	5,711
6	37	69	13,304
6	37	71	17,075
6	37	87	1,007
6	37	95	20,347
6	37	99	0,892
6	38	15	17,193
6	38	16	7,104
6	38	17	12,348
6	38	28	19,222
6	38	30	1,765
6	38	35	5,478
6	38	37	5,857
6	38	39	14,163
6	38	41	0,51
6	38	42	2,206
6	38	46	21,543
6	38	48	1,215
6	38	50	11,583
6	38	67	17,344
6	38	69	13,876
6	38	71	1,735
6	38	87	13,457
6	38	95	0,533
6	38	99	10,739
6	39	15	4,219
6	39	16	1,906
6	39	17	1,032
6	39	28	2,505
6	39	30	2,415
6	39	35	0,695
6	39	37	0,753
6	39	38	4,023
6	39	41	1,327
6	39	42	1,107
6	39	46	3,658
6	39	48	4,736
6	39	50	7,294
6	39	67	61,136
6	39	69	7,323
6	39	71	18,38
6	39	87	0,834
6	39	95	7,246
6	39	99	9,937
6	41	15	1,843
6	41	16	18,074
6	41	17	8,658
6	41	28	8,043
6	41	30	9,65
6	41	35	15,721
6	41	37	8,721
6	41	38	4,479
6	41	39	5,527
6	41	42	2,756
6	41	46	4,312
6	41	48	3,297
6	41	50	5,643
6	41	67	0,727
6	41	69	1,336
6	41	71	0,91
6	41	87	1,969
6	41	95	3,208
6	41	99	4,335
6	42	15	0,771
6	42	16	3,755
6	42	17	5,346
6	42	28	2,327
6	42	30	20,333
6	42	35	8,725
6	42	37	3,073
6	42	38	0,805
6	42	39	2,161
6	42	41	2,618
6	42	46	18,9
6	42	48	15,134
6	42	50	4,778
6	42	67	2,948
6	42	69	5,67
6	42	71	0,506
6	42	87	13,534
6	42	95	6,167
6	42	99	5,677
6	46	15	1,32
6	46	16	10,623
6	46	17	6,124
6	46	28	0,526
6	46	30	7,347
6	46	35	0,611
6	46	37	1,14
6	46	38	0,821
6	46	39	19,467
6	46	41	6,928
6	46	42	4,052
6	46	48	1,687
6	46	50	2,067
6	46	67	4,889
6	46	69	9,691
6	46	71	3,055
6	46	87	1,34
6	46	95	2,885
6	46	99	0,55
6	48	15	4,784
6	48	16	21,965
6	48	17	0,585
6	48	28	10,498
6	48	30	2,167
6	48	35	0,896
6	48	37	8,545
6	48	38	0,927
6	48	39	0,55
6	48	41	6,261
6	48	42	4,236
6	48	46	19,372
6	48	50	6,886
6	48	67	7,156
6	48	69	2,787
6	48	71	4,779
6	48	87	6,629
6	48	95	2,761
6	48	99	4,534
6	50	15	11,784
6	50	16	6,13
6	50	17	2,486
6	50	28	5,016
6	50	30	16,625
6	50	35	1,855
6	50	37	9,041
6	50	38	11,552
6	50	39	7,499
6	50	41	3,937
6	50	42	3,224
6	50	46	5,751
6	50	48	8,986
6	50	67	5,194
6	50	69	4,942
6	50	71	3,419
6	50	87	5,701
6	50	95	3,553
6	50	99	8,213
6	67	15	8,504
6	67	16	10,61
6	67	17	1,049
6	67	28	4,286
6	67	30	5,098
6	67	35	8,014
6	67	37	0,731
6	67	38	9,911
6	67	39	0,57
6	67	41	2,367
6	67	42	3,021
6	67	46	12,75
6	67	48	0,66
6	67	50	1,731
6	67	69	3,455
6	67	71	6,429
6	67	87	14,585
6	67	95	8,009
6	67	99	8,903
6	69	15	14,257
6	69	16	5,629
6	69	17	3,017
6	69	28	8,958
6	69	30	21,46
6	69	35	0,566
6	69	37	5,476
6	69	38	3,746
6	69	39	27,81
6	69	41	6,241
6	69	42	0,859
6	69	46	12,507
6	69	48	14,852
6	69	50	10,226
6	69	67	1,202
6	69	71	1,248
6	69	87	1,471
6	69	95	21,692
6	69	99	17,747
6	71	15	0,52
6	71	16	2,354
6	71	17	21,82
6	71	28	3,271
6	71	30	5,311
6	71	35	6,554
6	71	37	3,035
6	71	38	2,563
6	71	39	1,921
6	71	41	6,842
6	71	42	4,854
6	71	46	2,43
6	71	48	3,32
6	71	50	3,499
6	71	67	4,4
6	71	69	5,783
6	71	87	2,178
6	71	95	3,031
6	71	99	3,997
6	87	15	1,793
6	87	16	7,104
6	87	17	10,479
6	87	28	23,258
6	87	30	2,552
6	87	35	4,633
6	87	37	4,122
6	87	38	0,948
6	87	39	3,1
6	87	41	3,871
6	87	42	1,052
6	87	46	1,9
6	87	48	1,961
6	87	50	3,969
6	87	67	3,562
6	87	69	27,939
6	87	71	4,72
6	87	95	4,373
6	87	99	10,875
6	95	15	1,427
6	95	16	1,522
6	95	17	20,632
6	95	28	6,303
6	95	30	3,216
6	95	35	5,802
6	95	37	6,922
6	95	38	3,482
6	95	39	3,928
6	95	41	28,551
6	95	42	16,233
6	95	46	2,138
6	95	48	50,494
6	95	50	9,77
6	95	67	6,075
6	95	69	8,202
6	95	71	5,529
6	95	87	12,679
6	95	99	25,124
6	99	15	8,122
6	99	16	5,431
6	99	17	2,51
6	99	28	2,863
6	99	30	6,211
6	99	35	0,59
6	99	37	1,73
6	99	38	4,074
6	99	39	3,932
6	99	41	2,484
6	99	42	26,704
6	99	46	11,803
6	99	48	7,684
6	99	50	6,089
6	99	67	2,073
6	99	69	4,059
6	99	71	2,816
6	99	87	9,583
6	99	95	12,83
7	7	13	10,005
7	7	17	6,426
7	7	18	2,952
7	7	23	0,894
7	7	25	5,736
7	7	27	1,318
7	7	29	4,68
7	7	35	5,362
7	7	36	1,322
7	7	37	8,12
7	7	38	1,551
7	7	42	3,99
7	7	52	2,651
7	7	65	1,434
7	7	73	12,441
7	7	76	1,633
7	7	81	4,308
7	7	83	1,998
7	7	88	4,567
7	7	91	5,501
7	7	97	4,128
7	7	100	24,518
7	13	7	11,773
7	13	17	1,385
7	13	18	19,676
7	13	23	1,692
7	13	25	6,666
7	13	27	11,72
7	13	29	7,202
7	13	35	0,991
7	13	36	49,298
7	13	37	4,993
7	13	38	5,159
7	13	42	7,897
7	13	52	5,317
7	13	65	2,293
7	13	73	1,616
7	13	76	4,925
7	13	81	8,7
7	13	83	4,468
7	13	88	9,969
7	13	91	4,751
7	13	97	6,652
7	13	100	3,433
7	17	7	5,483
7	17	13	3,808
7	17	18	4,034
7	17	23	7,233
7	17	25	8,314
7	17	27	2,465
7	17	29	2,465
7	17	35	0,92
7	17	36	2,127
7	17	37	10,643
7	17	38	2,343
7	17	42	2,537
7	17	52	9,192
7	17	65	5,733
7	17	73	0,774
7	17	76	0,952
7	17	81	6,376
7	17	83	4,341
7	17	88	28,935
7	17	91	1,097
7	17	97	2,832
7	17	100	1,294
7	18	7	2,371
7	18	13	36,79
7	18	17	3,573
7	18	23	0,819
7	18	25	2,925
7	18	27	3,015
7	18	29	12,148
7	18	35	3,84
7	18	36	5,275
7	18	37	11,642
7	18	38	1,343
7	18	42	1,298
7	18	52	5,058
7	18	65	4,675
7	18	73	4,475
7	18	76	2,203
7	18	81	10,907
7	18	83	9,946
7	18	88	9,831
7	18	91	0,839
7	18	97	1,539
7	18	100	0,636
7	23	7	7,25
7	23	13	4,93
7	23	17	5,549
7	23	18	3,576
7	23	25	10,129
7	23	27	3,136
7	23	29	5,438
7	23	35	1,567
7	23	36	4,241
7	23	37	4,69
7	23	38	4,605
7	23	42	9,767
7	23	52	5,039
7	23	65	13,716
7	23	73	1,303
7	23	76	2,674
7	23	81	14,182
7	23	83	4,876
7	23	88	1,175
7	23	91	5,859
7	23	97	3,148
7	23	100	10,989
7	25	7	3,284
7	25	13	3,912
7	25	17	7,074
7	25	18	4,744
7	25	23	4,405
7	25	27	2,654
7	25	29	0,958
7	25	35	0,865
7	25	36	4,751
7	25	37	0,541
7	25	38	2,428
7	25	42	4,095
7	25	52	1,744
7	25	65	6,283
7	25	73	1,922
7	25	76	1,428
7	25	81	14,842
7	25	83	6,846
7	25	88	18,728
7	25	91	0,624
7	25	97	2,293
7	25	100	5,643
7	27	7	21,15
7	27	13	5,607
7	27	17	11,311
7	27	18	5
7	27	23	1,153
7	27	25	14,38
7	27	29	19,329
7	27	35	11,262
7	27	36	6,585
7	27	37	1,035
7	27	38	2,594
7	27	42	0,813
7	27	52	10,002
7	27	65	2,014
7	27	73	7,323
7	27	76	7,47
7	27	81	6,862
7	27	83	2,767
7	27	88	14,659
7	27	91	8,484
7	27	97	13,614
7	27	100	2,307
7	29	7	7,388
7	29	13	1,583
7	29	17	0,526
7	29	18	1,558
7	29	23	15,057
7	29	25	1,013
7	29	27	4,646
7	29	35	11,394
7	29	36	1,567
7	29	37	22,685
7	29	38	1,283
7	29	42	3,775
7	29	52	10,63
7	29	65	2,31
7	29	73	1,678
7	29	76	1,575
7	29	81	6,305
7	29	83	9,4
7	29	88	8,554
7	29	91	7,134
7	29	97	32,743
7	29	100	3,209
7	35	7	25,082
7	35	13	1,033
7	35	17	1,42
7	35	18	6,011
7	35	23	4,681
7	35	25	16,631
7	35	27	1,057
7	35	29	21,403
7	35	36	4,959
7	35	37	1,294
7	35	38	2,851
7	35	42	3,168
7	35	52	2,675
7	35	65	1,368
7	35	73	1,513
7	35	76	20,964
7	35	81	1,74
7	35	83	15,076
7	35	88	1,174
7	35	91	4,346
7	35	97	6,681
7	35	100	2,388
7	36	7	0,893
7	36	13	1,39
7	36	17	4,384
7	36	18	2,497
7	36	23	1,909
7	36	25	9,563
7	36	27	16,549
7	36	29	3,838
7	36	35	7,296
7	36	37	11,836
7	36	38	3,107
7	36	42	14,318
7	36	52	3,246
7	36	65	6,804
7	36	73	0,591
7	36	76	20,02
7	36	81	24,205
7	36	83	3,88
7	36	88	3,607
7	36	91	1,768
7	36	97	9,782
7	36	100	4,761
7	37	7	4,566
7	37	13	5,418
7	37	17	0,73
7	37	18	6,488
7	37	23	2,491
7	37	25	16,587
7	37	27	9,441
7	37	29	0,794
7	37	35	1,88
7	37	36	3,807
7	37	38	10,725
7	37	42	8,153
7	37	52	1,086
7	37	65	1,291
7	37	73	7,327
7	37	76	6,081
7	37	81	5,942
7	37	83	2,191
7	37	88	12,499
7	37	91	0,558
7	37	97	1,267
7	37	100	13,597
7	38	7	1,42
7	38	13	12,548
7	38	17	6,358
7	38	18	0,759
7	38	23	0,686
7	38	25	5,746
7	38	27	3,913
7	38	29	3,782
7	38	35	9,684
7	38	36	0,812
7	38	37	1,978
7	38	42	2,373
7	38	52	1,024
7	38	65	1,63
7	38	73	2,007
7	38	76	2,496
7	38	81	7,596
7	38	83	7,021
7	38	88	18,335
7	38	91	2,84
7	38	97	4,659
7	38	100	12,21
7	42	7	12,109
7	42	13	8,105
7	42	17	6,707
7	42	18	2,377
7	42	23	1,299
7	42	25	12,317
7	42	27	2,063
7	42	29	25,572
7	42	35	22,58
7	42	36	2,392
7	42	37	9,438
7	42	38	1,787
7	42	52	0,837
7	42	65	2,4
7	42	73	2,479
7	42	76	1,722
7	42	81	1,51
7	42	83	3,92
7	42	88	1,2
7	42	91	3,719
7	42	97	0,9
7	42	100	4,182
7	52	7	9,122
7	52	13	2,476
7	52	17	1,015
7	52	18	5,3
7	52	23	9,705
7	52	25	8,315
7	52	27	1,249
7	52	29	0,819
7	52	35	4,067
7	52	36	1,496
7	52	37	19,446
7	52	38	20,548
7	52	42	0,953
7	52	65	6,703
7	52	73	4,243
7	52	76	5,56
7	52	81	4,248
7	52	83	0,799
7	52	88	5,413
7	52	91	6,121
7	52	97	17,983
7	52	100	2,907
7	65	7	0,625
7	65	13	5,897
7	65	17	0,563
7	65	18	37,378
7	65	23	6,628
7	65	25	5,786
7	65	27	5,63
7	65	29	2,528
7	65	35	14,292
7	65	36	1,047
7	65	37	5,551
7	65	38	3,117
7	65	42	11,84
7	65	52	1,62
7	65	73	18,011
7	65	76	7,11
7	65	81	2,847
7	65	83	3,912
7	65	88	5,759
7	65	91	13,501
7	65	97	11,05
7	65	100	2,355
7	73	7	0,738
7	73	13	15,032
7	73	17	5,469
7	73	18	11,803
7	73	23	4,502
7	73	25	3,163
7	73	27	1,737
7	73	29	2,984
7	73	35	4,109
7	73	36	5,141
7	73	37	1,531
7	73	38	7,634
7	73	42	2,9
7	73	52	2,096
7	73	65	9,897
7	73	76	1,281
7	73	81	4,312
7	73	83	3,599
7	73	88	6,36
7	73	91	30,257
7	73	97	5,268
7	73	100	10,593
7	76	7	5,429
7	76	13	2,326
7	76	17	0,949
7	76	18	2,767
7	76	23	4,639
7	76	25	3,83
7	76	27	2,252
7	76	29	3,358
7	76	35	4,432
7	76	36	3,833
7	76	37	2,073
7	76	38	8,11
7	76	42	7,544
7	76	52	10,366
7	76	65	3,597
7	76	73	6,632
7	76	81	3,837
7	76	83	0,719
7	76	88	4,703
7	76	91	2,978
7	76	97	17,492
7	76	100	25,603
7	81	7	2,395
7	81	13	5,373
7	81	17	0,586
7	81	18	6,631
7	81	23	26,069
7	81	25	7,517
7	81	27	4,27
7	81	29	8,72
7	81	35	5,775
7	81	36	27,759
7	81	37	3,213
7	81	38	2,527
7	81	42	1,963
7	81	52	1,96
7	81	65	0,694
7	81	73	2,485
7	81	76	15,218
7	81	83	1,423
7	81	88	16,612
7	81	91	0,722
7	81	97	8,073
7	81	100	8,901
7	83	7	0,74
7	83	13	6,128
7	83	17	0,663
7	83	18	8,916
7	83	23	8,282
7	83	25	0,786
7	83	27	2,847
7	83	29	1,234
7	83	35	26,246
7	83	36	1,282
7	83	37	2,207
7	83	38	9,719
7	83	42	6,845
7	83	52	6,418
7	83	65	1,999
7	83	73	3,28
7	83	76	19,213
7	83	81	4,114
7	83	88	6,384
7	83	91	7,155
7	83	97	2,53
7	83	100	9,59
7	88	7	1,95
7	88	13	7,23
7	88	17	2,564
7	88	18	1,965
7	88	23	2,86
7	88	25	5,697
7	88	27	4,863
7	88	29	0,639
7	88	35	1,319
7	88	36	3,33
7	88	37	3,717
7	88	38	6,208
7	88	42	5,271
7	88	52	0,991
7	88	65	2,06
7	88	73	5,405
7	88	76	3,163
7	88	81	23,596
7	88	83	0,609
7	88	91	11,653
7	88	97	4,631
7	88	100	4,936
7	91	7	11,034
7	91	13	2,885
7	91	17	4,471
7	91	18	1,068
7	91	23	2,078
7	91	25	5,937
7	91	27	18,034
7	91	29	2,367
7	91	35	1,809
7	91	36	4,792
7	91	37	2,292
7	91	38	4,107
7	91	42	3,849
7	91	52	2,393
7	91	65	8,645
7	91	73	3,783
7	91	76	5,616
7	91	81	0,963
7	91	83	12,927
7	91	88	16,798
7	91	97	9,643
7	91	100	2,907
7	97	7	1,112
7	97	13	1,437
7	97	17	4,202
7	97	18	7,826
7	97	23	0,883
7	97	25	9,79
7	97	27	1,259
7	97	29	8,873
7	97	35	0,928
7	97	36	20,495
7	97	37	2,944
7	97	38	4,184
7	97	42	7,259
7	97	52	1,805
7	97	65	12,959
7	97	73	6,756
7	97	76	6,155
7	97	81	7,497
7	97	83	8,92
7	97	88	12,841
7	97	91	8,362
7	97	100	8,911
7	100	7	8,81
7	100	13	10,924
7	100	17	1,074
7	100	18	9,955
7	100	23	16,12
7	100	25	1,773
7	100	27	3,232
7	100	29	4,895
7	100	35	4,824
7	100	36	11,937
7	100	37	3,489
7	100	38	1,73
7	100	42	11,128
7	100	52	10,568
7	100	65	12,752
7	100	73	0,734
7	100	76	0,6
7	100	81	5,887
7	100	83	4,351
7	100	88	2,026
7	100	91	12,233
7	100	97	4,206
8	2	4	7,269
8	2	11	1,562
8	2	14	4,402
8	2	16	3,848
8	2	21	12,861
8	2	24	0,988
8	2	25	0,711
8	2	27	4,307
8	2	31	4,581
8	2	35	1,568
8	2	47	4,646
8	2	51	2,466
8	2	52	1,458
8	2	53	6,527
8	2	55	1,21
8	2	57	4,935
8	2	58	14,417
8	2	61	4,686
8	2	62	0,551
8	2	65	4,518
8	2	68	4,318
8	2	71	8,923
8	2	73	13,977
8	2	74	3,394
8	2	76	3,146
8	2	81	0,556
8	2	91	3,644
8	2	93	4,76
8	2	98	0,927
8	4	2	10,615
8	4	11	0,81
8	4	14	2,03
8	4	16	10,131
8	4	21	4,072
8	4	24	0,898
8	4	25	14,806
8	4	27	2,127
8	4	31	3,914
8	4	35	10,15
8	4	47	4,619
8	4	51	7,059
8	4	52	2,216
8	4	53	2,503
8	4	55	2,978
8	4	57	5,702
8	4	58	3,046
8	4	61	0,574
8	4	62	1,059
8	4	65	3,503
8	4	68	12,065
8	4	71	8,869
8	4	73	10,88
8	4	74	3,593
8	4	76	10,619
8	4	81	0,85
8	4	91	2,544
8	4	93	1,97
8	4	98	7,915
8	11	2	4,632
8	11	4	1,983
8	11	14	16,037
8	11	16	2,366
8	11	21	6,842
8	11	24	6,845
8	11	25	16,631
8	11	27	3,613
8	11	31	9,525
8	11	35	1,416
8	11	47	17,041
8	11	51	2,907
8	11	52	6,392
8	11	53	2,476
8	11	55	1,022
8	11	57	0,53
8	11	58	3,104
8	11	61	1,525
8	11	62	24,909
8	11	65	7,119
8	11	68	1,843
8	11	71	6,675
8	11	73	6,414
8	11	74	4,184
8	11	76	2,016
8	11	81	6,368
8	11	91	8,256
8	11	93	3,028
8	11	98	1,057
8	14	2	7,154
8	14	4	9,945
8	14	11	5,202
8	14	16	6,46
8	14	21	9,147
8	14	24	5,447
8	14	25	5,899
8	14	27	1,909
8	14	31	19,578
8	14	35	2,202
8	14	47	2,729
8	14	51	3,946
8	14	52	6,955
8	14	53	2,37
8	14	55	3,06
8	14	57	3,547
8	14	58	12,546
8	14	61	10,901
8	14	62	12,096
8	14	65	5,531
8	14	68	1,192
8	14	71	13,996
8	14	73	7,651
8	14	74	1,09
8	14	76	0,998
8	14	81	5,712
8	14	91	2,584
8	14	93	15,944
8	14	98	4,303
8	16	2	7,115
8	16	4	3,683
8	16	11	1,575
8	16	14	7,324
8	16	21	5,675
8	16	24	3,692
8	16	25	6,328
8	16	27	1,505
8	16	31	3,904
8	16	35	1,01
8	16	47	2,355
8	16	51	2,161
8	16	52	5,56
8	16	53	1,83
8	16	55	2,15
8	16	57	9,985
8	16	58	1,869
8	16	61	1,475
8	16	62	4,206
8	16	65	15,312
8	16	68	6,672
8	16	71	1,519
8	16	73	17,75
8	16	74	5,556
8	16	76	3,627
8	16	81	0,79
8	16	91	5,86
8	16	93	4,38
8	16	98	17,599
8	21	2	3,023
8	21	4	7,999
8	21	11	8,244
8	21	14	1,039
8	21	16	2,287
8	21	24	16,938
8	21	25	11,839
8	21	27	2,718
8	21	31	3,67
8	21	35	7,979
8	21	47	27,468
8	21	51	4,813
8	21	52	3,147
8	21	53	2,4
8	21	55	4,386
8	21	57	5,003
8	21	58	3,882
8	21	61	9,409
8	21	62	1,78
8	21	65	23,793
8	21	68	1,118
8	21	71	2,425
8	21	73	5,386
8	21	74	1,234
8	21	76	2,713
8	21	81	20,519
8	21	91	0,81
8	21	93	4,859
8	21	98	4,388
8	24	2	4,238
8	24	4	20,784
8	24	11	10,434
8	24	14	0,655
8	24	16	2,565
8	24	21	4,6
8	24	25	17,966
8	24	27	5,792
8	24	31	19,646
8	24	35	7,641
8	24	47	1,211
8	24	51	1,404
8	24	52	9,759
8	24	53	13,085
8	24	55	2,623
8	24	57	3,482
8	24	58	2,902
8	24	61	2,377
8	24	62	22,296
8	24	65	9,888
8	24	68	28,218
8	24	71	2,753
8	24	73	1,851
8	24	74	4,665
8	24	76	2,527
8	24	81	16,665
8	24	91	6,334
8	24	93	14,317
8	24	98	2,42
8	25	2	1,501
8	25	4	5,279
8	25	11	1,843
8	25	14	3,936
8	25	16	1,15
8	25	21	2,917
8	25	24	11,548
8	25	27	5,16
8	25	31	4,898
8	25	35	3,166
8	25	47	2,649
8	25	51	4,45
8	25	52	2,575
8	25	53	6,606
8	25	55	9,327
8	25	57	2,391
8	25	58	1,801
8	25	61	24,584
8	25	62	2,215
8	25	65	10,441
8	25	68	9,241
8	25	71	8,434
8	25	73	18,625
8	25	74	3,33
8	25	76	5,791
8	25	81	3,562
8	25	91	3,082
8	25	93	0,932
8	25	98	2,155
8	27	2	0,935
8	27	4	0,894
8	27	11	2,562
8	27	14	3,776
8	27	16	13,358
8	27	21	11,097
8	27	24	5,51
8	27	25	2,212
8	27	31	1,273
8	27	35	1,592
8	27	47	6,115
8	27	51	6,798
8	27	52	6,116
8	27	53	20,141
8	27	55	1,371
8	27	57	4,097
8	27	58	8,715
8	27	61	4,395
8	27	62	4,761
8	27	65	10,169
8	27	68	2,695
8	27	71	2,718
8	27	73	2,317
8	27	74	1,612
8	27	76	4,751
8	27	81	2,056
8	27	91	0,793
8	27	93	3,013
8	27	98	4,04
8	31	2	5,494
8	31	4	9,329
8	31	11	6,968
8	31	14	10,112
8	31	16	9,452
8	31	21	3,842
8	31	24	1,992
8	31	25	3,241
8	31	27	3,232
8	31	35	8,911
8	31	47	2,084
8	31	51	10,354
8	31	52	20,015
8	31	53	5,309
8	31	55	6,976
8	31	57	14,64
8	31	58	1,66
8	31	61	22,341
8	31	62	1,925
8	31	65	3,59
8	31	68	2,528
8	31	71	2,288
8	31	73	0,554
8	31	74	2,891
8	31	76	4,095
8	31	81	1,321
8	31	91	1,767
8	31	93	2,233
8	31	98	4,36
8	35	2	0,555
8	35	4	4,025
8	35	11	3,459
8	35	14	3,482
8	35	16	3,358
8	35	21	5,862
8	35	24	18,024
8	35	25	0,991
8	35	27	1,968
8	35	31	2,285
8	35	47	4,055
8	35	51	1,663
8	35	52	1,211
8	35	53	0,935
8	35	55	2,578
8	35	57	8,034
8	35	58	31,874
8	35	61	2,929
8	35	62	10,296
8	35	65	8,994
8	35	68	3,736
8	35	71	4,621
8	35	73	0,804
8	35	74	19,04
8	35	76	8,803
8	35	81	7,032
8	35	91	8,363
8	35	93	10,541
8	35	98	17,492
8	47	2	0,92
8	47	4	4,149
8	47	11	5,738
8	47	14	4,386
8	47	16	15,823
8	47	21	6,643
8	47	24	6,776
8	47	25	2,416
8	47	27	4,327
8	47	31	4,251
8	47	35	11,838
8	47	51	11,9
8	47	52	2,334
8	47	53	5,463
8	47	55	1,645
8	47	57	1,182
8	47	58	3,013
8	47	61	0,692
8	47	62	1,931
8	47	65	4,054
8	47	68	5,844
8	47	71	6,6
8	47	73	3,849
8	47	74	0,825
8	47	76	15,226
8	47	81	0,807
8	47	91	4,294
8	47	93	7,705
8	47	98	8,989
8	51	2	0,955
8	51	4	4,89
8	51	11	4,157
8	51	14	13,246
8	51	16	3,426
8	51	21	1,011
8	51	24	2,66
8	51	25	15,885
8	51	27	3,892
8	51	31	13,872
8	51	35	4,35
8	51	47	4,684
8	51	52	5,855
8	51	53	3,055
8	51	55	12,877
8	51	57	4,658
8	51	58	3,094
8	51	61	37,735
8	51	62	11,507
8	51	65	14,081
8	51	68	0,873
8	51	71	5,09
8	51	73	3,928
8	51	74	11,922
8	51	76	4,43
8	51	81	3,252
8	51	91	6,219
8	51	93	0,623
8	51	98	4,18
8	52	2	2,982
8	52	4	1,116
8	52	11	3,487
8	52	14	14,402
8	52	16	9,057
8	52	21	3,585
8	52	24	2,127
8	52	25	5,346
8	52	27	11,279
8	52	31	8,483
8	52	35	5,178
8	52	47	1,422
8	52	51	1,596
8	52	53	1,157
8	52	55	12,82
8	52	57	7,078
8	52	58	24,018
8	52	61	2,163
8	52	62	0,863
8	52	65	8,312
8	52	68	8,175
8	52	71	30,662
8	52	73	1,698
8	52	74	1,257
8	52	76	6,648
8	52	81	0,638
8	52	91	0,613
8	52	93	19,042
8	52	98	2,549
8	53	2	53,861
8	53	4	9,48
8	53	11	7,616
8	53	14	17,668
8	53	16	4,178
8	53	21	5,101
8	53	24	6,375
8	53	25	5,566
8	53	27	1,425
8	53	31	12,821
8	53	35	4,84
8	53	47	2,801
8	53	51	5,963
8	53	52	4,211
8	53	55	1,707
8	53	57	3,134
8	53	58	1,076
8	53	61	13,647
8	53	62	12,975
8	53	65	1,49
8	53	68	2,406
8	53	71	5,116
8	53	73	0,528
8	53	74	2,25
8	53	76	0,992
8	53	81	3,595
8	53	91	6,231
8	53	93	10,724
8	53	98	5,58
8	55	2	33,705
8	55	4	8,888
8	55	11	0,534
8	55	14	4,91
8	55	16	0,826
8	55	21	0,874
8	55	24	1,805
8	55	25	4,533
8	55	27	6,073
8	55	31	5,207
8	55	35	4,842
8	55	47	6,761
8	55	51	15,588
8	55	52	19,326
8	55	53	1,166
8	55	57	13,147
8	55	58	1,714
8	55	61	1,268
8	55	62	22,752
8	55	65	30,311
8	55	68	6,465
8	55	71	3,681
8	55	73	0,521
8	55	74	7,678
8	55	76	8,259
8	55	81	8,752
8	55	91	2,375
8	55	93	7,257
8	55	98	1,041
8	57	2	0,607
8	57	4	1,432
8	57	11	7,133
8	57	14	0,886
8	57	16	5,525
8	57	21	14,615
8	57	24	1,519
8	57	25	5,125
8	57	27	4,241
8	57	31	6,986
8	57	35	3,418
8	57	47	5,006
8	57	51	3,144
8	57	52	20,301
8	57	53	7,959
8	57	55	18,454
8	57	58	2,476
8	57	61	2,788
8	57	62	2,393
8	57	65	4,442
8	57	68	2,121
8	57	71	7,346
8	57	73	4,292
8	57	74	2,629
8	57	76	7,536
8	57	81	21,208
8	57	91	1,611
8	57	93	17,509
8	57	98	1,561
8	58	2	0,705
8	58	4	3,213
8	58	11	2,579
8	58	14	6,241
8	58	16	10,185
8	58	21	16,198
8	58	24	10,547
8	58	25	11,123
8	58	27	0,934
8	58	31	16,32
8	58	35	0,786
8	58	47	2,374
8	58	51	14,291
8	58	52	9,68
8	58	53	0,932
8	58	55	7,077
8	58	57	0,885
8	58	61	1,637
8	58	62	7,409
8	58	65	6,219
8	58	68	4,272
8	58	71	10,521
8	58	73	5,276
8	58	74	2,929
8	58	76	4,524
8	58	81	6,961
8	58	91	4,076
8	58	93	5,034
8	58	98	9,198
8	61	2	5,209
8	61	4	0,767
8	61	11	5,017
8	61	14	12,726
8	61	16	2,004
8	61	21	0,895
8	61	24	13,564
8	61	25	10,565
8	61	27	16,688
8	61	31	18,468
8	61	35	13,475
8	61	47	1,612
8	61	51	0,902
8	61	52	12,702
8	61	53	3,954
8	61	55	1,229
8	61	57	6,672
8	61	58	1,855
8	61	62	10,187
8	61	65	2,476
8	61	68	14,705
8	61	71	1,366
8	61	73	5,988
8	61	74	7,724
8	61	76	6,55
8	61	81	11,139
8	61	91	2,734
8	61	93	0,781
8	61	98	5,378
8	62	2	25,623
8	62	4	3,204
8	62	11	4,42
8	62	14	0,526
8	62	16	7,993
8	62	21	0,835
8	62	24	2,088
8	62	25	13,524
8	62	27	5,954
8	62	31	2,848
8	62	35	4,026
8	62	47	8,744
8	62	51	4,963
8	62	52	4,06
8	62	53	5,26
8	62	55	7,708
8	62	57	2,303
8	62	58	3,994
8	62	61	1,473
8	62	65	1,013
8	62	68	1,852
8	62	71	3,235
8	62	73	2,7
8	62	74	1,42
8	62	76	4,147
8	62	81	6,12
8	62	91	7,74
8	62	93	4,082
8	62	98	2,584
8	65	2	1,103
8	65	4	3,848
8	65	11	5,409
8	65	14	3,28
8	65	16	6,733
8	65	21	0,543
8	65	24	1,809
8	65	25	1,627
8	65	27	8,18
8	65	31	4,991
8	65	35	1,3
8	65	47	14,202
8	65	51	2,236
8	65	52	9,274
8	65	53	3,635
8	65	55	3,077
8	65	57	15,127
8	65	58	1,271
8	65	61	8,745
8	65	62	13,277
8	65	68	1,706
8	65	71	0,705
8	65	73	2,813
8	65	74	8,2
8	65	76	5,33
8	65	81	13,663
8	65	91	4,015
8	65	93	9,262
8	65	98	5,085
8	68	2	23,614
8	68	4	4,798
8	68	11	4,001
8	68	14	0,62
8	68	16	8,475
8	68	21	2,007
8	68	24	3,056
8	68	25	1,243
8	68	27	20,852
8	68	31	10,209
8	68	35	9,129
8	68	47	13,427
8	68	51	2,988
8	68	52	9,182
8	68	53	24,12
8	68	55	3,989
8	68	57	0,912
8	68	58	0,545
8	68	61	4,767
8	68	62	20,608
8	68	65	8,16
8	68	71	0,936
8	68	73	0,541
8	68	74	1,748
8	68	76	2,744
8	68	81	1,724
8	68	91	3,793
8	68	93	5,087
8	68	98	0,963
8	71	2	0,973
8	71	4	1,904
8	71	11	5,525
8	71	14	4,299
8	71	16	4,085
8	71	21	8,513
8	71	24	18,45
8	71	25	8,679
8	71	27	3,277
8	71	31	2,998
8	71	35	4,545
8	71	47	6,34
8	71	51	5,185
8	71	52	4,825
8	71	53	3,505
8	71	55	12,399
8	71	57	10,988
8	71	58	6,667
8	71	61	9,972
8	71	62	1,626
8	71	65	2,209
8	71	68	4,892
8	71	73	3,061
8	71	74	0,791
8	71	76	2,493
8	71	81	0,643
8	71	91	1,388
8	71	93	4,253
8	71	98	24,642
8	73	2	4,873
8	73	4	3,899
8	73	11	19,289
8	73	14	0,991
8	73	16	3,156
8	73	21	4,856
8	73	24	25,33
8	73	25	9,953
8	73	27	11,372
8	73	31	9,754
8	73	35	2,222
8	73	47	16,509
8	73	51	1,034
8	73	52	5,964
8	73	53	2,693
8	73	55	0,663
8	73	57	2,961
8	73	58	0,923
8	73	61	5,836
8	73	62	7,168
8	73	65	1,486
8	73	68	8,168
8	73	71	3,803
8	73	74	7,352
8	73	76	9,009
8	73	81	1,253
8	73	91	19,488
8	73	93	2,483
8	73	98	7,218
8	74	2	50,55
8	74	4	1,749
8	74	11	17,308
8	74	14	3,16
8	74	16	0,803
8	74	21	7,373
8	74	24	6,948
8	74	25	1,633
8	74	27	1,828
8	74	31	7,561
8	74	35	1,015
8	74	47	0,765
8	74	51	4,586
8	74	52	7,934
8	74	53	24,278
8	74	55	15,626
8	74	57	13,361
8	74	58	1,562
8	74	61	4,424
8	74	62	1,561
8	74	65	2,047
8	74	68	11,099
8	74	71	4,92
8	74	73	1,57
8	74	76	3,492
8	74	81	2,971
8	74	91	3,188
8	74	93	10,756
8	74	98	1,368
8	76	2	2,226
8	76	4	9,949
8	76	11	6,455
8	76	14	11,418
8	76	16	2,811
8	76	21	4,113
8	76	24	5,193
8	76	25	28,212
8	76	27	0,698
8	76	31	3,046
8	76	35	10,737
8	76	47	2,356
8	76	51	42,65
8	76	52	3,417
8	76	53	5,451
8	76	55	12,942
8	76	57	2,762
8	76	58	1,048
8	76	61	3,36
8	76	62	1,541
8	76	65	1,085
8	76	68	1,66
8	76	71	32,507
8	76	73	2,432
8	76	74	1,448
8	76	81	3,006
8	76	91	3,448
8	76	93	0,562
8	76	98	1,48
8	81	2	24,576
8	81	4	12,382
8	81	11	1,273
8	81	14	1,112
8	81	16	2,907
8	81	21	8,473
8	81	24	1,015
8	81	25	0,98
8	81	27	64,822
8	81	31	9,463
8	81	35	2,174
8	81	47	9,937
8	81	51	5,71
8	81	52	1,09
8	81	53	24,346
8	81	55	6,627
8	81	57	4,981
8	81	58	2,493
8	81	61	7,255
8	81	62	7,177
8	81	65	1,006
8	81	68	2,958
8	81	71	8,997
8	81	73	9,807
8	81	74	4,033
8	81	76	0,756
8	81	91	4,421
8	81	93	2,251
8	81	98	8,487
8	91	2	3,954
8	91	4	8,953
8	91	11	1,181
8	91	14	1,935
8	91	16	7,511
8	91	21	3,746
8	91	24	1,193
8	91	25	2,48
8	91	27	0,503
8	91	31	15,326
8	91	35	1,22
8	91	47	14,765
8	91	51	11,31
8	91	52	2,028
8	91	53	2,392
8	91	55	5,418
8	91	57	13,154
8	91	58	5,13
8	91	61	4,997
8	91	62	9,202
8	91	65	1,495
8	91	68	1,658
8	91	71	1,475
8	91	73	4,075
8	91	74	7,509
8	91	76	0,917
8	91	81	9,579
8	91	93	11,382
8	91	98	4,727
8	93	2	21,044
8	93	4	10,457
8	93	11	6,411
8	93	14	6,314
8	93	16	5,378
8	93	21	3,311
8	93	24	15,204
8	93	25	5,539
8	93	27	1,874
8	93	31	4,429
8	93	35	2,619
8	93	47	14,177
8	93	51	18,382
8	93	52	3,302
8	93	53	10,61
8	93	55	13,811
8	93	57	7,808
8	93	58	2,725
8	93	61	4,148
8	93	62	1,527
8	93	65	16,544
8	93	68	3,589
8	93	71	6,905
8	93	73	1,286
8	93	74	2,528
8	93	76	1,228
8	93	81	2,075
8	93	91	20,081
8	93	98	12,017
8	98	2	6,364
8	98	4	10,895
8	98	11	0,592
8	98	14	4,39
8	98	16	2,677
8	98	21	3,001
8	98	24	1,208
8	98	25	1,226
8	98	27	3,391
8	98	31	3,215
8	98	35	4,222
8	98	47	1,138
8	98	51	2,973
8	98	52	3,242
8	98	53	4,905
8	98	55	2,635
8	98	57	1,518
8	98	58	17,9
8	98	61	1,286
8	98	62	2,523
8	98	65	5,312
8	98	68	2,617
8	98	71	0,505
8	98	73	0,803
8	98	74	3,382
8	98	76	9,527
8	98	81	8,282
8	98	91	1,41
8	98	93	2,315
9	3	17	5,615
9	3	19	6,673
9	3	21	0,789
9	3	26	2,455
9	3	28	3,214
9	3	32	7,493
9	3	42	3,351
9	3	47	7,011
9	3	49	1,914
9	3	51	21,777
9	3	55	0,666
9	3	59	5,402
9	3	61	18,334
9	3	67	8,12
9	3	72	3,898
9	3	75	6,963
9	3	81	4,21
9	3	86	2,919
9	3	89	7,521
9	3	100	0,621
9	17	3	1,719
9	17	19	2,874
9	17	21	9,259
9	17	26	2,447
9	17	28	2,235
9	17	32	10,36
9	17	42	3,279
9	17	47	8,883
9	17	49	9,683
9	17	51	1,8
9	17	55	0,91
9	17	59	7,453
9	17	61	5,747
9	17	67	12,343
9	17	72	1,018
9	17	75	2,528
9	17	81	3,217
9	17	86	3,303
9	17	89	2,152
9	17	100	1,255
9	19	3	4,745
9	19	17	1,017
9	19	21	2,549
9	19	26	1,535
9	19	28	5,286
9	19	32	1,319
9	19	42	1,745
9	19	47	3,68
9	19	49	1,245
9	19	51	1,428
9	19	55	1,676
9	19	59	1,99
9	19	61	3,359
9	19	67	2,824
9	19	72	2,256
9	19	75	7,7
9	19	81	5,953
9	19	86	6,964
9	19	89	11,49
9	19	100	19,439
9	21	3	20,469
9	21	17	4,204
9	21	19	5,699
9	21	26	5,648
9	21	28	0,532
9	21	32	0,858
9	21	42	6,55
9	21	47	7,044
9	21	49	1,413
9	21	51	2,692
9	21	55	5,478
9	21	59	4,702
9	21	61	6,653
9	21	67	2,69
9	21	72	1,227
9	21	75	3,53
9	21	81	1,319
9	21	86	7,218
9	21	89	8,428
9	21	100	16,496
9	26	3	3,311
9	26	17	19,199
9	26	19	4,364
9	26	21	2,573
9	26	28	6,423
9	26	32	4,528
9	26	42	6,102
9	26	47	0,941
9	26	49	4,555
9	26	51	0,776
9	26	55	0,64
9	26	59	3,857
9	26	61	7,531
9	26	67	0,668
9	26	72	9,651
9	26	75	4,945
9	26	81	6,278
9	26	86	15,217
9	26	89	2,246
9	26	100	4,365
9	28	3	11,729
9	28	17	1,856
9	28	19	2,033
9	28	21	4,756
9	28	26	3,382
9	28	32	6,028
9	28	42	4,072
9	28	47	0,623
9	28	49	2,47
9	28	51	3,637
9	28	55	4,453
9	28	59	2,795
9	28	61	11,005
9	28	67	6,196
9	28	72	7,982
9	28	75	3,822
9	28	81	26,613
9	28	86	5,48
9	28	89	4,377
9	28	100	35,639
9	32	3	2,944
9	32	17	8,674
9	32	19	15,51
9	32	21	1,374
9	32	26	2,126
9	32	28	4,57
9	32	42	19,861
9	32	47	5,768
9	32	49	11,84
9	32	51	15,781
9	32	55	4,452
9	32	59	9,21
9	32	61	4,408
9	32	67	2,319
9	32	72	14,254
9	32	75	1,495
9	32	81	7,66
9	32	86	1,993
9	32	89	3,23
9	32	100	1,693
9	42	3	8,189
9	42	17	0,977
9	42	19	8,061
9	42	21	1,57
9	42	26	2,59
9	42	28	26,97
9	42	32	9,801
9	42	47	0,768
9	42	49	8,47
9	42	51	2,606
9	42	55	65,682
9	42	59	2,13
9	42	61	0,849
9	42	67	12,105
9	42	72	6,526
9	42	75	2,448
9	42	81	15,5
9	42	86	5,963
9	42	89	1,079
9	42	100	3,525
9	47	3	2,522
9	47	17	1,882
9	47	19	1,785
9	47	21	9,837
9	47	26	10,837
9	47	28	1,947
9	47	32	1,646
9	47	42	4,874
9	47	49	1,823
9	47	51	3,588
9	47	55	0,646
9	47	59	3,516
9	47	61	5,483
9	47	67	4,11
9	47	72	0,555
9	47	75	0,884
9	47	81	1,527
9	47	86	1,097
9	47	89	3,067
9	47	100	12,028
9	49	3	1,239
9	49	17	2,038
9	49	19	3,172
9	49	21	1,32
9	49	26	10,787
9	49	28	10,331
9	49	32	11,825
9	49	42	5,574
9	49	47	9,37
9	49	51	3,395
9	49	55	2,392
9	49	59	0,893
9	49	61	69,934
9	49	67	5,921
9	49	72	6,876
9	49	75	8,693
9	49	81	1,45
9	49	86	6,88
9	49	89	12,148
9	49	100	2,494
9	51	3	4,341
9	51	17	5,64
9	51	19	1,735
9	51	21	5,884
9	51	26	1,074
9	51	28	0,557
9	51	32	11,712
9	51	42	34,356
9	51	47	7,429
9	51	49	5,434
9	51	55	13,878
9	51	59	3,832
9	51	61	8,017
9	51	67	16,401
9	51	72	18,919
9	51	75	2,824
9	51	81	1,846
9	51	86	0,871
9	51	89	9,038
9	51	100	5,656
9	55	3	1,379
9	55	17	3,206
9	55	19	8,288
9	55	21	1,128
9	55	26	1,39
9	55	28	4,923
9	55	32	2,053
9	55	42	1,643
9	55	47	14,271
9	55	49	9,67
9	55	51	0,841
9	55	59	5,78
9	55	61	4,954
9	55	67	5,988
9	55	72	1,819
9	55	75	31,256
9	55	81	11,333
9	55	86	3,955
9	55	89	2,098
9	55	100	2,676
9	59	3	8,292
9	59	17	4,959
9	59	19	9,747
9	59	21	7,231
9	59	26	1,288
9	59	28	0,771
9	59	32	8,666
9	59	42	20,119
9	59	47	3,822
9	59	49	1,856
9	59	51	2,335
9	59	55	6,587
9	59	61	17,183
9	59	67	5,304
9	59	72	1,851
9	59	75	5,566
9	59	81	1,677
9	59	86	5,791
9	59	89	2,917
9	59	100	22,242
9	61	3	3,035
9	61	17	3,102
9	61	19	41,944
9	61	21	3,262
9	61	26	5,919
9	61	28	3,014
9	61	32	3,849
9	61	42	4,676
9	61	47	3,15
9	61	49	1,042
9	61	51	2,876
9	61	55	2,501
9	61	59	5,909
9	61	67	0,743
9	61	72	6,225
9	61	75	13,396
9	61	81	6,767
9	61	86	2,447
9	61	89	1,786
9	61	100	1,133
9	67	3	46,932
9	67	17	0,827
9	67	19	47,751
9	67	21	8,698
9	67	26	3,72
9	67	28	6,125
9	67	32	4,165
9	67	42	2,156
9	67	47	9,357
9	67	49	3,145
9	67	51	7,363
9	67	55	19,928
9	67	59	2,795
9	67	61	20,452
9	67	72	2,86
9	67	75	17,693
9	67	81	2,681
9	67	86	3,308
9	67	89	20,458
9	67	100	9,083
9	72	3	0,926
9	72	17	2,736
9	72	19	2,448
9	72	21	3,146
9	72	26	2,744
9	72	28	3,43
9	72	32	2,202
9	72	42	4,152
9	72	47	0,697
9	72	49	6,445
9	72	51	0,593
9	72	55	1,621
9	72	59	4,656
9	72	61	5,391
9	72	67	1,44
9	72	75	3,318
9	72	81	11,304
9	72	86	0,963
9	72	89	2,245
9	72	100	3,113
9	75	3	1,145
9	75	17	4,485
9	75	19	15,955
9	75	21	3,866
9	75	26	3,544
9	75	28	2,669
9	75	32	6,632
9	75	42	6,075
9	75	47	2,537
9	75	49	6,381
9	75	51	3,118
9	75	55	18,81
9	75	59	4,817
9	75	61	8,88
9	75	67	12,674
9	75	72	1,093
9	75	81	38,9
9	75	86	3,138
9	75	89	3,202
9	75	100	1,658
9	81	3	3,716
9	81	17	1,349
9	81	19	5,171
9	81	21	10,142
9	81	26	1,115
9	81	28	13,502
9	81	32	1,231
9	81	42	47,604
9	81	47	14,999
9	81	49	12,638
9	81	51	5,157
9	81	55	4,463
9	81	59	15,71
9	81	61	5,404
9	81	67	13,914
9	81	72	9,332
9	81	75	0,671
9	81	86	20,731
9	81	89	6,662
9	81	100	12,937
9	86	3	1,301
9	86	17	3,509
9	86	19	3,331
9	86	21	1,255
9	86	26	2,227
9	86	28	2,14
9	86	32	15,63
9	86	42	6,079
9	86	47	7,194
9	86	49	1,881
9	86	51	1,973
9	86	55	6,863
9	86	59	1,244
9	86	61	0,6
9	86	67	0,633
9	86	72	6,252
9	86	75	1,694
9	86	81	11,021
9	86	89	4,351
9	86	100	8,108
9	89	3	18,005
9	89	17	1,154
9	89	19	1,682
9	89	21	5,926
9	89	26	10,672
9	89	28	4,169
9	89	32	5,272
9	89	42	4,059
9	89	47	4,632
9	89	49	10,826
9	89	51	0,697
9	89	55	31,95
9	89	59	3,684
9	89	61	1,17
9	89	67	3,216
9	89	72	0,584
9	89	75	2,225
9	89	81	5,077
9	89	86	2,434
9	89	100	3,778
9	100	3	8,014
9	100	17	12,048
9	100	19	2,691
9	100	21	4,654
9	100	26	6,861
9	100	28	11,392
9	100	32	8
9	100	42	10,701
9	100	47	5,384
9	100	49	2,993
9	100	51	2,789
9	100	55	3,43
9	100	59	3,498
9	100	61	3,111
9	100	67	10,38
9	100	72	3,493
9	100	75	2,626
9	100	81	2,627
9	100	86	5,624
9	100	89	1,194
10	1	6	6,116
10	1	11	0,99
10	1	13	3,502
10	1	19	3,348
10	1	21	4,87
10	1	24	0,972
10	1	34	4,294
10	1	35	2,612
10	1	37	9,768
10	1	38	1,461
10	1	40	5,676
10	1	42	0,561
10	1	43	7,091
10	1	50	3,306
10	1	66	2,869
10	1	69	13,473
10	1	70	4,785
10	1	71	3,352
10	1	73	8,994
10	1	80	1,28
10	1	87	18,778
10	1	90	6,642
10	1	94	7,855
10	1	96	1,45
10	6	1	11,179
10	6	11	0,664
10	6	13	1,95
10	6	19	11,946
10	6	21	2,282
10	6	24	5,596
10	6	34	13,686
10	6	35	1,983
10	6	37	1,667
10	6	38	1,072
10	6	40	0,523
10	6	42	1,083
10	6	43	1,431
10	6	50	0,71
10	6	66	6,562
10	6	69	1,324
10	6	70	0,59
10	6	71	8,153
10	6	73	22,834
10	6	80	19,017
10	6	87	0,82
10	6	90	9,015
10	6	94	4,717
10	6	96	2,03
10	11	1	4,865
10	11	6	4,796
10	11	13	6,954
10	11	19	15,293
10	11	21	2,822
10	11	24	1,326
10	11	34	1,065
10	11	35	6,48
10	11	37	0,934
10	11	38	1,874
10	11	40	1,058
10	11	42	5,364
10	11	43	21,043
10	11	50	4,646
10	11	66	4,346
10	11	69	1,251
10	11	70	9,396
10	11	71	2,215
10	11	73	8,176
10	11	80	1,872
10	11	87	5,33
10	11	90	4,976
10	11	94	3,628
10	11	96	2,407
10	13	1	3,702
10	13	6	3,972
10	13	11	6,732
10	13	19	0,544
10	13	21	4,709
10	13	24	12,372
10	13	34	0,771
10	13	35	0,835
10	13	37	1,935
10	13	38	3,501
10	13	40	8,828
10	13	42	2,182
10	13	43	3,958
10	13	50	10,526
10	13	66	9,494
10	13	69	1,571
10	13	70	3,339
10	13	71	3,942
10	13	73	0,99
10	13	80	5,614
10	13	87	16,457
10	13	90	0,561
10	13	94	3,895
10	13	96	3,189
10	19	1	1,128
10	19	6	2,973
10	19	11	2,56
10	19	13	2,12
10	19	21	4,276
10	19	24	3,037
10	19	34	0,675
10	19	35	3,461
10	19	37	8,261
10	19	38	5,2
10	19	40	4,746
10	19	42	7,435
10	19	43	2,252
10	19	50	2,024
10	19	66	1,048
10	19	69	2,378
10	19	70	3,253
10	19	71	10,439
10	19	73	5,866
10	19	80	14,702
10	19	87	2,003
10	19	90	1,986
10	19	94	16,061
10	19	96	14,615
10	21	1	6,411
10	21	6	0,909
10	21	11	6,964
10	21	13	0,733
10	21	19	0,816
10	21	24	2,277
10	21	34	13,38
10	21	35	1,938
10	21	37	3,468
10	21	38	4,146
10	21	40	2,163
10	21	42	17,713
10	21	43	8,301
10	21	50	2,439
10	21	66	0,954
10	21	69	0,632
10	21	70	5,474
10	21	71	0,749
10	21	73	3,095
10	21	80	4,773
10	21	87	1,67
10	21	90	22,971
10	21	94	2,77
10	21	96	3,256
10	24	1	14,42
10	24	6	20,633
10	24	11	1,929
10	24	13	5,278
10	24	19	4,628
10	24	21	0,916
10	24	34	4,834
10	24	35	7,481
10	24	37	3,265
10	24	38	1,955
10	24	40	4,547
10	24	42	6,651
10	24	43	5,903
10	24	50	5,576
10	24	66	3,541
10	24	69	9,169
10	24	70	14,262
10	24	71	4,385
10	24	73	3,038
10	24	80	2,633
10	24	87	10,967
10	24	90	1,13
10	24	94	3,292
10	24	96	0,555
10	34	1	2,601
10	34	6	9,766
10	34	11	11,255
10	34	13	1,431
10	34	19	4,759
10	34	21	1,333
10	34	24	4,446
10	34	35	10,936
10	34	37	1,57
10	34	38	4,239
10	34	40	1,272
10	34	42	2,89
10	34	43	3,243
10	34	50	6,351
10	34	66	4,163
10	34	69	4,833
10	34	70	16,315
10	34	71	15,865
10	34	73	19,175
10	34	80	11,008
10	34	87	3,908
10	34	90	2,805
10	34	94	1,162
10	34	96	24,282
10	35	1	21,722
10	35	6	1,982
10	35	11	6,545
10	35	13	3,487
10	35	19	13,41
10	35	21	1,869
10	35	24	2,238
10	35	34	10,381
10	35	37	3,994
10	35	38	3,106
10	35	40	3,488
10	35	42	11,281
10	35	43	5,295
10	35	50	3,852
10	35	66	4,061
10	35	69	0,602
10	35	70	9,398
10	35	71	8,95
10	35	73	62,202
10	35	80	10,303
10	35	87	5,922
10	35	90	2,486
10	35	94	17,097
10	35	96	7,318
10	37	1	3,208
10	37	6	13,923
10	37	11	6,308
10	37	13	0,89
10	37	19	4,209
10	37	21	3,438
10	37	24	6,148
10	37	34	0,618
10	37	35	6,254
10	37	38	2,415
10	37	40	6,668
10	37	42	2,4
10	37	43	12,499
10	37	50	11,833
10	37	66	2,686
10	37	69	1,046
10	37	70	10,644
10	37	71	4,775
10	37	73	1,095
10	37	80	7,977
10	37	87	0,958
10	37	90	6,748
10	37	94	1,26
10	37	96	1,674
10	38	1	3,242
10	38	6	6,377
10	38	11	3,778
10	38	13	2,987
10	38	19	8,587
10	38	21	5,287
10	38	24	6,446
10	38	34	32,751
10	38	35	1,159
10	38	37	2,56
10	38	40	20,383
10	38	42	9,296
10	38	43	1,211
10	38	50	0,714
10	38	66	31,155
10	38	69	9,556
10	38	70	2,862
10	38	71	5,75
10	38	73	14,817
10	38	80	3,083
10	38	87	0,82
10	38	90	6,829
10	38	94	0,51
10	38	96	6,091
10	40	1	3,847
10	40	6	6,753
10	40	11	2,895
10	40	13	1,518
10	40	19	6,291
10	40	21	19,829
10	40	24	4,757
10	40	34	8,47
10	40	35	1,56
10	40	37	8,251
10	40	38	3,87
10	40	42	0,697
10	40	43	1,762
10	40	50	1,359
10	40	66	16,468
10	40	69	0,828
10	40	70	3,167
10	40	71	8,783
10	40	73	11,508
10	40	80	11,141
10	40	87	4,924
10	40	90	2,18
10	40	94	0,891
10	40	96	7,555
10	42	1	0,784
10	42	6	20,972
10	42	11	14,265
10	42	13	5,019
10	42	19	7,2
10	42	21	2,71
10	42	24	11,405
10	42	34	13,148
10	42	35	4,624
10	42	37	0,746
10	42	38	3,175
10	42	40	3,275
10	42	43	4,95
10	42	50	3,093
10	42	66	10,28
10	42	69	0,626
10	42	70	2,941
10	42	71	1,063
10	42	73	7,058
10	42	80	5,546
10	42	87	3,962
10	42	90	5,153
10	42	94	15,227
10	42	96	4,594
10	43	1	17,346
10	43	6	9,668
10	43	11	14,595
10	43	13	4,571
10	43	19	0,671
10	43	21	0,857
10	43	24	2,605
10	43	34	5,157
10	43	35	4,939
10	43	37	16,509
10	43	38	16,204
10	43	40	2,547
10	43	42	12,595
10	43	50	0,741
10	43	66	16,555
10	43	69	0,65
10	43	70	11,973
10	43	71	7,76
10	43	73	16,849
10	43	80	2,963
10	43	87	7,753
10	43	90	3,887
10	43	94	3,087
10	43	96	2,951
10	50	1	10,479
10	50	6	7,758
10	50	11	6,014
10	50	13	5,754
10	50	19	20,169
10	50	21	8,334
10	50	24	1,384
10	50	34	6,22
10	50	35	37,064
10	50	37	6,688
10	50	38	1,609
10	50	40	0,75
10	50	42	7,484
10	50	43	13,477
10	50	66	16,578
10	50	69	7,428
10	50	70	43,919
10	50	71	1,615
10	50	73	3,39
10	50	80	3,076
10	50	87	1,988
10	50	90	5,478
10	50	94	6,778
10	50	96	0,564
10	66	1	14,654
10	66	6	6,79
10	66	11	3,389
10	66	13	3,047
10	66	19	4,901
10	66	21	1,254
10	66	24	0,712
10	66	34	5,977
10	66	35	0,538
10	66	37	4,853
10	66	38	2,653
10	66	40	4,217
10	66	42	7,067
10	66	43	1,901
10	66	50	3,615
10	66	69	3,956
10	66	70	8,405
10	66	71	4,104
10	66	73	27,601
10	66	80	3,096
10	66	87	1,114
10	66	90	9,383
10	66	94	0,816
10	66	96	14,084
10	69	1	4,918
10	69	6	1,758
10	69	11	2,275
10	69	13	12,99
10	69	19	0,872
10	69	21	6,102
10	69	24	6,626
10	69	34	2,909
10	69	35	1,149
10	69	37	1,182
10	69	38	8,409
10	69	40	2,589
10	69	42	5,249
10	69	43	5,072
10	69	50	4,619
10	69	66	8,374
10	69	70	11,416
10	69	71	3,954
10	69	73	5,934
10	69	80	5,64
10	69	87	10,129
10	69	90	2,407
10	69	94	8,661
10	69	96	3,711
10	70	1	0,701
10	70	6	7,668
10	70	11	3,193
10	70	13	2,181
10	70	19	23,252
10	70	21	1,324
10	70	24	9,359
10	70	34	0,874
10	70	35	1,194
10	70	37	11,248
10	70	38	14,026
10	70	40	1,046
10	70	42	6,414
10	70	43	4,964
10	70	50	21,389
10	70	66	12,435
10	70	69	40,569
10	70	71	14,277
10	70	73	19,234
10	70	80	9,437
10	70	87	19,223
10	70	90	1,545
10	70	94	5,729
10	70	96	5,963
10	71	1	10,581
10	71	6	34,757
10	71	11	12,52
10	71	13	12,235
10	71	19	23,017
10	71	21	1,418
10	71	24	27,694
10	71	34	2,682
10	71	35	7,927
10	71	37	11,667
10	71	38	0,75
10	71	40	3,877
10	71	42	6,806
10	71	43	4,32
10	71	50	0,689
10	71	66	8,693
10	71	69	1,026
10	71	70	0,714
10	71	73	1,802
10	71	80	0,536
10	71	87	19,813
10	71	90	4,244
10	71	94	9,293
10	71	96	2,636
10	73	1	11,538
10	73	6	2,46
10	73	11	15,53
10	73	13	10,564
10	73	19	3,591
10	73	21	6,075
10	73	24	4,291
10	73	34	9,581
10	73	35	5,51
10	73	37	5,332
10	73	38	3,007
10	73	40	4,875
10	73	42	2,154
10	73	43	0,614
10	73	50	1,148
10	73	66	3,331
10	73	69	1,716
10	73	70	12,898
10	73	71	8,82
10	73	80	26,417
10	73	87	12,693
10	73	90	6,2
10	73	94	17,57
10	73	96	4,333
10	80	1	2,282
10	80	6	0,526
10	80	11	4,693
10	80	13	1,482
10	80	19	12,832
10	80	21	0,89
10	80	24	6,07
10	80	34	1,041
10	80	35	3,301
10	80	37	1,256
10	80	38	2,201
10	80	40	1,288
10	80	42	2,343
10	80	43	3,529
10	80	50	6,035
10	80	66	1,901
10	80	69	2,817
10	80	70	7,233
10	80	71	12,171
10	80	73	0,66
10	80	87	9,734
10	80	90	8,435
10	80	94	2,849
10	80	96	10,438
10	87	1	8,041
10	87	6	0,538
10	87	11	4,792
10	87	13	4,763
10	87	19	3,834
10	87	21	1,85
10	87	24	5,73
10	87	34	20,335
10	87	35	15,426
10	87	37	7,696
10	87	38	1,367
10	87	40	7,594
10	87	42	0,708
10	87	43	8,265
10	87	50	3,505
10	87	66	10,538
10	87	69	2,585
10	87	70	10,259
10	87	71	1,238
10	87	73	0,796
10	87	80	6,912
10	87	90	0,863
10	87	94	6,787
10	87	96	5,116
10	90	1	2,734
10	90	6	7,586
10	90	11	1,685
10	90	13	13,023
10	90	19	2,893
10	90	21	10,859
10	90	24	1,868
10	90	34	7,118
10	90	35	0,59
10	90	37	0,917
10	90	38	10,463
10	90	40	5,701
10	90	42	3,507
10	90	43	8,196
10	90	50	4,425
10	90	66	11,316
10	90	69	3,263
10	90	70	6,274
10	90	71	10,08
10	90	73	1,536
10	90	80	4,633
10	90	87	1,71
10	90	94	4,774
10	90	96	1,41
10	94	1	14,25
10	94	6	0,531
10	94	11	5,044
10	94	13	2,851
10	94	19	3,361
10	94	21	3,784
10	94	24	6,646
10	94	34	6,379
10	94	35	6,594
10	94	37	1,559
10	94	38	15,874
10	94	40	1,271
10	94	42	6,801
10	94	43	6,967
10	94	50	1,645
10	94	66	0,548
10	94	69	1,542
10	94	70	6,823
10	94	71	7,014
10	94	73	11,634
10	94	80	1,84
10	94	87	0,509
10	94	90	4,249
10	94	96	2,096
10	96	1	0,535
10	96	6	24,184
10	96	11	2,402
10	96	13	1,716
10	96	19	35,181
10	96	21	1,377
10	96	24	6,92
10	96	34	8,497
10	96	35	1,399
10	96	37	7,112
10	96	38	6,171
10	96	40	30,139
10	96	42	5,289
10	96	43	3,586
10	96	50	2,241
10	96	66	5,323
10	96	69	14,56
10	96	70	1,401
10	96	71	0,512
10	96	73	6,411
10	96	80	3,428
10	96	87	3,198
10	96	90	12,464
10	96	94	2,945

