#num jobs
100
#num machines
10

#jobId machId procTime energyCons
1	10	3,81	8,81
1	9	55,08	189,08
1	6	1,25	4,64
2	1	1418,45	5432,59
2	6	36,08	133,68
2	10	6,93	16,03
3	1	17,74	67,95
3	5	4,06	50,89
3	8	11,16	97,81
3	10	20,14	46,58
4	3	11	76,54
4	9	6,79	23,29
5	2	6,95	21,21
6	8	55,22	484,12
6	6	3,04	11,25
7	10	9,73	22,51
8	1	11,15	42,72
8	2	643,91	1964,19
8	3	3,87	26,93
8	5	36,29	454,54
8	7	5,36	21,39
9	1	124,46	476,67
9	3	15,42	107,34
9	4	2,8	24,88
9	9	3,57	12,26
10	4	6,49	57,66
10	3	2,64	18,39
11	6	19,3	71,52
12	8	0,75	6,61
13	4	14,49	128,66
13	6	0,23	0,86
13	9	3,69	12,67
14	2	2,51	7,65
15	7	31,62	126,12
15	2	1,9	5,81
16	8	5,43	47,63
16	1	66,84	256,01
17	8	52,58	460,96
17	6	3,79	14,05
17	1	23,51	90,03
18	8	86,3	756,56
18	7	10,59	42,24
18	6	71,24	263,97
19	8	50,26	440,57
20	2	3,78	11,54
21	10	7,29	16,86
21	3	28,58	198,94
22	1	3,31	12,68
22	7	150,01	598,25
22	9	21,27	73,01
23	10	6,79	15,7
23	9	4,45	15,29
23	8	13,06	114,51
24	2	76,72	234,03
24	7	84,64	337,54
24	8	6,93	60,72
25	10	11,35	26,25
25	8	11,96	104,87
25	6	0,51	1,9
25	5	10,93	136,92
26	10	5,33	12,32
26	9	9,79	33,6
26	8	72,87	638,84
26	6	2,9	10,74
27	8	7,42	65,07
27	1	7,47	28,62
28	8	2,31	20,26
28	10	17,11	39,57
29	2	9,66	29,48
29	5	17,02	213,16
29	8	53,56	469,56
30	1	8,58	32,86
31	2	46,26	141,1
31	3	187,34	1304,15
31	8	10,28	90,16
32	7	8,37	33,39
33	10	2,71	6,26
33	9	639,16	2194,07
34	3	15,59	108,52
34	6	2,62	9,7
35	8	1,96	17,14
35	6	23,41	86,73
35	2	5,85	17,84
36	4	37,05	328,96
36	6	10,99	40,73
36	7	2,51	10,01
37	5	11,18	139,98
38	8	3,95	34,64
39	7	8,7	34,69
39	6	4,8	17,77
39	4	5,2	46,13
40	6	1,59	5,91
40	5	1,17	14,65
41	3	23,69	164,9
41	5	57,37	718,57
42	2	23,82	72,66
42	7	1,55	6,18
43	8	5,56	48,72
43	2	41,02	125,13
44	1	98,91	378,83
44	10	34,95	80,82
45	4	3,1	27,57
46	8	21,75	190,63
46	3	0,67	4,69
47	1	242,1	927,22
48	8	2,17	19,05
48	2	23,69	72,25
49	6	6,72	24,9
49	5	10,51	131,69
50	1	2,86	10,97
50	2	2,12	6,48
50	3	0,76	5,31
50	4	4,65	41,28
50	8	126,22	1106,48
51	6	30,7	113,73
51	1	3925,4	15034,08
52	3	81,81	569,51
53	5	8,4	105,21
54	9	2,04	7,02
55	3	14,7	102,31
55	7	108,85	434,09
55	8	12,5	109,6
56	7	54,67	218,04
56	6	34,56	128,04
57	2	10,8	32,94
57	7	0,95	3,78
58	6	8,19	30,34
59	7	22,43	89,44
59	10	8,32	19,25
60	1	26,13	100,08
60	8	23,57	206,67
61	1	1,6	6,12
61	2	53,63	163,59
61	5	26,67	334,08
62	2	3,26	9,96
63	1	14,07	53,88
63	3	63,54	442,32
63	6	23,57	87,32
63	7	11,13	44,38
64	3	15,6	108,57
64	7	4,97	19,83
65	2	7	21,36
65	4	4,48	39,81
65	8	37,61	329,68
66	5	22,42	280,78
66	3	17,18	119,62
66	2	32,2	98,23
67	8	17,91	157,02
68	1	24,23	92,81
69	9	28,54	97,98
69	7	29,38	117,17
69	2	8,9	27,16
70	9	677,84	2326,85
71	2	1,76	5,37
71	5	32,37	405,45
71	9	1344,89	4616,67
72	3	10,21	71,07
72	1	1,34	5,15
73	1	18,09	69,28
74	6	6,81	25,21
74	3	4,78	33,28
75	9	14,48	49,7
75	1	18,5	70,86
76	5	18,2	227,96
76	8	27,98	245,3
76	9	8,39	28,78
77	1	49,94	191,28
77	4	3,13	27,81
77	5	5,16	64,57
77	6	39,33	145,74
77	7	5,36	21,37
78	6	111,17	411,9
78	2	8,67	26,44
79	7	10,73	42,8
79	9	14,22	48,8
80	1	12,16	46,55
80	4	43,97	390,38
81	5	27,24	341,15
81	10	180,48	417,35
82	10	6,33	14,63
82	9	522,8	1794,65
82	7	1,65	6,6
82	3	20,24	140,88
82	2	16,79	51,23
83	8	15,44	135,36
83	6	11,95	44,26
83	3	55	382,85
83	2	247,89	756,17
84	3	18,92	131,72
84	4	3,12	27,7
84	6	36,71	136
84	8	10,09	88,44
85	2	2,4	7,31
85	6	6,6	24,45
85	8	43,89	384,72
86	1	121,45	465,15
86	7	366,24	1460,61
86	8	11,54	101,14
87	6	4,74	17,56
87	8	6,82	59,79
87	9	9,82	33,72
88	10	2,75	6,37
88	7	1,56	6,23
88	6	62,63	232,06
89	1	8,25	31,59
89	4	342,52	3041,03
89	6	3,96	14,67
89	7	31,85	127
90	8	19,89	174,33
90	7	2,15	8,58
90	6	1,66	6,16
90	1	75	287,23
91	6	173,26	641,95
91	1	14,36	55
92	2	38,14	116,35
92	5	137,97	1727,95
93	10	0,63	1,46
93	9	51,25	175,91
93	6	5,05	18,71
93	3	1,74	12,09
94	1	1,14	4,36
94	2	5,53	16,87
95	4	2,52	22,34
96	10	5,13	11,86
96	8	5,08	44,52
97	9	30,66	105,25
97	8	1,82	15,97
98	10	17,25	39,88
99	4	86,18	765,12
99	1	74,1	283,8
100	9	61,41	210,82
100	7	56,33	224,63
100	5	2,06	25,82
100	4	4,15	36,85
100	2	7,66	23,35

#jobId ddate weight rdate
1	121,47	9	26,173
2	12,834	3	70,176
3	137,074	37	1,399
4	125,568	8	5,232
5	66,51	13	24,192
6	136,81	26	307,884
7	46,268	3	60,027
8	105,158	6	144,703
9	80,277	31	89,732
10	85,715	2	108,326
11	50,997	14	69,143
12	77,777	39	128,444
13	72,915	3	46,701
14	133,576	16	294,502
15	150,239	12	83,051
16	119,168	48	204,008
17	58,234	39	40,557
18	60,692	38	91,738
19	63,639	32	32,623
20	9,657	47	188,378
21	69,028	33	102,718
22	113,803	40	149,141
23	143,261	34	300,73
24	77,421	40	127,79
25	77,823	14	148,649
26	119,234	10	233,102
27	142,802	32	245,481
28	105,81	11	54,962
29	41,512	46	303,874
30	80,848	15	28,277
31	24,379	28	126,516
32	16,489	30	129,096
33	103,113	39	72,872
34	68,609	35	275,079
35	47,678	36	284,89
36	156,816	41	289,003
37	79,548	19	212,074
38	71,541	41	56,975
39	47,36	8	249,699
40	74,284	26	144,581
41	140,974	42	124,826
42	61,596	1	106,084
43	39,798	3	122,668
44	110,134	25	32,241
45	63,871	45	148,386
46	152,855	15	116,264
47	77,502	3	92,658
48	17,158	22	2,601
49	148,15	11	228,94
50	119,345	31	261,521
51	72,014	39	57,659
52	44,321	23	178,533
53	138,676	28	295,429
54	117,379	26	234,035
55	123,4	28	262,091
56	142,91	36	15,34
57	147,879	21	112,275
58	138,842	8	316,828
59	76,83	19	247,631
60	66,493	31	150,156
61	127,498	28	164,17
62	70,078	46	76,24
63	115,969	45	39,099
64	71,706	22	28,357
65	118,897	28	243,51
66	85,901	10	110,781
67	141,45	33	10,48
68	80,476	23	266,196
69	34,613	10	189,608
70	99,816	39	258,247
71	14,014	23	144,367
72	150,831	11	303,025
73	152,594	29	106,643
74	102,625	46	53,881
75	131	13	152,346
76	156,3	12	39,889
77	96,65	21	305,123
78	29,226	22	173,351
79	155,037	34	94,043
80	17,583	32	70,931
81	116,876	16	32,307
82	19,476	32	115,384
83	161,045	40	259,397
84	56,012	1	189,878
85	100,594	43	77,649
86	118,679	18	222,217
87	32,664	23	79,889
88	157,02	42	6,332
89	58,658	45	292,842
90	2,799	32	314,852
91	85,945	6	270,022
92	149,609	4	294,763
93	97,694	6	223,048
94	99,964	16	313,775
95	66,417	18	81,277
96	66,356	15	180,528
97	91,538	30	72,715
98	53,695	48	293,102
99	30,089	4	242,975
100	75,496	23	244,899

#machId jobPred jobSucc setupTime
1	2	3	17,043
1	2	8	2,162
1	2	9	0,757
1	2	16	7,635
1	2	17	8,771
1	2	22	8,146
1	2	27	2,179
1	2	30	8,39
1	2	44	1,488
1	2	47	3,172
1	2	50	2,493
1	2	51	25,799
1	2	60	0,983
1	2	61	6,411
1	2	63	1,263
1	2	68	11,092
1	2	72	6,11
1	2	73	1,548
1	2	75	8,275
1	2	77	0,908
1	2	80	5,422
1	2	86	3,114
1	2	89	1,201
1	2	90	25,977
1	2	91	1,47
1	2	94	5,762
1	2	99	4,27
1	3	2	11,283
1	3	8	2,581
1	3	9	8,238
1	3	16	0,771
1	3	17	2,045
1	3	22	31,533
1	3	27	1,53
1	3	30	19,689
1	3	44	6,064
1	3	47	2,305
1	3	50	11,035
1	3	51	2,198
1	3	60	0,92
1	3	61	2,705
1	3	63	3,09
1	3	68	1,423
1	3	72	2,794
1	3	73	13,088
1	3	75	5,903
1	3	77	2,843
1	3	80	4,164
1	3	86	2,264
1	3	89	3,364
1	3	90	1,5
1	3	91	16,288
1	3	94	12,992
1	3	99	10,042
1	8	2	2,908
1	8	3	0,534
1	8	9	33,425
1	8	16	3,298
1	8	17	9,58
1	8	22	11,136
1	8	27	4,938
1	8	30	6,943
1	8	44	1,627
1	8	47	7,964
1	8	50	2,974
1	8	51	4,326
1	8	60	1,508
1	8	61	5,198
1	8	63	12,147
1	8	68	8,675
1	8	72	18,405
1	8	73	0,961
1	8	75	14,257
1	8	77	7,063
1	8	80	17,932
1	8	86	6,067
1	8	89	4,993
1	8	90	6,925
1	8	91	8,338
1	8	94	1,482
1	8	99	10
1	9	2	2,253
1	9	3	5,038
1	9	8	5,16
1	9	16	3,563
1	9	17	3,42
1	9	22	12,358
1	9	27	2,445
1	9	30	6,436
1	9	44	1,389
1	9	47	2,181
1	9	50	0,55
1	9	51	9,45
1	9	60	2,645
1	9	61	1,496
1	9	63	1,484
1	9	68	11,94
1	9	72	10,818
1	9	73	3,512
1	9	75	2,116
1	9	77	2,521
1	9	80	16,47
1	9	86	9,924
1	9	89	9,872
1	9	90	12,407
1	9	91	9,485
1	9	94	7,766
1	9	99	6,464
1	16	2	11,722
1	16	3	1,429
1	16	8	9,828
1	16	9	24,312
1	16	17	2,593
1	16	22	15,801
1	16	27	3,099
1	16	30	3,525
1	16	44	5,651
1	16	47	56,049
1	16	50	3,808
1	16	51	2,845
1	16	60	0,723
1	16	61	1,329
1	16	63	2,81
1	16	68	2,162
1	16	72	1,587
1	16	73	1,939
1	16	75	26,644
1	16	77	24,726
1	16	80	5,214
1	16	86	1,22
1	16	89	18,933
1	16	90	23,541
1	16	91	3,321
1	16	94	2,276
1	16	99	12,197
1	17	2	24,836
1	17	3	9,17
1	17	8	6,905
1	17	9	3,44
1	17	16	19,551
1	17	22	1,454
1	17	27	11,429
1	17	30	29,286
1	17	44	4,725
1	17	47	3,376
1	17	50	1,393
1	17	51	3,628
1	17	60	27,233
1	17	61	0,548
1	17	63	17,978
1	17	68	0,527
1	17	72	1,287
1	17	73	3,53
1	17	75	4,583
1	17	77	12,51
1	17	80	2,712
1	17	86	6,931
1	17	89	1,743
1	17	90	17,402
1	17	91	6,582
1	17	94	8,254
1	17	99	16,81
1	22	2	9,101
1	22	3	11,837
1	22	8	2,082
1	22	9	10,245
1	22	16	7,232
1	22	17	0,66
1	22	27	9,375
1	22	30	4,999
1	22	44	5,711
1	22	47	1,663
1	22	50	15,491
1	22	51	1,352
1	22	60	9,108
1	22	61	2,716
1	22	63	11,446
1	22	68	2,691
1	22	72	0,517
1	22	73	4,143
1	22	75	1,051
1	22	77	4,196
1	22	80	2,788
1	22	86	2,022
1	22	89	0,838
1	22	90	1,991
1	22	91	3,609
1	22	94	6,789
1	22	99	0,635
1	27	2	7,351
1	27	3	124,84
1	27	8	0,617
1	27	9	0,902
1	27	16	0,908
1	27	17	4,844
1	27	22	1,909
1	27	30	1,06
1	27	44	17,918
1	27	47	2,433
1	27	50	15,423
1	27	51	23,031
1	27	60	2,286
1	27	61	7,63
1	27	63	5,437
1	27	68	33,903
1	27	72	8,732
1	27	73	10,846
1	27	75	2,254
1	27	77	7,466
1	27	80	3,127
1	27	86	2,798
1	27	89	2,113
1	27	90	8,301
1	27	91	2,03
1	27	94	7,105
1	27	99	6,414
1	30	2	8,755
1	30	3	5,507
1	30	8	1,865
1	30	9	5,434
1	30	16	1,71
1	30	17	0,728
1	30	22	4,164
1	30	27	3,572
1	30	44	64,083
1	30	47	1,518
1	30	50	2,891
1	30	51	1,345
1	30	60	0,979
1	30	61	0,816
1	30	63	8,248
1	30	68	4,686
1	30	72	8,082
1	30	73	5,226
1	30	75	2,695
1	30	77	2,984
1	30	80	5,663
1	30	86	2,86
1	30	89	1,508
1	30	90	2,671
1	30	91	5,015
1	30	94	1,411
1	30	99	5,903
1	44	2	17,118
1	44	3	0,831
1	44	8	5,173
1	44	9	1,456
1	44	16	2,795
1	44	17	2,634
1	44	22	3,55
1	44	27	2,642
1	44	30	11,453
1	44	47	26,367
1	44	50	4,429
1	44	51	0,516
1	44	60	5,352
1	44	61	1,273
1	44	63	1,498
1	44	68	2,222
1	44	72	5,343
1	44	73	4,855
1	44	75	5,047
1	44	77	0,801
1	44	80	2,579
1	44	86	20,137
1	44	89	1,451
1	44	90	6,797
1	44	91	4,516
1	44	94	1,91
1	44	99	2,96
1	47	2	0,654
1	47	3	3,295
1	47	8	2,103
1	47	9	5,994
1	47	16	7,151
1	47	17	4,299
1	47	22	2,142
1	47	27	3,974
1	47	30	2,06
1	47	44	2,591
1	47	50	3,021
1	47	51	1,095
1	47	60	4,258
1	47	61	2,56
1	47	63	7,32
1	47	68	3,635
1	47	72	10,752
1	47	73	1,472
1	47	75	8,925
1	47	77	1,95
1	47	80	29,058
1	47	86	0,788
1	47	89	0,961
1	47	90	0,859
1	47	91	11,771
1	47	94	4,252
1	47	99	3,886
1	50	2	5,021
1	50	3	8,887
1	50	8	15,249
1	50	9	2,145
1	50	16	2,057
1	50	17	1,987
1	50	22	2,533
1	50	27	0,862
1	50	30	3,217
1	50	44	1,124
1	50	47	3,158
1	50	51	7,652
1	50	60	2,74
1	50	61	1,607
1	50	63	23,283
1	50	68	17,276
1	50	72	0,673
1	50	73	1,035
1	50	75	15,178
1	50	77	2,023
1	50	80	1,773
1	50	86	1,169
1	50	89	0,677
1	50	90	7,613
1	50	91	3,034
1	50	94	22,389
1	50	99	9,106
1	51	2	5,742
1	51	3	4,909
1	51	8	6,262
1	51	9	10,535
1	51	16	11,318
1	51	17	2,699
1	51	22	24,656
1	51	27	4,495
1	51	30	13,797
1	51	44	11,789
1	51	47	6,155
1	51	50	13,52
1	51	60	9,859
1	51	61	8,665
1	51	63	4,389
1	51	68	3,068
1	51	72	9,283
1	51	73	1,848
1	51	75	2,891
1	51	77	1,347
1	51	80	3,41
1	51	86	2,74
1	51	89	3,822
1	51	90	1,089
1	51	91	18,344
1	51	94	1,466
1	51	99	4,907
1	60	2	27,555
1	60	3	6,815
1	60	8	1,277
1	60	9	7,03
1	60	16	13,295
1	60	17	4,734
1	60	22	15,366
1	60	27	2,129
1	60	30	10,081
1	60	44	3,866
1	60	47	3,945
1	60	50	12,805
1	60	51	4,002
1	60	61	1,403
1	60	63	9,663
1	60	68	8,475
1	60	72	30,035
1	60	73	3,639
1	60	75	12,707
1	60	77	11,299
1	60	80	1,201
1	60	86	19,254
1	60	89	6,836
1	60	90	3,605
1	60	91	23,03
1	60	94	3,343
1	60	99	14,631
1	61	2	3,553
1	61	3	4,657
1	61	8	1,374
1	61	9	1,86
1	61	16	2,378
1	61	17	1,524
1	61	22	10,414
1	61	27	1,175
1	61	30	1,092
1	61	44	0,919
1	61	47	16,13
1	61	50	12,305
1	61	51	0,515
1	61	60	0,617
1	61	63	5,079
1	61	68	13,826
1	61	72	1,161
1	61	73	3,857
1	61	75	2,39
1	61	77	5,377
1	61	80	4,846
1	61	86	0,679
1	61	89	1,976
1	61	90	11,352
1	61	91	3,575
1	61	94	12,304
1	61	99	1,531
1	63	2	5,421
1	63	3	2,526
1	63	8	37,231
1	63	9	6,582
1	63	16	5,537
1	63	17	7,291
1	63	22	3,286
1	63	27	5,16
1	63	30	1,317
1	63	44	4,19
1	63	47	1,355
1	63	50	1,092
1	63	51	1,799
1	63	60	26,308
1	63	61	1,538
1	63	68	22,587
1	63	72	2,604
1	63	73	14,216
1	63	75	19,812
1	63	77	13,289
1	63	80	4,301
1	63	86	3,051
1	63	89	6,696
1	63	90	8,643
1	63	91	11,428
1	63	94	3,167
1	63	99	11,667
1	68	2	0,832
1	68	3	1,585
1	68	8	12,136
1	68	9	2,889
1	68	16	3,683
1	68	17	4,354
1	68	22	2,874
1	68	27	3,675
1	68	30	14,977
1	68	44	2,867
1	68	47	3,482
1	68	50	5,288
1	68	51	11,101
1	68	60	1,006
1	68	61	9,085
1	68	63	6,326
1	68	72	7,496
1	68	73	11,679
1	68	75	29,623
1	68	77	2,976
1	68	80	14,105
1	68	86	4,153
1	68	89	0,842
1	68	90	1,757
1	68	91	0,856
1	68	94	6,76
1	68	99	2,226
1	72	2	11,217
1	72	3	0,82
1	72	8	27,553
1	72	9	0,803
1	72	16	2,219
1	72	17	16,022
1	72	22	3,642
1	72	27	6,343
1	72	30	3,415
1	72	44	4,972
1	72	47	2,809
1	72	50	8,186
1	72	51	4,073
1	72	60	3,699
1	72	61	3,36
1	72	63	17,542
1	72	68	0,847
1	72	73	1,899
1	72	75	1,699
1	72	77	1,404
1	72	80	6,916
1	72	86	1,556
1	72	89	14,192
1	72	90	0,974
1	72	91	5,903
1	72	94	0,655
1	72	99	15,786
1	73	2	2,123
1	73	3	1,065
1	73	8	1,467
1	73	9	8,829
1	73	16	4,044
1	73	17	14,965
1	73	22	1,071
1	73	27	0,824
1	73	30	27,137
1	73	44	5,817
1	73	47	18,747
1	73	50	9,564
1	73	51	12,789
1	73	60	1,872
1	73	61	1,757
1	73	63	2,433
1	73	68	2,124
1	73	72	11,325
1	73	75	15,166
1	73	77	1,532
1	73	80	3,263
1	73	86	4,735
1	73	89	8,284
1	73	90	9,77
1	73	91	12,326
1	73	94	14,916
1	73	99	2,329
1	75	2	7,576
1	75	3	0,938
1	75	8	3,516
1	75	9	3,717
1	75	16	0,602
1	75	17	6,296
1	75	22	4,114
1	75	27	4,309
1	75	30	7,988
1	75	44	14,37
1	75	47	39,685
1	75	50	10,008
1	75	51	2,831
1	75	60	9,453
1	75	61	6,616
1	75	63	5,92
1	75	68	8,377
1	75	72	7,351
1	75	73	2,288
1	75	77	4,122
1	75	80	0,726
1	75	86	3,575
1	75	89	5,528
1	75	90	6,786
1	75	91	2,038
1	75	94	2,066
1	75	99	0,826
1	77	2	4,659
1	77	3	1,183
1	77	8	6,61
1	77	9	9,92
1	77	16	5,336
1	77	17	2,685
1	77	22	1,221
1	77	27	36,216
1	77	30	3,431
1	77	44	5,498
1	77	47	0,97
1	77	50	0,851
1	77	51	21,361
1	77	60	0,76
1	77	61	1,895
1	77	63	25,205
1	77	68	2,307
1	77	72	1,758
1	77	73	9,753
1	77	75	1,952
1	77	80	9,613
1	77	86	5,295
1	77	89	2,052
1	77	90	8,314
1	77	91	1,125
1	77	94	8,442
1	77	99	1,971
1	80	2	0,92
1	80	3	1,38
1	80	8	5,156
1	80	9	6,562
1	80	16	8,186
1	80	17	10,487
1	80	22	0,57
1	80	27	4,738
1	80	30	9,559
1	80	44	5,542
1	80	47	4,509
1	80	50	2,127
1	80	51	23,524
1	80	60	8,182
1	80	61	5,21
1	80	63	8,487
1	80	68	4,918
1	80	72	4,416
1	80	73	2,679
1	80	75	1,622
1	80	77	1,171
1	80	86	2,735
1	80	89	10,664
1	80	90	2,286
1	80	91	3,208
1	80	94	13,149
1	80	99	10,867
1	86	2	1,957
1	86	3	3,568
1	86	8	17,334
1	86	9	3,709
1	86	16	4,903
1	86	17	2,688
1	86	22	39,971
1	86	27	0,685
1	86	30	1,546
1	86	44	3,989
1	86	47	7,289
1	86	50	6,802
1	86	51	5,683
1	86	60	3,12
1	86	61	8,005
1	86	63	7,093
1	86	68	7,926
1	86	72	2,376
1	86	73	0,999
1	86	75	22,013
1	86	77	5,82
1	86	80	1,206
1	86	89	1,445
1	86	90	7,618
1	86	91	1,468
1	86	94	3,515
1	86	99	5,908
1	89	2	7,972
1	89	3	3,244
1	89	8	1,196
1	89	9	4,563
1	89	16	10,14
1	89	17	4,179
1	89	22	4,771
1	89	27	1,615
1	89	30	16,765
1	89	44	17,342
1	89	47	16,675
1	89	50	7,778
1	89	51	5,686
1	89	60	4,93
1	89	61	3,021
1	89	63	4,869
1	89	68	0,73
1	89	72	3,246
1	89	73	0,747
1	89	75	4,122
1	89	77	8,921
1	89	80	9,166
1	89	86	6,905
1	89	90	0,612
1	89	91	5,805
1	89	94	3,778
1	89	99	0,777
1	90	2	2,958
1	90	3	6,855
1	90	8	0,822
1	90	9	1,179
1	90	16	4,746
1	90	17	0,681
1	90	22	6,069
1	90	27	4,04
1	90	30	4,904
1	90	44	1,005
1	90	47	3,446
1	90	50	2,745
1	90	51	10,992
1	90	60	0,632
1	90	61	23,809
1	90	63	14,839
1	90	68	6,477
1	90	72	0,902
1	90	73	1,873
1	90	75	2,989
1	90	77	1,517
1	90	80	1,502
1	90	86	4,463
1	90	89	12,383
1	90	91	2,982
1	90	94	0,633
1	90	99	8,763
1	91	2	0,597
1	91	3	2,228
1	91	8	0,817
1	91	9	0,784
1	91	16	23,288
1	91	17	4,932
1	91	22	1,243
1	91	27	0,646
1	91	30	0,841
1	91	44	1,253
1	91	47	3,934
1	91	50	0,758
1	91	51	6,632
1	91	60	2,052
1	91	61	2,763
1	91	63	9,121
1	91	68	17,539
1	91	72	5,468
1	91	73	4,411
1	91	75	1,053
1	91	77	2,862
1	91	80	12,267
1	91	86	9,076
1	91	89	8,837
1	91	90	14,161
1	91	94	2,128
1	91	99	10,561
1	94	2	19,348
1	94	3	1,047
1	94	8	11,309
1	94	9	7,262
1	94	16	0,886
1	94	17	22,123
1	94	22	3,345
1	94	27	3,595
1	94	30	1,593
1	94	44	2,362
1	94	47	2,688
1	94	50	7,991
1	94	51	2,012
1	94	60	1,519
1	94	61	1,765
1	94	63	3,149
1	94	68	1,265
1	94	72	2,37
1	94	73	10,971
1	94	75	13,765
1	94	77	7,933
1	94	80	7,194
1	94	86	3,999
1	94	89	8,907
1	94	90	3,368
1	94	91	4,2
1	94	99	2,77
1	99	2	8,312
1	99	3	7,366
1	99	8	0,563
1	99	9	19,333
1	99	16	8,199
1	99	17	17,871
1	99	22	3,919
1	99	27	5,577
1	99	30	2,192
1	99	44	3,77
1	99	47	28,957
1	99	50	0,56
1	99	51	1,318
1	99	60	7,871
1	99	61	0,506
1	99	63	1,547
1	99	68	9,829
1	99	72	1,154
1	99	73	3,878
1	99	75	1,963
1	99	77	0,662
1	99	80	6,72
1	99	86	5,654
1	99	89	7,596
1	99	90	2,247
1	99	91	4,611
1	99	94	4,043
2	5	8	1,211
2	5	14	1,925
2	5	15	2,771
2	5	20	6,008
2	5	24	2,301
2	5	29	1,867
2	5	31	0,642
2	5	35	3,598
2	5	42	10,339
2	5	43	7,278
2	5	48	2,303
2	5	50	2,127
2	5	57	5,465
2	5	61	2,917
2	5	62	0,624
2	5	65	14,053
2	5	66	30,206
2	5	69	14,608
2	5	71	10,433
2	5	78	0,516
2	5	82	15,651
2	5	83	1,413
2	5	85	0,849
2	5	92	5,943
2	5	94	9,462
2	5	100	2,618
2	8	5	12,219
2	8	14	8,334
2	8	15	4,985
2	8	20	16,234
2	8	24	5,364
2	8	29	5,997
2	8	31	3,571
2	8	35	4,204
2	8	42	4,783
2	8	43	8,081
2	8	48	16,328
2	8	50	45,562
2	8	57	3,145
2	8	61	6,578
2	8	62	13,004
2	8	65	7,8
2	8	66	4,814
2	8	69	8,866
2	8	71	0,639
2	8	78	8,412
2	8	82	0,66
2	8	83	7,686
2	8	85	8,711
2	8	92	15,791
2	8	94	6,203
2	8	100	8,119
2	14	5	42,05
2	14	8	6,938
2	14	15	5,164
2	14	20	1,679
2	14	24	11,886
2	14	29	24,669
2	14	31	3,269
2	14	35	13,256
2	14	42	11,275
2	14	43	1,91
2	14	48	3,145
2	14	50	11,075
2	14	57	7,028
2	14	61	1,323
2	14	62	0,502
2	14	65	10,807
2	14	66	2,853
2	14	69	2,415
2	14	71	5,828
2	14	78	11,991
2	14	82	1,178
2	14	83	3,809
2	14	85	1,577
2	14	92	3,251
2	14	94	12,234
2	14	100	6,002
2	15	5	1,258
2	15	8	2,185
2	15	14	6,075
2	15	20	9,218
2	15	24	7,337
2	15	29	6,216
2	15	31	6,13
2	15	35	1,325
2	15	42	0,667
2	15	43	4,611
2	15	48	1,792
2	15	50	1,066
2	15	57	25,33
2	15	61	5,384
2	15	62	10,104
2	15	65	9,536
2	15	66	5,232
2	15	69	3,08
2	15	71	9,857
2	15	78	3,776
2	15	82	4,644
2	15	83	4,155
2	15	85	3,998
2	15	92	18,238
2	15	94	0,923
2	15	100	3,261
2	20	5	2,07
2	20	8	2,875
2	20	14	3,405
2	20	15	5,515
2	20	24	2,663
2	20	29	5,058
2	20	31	8,829
2	20	35	0,956
2	20	42	0,971
2	20	43	4,721
2	20	48	2,834
2	20	50	0,534
2	20	57	5,089
2	20	61	10,094
2	20	62	2,596
2	20	65	3,159
2	20	66	2,561
2	20	69	23,639
2	20	71	14,765
2	20	78	3,529
2	20	82	1,295
2	20	83	3,022
2	20	85	17,088
2	20	92	10,113
2	20	94	7,695
2	20	100	6,171
2	24	5	4,701
2	24	8	7,563
2	24	14	0,97
2	24	15	4,605
2	24	20	1,607
2	24	29	0,755
2	24	31	16,899
2	24	35	6,733
2	24	42	3,729
2	24	43	4,024
2	24	48	13,313
2	24	50	1,44
2	24	57	3,801
2	24	61	9,796
2	24	62	7,925
2	24	65	3,893
2	24	66	1,891
2	24	69	1,756
2	24	71	0,6
2	24	78	3,252
2	24	82	8,97
2	24	83	5,912
2	24	85	0,685
2	24	92	2,315
2	24	94	11,109
2	24	100	5,786
2	29	5	1,003
2	29	8	14,038
2	29	14	17,832
2	29	15	26,112
2	29	20	11,087
2	29	24	1,394
2	29	31	20,432
2	29	35	1,956
2	29	42	5,773
2	29	43	0,584
2	29	48	1,726
2	29	50	0,633
2	29	57	1,112
2	29	61	1,93
2	29	62	4,407
2	29	65	1,886
2	29	66	1,295
2	29	69	6,729
2	29	71	7,861
2	29	78	2,297
2	29	82	5,099
2	29	83	3,68
2	29	85	3,197
2	29	92	8,982
2	29	94	6,738
2	29	100	4,33
2	31	5	8,638
2	31	8	15,346
2	31	14	10,505
2	31	15	7,268
2	31	20	1,746
2	31	24	9,432
2	31	29	1,939
2	31	35	2,417
2	31	42	5,966
2	31	43	5,465
2	31	48	1,459
2	31	50	2,776
2	31	57	8,738
2	31	61	18,876
2	31	62	6,776
2	31	65	13,282
2	31	66	1,595
2	31	69	1,688
2	31	71	3,638
2	31	78	5,186
2	31	82	7,558
2	31	83	3,008
2	31	85	2,59
2	31	92	0,886
2	31	94	13,46
2	31	100	1,197
2	35	5	3,142
2	35	8	1,838
2	35	14	2,942
2	35	15	1,247
2	35	20	5,816
2	35	24	10,888
2	35	29	4,948
2	35	31	21,797
2	35	42	0,503
2	35	43	1,505
2	35	48	2,287
2	35	50	4,271
2	35	57	0,878
2	35	61	9,284
2	35	62	6,411
2	35	65	0,745
2	35	66	2,977
2	35	69	1,362
2	35	71	5,953
2	35	78	0,892
2	35	82	6,354
2	35	83	4,984
2	35	85	21,122
2	35	92	5,352
2	35	94	2,683
2	35	100	1,629
2	42	5	32,498
2	42	8	4,734
2	42	14	9,923
2	42	15	2,034
2	42	20	0,666
2	42	24	3,762
2	42	29	7,846
2	42	31	2,858
2	42	35	1,068
2	42	43	9,061
2	42	48	9,731
2	42	50	1,691
2	42	57	12,708
2	42	61	3,477
2	42	62	6,085
2	42	65	1,267
2	42	66	5,105
2	42	69	4,563
2	42	71	4,66
2	42	78	0,997
2	42	82	6,146
2	42	83	5,557
2	42	85	0,621
2	42	92	1,824
2	42	94	2,413
2	42	100	23,383
2	43	5	15,025
2	43	8	1,851
2	43	14	0,93
2	43	15	1,021
2	43	20	3,498
2	43	24	4,579
2	43	29	4,69
2	43	31	2,396
2	43	35	9,852
2	43	42	21,477
2	43	48	28,54
2	43	50	4,156
2	43	57	19,709
2	43	61	9,554
2	43	62	2,71
2	43	65	1,176
2	43	66	8,268
2	43	69	0,863
2	43	71	10,1
2	43	78	0,558
2	43	82	1,023
2	43	83	2,894
2	43	85	3,266
2	43	92	3,779
2	43	94	3,269
2	43	100	11,46
2	48	5	1,257
2	48	8	2,245
2	48	14	5,427
2	48	15	4,249
2	48	20	17,71
2	48	24	15,444
2	48	29	7,597
2	48	31	5,347
2	48	35	3,383
2	48	42	13,849
2	48	43	2,067
2	48	50	10,614
2	48	57	6,185
2	48	61	4,058
2	48	62	8,97
2	48	65	9,181
2	48	66	18,111
2	48	69	3,329
2	48	71	5,592
2	48	78	14,977
2	48	82	5,383
2	48	83	12,782
2	48	85	17,364
2	48	92	1,01
2	48	94	7,224
2	48	100	1,276
2	50	5	6,185
2	50	8	9,356
2	50	14	1,931
2	50	15	2,251
2	50	20	12,879
2	50	24	1,009
2	50	29	1,326
2	50	31	7,438
2	50	35	5,336
2	50	42	0,82
2	50	43	14,564
2	50	48	1,291
2	50	57	2,309
2	50	61	1,749
2	50	62	5,491
2	50	65	28,568
2	50	66	1,1
2	50	69	1,525
2	50	71	2,448
2	50	78	3,802
2	50	82	13,06
2	50	83	5,413
2	50	85	0,828
2	50	92	0,666
2	50	94	0,558
2	50	100	11,114
2	57	5	8,137
2	57	8	7,242
2	57	14	28,464
2	57	15	7,204
2	57	20	17,052
2	57	24	2,53
2	57	29	11,154
2	57	31	5,418
2	57	35	16,769
2	57	42	2,616
2	57	43	3,692
2	57	48	3,122
2	57	50	11,637
2	57	61	0,724
2	57	62	5,851
2	57	65	15,37
2	57	66	1,899
2	57	69	1,966
2	57	71	4,186
2	57	78	11,169
2	57	82	8,133
2	57	83	4,704
2	57	85	7,125
2	57	92	17,315
2	57	94	5,507
2	57	100	14,962
2	61	5	1,312
2	61	8	2,899
2	61	14	4,271
2	61	15	2,908
2	61	20	6,237
2	61	24	24,745
2	61	29	3,736
2	61	31	5,329
2	61	35	13,227
2	61	42	4,026
2	61	43	0,779
2	61	48	3,45
2	61	50	0,861
2	61	57	1,762
2	61	62	3,683
2	61	65	4,505
2	61	66	4,009
2	61	69	29,367
2	61	71	10,849
2	61	78	8,092
2	61	82	5,805
2	61	83	28,896
2	61	85	13,984
2	61	92	0,902
2	61	94	1,675
2	61	100	0,854
2	62	5	5,566
2	62	8	0,905
2	62	14	2,147
2	62	15	0,894
2	62	20	5,422
2	62	24	1,494
2	62	29	0,88
2	62	31	0,942
2	62	35	1,714
2	62	42	10,747
2	62	43	5,983
2	62	48	2,784
2	62	50	7,733
2	62	57	7,096
2	62	61	9,618
2	62	65	12,912
2	62	66	0,682
2	62	69	19,626
2	62	71	7,613
2	62	78	2,307
2	62	82	0,66
2	62	83	1,096
2	62	85	0,797
2	62	92	0,95
2	62	94	14,607
2	62	100	2,409
2	65	5	3,848
2	65	8	5,804
2	65	14	5,705
2	65	15	7,845
2	65	20	1,018
2	65	24	11,442
2	65	29	3,439
2	65	31	4,402
2	65	35	4,08
2	65	42	19,469
2	65	43	8,394
2	65	48	8,423
2	65	50	6,879
2	65	57	9,089
2	65	61	1,598
2	65	62	1,598
2	65	66	3,389
2	65	69	7,426
2	65	71	6,754
2	65	78	15,965
2	65	82	10,658
2	65	83	20,349
2	65	85	2,119
2	65	92	15,113
2	65	94	17,859
2	65	100	29,41
2	66	5	3,924
2	66	8	3,478
2	66	14	4,813
2	66	15	1,298
2	66	20	4,032
2	66	24	10,288
2	66	29	9,919
2	66	31	3,944
2	66	35	2,477
2	66	42	1,18
2	66	43	6,25
2	66	48	11,264
2	66	50	10,712
2	66	57	2,135
2	66	61	1,142
2	66	62	2,738
2	66	65	1,969
2	66	69	15,672
2	66	71	2,316
2	66	78	1,731
2	66	82	42,187
2	66	83	34,961
2	66	85	4,064
2	66	92	2,001
2	66	94	8,838
2	66	100	8,204
2	69	5	1,511
2	69	8	7,428
2	69	14	9,982
2	69	15	12,125
2	69	20	10,892
2	69	24	3,999
2	69	29	1,118
2	69	31	6,088
2	69	35	4,926
2	69	42	3,514
2	69	43	5,006
2	69	48	2,816
2	69	50	4,225
2	69	57	27,595
2	69	61	3,875
2	69	62	7,023
2	69	65	33,016
2	69	66	7,8
2	69	71	1,3
2	69	78	23,714
2	69	82	1,472
2	69	83	8,519
2	69	85	12,363
2	69	92	2,148
2	69	94	3,828
2	69	100	2,024
2	71	5	9,111
2	71	8	5,928
2	71	14	2,373
2	71	15	4,206
2	71	20	27,832
2	71	24	3,083
2	71	29	0,553
2	71	31	8,668
2	71	35	1,677
2	71	42	10,524
2	71	43	7,881
2	71	48	1,161
2	71	50	9,61
2	71	57	3,727
2	71	61	1,694
2	71	62	2,295
2	71	65	1,823
2	71	66	1,324
2	71	69	4,846
2	71	78	2,465
2	71	82	3,706
2	71	83	2,77
2	71	85	33,295
2	71	92	2,37
2	71	94	4,19
2	71	100	2,935
2	78	5	3,973
2	78	8	2,794
2	78	14	2,735
2	78	15	11,419
2	78	20	19,886
2	78	24	1,294
2	78	29	11,19
2	78	31	1,325
2	78	35	3,389
2	78	42	3,317
2	78	43	7,935
2	78	48	1,518
2	78	50	8,698
2	78	57	1,679
2	78	61	8,537
2	78	62	8,698
2	78	65	0,831
2	78	66	7,449
2	78	69	2,184
2	78	71	1,671
2	78	82	2,034
2	78	83	9,666
2	78	85	4,243
2	78	92	1,779
2	78	94	2,013
2	78	100	14,347
2	82	5	15,65
2	82	8	7,294
2	82	14	3,848
2	82	15	15,763
2	82	20	1,933
2	82	24	4,287
2	82	29	4,158
2	82	31	4,309
2	82	35	4,333
2	82	42	1,227
2	82	43	0,637
2	82	48	12,262
2	82	50	2,29
2	82	57	5,621
2	82	61	12,116
2	82	62	1,404
2	82	65	1,983
2	82	66	23,504
2	82	69	1,451
2	82	71	1,251
2	82	78	5,002
2	82	83	13,141
2	82	85	5,056
2	82	92	7,66
2	82	94	2,3
2	82	100	2,299
2	83	5	8,997
2	83	8	1,978
2	83	14	3,225
2	83	15	1,128
2	83	20	6,468
2	83	24	3,401
2	83	29	2,298
2	83	31	5,228
2	83	35	2,321
2	83	42	10,324
2	83	43	3,509
2	83	48	3,151
2	83	50	3,433
2	83	57	1,125
2	83	61	2,116
2	83	62	7,184
2	83	65	1,238
2	83	66	0,976
2	83	69	2,055
2	83	71	3,414
2	83	78	1,686
2	83	82	2,956
2	83	85	4,503
2	83	92	4,62
2	83	94	3,346
2	83	100	19,824
2	85	5	3,523
2	85	8	2,172
2	85	14	5,201
2	85	15	1,734
2	85	20	15,797
2	85	24	1,856
2	85	29	2,036
2	85	31	7,196
2	85	35	5,014
2	85	42	8,307
2	85	43	2,255
2	85	48	35,44
2	85	50	8,43
2	85	57	5,373
2	85	61	4,629
2	85	62	14,417
2	85	65	3,394
2	85	66	1,66
2	85	69	1,683
2	85	71	7,69
2	85	78	1,315
2	85	82	1,841
2	85	83	3,525
2	85	92	2,981
2	85	94	2,955
2	85	100	2,934
2	92	5	26,405
2	92	8	2,539
2	92	14	1,067
2	92	15	15,384
2	92	20	5,067
2	92	24	10,487
2	92	29	15,355
2	92	31	13,257
2	92	35	5,591
2	92	42	5,929
2	92	43	5,21
2	92	48	9,826
2	92	50	3,819
2	92	57	2,835
2	92	61	3,318
2	92	62	43,942
2	92	65	11,067
2	92	66	5,077
2	92	69	9,44
2	92	71	17,742
2	92	78	4,527
2	92	82	4,912
2	92	83	2,077
2	92	85	4,11
2	92	94	1,658
2	92	100	1,212
2	94	5	0,983
2	94	8	4,925
2	94	14	1,794
2	94	15	2,389
2	94	20	1,318
2	94	24	3,25
2	94	29	11,772
2	94	31	13,907
2	94	35	1,202
2	94	42	2,968
2	94	43	7,793
2	94	48	5,788
2	94	50	0,975
2	94	57	20,157
2	94	61	1,176
2	94	62	4,09
2	94	65	8,119
2	94	66	8,06
2	94	69	1,888
2	94	71	1,595
2	94	78	1,367
2	94	82	5,117
2	94	83	4,551
2	94	85	3,747
2	94	92	5,773
2	94	100	5,885
2	100	5	11,888
2	100	8	31,653
2	100	14	5,966
2	100	15	2,109
2	100	20	1,395
2	100	24	3,111
2	100	29	8,677
2	100	31	22,72
2	100	35	2,163
2	100	42	14,956
2	100	43	2,376
2	100	48	0,511
2	100	50	2,835
2	100	57	1,276
2	100	61	0,793
2	100	62	2,792
2	100	65	35,747
2	100	66	2,709
2	100	69	2,429
2	100	71	26,013
2	100	78	21,109
2	100	82	4,593
2	100	83	0,791
2	100	85	4,604
2	100	92	13,443
2	100	94	33,915
3	4	8	3,709
3	4	9	3,495
3	4	10	24,015
3	4	21	10,727
3	4	31	8,715
3	4	34	6,593
3	4	41	42,55
3	4	46	4,817
3	4	50	13,025
3	4	52	2,123
3	4	55	2,531
3	4	63	19,48
3	4	64	1,462
3	4	66	1,918
3	4	72	10,116
3	4	74	2,886
3	4	82	7,486
3	4	83	2,648
3	4	84	2,765
3	4	93	9,623
3	8	4	8,139
3	8	9	5,268
3	8	10	10,317
3	8	21	10,362
3	8	31	4,209
3	8	34	3,626
3	8	41	6,022
3	8	46	0,533
3	8	50	8,8
3	8	52	59,662
3	8	55	3,988
3	8	63	4,167
3	8	64	6,69
3	8	66	8,542
3	8	72	2,289
3	8	74	6,458
3	8	82	3,414
3	8	83	24,211
3	8	84	43,376
3	8	93	0,553
3	9	4	3,097
3	9	8	10,936
3	9	10	3,197
3	9	21	4,83
3	9	31	0,603
3	9	34	4,557
3	9	41	1,507
3	9	46	1,23
3	9	50	1,684
3	9	52	2,212
3	9	55	2,529
3	9	63	1,436
3	9	64	13,223
3	9	66	2,15
3	9	72	2,52
3	9	74	13,092
3	9	82	5,479
3	9	83	3,27
3	9	84	6,882
3	9	93	4,834
3	10	4	19,715
3	10	8	19,913
3	10	9	8,229
3	10	21	4,701
3	10	31	4,73
3	10	34	3,576
3	10	41	8,217
3	10	46	9,509
3	10	50	6,057
3	10	52	3,263
3	10	55	3,417
3	10	63	1,123
3	10	64	5,333
3	10	66	1,377
3	10	72	5,841
3	10	74	5,004
3	10	82	1,059
3	10	83	3,01
3	10	84	14,018
3	10	93	4,228
3	21	4	1,694
3	21	8	3,569
3	21	9	19,316
3	21	10	0,564
3	21	31	1,133
3	21	34	0,79
3	21	41	10,342
3	21	46	5,243
3	21	50	1,823
3	21	52	2,026
3	21	55	8,717
3	21	63	9,503
3	21	64	1,595
3	21	66	2,077
3	21	72	2,587
3	21	74	6,347
3	21	82	1,098
3	21	83	3,871
3	21	84	1,36
3	21	93	7,246
3	31	4	8,674
3	31	8	1,434
3	31	9	3,227
3	31	10	1,53
3	31	21	7,615
3	31	34	8,881
3	31	41	0,982
3	31	46	1,757
3	31	50	0,921
3	31	52	3,156
3	31	55	2,176
3	31	63	5,334
3	31	64	1,805
3	31	66	24,076
3	31	72	3,518
3	31	74	1,85
3	31	82	5,858
3	31	83	1,784
3	31	84	1,049
3	31	93	7,222
3	34	4	2,171
3	34	8	8,28
3	34	9	0,707
3	34	10	1,743
3	34	21	1,837
3	34	31	4,036
3	34	41	1,387
3	34	46	9,615
3	34	50	6,818
3	34	52	4,762
3	34	55	4,402
3	34	63	9,672
3	34	64	9,181
3	34	66	22,858
3	34	72	2,493
3	34	74	11,495
3	34	82	6,413
3	34	83	1,962
3	34	84	10,506
3	34	93	2,197
3	41	4	4,961
3	41	8	1,443
3	41	9	4,908
3	41	10	4,634
3	41	21	3,273
3	41	31	11,165
3	41	34	4,294
3	41	46	1,697
3	41	50	2,012
3	41	52	4,883
3	41	55	1,044
3	41	63	2,241
3	41	64	6,876
3	41	66	1,412
3	41	72	19,826
3	41	74	3,11
3	41	82	5,357
3	41	83	0,956
3	41	84	6,098
3	41	93	1,314
3	46	4	5,053
3	46	8	4,308
3	46	9	12,647
3	46	10	4,866
3	46	21	4,08
3	46	31	29,46
3	46	34	7,609
3	46	41	0,8
3	46	50	1,12
3	46	52	1,91
3	46	55	2,112
3	46	63	4,047
3	46	64	6,149
3	46	66	6,691
3	46	72	25,67
3	46	74	11,541
3	46	82	15,333
3	46	83	3,228
3	46	84	10,278
3	46	93	6,441
3	50	4	13,762
3	50	8	42,269
3	50	9	5,281
3	50	10	7,409
3	50	21	2,662
3	50	31	0,555
3	50	34	6,507
3	50	41	1,063
3	50	46	0,855
3	50	52	6,604
3	50	55	17,288
3	50	63	5,849
3	50	64	16,206
3	50	66	12,082
3	50	72	16,518
3	50	74	3,591
3	50	82	36,135
3	50	83	1,892
3	50	84	0,806
3	50	93	2,137
3	52	4	7,748
3	52	8	9,42
3	52	9	0,882
3	52	10	7,457
3	52	21	0,977
3	52	31	4,234
3	52	34	2,602
3	52	41	1,353
3	52	46	19,948
3	52	50	2,169
3	52	55	8,733
3	52	63	2,755
3	52	64	3,361
3	52	66	39,436
3	52	72	9,828
3	52	74	3,789
3	52	82	3,266
3	52	83	7,982
3	52	84	6,382
3	52	93	2,66
3	55	4	16,243
3	55	8	3,669
3	55	9	0,53
3	55	10	10,107
3	55	21	0,523
3	55	31	8,277
3	55	34	0,618
3	55	41	2,113
3	55	46	0,832
3	55	50	7,971
3	55	52	12,384
3	55	63	0,982
3	55	64	3,629
3	55	66	8,554
3	55	72	4,048
3	55	74	10,189
3	55	82	2,181
3	55	83	0,663
3	55	84	8,19
3	55	93	10,807
3	63	4	0,924
3	63	8	4,302
3	63	9	6,718
3	63	10	8,599
3	63	21	3,126
3	63	31	3,98
3	63	34	8,5
3	63	41	1,701
3	63	46	13,63
3	63	50	5,645
3	63	52	4,667
3	63	55	2,528
3	63	64	22,413
3	63	66	1,63
3	63	72	2,28
3	63	74	10,035
3	63	82	1,224
3	63	83	1,12
3	63	84	7,44
3	63	93	0,561
3	64	4	21,846
3	64	8	2,403
3	64	9	1,358
3	64	10	7,851
3	64	21	0,512
3	64	31	14,756
3	64	34	7,41
3	64	41	5,595
3	64	46	14,15
3	64	50	0,827
3	64	52	9,978
3	64	55	10,088
3	64	63	3,135
3	64	66	5,169
3	64	72	0,672
3	64	74	0,578
3	64	82	8,493
3	64	83	2,649
3	64	84	10,92
3	64	93	1,957
3	66	4	4,872
3	66	8	10,471
3	66	9	5,192
3	66	10	0,797
3	66	21	0,519
3	66	31	8,819
3	66	34	0,513
3	66	41	6,274
3	66	46	12,303
3	66	50	14,908
3	66	52	4,877
3	66	55	1,024
3	66	63	2,402
3	66	64	1,876
3	66	72	1,75
3	66	74	1,196
3	66	82	12,994
3	66	83	11,961
3	66	84	1,175
3	66	93	2,766
3	72	4	6,556
3	72	8	1,337
3	72	9	9,376
3	72	10	10,616
3	72	21	4,522
3	72	31	0,513
3	72	34	1,183
3	72	41	2,469
3	72	46	23,899
3	72	50	6,824
3	72	52	5,643
3	72	55	3,128
3	72	63	0,696
3	72	64	7,742
3	72	66	8,738
3	72	74	15,142
3	72	82	0,74
3	72	83	9,271
3	72	84	3,561
3	72	93	6,867
3	74	4	2,112
3	74	8	0,646
3	74	9	8,066
3	74	10	8,447
3	74	21	14,825
3	74	31	8,938
3	74	34	1,451
3	74	41	20,553
3	74	46	5,53
3	74	50	11,239
3	74	52	7,459
3	74	55	3,079
3	74	63	3,227
3	74	64	3,268
3	74	66	0,62
3	74	72	4,837
3	74	82	7,05
3	74	83	1,91
3	74	84	4,133
3	74	93	4,759
3	82	4	1,34
3	82	8	13,965
3	82	9	1,283
3	82	10	12,352
3	82	21	3,217
3	82	31	25,507
3	82	34	3,14
3	82	41	1,493
3	82	46	7,603
3	82	50	4,476
3	82	52	2,284
3	82	55	0,774
3	82	63	2,748
3	82	64	0,917
3	82	66	5,94
3	82	72	6,669
3	82	74	2,754
3	82	83	8,315
3	82	84	1,279
3	82	93	4,059
3	83	4	1,156
3	83	8	3,098
3	83	9	8,771
3	83	10	2,968
3	83	21	6,064
3	83	31	9,931
3	83	34	22,062
3	83	41	0,911
3	83	46	5,548
3	83	50	4,776
3	83	52	0,895
3	83	55	5,227
3	83	63	23,185
3	83	64	1,775
3	83	66	0,735
3	83	72	1,037
3	83	74	17,997
3	83	82	6,233
3	83	84	5,564
3	83	93	3,341
3	84	4	6,462
3	84	8	8,173
3	84	9	6,299
3	84	10	1,395
3	84	21	3,338
3	84	31	3,933
3	84	34	21,964
3	84	41	1,525
3	84	46	6,148
3	84	50	3,504
3	84	52	9,265
3	84	55	12,025
3	84	63	14,781
3	84	64	1,254
3	84	66	1,322
3	84	72	5,259
3	84	74	2,568
3	84	82	3,957
3	84	83	8,738
3	84	93	2,481
3	93	4	7,441
3	93	8	4,305
3	93	9	6,342
3	93	10	2,038
3	93	21	1,013
3	93	31	3,702
3	93	34	1,952
3	93	41	5,207
3	93	46	2,607
3	93	50	7,77
3	93	52	3,909
3	93	55	3,434
3	93	63	51,497
3	93	64	1,027
3	93	66	13,937
3	93	72	12,281
3	93	74	1,199
3	93	82	1,685
3	93	83	21,987
3	93	84	12,939
4	9	10	2,754
4	9	13	5,688
4	9	36	5,006
4	9	39	7,319
4	9	45	5,898
4	9	50	5,224
4	9	65	1,909
4	9	77	15,399
4	9	80	1,955
4	9	84	4,017
4	9	89	5,473
4	9	95	7,161
4	9	99	1,423
4	9	100	0,73
4	10	9	2,464
4	10	13	1,892
4	10	36	2,798
4	10	39	7,639
4	10	45	11,991
4	10	50	11,892
4	10	65	11,057
4	10	77	1,406
4	10	80	7,534
4	10	84	3,802
4	10	89	1,297
4	10	95	13,808
4	10	99	15,442
4	10	100	6,076
4	13	9	12,362
4	13	10	22,501
4	13	36	2,977
4	13	39	4,434
4	13	45	0,757
4	13	50	1,663
4	13	65	4,808
4	13	77	3,207
4	13	80	1,968
4	13	84	2,294
4	13	89	2,575
4	13	95	1,082
4	13	99	2,48
4	13	100	0,762
4	36	9	5,025
4	36	10	0,648
4	36	13	12,856
4	36	39	0,765
4	36	45	2,642
4	36	50	1,856
4	36	65	9,034
4	36	77	5,156
4	36	80	1,204
4	36	84	2,664
4	36	89	5,081
4	36	95	6,128
4	36	99	4,038
4	36	100	4,893
4	39	9	7,13
4	39	10	4,201
4	39	13	3,907
4	39	36	5,865
4	39	45	5,707
4	39	50	12,219
4	39	65	19,869
4	39	77	5,91
4	39	80	6,594
4	39	84	4,792
4	39	89	4,428
4	39	95	7,694
4	39	99	11,518
4	39	100	9,624
4	45	9	7,889
4	45	10	1,139
4	45	13	2,432
4	45	36	3,041
4	45	39	5,148
4	45	50	12,225
4	45	65	2,989
4	45	77	3,987
4	45	80	12,433
4	45	84	1,614
4	45	89	2,616
4	45	95	2,996
4	45	99	9,324
4	45	100	2,247
4	50	9	3,374
4	50	10	2,836
4	50	13	2,983
4	50	36	22,708
4	50	39	4,258
4	50	45	3,206
4	50	65	20,779
4	50	77	5,891
4	50	80	1,077
4	50	84	23,193
4	50	89	5,044
4	50	95	7,822
4	50	99	7,814
4	50	100	2,354
4	65	9	6,11
4	65	10	9,051
4	65	13	30,351
4	65	36	9,669
4	65	39	6,967
4	65	45	2,016
4	65	50	15,39
4	65	77	0,617
4	65	80	2,013
4	65	84	2,231
4	65	89	11,027
4	65	95	3,379
4	65	99	2
4	65	100	1,069
4	77	9	1,58
4	77	10	11,051
4	77	13	7,577
4	77	36	25,161
4	77	39	4,754
4	77	45	7,404
4	77	50	6,008
4	77	65	19,651
4	77	80	6,971
4	77	84	7,834
4	77	89	1,544
4	77	95	21,628
4	77	99	2,304
4	77	100	3,722
4	80	9	1,63
4	80	10	11,621
4	80	13	5,803
4	80	36	4,083
4	80	39	4,031
4	80	45	6,527
4	80	50	13,892
4	80	65	0,608
4	80	77	9,847
4	80	84	2,284
4	80	89	9,571
4	80	95	1,523
4	80	99	16,392
4	80	100	0,675
4	84	9	1,579
4	84	10	4,595
4	84	13	2,012
4	84	36	7,435
4	84	39	3,845
4	84	45	6,112
4	84	50	4,065
4	84	65	2,61
4	84	77	19,049
4	84	80	10,082
4	84	89	1,336
4	84	95	3,51
4	84	99	1,074
4	84	100	1,081
4	89	9	8,302
4	89	10	3,472
4	89	13	4,927
4	89	36	2,866
4	89	39	15,785
4	89	45	25,391
4	89	50	3,518
4	89	65	4,171
4	89	77	3,288
4	89	80	3,27
4	89	84	2,347
4	89	95	7,294
4	89	99	5,657
4	89	100	12,909
4	95	9	1,607
4	95	10	1,859
4	95	13	26,526
4	95	36	13,164
4	95	39	18,407
4	95	45	4,245
4	95	50	0,827
4	95	65	2,639
4	95	77	4,633
4	95	80	6,012
4	95	84	4,694
4	95	89	11,913
4	95	99	1,5
4	95	100	2,328
4	99	9	4,401
4	99	10	5,663
4	99	13	5,461
4	99	36	6,898
4	99	39	1,095
4	99	45	10,937
4	99	50	4,604
4	99	65	4,286
4	99	77	8,39
4	99	80	2,551
4	99	84	5,715
4	99	89	14,221
4	99	95	2,904
4	99	100	6,155
4	100	9	3,457
4	100	10	4,386
4	100	13	11,321
4	100	36	8,4
4	100	39	10,76
4	100	45	3,547
4	100	50	9,398
4	100	65	4,437
4	100	77	1,487
4	100	80	1,835
4	100	84	4,199
4	100	89	1,165
4	100	95	3,4
4	100	99	1,72
5	3	8	1,086
5	3	25	1,753
5	3	29	4,99
5	3	37	1,881
5	3	40	9,717
5	3	41	3,878
5	3	49	4,178
5	3	53	1,362
5	3	61	20,578
5	3	66	0,755
5	3	71	5,214
5	3	76	3,631
5	3	77	15,18
5	3	81	7,611
5	3	92	1,996
5	3	100	11,309
5	8	3	12,448
5	8	25	11,267
5	8	29	7,746
5	8	37	2,563
5	8	40	3,824
5	8	41	3,607
5	8	49	12,635
5	8	53	10,257
5	8	61	7,996
5	8	66	11,09
5	8	71	3,38
5	8	76	12,026
5	8	77	5,096
5	8	81	4,966
5	8	92	8,84
5	8	100	4,349
5	25	3	8,253
5	25	8	5,521
5	25	29	7,739
5	25	37	1,065
5	25	40	1,223
5	25	41	3,987
5	25	49	1,932
5	25	53	1,455
5	25	61	4,633
5	25	66	10,254
5	25	71	13,584
5	25	76	24,155
5	25	77	3,942
5	25	81	2,149
5	25	92	3,421
5	25	100	4,864
5	29	3	2,136
5	29	8	11,81
5	29	25	1,502
5	29	37	1,805
5	29	40	1,677
5	29	41	11,412
5	29	49	10,232
5	29	53	1,713
5	29	61	0,574
5	29	66	7,194
5	29	71	13,178
5	29	76	1,641
5	29	77	1,101
5	29	81	7,387
5	29	92	0,823
5	29	100	5,256
5	37	3	1,658
5	37	8	4,861
5	37	25	41,416
5	37	29	24,559
5	37	40	5,088
5	37	41	8,425
5	37	49	0,659
5	37	53	9,151
5	37	61	1,678
5	37	66	4,64
5	37	71	3,356
5	37	76	13,908
5	37	77	1,461
5	37	81	7,008
5	37	92	18,588
5	37	100	2,811
5	40	3	2,196
5	40	8	4,056
5	40	25	4,366
5	40	29	7,815
5	40	37	3,633
5	40	41	3,512
5	40	49	10,26
5	40	53	11,387
5	40	61	1,931
5	40	66	1,18
5	40	71	0,681
5	40	76	5,935
5	40	77	10,358
5	40	81	7,627
5	40	92	7,211
5	40	100	18,416
5	41	3	0,811
5	41	8	9,012
5	41	25	10,757
5	41	29	15,65
5	41	37	10,819
5	41	40	5,198
5	41	49	1,275
5	41	53	14,211
5	41	61	1,303
5	41	66	17,005
5	41	71	9,264
5	41	76	5,678
5	41	77	1,645
5	41	81	2,374
5	41	92	5,816
5	41	100	19,188
5	49	3	12,678
5	49	8	3,441
5	49	25	3,122
5	49	29	28,164
5	49	37	3,011
5	49	40	7,085
5	49	41	53,654
5	49	53	4,322
5	49	61	19,027
5	49	66	13,065
5	49	71	13,436
5	49	76	13,59
5	49	77	4,4
5	49	81	0,628
5	49	92	3,05
5	49	100	2,116
5	53	3	18,469
5	53	8	8,027
5	53	25	83,081
5	53	29	6,094
5	53	37	14,168
5	53	40	2,334
5	53	41	1,359
5	53	49	7,432
5	53	61	2,759
5	53	66	7,759
5	53	71	11,001
5	53	76	8,338
5	53	77	13,105
5	53	81	1,65
5	53	92	5,622
5	53	100	1,638
5	61	3	31,938
5	61	8	1,727
5	61	25	2,354
5	61	29	3,257
5	61	37	0,884
5	61	40	16,48
5	61	41	38,467
5	61	49	0,903
5	61	53	2,961
5	61	66	6,295
5	61	71	4,692
5	61	76	2,342
5	61	77	1,698
5	61	81	4,309
5	61	92	0,504
5	61	100	15,901
5	66	3	1,499
5	66	8	4,838
5	66	25	2,066
5	66	29	13,342
5	66	37	4,317
5	66	40	11,494
5	66	41	1,74
5	66	49	5,504
5	66	53	1,188
5	66	61	19,758
5	66	71	2,891
5	66	76	5,472
5	66	77	2,246
5	66	81	11,975
5	66	92	6,028
5	66	100	8,505
5	71	3	3,697
5	71	8	2,827
5	71	25	10,288
5	71	29	9,8
5	71	37	24,463
5	71	40	26,494
5	71	41	4,372
5	71	49	5,697
5	71	53	4,976
5	71	61	7,045
5	71	66	2,969
5	71	76	4,787
5	71	77	5,318
5	71	81	2,471
5	71	92	9,774
5	71	100	5,476
5	76	3	1,812
5	76	8	0,658
5	76	25	13,061
5	76	29	7,596
5	76	37	2,819
5	76	40	9,149
5	76	41	8,14
5	76	49	1,285
5	76	53	9,556
5	76	61	5,519
5	76	66	15,16
5	76	71	3,182
5	76	77	4,204
5	76	81	2,027
5	76	92	1,592
5	76	100	16,153
5	77	3	11,246
5	77	8	2,804
5	77	25	9,55
5	77	29	1,067
5	77	37	2,159
5	77	40	4,421
5	77	41	3,239
5	77	49	7,818
5	77	53	8,865
5	77	61	0,89
5	77	66	1,313
5	77	71	0,501
5	77	76	7,351
5	77	81	7,138
5	77	92	4,537
5	77	100	3,736
5	81	3	2,55
5	81	8	1,019
5	81	25	6,965
5	81	29	6,795
5	81	37	9,191
5	81	40	3,141
5	81	41	3,15
5	81	49	13,185
5	81	53	1,498
5	81	61	1,339
5	81	66	12,567
5	81	71	1,039
5	81	76	0,887
5	81	77	7,705
5	81	92	8,187
5	81	100	2,19
5	92	3	5,735
5	92	8	10,4
5	92	25	4,506
5	92	29	12,914
5	92	37	1,532
5	92	40	1,318
5	92	41	5,007
5	92	49	18,033
5	92	53	13,286
5	92	61	10,344
5	92	66	6,524
5	92	71	4,871
5	92	76	3,673
5	92	77	5,546
5	92	81	0,526
5	92	100	6,006
5	100	3	4,751
5	100	8	2,024
5	100	25	3,722
5	100	29	2,968
5	100	37	10,689
5	100	40	1,446
5	100	41	12,223
5	100	49	2,76
5	100	53	0,974
5	100	61	1,381
5	100	66	2,465
5	100	71	10,182
5	100	76	4,963
5	100	77	3,463
5	100	81	3,902
5	100	92	0,705
6	1	2	0,966
6	1	6	9,943
6	1	11	14,522
6	1	13	42,272
6	1	17	3,703
6	1	18	0,505
6	1	25	19,026
6	1	26	3,834
6	1	34	12,053
6	1	35	5,22
6	1	36	4,176
6	1	39	2,863
6	1	40	1,135
6	1	49	8,147
6	1	51	5,628
6	1	56	6,461
6	1	58	0,853
6	1	63	0,903
6	1	74	21,295
6	1	77	0,637
6	1	78	2,269
6	1	83	4,171
6	1	84	3,728
6	1	85	4,988
6	1	87	0,74
6	1	88	3,923
6	1	89	6,324
6	1	90	0,768
6	1	91	1,247
6	1	93	4,588
6	2	1	15,66
6	2	6	2,121
6	2	11	0,752
6	2	13	4,195
6	2	17	2,544
6	2	18	7,801
6	2	25	6,331
6	2	26	3,77
6	2	34	1,753
6	2	35	6,326
6	2	36	1,649
6	2	39	14,628
6	2	40	5,366
6	2	49	21,975
6	2	51	5,293
6	2	56	2,003
6	2	58	1,584
6	2	63	4,581
6	2	74	0,67
6	2	77	5,062
6	2	78	8,912
6	2	83	11,786
6	2	84	0,597
6	2	85	1,349
6	2	87	12,252
6	2	88	1,561
6	2	89	0,868
6	2	90	21,093
6	2	91	1,371
6	2	93	10,416
6	6	1	3,59
6	6	2	8,308
6	6	11	11,239
6	6	13	22,696
6	6	17	5,835
6	6	18	1,454
6	6	25	1,607
6	6	26	1,011
6	6	34	7,83
6	6	35	11,508
6	6	36	7,638
6	6	39	14,33
6	6	40	4,372
6	6	49	1,566
6	6	51	15,836
6	6	56	0,931
6	6	58	2,232
6	6	63	5,922
6	6	74	4,236
6	6	77	1,224
6	6	78	2,826
6	6	83	14,221
6	6	84	7,167
6	6	85	1,674
6	6	87	5,241
6	6	88	5,938
6	6	89	5,01
6	6	90	4,021
6	6	91	11,255
6	6	93	1,218
6	11	1	2,362
6	11	2	12,017
6	11	6	1,319
6	11	13	11,537
6	11	17	24,882
6	11	18	3,945
6	11	25	10,235
6	11	26	16,068
6	11	34	5,061
6	11	35	0,674
6	11	36	6,652
6	11	39	19,083
6	11	40	5,051
6	11	49	0,924
6	11	51	14,639
6	11	56	1,667
6	11	58	1,017
6	11	63	2,072
6	11	74	4,584
6	11	77	4,283
6	11	78	1,815
6	11	83	4,323
6	11	84	4,727
6	11	85	3,326
6	11	87	6,07
6	11	88	3,454
6	11	89	31,246
6	11	90	2,534
6	11	91	4,337
6	11	93	13,072
6	13	1	3,821
6	13	2	15,58
6	13	6	12,411
6	13	11	3,382
6	13	17	0,738
6	13	18	10,401
6	13	25	8,766
6	13	26	1,869
6	13	34	1,742
6	13	35	3,123
6	13	36	3,878
6	13	39	1,053
6	13	40	1,862
6	13	49	4,156
6	13	51	11,253
6	13	56	3,29
6	13	58	5,402
6	13	63	7,466
6	13	74	3,995
6	13	77	6,449
6	13	78	7,511
6	13	83	1,792
6	13	84	2,603
6	13	85	10,577
6	13	87	3,861
6	13	88	3,082
6	13	89	5,01
6	13	90	10,553
6	13	91	0,592
6	13	93	1,105
6	17	1	4,416
6	17	2	10,68
6	17	6	5,87
6	17	11	4,499
6	17	13	1,482
6	17	18	10,21
6	17	25	9,304
6	17	26	8,11
6	17	34	5,688
6	17	35	3,695
6	17	36	9,813
6	17	39	19,912
6	17	40	2,353
6	17	49	0,65
6	17	51	3,28
6	17	56	0,967
6	17	58	0,832
6	17	63	0,674
6	17	74	16,493
6	17	77	42,39
6	17	78	10,016
6	17	83	19,157
6	17	84	1,869
6	17	85	2,345
6	17	87	7,358
6	17	88	0,67
6	17	89	7,501
6	17	90	3,776
6	17	91	0,769
6	17	93	0,969
6	18	1	1,713
6	18	2	1,321
6	18	6	0,713
6	18	11	26,335
6	18	13	10,24
6	18	17	9,637
6	18	25	4,219
6	18	26	1,078
6	18	34	3,522
6	18	35	5,304
6	18	36	0,722
6	18	39	3,784
6	18	40	0,703
6	18	49	5,854
6	18	51	20,499
6	18	56	6,54
6	18	58	8,606
6	18	63	13,853
6	18	74	1,268
6	18	77	2,384
6	18	78	2,935
6	18	83	14,892
6	18	84	2,53
6	18	85	0,713
6	18	87	1,05
6	18	88	7,617
6	18	89	3,692
6	18	90	2,003
6	18	91	15,657
6	18	93	0,833
6	25	1	12,881
6	25	2	3,479
6	25	6	3,021
6	25	11	0,557
6	25	13	3,9
6	25	17	3,151
6	25	18	2,605
6	25	26	5,48
6	25	34	3,379
6	25	35	28,168
6	25	36	4,491
6	25	39	8,775
6	25	40	1,581
6	25	49	3,905
6	25	51	3,951
6	25	56	4,616
6	25	58	9,501
6	25	63	12,583
6	25	74	4,255
6	25	77	2,432
6	25	78	2,088
6	25	83	14,219
6	25	84	4,862
6	25	85	1,121
6	25	87	4,845
6	25	88	4,082
6	25	89	12,538
6	25	90	24,125
6	25	91	2,903
6	25	93	8,041
6	26	1	3,524
6	26	2	2,534
6	26	6	1,302
6	26	11	9,616
6	26	13	24,696
6	26	17	6,13
6	26	18	4,074
6	26	25	4,506
6	26	34	2,961
6	26	35	4,1
6	26	36	1,143
6	26	39	0,931
6	26	40	4,576
6	26	49	3,489
6	26	51	11,289
6	26	56	13,624
6	26	58	2,108
6	26	63	0,505
6	26	74	19,06
6	26	77	2,379
6	26	78	2,79
6	26	83	6,075
6	26	84	4,152
6	26	85	6,548
6	26	87	9,132
6	26	88	2,037
6	26	89	15,786
6	26	90	0,678
6	26	91	2,517
6	26	93	18,339
6	34	1	6,918
6	34	2	6,88
6	34	6	3,905
6	34	11	1,442
6	34	13	5,002
6	34	17	2,501
6	34	18	0,677
6	34	25	7,434
6	34	26	1,909
6	34	35	12,475
6	34	36	8,07
6	34	39	7,854
6	34	40	0,523
6	34	49	1,581
6	34	51	1,185
6	34	56	4,994
6	34	58	4,239
6	34	63	8,971
6	34	74	16,339
6	34	77	8,099
6	34	78	14,355
6	34	83	8,593
6	34	84	3,347
6	34	85	48,954
6	34	87	26,99
6	34	88	2,702
6	34	89	1,063
6	34	90	0,594
6	34	91	5,205
6	34	93	7,69
6	35	1	2,843
6	35	2	1,717
6	35	6	1,029
6	35	11	3,663
6	35	13	2,168
6	35	17	5,558
6	35	18	1,357
6	35	25	5,154
6	35	26	2,909
6	35	34	7,677
6	35	36	12,114
6	35	39	5,564
6	35	40	1,071
6	35	49	13,352
6	35	51	4,635
6	35	56	4,105
6	35	58	1,65
6	35	63	5,629
6	35	74	1,24
6	35	77	0,659
6	35	78	13,227
6	35	83	5,842
6	35	84	16,261
6	35	85	2,276
6	35	87	15,374
6	35	88	1,741
6	35	89	11,329
6	35	90	8,524
6	35	91	34,09
6	35	93	0,593
6	36	1	3,757
6	36	2	21,98
6	36	6	1,506
6	36	11	1,232
6	36	13	2,528
6	36	17	2,191
6	36	18	5,185
6	36	25	10,216
6	36	26	7,124
6	36	34	7,042
6	36	35	11,57
6	36	39	1,091
6	36	40	43,051
6	36	49	4,668
6	36	51	3,053
6	36	56	2,58
6	36	58	5,886
6	36	63	6,09
6	36	74	4,885
6	36	77	1,401
6	36	78	13,554
6	36	83	13,022
6	36	84	2,825
6	36	85	3,312
6	36	87	1,827
6	36	88	2,924
6	36	89	15,733
6	36	90	1,211
6	36	91	2,568
6	36	93	0,869
6	39	1	7,331
6	39	2	6,387
6	39	6	17,99
6	39	11	1,099
6	39	13	0,536
6	39	17	9,966
6	39	18	1,14
6	39	25	1,733
6	39	26	10,545
6	39	34	5,057
6	39	35	1,095
6	39	36	19,098
6	39	40	1,638
6	39	49	5,874
6	39	51	17,734
6	39	56	1,286
6	39	58	4,136
6	39	63	39,558
6	39	74	5,782
6	39	77	7,707
6	39	78	3,068
6	39	83	1,661
6	39	84	5,654
6	39	85	5,755
6	39	87	7,836
6	39	88	17,917
6	39	89	4,267
6	39	90	5,024
6	39	91	0,593
6	39	93	5,192
6	40	1	1,193
6	40	2	5,25
6	40	6	1,81
6	40	11	6,49
6	40	13	42,933
6	40	17	25,579
6	40	18	8,135
6	40	25	1,283
6	40	26	1,254
6	40	34	3,006
6	40	35	32,352
6	40	36	22,998
6	40	39	18,103
6	40	49	44,245
6	40	51	17,786
6	40	56	14,828
6	40	58	4,856
6	40	63	4,186
6	40	74	2,589
6	40	77	6,397
6	40	78	5,185
6	40	83	16,947
6	40	84	5,103
6	40	85	1,248
6	40	87	3,452
6	40	88	1,97
6	40	89	2,482
6	40	90	2,846
6	40	91	3,78
6	40	93	1,651
6	49	1	2,531
6	49	2	7,067
6	49	6	3,117
6	49	11	1,436
6	49	13	3,895
6	49	17	14,023
6	49	18	3,596
6	49	25	3,283
6	49	26	8,873
6	49	34	11,116
6	49	35	1,303
6	49	36	4,46
6	49	39	3,134
6	49	40	6,038
6	49	51	0,636
6	49	56	4,425
6	49	58	12,756
6	49	63	26,689
6	49	74	2,445
6	49	77	0,801
6	49	78	0,889
6	49	83	0,969
6	49	84	3,815
6	49	85	4,376
6	49	87	1,7
6	49	88	6,691
6	49	89	2,783
6	49	90	10,115
6	49	91	1,782
6	49	93	32,719
6	51	1	3,43
6	51	2	2,696
6	51	6	6,756
6	51	11	1,689
6	51	13	1,051
6	51	17	7,328
6	51	18	4,037
6	51	25	6,183
6	51	26	2,976
6	51	34	1,284
6	51	35	3,9
6	51	36	8,31
6	51	39	3,22
6	51	40	9,891
6	51	49	14,353
6	51	56	6,117
6	51	58	5,141
6	51	63	1,093
6	51	74	3,663
6	51	77	5,216
6	51	78	24,21
6	51	83	1,248
6	51	84	6,454
6	51	85	3,735
6	51	87	11,876
6	51	88	4,282
6	51	89	21,057
6	51	90	20,307
6	51	91	4,042
6	51	93	0,553
6	56	1	19,582
6	56	2	11,104
6	56	6	16,546
6	56	11	6,321
6	56	13	1,743
6	56	17	17,046
6	56	18	7,374
6	56	25	1,984
6	56	26	2,164
6	56	34	0,625
6	56	35	1,319
6	56	36	4,692
6	56	39	5,927
6	56	40	2,045
6	56	49	7,084
6	56	51	3,085
6	56	58	6,808
6	56	63	8,648
6	56	74	18,545
6	56	77	7,822
6	56	78	10,301
6	56	83	10,751
6	56	84	4,435
6	56	85	1,976
6	56	87	4,739
6	56	88	8,552
6	56	89	6,171
6	56	90	18,074
6	56	91	2,314
6	56	93	2,945
6	58	1	1,979
6	58	2	1,357
6	58	6	3,323
6	58	11	0,569
6	58	13	6,882
6	58	17	8,369
6	58	18	3,061
6	58	25	1,217
6	58	26	18,848
6	58	34	19,467
6	58	35	3,781
6	58	36	2,081
6	58	39	2,71
6	58	40	1,339
6	58	49	4,97
6	58	51	12,729
6	58	56	9,489
6	58	63	16,227
6	58	74	3,911
6	58	77	6,687
6	58	78	9,882
6	58	83	11,846
6	58	84	4,582
6	58	85	0,512
6	58	87	19,171
6	58	88	1,952
6	58	89	3,542
6	58	90	9,38
6	58	91	5,622
6	58	93	9,442
6	63	1	0,514
6	63	2	6,545
6	63	6	1,815
6	63	11	2,675
6	63	13	18,55
6	63	17	0,875
6	63	18	9,819
6	63	25	0,547
6	63	26	12,918
6	63	34	14,402
6	63	35	52,277
6	63	36	6,471
6	63	39	2,734
6	63	40	1,302
6	63	49	7,484
6	63	51	2,9
6	63	56	16,158
6	63	58	2,911
6	63	74	3,042
6	63	77	1,907
6	63	78	2,46
6	63	83	11,016
6	63	84	2,739
6	63	85	0,644
6	63	87	4,879
6	63	88	6,333
6	63	89	11,063
6	63	90	3,334
6	63	91	8,782
6	63	93	8,822
6	74	1	0,708
6	74	2	1,568
6	74	6	10,306
6	74	11	2,587
6	74	13	1,891
6	74	17	0,751
6	74	18	5,281
6	74	25	3,242
6	74	26	4,828
6	74	34	10,161
6	74	35	0,598
6	74	36	7,078
6	74	39	8,706
6	74	40	14,683
6	74	49	12,085
6	74	51	5,992
6	74	56	31,384
6	74	58	2,465
6	74	63	17,613
6	74	77	22,685
6	74	78	6,912
6	74	83	5,796
6	74	84	2,556
6	74	85	1,813
6	74	87	7,147
6	74	88	0,99
6	74	89	7,436
6	74	90	1,392
6	74	91	3,412
6	74	93	9,319
6	77	1	3,612
6	77	2	6,959
6	77	6	0,5
6	77	11	1,272
6	77	13	2,036
6	77	17	19,573
6	77	18	15,317
6	77	25	6,661
6	77	26	7,137
6	77	34	0,644
6	77	35	2,81
6	77	36	1,337
6	77	39	6,264
6	77	40	1,423
6	77	49	14,915
6	77	51	9,653
6	77	56	4,459
6	77	58	5,197
6	77	63	10,303
6	77	74	16,368
6	77	78	3,167
6	77	83	0,661
6	77	84	5,241
6	77	85	25,691
6	77	87	8,712
6	77	88	0,77
6	77	89	10,282
6	77	90	14,633
6	77	91	2,751
6	77	93	12,228
6	78	1	0,634
6	78	2	5,825
6	78	6	3,273
6	78	11	8,198
6	78	13	1,931
6	78	17	7,689
6	78	18	11,463
6	78	25	11,75
6	78	26	5,517
6	78	34	8,775
6	78	35	8,801
6	78	36	10,146
6	78	39	4,521
6	78	40	2,31
6	78	49	10,521
6	78	51	11,887
6	78	56	2,065
6	78	58	1,105
6	78	63	0,98
6	78	74	1,061
6	78	77	1,063
6	78	83	6,702
6	78	84	15,451
6	78	85	10,165
6	78	87	7,276
6	78	88	1,822
6	78	89	5,406
6	78	90	4,323
6	78	91	8,816
6	78	93	1,464
6	83	1	5,168
6	83	2	3,043
6	83	6	5,932
6	83	11	2,623
6	83	13	9,505
6	83	17	5,076
6	83	18	4,884
6	83	25	7,393
6	83	26	5,528
6	83	34	2,977
6	83	35	2,706
6	83	36	2,204
6	83	39	4,806
6	83	40	13,385
6	83	49	1,429
6	83	51	0,802
6	83	56	1,578
6	83	58	1,382
6	83	63	3,391
6	83	74	6,717
6	83	77	1,353
6	83	78	1,24
6	83	84	7,205
6	83	85	1,35
6	83	87	2,883
6	83	88	1,512
6	83	89	23,612
6	83	90	16,379
6	83	91	4,315
6	83	93	17,763
6	84	1	2,999
6	84	2	0,619
6	84	6	25,373
6	84	11	0,839
6	84	13	13,83
6	84	17	5,143
6	84	18	11,976
6	84	25	14,364
6	84	26	1,965
6	84	34	12,901
6	84	35	0,557
6	84	36	11,389
6	84	39	1,489
6	84	40	9,343
6	84	49	16,346
6	84	51	10,995
6	84	56	2,082
6	84	58	2,37
6	84	63	5,674
6	84	74	7,157
6	84	77	15,505
6	84	78	6,521
6	84	83	20,915
6	84	85	3,178
6	84	87	1,861
6	84	88	21,49
6	84	89	17,913
6	84	90	3,79
6	84	91	2,337
6	84	93	2,24
6	85	1	0,654
6	85	2	9,329
6	85	6	4,821
6	85	11	1,354
6	85	13	3,395
6	85	17	1,095
6	85	18	15,88
6	85	25	6,496
6	85	26	6,992
6	85	34	6,96
6	85	35	3,523
6	85	36	11,287
6	85	39	37,064
6	85	40	6,699
6	85	49	8,579
6	85	51	8,013
6	85	56	3,365
6	85	58	11,965
6	85	63	6,67
6	85	74	3,7
6	85	77	5,955
6	85	78	11,953
6	85	83	1,101
6	85	84	25,861
6	85	87	7,679
6	85	88	2,839
6	85	89	7,479
6	85	90	8,18
6	85	91	1,445
6	85	93	18,569
6	87	1	2,409
6	87	2	14,3
6	87	6	1,352
6	87	11	1,339
6	87	13	1,283
6	87	17	14,728
6	87	18	3,418
6	87	25	9,246
6	87	26	6,659
6	87	34	5,654
6	87	35	21,588
6	87	36	1,499
6	87	39	15,415
6	87	40	4,465
6	87	49	9,623
6	87	51	8,487
6	87	56	9,263
6	87	58	7,274
6	87	63	11,538
6	87	74	1,685
6	87	77	2,122
6	87	78	10,241
6	87	83	28,913
6	87	84	0,597
6	87	85	1,051
6	87	88	11,758
6	87	89	3,99
6	87	90	6,307
6	87	91	1,01
6	87	93	1,97
6	88	1	3,063
6	88	2	5,595
6	88	6	36,19
6	88	11	1,575
6	88	13	33,755
6	88	17	11,445
6	88	18	2,369
6	88	25	2,642
6	88	26	15,292
6	88	34	13,583
6	88	35	2,267
6	88	36	3,609
6	88	39	4,236
6	88	40	1,191
6	88	49	1,663
6	88	51	2,176
6	88	56	3,916
6	88	58	11,508
6	88	63	33,589
6	88	74	27,345
6	88	77	1,745
6	88	78	0,657
6	88	83	1,764
6	88	84	3,083
6	88	85	0,65
6	88	87	6,77
6	88	89	1,324
6	88	90	5,205
6	88	91	1,561
6	88	93	2,45
6	89	1	1,615
6	89	2	3,101
6	89	6	1,374
6	89	11	4,292
6	89	13	4,804
6	89	17	3,123
6	89	18	1,814
6	89	25	2,536
6	89	26	3,915
6	89	34	4,664
6	89	35	7,378
6	89	36	3,246
6	89	39	3,749
6	89	40	6,83
6	89	49	9,253
6	89	51	3,951
6	89	56	7,596
6	89	58	4,158
6	89	63	0,843
6	89	74	4,662
6	89	77	3,2
6	89	78	4,899
6	89	83	13,808
6	89	84	6,898
6	89	85	3,326
6	89	87	3,477
6	89	88	2,67
6	89	90	1,782
6	89	91	2,945
6	89	93	3,536
6	90	1	2,86
6	90	2	1,468
6	90	6	1,788
6	90	11	1,586
6	90	13	7,902
6	90	17	9,134
6	90	18	1,869
6	90	25	1,786
6	90	26	4,177
6	90	34	0,698
6	90	35	7,308
6	90	36	2,756
6	90	39	4,801
6	90	40	9,943
6	90	49	11,989
6	90	51	0,98
6	90	56	8,007
6	90	58	11,052
6	90	63	2,179
6	90	74	1,267
6	90	77	5,49
6	90	78	1,745
6	90	83	21,358
6	90	84	1,702
6	90	85	4,159
6	90	87	6,716
6	90	88	3,46
6	90	89	0,942
6	90	91	3,397
6	90	93	0,719
6	91	1	3,782
6	91	2	2,4
6	91	6	9,254
6	91	11	5,304
6	91	13	4,464
6	91	17	58,144
6	91	18	15,674
6	91	25	0,955
6	91	26	4,712
6	91	34	0,972
6	91	35	11,345
6	91	36	4,64
6	91	39	6,694
6	91	40	1,622
6	91	49	6,8
6	91	51	1,879
6	91	56	16,837
6	91	58	1,602
6	91	63	1,895
6	91	74	8,786
6	91	77	4,745
6	91	78	4,034
6	91	83	19,247
6	91	84	3,288
6	91	85	6,801
6	91	87	0,943
6	91	88	0,695
6	91	89	2,703
6	91	90	6,333
6	91	93	7,966
6	93	1	26,085
6	93	2	10,012
6	93	6	2,821
6	93	11	5,526
6	93	13	1,789
6	93	17	18,669
6	93	18	0,714
6	93	25	14,036
6	93	26	2,753
6	93	34	21,688
6	93	35	3,027
6	93	36	2,467
6	93	39	1,298
6	93	40	1,123
6	93	49	6,034
6	93	51	9,149
6	93	56	0,978
6	93	58	10,451
6	93	63	16,572
6	93	74	5,099
6	93	77	4,978
6	93	78	10,061
6	93	83	22,654
6	93	84	5,216
6	93	85	7,83
6	93	87	2,392
6	93	88	3,549
6	93	89	6,161
6	93	90	2,393
6	93	91	1,391
7	8	15	8,29
7	8	18	2,641
7	8	22	13,819
7	8	24	6,126
7	8	32	4,056
7	8	36	1,615
7	8	39	0,791
7	8	42	22,592
7	8	55	2,98
7	8	56	9,828
7	8	57	0,741
7	8	59	5,497
7	8	63	2,078
7	8	64	3,407
7	8	69	1,185
7	8	77	6,224
7	8	79	0,648
7	8	82	2,861
7	8	86	1,182
7	8	88	1,181
7	8	89	8
7	8	90	2,178
7	8	100	0,682
7	15	8	25,342
7	15	18	2,002
7	15	22	3,673
7	15	24	1,994
7	15	32	7,117
7	15	36	7,137
7	15	39	3,373
7	15	42	7,15
7	15	55	1,454
7	15	56	2,581
7	15	57	1,25
7	15	59	4,482
7	15	63	10,062
7	15	64	1,539
7	15	69	0,76
7	15	77	1,051
7	15	79	3,016
7	15	82	9,042
7	15	86	6,138
7	15	88	5,194
7	15	89	6,273
7	15	90	1,318
7	15	100	5,401
7	18	8	8,045
7	18	15	1,519
7	18	22	1,199
7	18	24	3,725
7	18	32	0,53
7	18	36	0,756
7	18	39	14,973
7	18	42	10,682
7	18	55	2,655
7	18	56	2,246
7	18	57	4,955
7	18	59	3,024
7	18	63	1,194
7	18	64	14,405
7	18	69	6,654
7	18	77	0,948
7	18	79	1,105
7	18	82	4,258
7	18	86	8,759
7	18	88	6,168
7	18	89	3,117
7	18	90	1,131
7	18	100	10,072
7	22	8	4,392
7	22	15	10,494
7	22	18	2,607
7	22	24	7,374
7	22	32	6,36
7	22	36	5,72
7	22	39	11,893
7	22	42	14,877
7	22	55	0,865
7	22	56	6,794
7	22	57	3,72
7	22	59	7,783
7	22	63	4,914
7	22	64	2,387
7	22	69	4,098
7	22	77	1,561
7	22	79	0,676
7	22	82	2,02
7	22	86	12,429
7	22	88	1,414
7	22	89	11,197
7	22	90	21,501
7	22	100	5,517
7	24	8	1,845
7	24	15	3,224
7	24	18	5,26
7	24	22	2,82
7	24	32	6,198
7	24	36	6,182
7	24	39	9,414
7	24	42	15,949
7	24	55	1,991
7	24	56	2,115
7	24	57	2,453
7	24	59	1,205
7	24	63	14,714
7	24	64	2,992
7	24	69	6,881
7	24	77	2,738
7	24	79	0,665
7	24	82	0,676
7	24	86	5,422
7	24	88	2,72
7	24	89	0,524
7	24	90	3,328
7	24	100	15,05
7	32	8	4,895
7	32	15	19,927
7	32	18	1,32
7	32	22	9,771
7	32	24	1,184
7	32	36	1,304
7	32	39	7,688
7	32	42	1,822
7	32	55	5,903
7	32	56	12,726
7	32	57	1,45
7	32	59	0,689
7	32	63	1,273
7	32	64	3,278
7	32	69	2,041
7	32	77	3,34
7	32	79	3,838
7	32	82	1,618
7	32	86	11,843
7	32	88	15,915
7	32	89	12,753
7	32	90	0,521
7	32	100	13,98
7	36	8	1,351
7	36	15	3,057
7	36	18	1,185
7	36	22	1,495
7	36	24	4,396
7	36	32	0,797
7	36	39	26,873
7	36	42	10,803
7	36	55	0,998
7	36	56	0,529
7	36	57	5,276
7	36	59	6,422
7	36	63	7,264
7	36	64	6,604
7	36	69	1,066
7	36	77	6,518
7	36	79	41,524
7	36	82	1,916
7	36	86	2,351
7	36	88	3,712
7	36	89	15,757
7	36	90	7,918
7	36	100	1,859
7	39	8	5,363
7	39	15	2,333
7	39	18	5,659
7	39	22	5,869
7	39	24	26,722
7	39	32	11,71
7	39	36	8,837
7	39	42	1,477
7	39	55	11,151
7	39	56	1,919
7	39	57	0,882
7	39	59	4,696
7	39	63	11,344
7	39	64	1,134
7	39	69	1,304
7	39	77	8,683
7	39	79	7,708
7	39	82	4,047
7	39	86	3,957
7	39	88	12,726
7	39	89	9,84
7	39	90	5,652
7	39	100	0,793
7	42	8	0,648
7	42	15	3,391
7	42	18	7,081
7	42	22	0,877
7	42	24	7,704
7	42	32	5,969
7	42	36	14,645
7	42	39	2,713
7	42	55	7,274
7	42	56	15,1
7	42	57	7,753
7	42	59	5,454
7	42	63	19,354
7	42	64	1,469
7	42	69	11,512
7	42	77	9,813
7	42	79	12,777
7	42	82	2,202
7	42	86	0,584
7	42	88	3,004
7	42	89	2,272
7	42	90	1,649
7	42	100	13,575
7	55	8	3,888
7	55	15	12,897
7	55	18	3,925
7	55	22	6,613
7	55	24	1,286
7	55	32	9,661
7	55	36	4,968
7	55	39	4,616
7	55	42	8,245
7	55	56	3,159
7	55	57	4,258
7	55	59	0,674
7	55	63	1,516
7	55	64	4,991
7	55	69	1,822
7	55	77	6,605
7	55	79	9,198
7	55	82	0,566
7	55	86	1,382
7	55	88	3,731
7	55	89	2,447
7	55	90	11,648
7	55	100	18,368
7	56	8	0,984
7	56	15	4,829
7	56	18	3,224
7	56	22	15,021
7	56	24	5,75
7	56	32	4,718
7	56	36	3,627
7	56	39	1,203
7	56	42	2,722
7	56	55	4,481
7	56	57	25,081
7	56	59	1,697
7	56	63	14,028
7	56	64	2,931
7	56	69	2,888
7	56	77	0,89
7	56	79	6,647
7	56	82	23,465
7	56	86	2,412
7	56	88	1,638
7	56	89	3,193
7	56	90	1,95
7	56	100	0,871
7	57	8	9,894
7	57	15	40,224
7	57	18	26,54
7	57	22	5,389
7	57	24	2,352
7	57	32	20,69
7	57	36	2,791
7	57	39	0,638
7	57	42	12,744
7	57	55	4,017
7	57	56	5,722
7	57	59	3,667
7	57	63	4,585
7	57	64	2,927
7	57	69	1,094
7	57	77	3,999
7	57	79	12,11
7	57	82	7,484
7	57	86	2,215
7	57	88	1,701
7	57	89	2,851
7	57	90	5,893
7	57	100	3,696
7	59	8	6,212
7	59	15	2,03
7	59	18	6,996
7	59	22	43,405
7	59	24	2,246
7	59	32	5,6
7	59	36	21,43
7	59	39	17,583
7	59	42	2,74
7	59	55	15,222
7	59	56	8,782
7	59	57	1,576
7	59	63	2,969
7	59	64	1,887
7	59	69	2,017
7	59	77	15,303
7	59	79	2,298
7	59	82	7,716
7	59	86	35,67
7	59	88	8,295
7	59	89	8,134
7	59	90	8,047
7	59	100	7,905
7	63	8	15,672
7	63	15	11,496
7	63	18	13,304
7	63	22	6,985
7	63	24	16,143
7	63	32	1,186
7	63	36	3,163
7	63	39	5,337
7	63	42	1,859
7	63	55	2,947
7	63	56	30,155
7	63	57	15,144
7	63	59	2,85
7	63	64	1,212
7	63	69	4,2
7	63	77	5,7
7	63	79	25,985
7	63	82	0,951
7	63	86	11,957
7	63	88	4,423
7	63	89	1,487
7	63	90	16,397
7	63	100	17,857
7	64	8	22,943
7	64	15	0,961
7	64	18	1,449
7	64	22	0,889
7	64	24	0,595
7	64	32	6,768
7	64	36	6,535
7	64	39	6,013
7	64	42	7,976
7	64	55	7,281
7	64	56	5,18
7	64	57	5,695
7	64	59	3,746
7	64	63	3,1
7	64	69	5,332
7	64	77	1,668
7	64	79	18,376
7	64	82	0,597
7	64	86	1,443
7	64	88	1,774
7	64	89	6,926
7	64	90	2,786
7	64	100	27,915
7	69	8	5,361
7	69	15	4,728
7	69	18	2,73
7	69	22	7,78
7	69	24	13,207
7	69	32	3,79
7	69	36	31,75
7	69	39	3,912
7	69	42	3,259
7	69	55	5,621
7	69	56	0,638
7	69	57	13,121
7	69	59	2,223
7	69	63	2,695
7	69	64	7,248
7	69	77	6,984
7	69	79	19,308
7	69	82	3,324
7	69	86	6,778
7	69	88	5,369
7	69	89	9,076
7	69	90	0,646
7	69	100	5,9
7	77	8	0,863
7	77	15	2,419
7	77	18	5,669
7	77	22	7,084
7	77	24	12,341
7	77	32	8,192
7	77	36	3,873
7	77	39	0,738
7	77	42	12,751
7	77	55	2,126
7	77	56	1,742
7	77	57	9,1
7	77	59	1,675
7	77	63	4,507
7	77	64	3,339
7	77	69	7,878
7	77	79	18,057
7	77	82	5,745
7	77	86	6,168
7	77	88	22,634
7	77	89	6,135
7	77	90	7,33
7	77	100	0,652
7	79	8	3,168
7	79	15	9,156
7	79	18	4,405
7	79	22	10,442
7	79	24	9,939
7	79	32	2,133
7	79	36	5,834
7	79	39	8,021
7	79	42	3,267
7	79	55	1,097
7	79	56	0,716
7	79	57	0,802
7	79	59	1,373
7	79	63	2,785
7	79	64	4,318
7	79	69	8,004
7	79	77	6,755
7	79	82	1,451
7	79	86	0,532
7	79	88	1,317
7	79	89	29,346
7	79	90	3,939
7	79	100	0,699
7	82	8	2,193
7	82	15	7,452
7	82	18	8,377
7	82	22	3,962
7	82	24	6,457
7	82	32	12,446
7	82	36	11,185
7	82	39	3,045
7	82	42	30,343
7	82	55	15,224
7	82	56	17,559
7	82	57	13,869
7	82	59	14,547
7	82	63	0,885
7	82	64	20,249
7	82	69	7,957
7	82	77	7,536
7	82	79	7,702
7	82	86	1,19
7	82	88	2,571
7	82	89	8,045
7	82	90	11,951
7	82	100	8,09
7	86	8	5,398
7	86	15	6,131
7	86	18	3,947
7	86	22	0,836
7	86	24	1,054
7	86	32	0,629
7	86	36	10,91
7	86	39	3,438
7	86	42	1,286
7	86	55	3,953
7	86	56	2,595
7	86	57	10,08
7	86	59	12,665
7	86	63	3,465
7	86	64	2,679
7	86	69	2,087
7	86	77	3,286
7	86	79	3,232
7	86	82	3,96
7	86	88	1,19
7	86	89	0,629
7	86	90	0,604
7	86	100	3,346
7	88	8	18,82
7	88	15	10,87
7	88	18	3,685
7	88	22	4,347
7	88	24	6,516
7	88	32	10,456
7	88	36	1,223
7	88	39	2,5
7	88	42	6,301
7	88	55	14,996
7	88	56	1,499
7	88	57	3,032
7	88	59	14,615
7	88	63	18,633
7	88	64	8,591
7	88	69	7,306
7	88	77	4,762
7	88	79	2,195
7	88	82	11,291
7	88	86	15,709
7	88	89	3,456
7	88	90	2,175
7	88	100	6,142
7	89	8	11,035
7	89	15	7,159
7	89	18	1,009
7	89	22	6,417
7	89	24	3,101
7	89	32	1,555
7	89	36	3,919
7	89	39	11,66
7	89	42	1,705
7	89	55	1,496
7	89	56	1,385
7	89	57	28,213
7	89	59	5,044
7	89	63	10,942
7	89	64	7,083
7	89	69	6,22
7	89	77	2,699
7	89	79	2,812
7	89	82	9,233
7	89	86	4,271
7	89	88	5,63
7	89	90	17,95
7	89	100	7,126
7	90	8	4,37
7	90	15	5,93
7	90	18	1,997
7	90	22	2,894
7	90	24	6,012
7	90	32	13,749
7	90	36	0,881
7	90	39	3,745
7	90	42	5,875
7	90	55	3,289
7	90	56	4,637
7	90	57	15,772
7	90	59	2,098
7	90	63	5,239
7	90	64	22,687
7	90	69	12,937
7	90	77	8,587
7	90	79	1,502
7	90	82	10,564
7	90	86	4,125
7	90	88	4,194
7	90	89	4,289
7	90	100	1,6
7	100	8	0,809
7	100	15	25,09
7	100	18	5,893
7	100	22	11,025
7	100	24	3,789
7	100	32	8,174
7	100	36	1,218
7	100	39	6,028
7	100	42	1,068
7	100	55	1,357
7	100	56	4,257
7	100	57	2,011
7	100	59	3,208
7	100	63	1,506
7	100	64	11,592
7	100	69	11,555
7	100	77	5,444
7	100	79	0,6
7	100	82	9,144
7	100	86	2,435
7	100	88	16,134
7	100	89	1,239
7	100	90	3,676
8	3	6	1,538
8	3	12	10,342
8	3	16	1,463
8	3	17	1,542
8	3	18	0,69
8	3	19	11,137
8	3	23	49,526
8	3	24	1,125
8	3	25	4,433
8	3	26	2,575
8	3	27	2,112
8	3	28	1,36
8	3	29	11,115
8	3	31	3,333
8	3	35	1,813
8	3	38	2,913
8	3	43	10,97
8	3	46	1,286
8	3	48	1,359
8	3	50	1,029
8	3	55	3,402
8	3	60	7,206
8	3	65	6,592
8	3	67	5,313
8	3	76	4,09
8	3	83	13,911
8	3	84	7,151
8	3	85	7,646
8	3	86	1,467
8	3	87	0,756
8	3	90	3,151
8	3	96	11,064
8	3	97	1,757
8	6	3	13,03
8	6	12	1,474
8	6	16	7,805
8	6	17	1,039
8	6	18	8,13
8	6	19	7,491
8	6	23	4,019
8	6	24	19,267
8	6	25	0,936
8	6	26	1,731
8	6	27	4,9
8	6	28	7,479
8	6	29	7,186
8	6	31	15,927
8	6	35	6,739
8	6	38	7,482
8	6	43	1,984
8	6	46	1,662
8	6	48	10,998
8	6	50	2,658
8	6	55	11,461
8	6	60	5,034
8	6	65	0,894
8	6	67	1,744
8	6	76	7,215
8	6	83	4,807
8	6	84	8,121
8	6	85	0,77
8	6	86	12,934
8	6	87	5,1
8	6	90	6,061
8	6	96	5,588
8	6	97	0,58
8	12	3	3,848
8	12	6	5,178
8	12	16	5,301
8	12	17	11,326
8	12	18	5,317
8	12	19	26,94
8	12	23	2,329
8	12	24	2,129
8	12	25	8,809
8	12	26	2,07
8	12	27	0,594
8	12	28	0,569
8	12	29	1,221
8	12	31	6,648
8	12	35	7,704
8	12	38	10,858
8	12	43	26,201
8	12	46	0,556
8	12	48	7,681
8	12	50	3,288
8	12	55	10,823
8	12	60	1,764
8	12	65	2,907
8	12	67	4,556
8	12	76	34,332
8	12	83	13,288
8	12	84	7,129
8	12	85	17,895
8	12	86	3,261
8	12	87	10,628
8	12	90	1,632
8	12	96	1,333
8	12	97	2,396
8	16	3	8,14
8	16	6	1,786
8	16	12	16,028
8	16	17	2,345
8	16	18	1,799
8	16	19	1,991
8	16	23	4,315
8	16	24	4,36
8	16	25	0,976
8	16	26	2,595
8	16	27	16,916
8	16	28	1,568
8	16	29	3,28
8	16	31	16,63
8	16	35	4,276
8	16	38	7,99
8	16	43	6,094
8	16	46	3,519
8	16	48	1,213
8	16	50	0,924
8	16	55	5,893
8	16	60	8,717
8	16	65	8,798
8	16	67	1,773
8	16	76	0,777
8	16	83	6,896
8	16	84	0,811
8	16	85	3,633
8	16	86	32,545
8	16	87	0,854
8	16	90	1,013
8	16	96	0,889
8	16	97	3,425
8	17	3	3,841
8	17	6	4,836
8	17	12	1,685
8	17	16	6,332
8	17	18	2,441
8	17	19	2,01
8	17	23	2,007
8	17	24	9,686
8	17	25	9,76
8	17	26	3,17
8	17	27	9,168
8	17	28	5,049
8	17	29	2,929
8	17	31	3,902
8	17	35	9,03
8	17	38	0,778
8	17	43	3,081
8	17	46	12,035
8	17	48	2,517
8	17	50	6,743
8	17	55	9,267
8	17	60	0,912
8	17	65	4,173
8	17	67	21,942
8	17	76	1,187
8	17	83	6,397
8	17	84	8,847
8	17	85	6,17
8	17	86	19,088
8	17	87	9,685
8	17	90	1,043
8	17	96	7,126
8	17	97	8,61
8	18	3	0,556
8	18	6	1,927
8	18	12	8,732
8	18	16	21,697
8	18	17	4,642
8	18	19	1,553
8	18	23	1,734
8	18	24	20,695
8	18	25	0,726
8	18	26	4,626
8	18	27	11,538
8	18	28	7,713
8	18	29	8,782
8	18	31	1,089
8	18	35	0,606
8	18	38	15,349
8	18	43	13,08
8	18	46	5,481
8	18	48	8,312
8	18	50	2,136
8	18	55	4,099
8	18	60	5,369
8	18	65	0,627
8	18	67	6,322
8	18	76	2,621
8	18	83	3,674
8	18	84	5,66
8	18	85	9,719
8	18	86	1,537
8	18	87	2,623
8	18	90	9,683
8	18	96	2,051
8	18	97	2,171
8	19	3	0,788
8	19	6	1,496
8	19	12	8,324
8	19	16	4,172
8	19	17	1,238
8	19	18	7,091
8	19	23	6,068
8	19	24	10,514
8	19	25	0,847
8	19	26	12,135
8	19	27	2,79
8	19	28	0,802
8	19	29	14,124
8	19	31	7,584
8	19	35	21,123
8	19	38	1,991
8	19	43	1,634
8	19	46	22,333
8	19	48	12,391
8	19	50	12,687
8	19	55	3,804
8	19	60	0,582
8	19	65	0,802
8	19	67	20,107
8	19	76	4,098
8	19	83	4,439
8	19	84	3,036
8	19	85	13,765
8	19	86	2,433
8	19	87	37,726
8	19	90	2,392
8	19	96	10,468
8	19	97	1,109
8	23	3	0,871
8	23	6	9,298
8	23	12	1,762
8	23	16	4,809
8	23	17	4,534
8	23	18	7,684
8	23	19	9,688
8	23	24	1,756
8	23	25	4,147
8	23	26	3,253
8	23	27	26,964
8	23	28	14,921
8	23	29	30,687
8	23	31	3,717
8	23	35	1,289
8	23	38	0,561
8	23	43	2,708
8	23	46	11,815
8	23	48	9,944
8	23	50	4,443
8	23	55	2,44
8	23	60	9,253
8	23	65	5,73
8	23	67	4,669
8	23	76	3,035
8	23	83	0,703
8	23	84	10,827
8	23	85	2,876
8	23	86	17,421
8	23	87	4,849
8	23	90	1,571
8	23	96	2,316
8	23	97	4,385
8	24	3	2,251
8	24	6	1,212
8	24	12	2,661
8	24	16	7,959
8	24	17	1,051
8	24	18	1,159
8	24	19	0,688
8	24	23	0,56
8	24	25	15,663
8	24	26	14,104
8	24	27	22,891
8	24	28	2,981
8	24	29	1,583
8	24	31	3,346
8	24	35	7,417
8	24	38	6,657
8	24	43	12,528
8	24	46	3,39
8	24	48	14,129
8	24	50	11,24
8	24	55	11,837
8	24	60	5,766
8	24	65	0,807
8	24	67	1,077
8	24	76	6,565
8	24	83	2,749
8	24	84	7,258
8	24	85	20,709
8	24	86	7,464
8	24	87	15,332
8	24	90	1,229
8	24	96	10,238
8	24	97	2,984
8	25	3	6,757
8	25	6	13,727
8	25	12	4,715
8	25	16	1,274
8	25	17	5,374
8	25	18	0,594
8	25	19	5,947
8	25	23	5,067
8	25	24	1,579
8	25	26	7,535
8	25	27	4,274
8	25	28	7,972
8	25	29	8,559
8	25	31	3,008
8	25	35	3,058
8	25	38	4,369
8	25	43	20,952
8	25	46	8,003
8	25	48	2,913
8	25	50	1,853
8	25	55	1,553
8	25	60	4,205
8	25	65	6,137
8	25	67	10,857
8	25	76	1,095
8	25	83	7,443
8	25	84	2,769
8	25	85	3,575
8	25	86	5,969
8	25	87	9,956
8	25	90	2,155
8	25	96	0,575
8	25	97	1,359
8	26	3	0,97
8	26	6	0,802
8	26	12	9,984
8	26	16	7,877
8	26	17	1,498
8	26	18	2,451
8	26	19	1,227
8	26	23	5,905
8	26	24	0,853
8	26	25	2,118
8	26	27	1,81
8	26	28	7,367
8	26	29	1,24
8	26	31	2,449
8	26	35	3,68
8	26	38	2,357
8	26	43	1,394
8	26	46	5,309
8	26	48	0,881
8	26	50	1,462
8	26	55	1,295
8	26	60	11,694
8	26	65	5,235
8	26	67	54,38
8	26	76	3,98
8	26	83	14,62
8	26	84	2,913
8	26	85	1,988
8	26	86	9,612
8	26	87	6,933
8	26	90	9,175
8	26	96	5,097
8	26	97	14,531
8	27	3	2,2
8	27	6	4,462
8	27	12	1,53
8	27	16	1,998
8	27	17	4,353
8	27	18	1,014
8	27	19	2,279
8	27	23	1,931
8	27	24	6,709
8	27	25	2,534
8	27	26	4,463
8	27	28	17,41
8	27	29	4,881
8	27	31	5,926
8	27	35	11,807
8	27	38	9,207
8	27	43	2,758
8	27	46	16,815
8	27	48	1,691
8	27	50	11,569
8	27	55	2,944
8	27	60	0,526
8	27	65	0,788
8	27	67	16,244
8	27	76	2,713
8	27	83	16,423
8	27	84	6,3
8	27	85	16,224
8	27	86	0,613
8	27	87	8,156
8	27	90	1,346
8	27	96	9,434
8	27	97	1,067
8	28	3	1,178
8	28	6	0,531
8	28	12	3,212
8	28	16	5,284
8	28	17	2,611
8	28	18	6,285
8	28	19	3,098
8	28	23	19,288
8	28	24	2,12
8	28	25	6,05
8	28	26	2,033
8	28	27	1,832
8	28	29	0,628
8	28	31	3,787
8	28	35	31,001
8	28	38	18,328
8	28	43	2,141
8	28	46	1,763
8	28	48	8,249
8	28	50	9,653
8	28	55	5,139
8	28	60	13,962
8	28	65	28,244
8	28	67	7,35
8	28	76	2,927
8	28	83	3,173
8	28	84	2,628
8	28	85	20,192
8	28	86	16,278
8	28	87	1,463
8	28	90	0,65
8	28	96	1,646
8	28	97	11,696
8	29	3	2,466
8	29	6	0,532
8	29	12	1,265
8	29	16	13,015
8	29	17	0,881
8	29	18	1,95
8	29	19	2,586
8	29	23	3,483
8	29	24	1,536
8	29	25	2,638
8	29	26	7,946
8	29	27	14,508
8	29	28	12,215
8	29	31	27,821
8	29	35	3,431
8	29	38	2,194
8	29	43	2,311
8	29	46	1,354
8	29	48	4,487
8	29	50	1,298
8	29	55	2,002
8	29	60	3,257
8	29	65	8,644
8	29	67	3,131
8	29	76	11,859
8	29	83	12,426
8	29	84	2,287
8	29	85	12,397
8	29	86	6,078
8	29	87	2,495
8	29	90	1,255
8	29	96	8,985
8	29	97	4,502
8	31	3	9,972
8	31	6	3,503
8	31	12	3,445
8	31	16	5,266
8	31	17	5,307
8	31	18	3,281
8	31	19	3,899
8	31	23	6,479
8	31	24	6,755
8	31	25	6,654
8	31	26	68,637
8	31	27	4,682
8	31	28	4,834
8	31	29	13,578
8	31	35	1,317
8	31	38	3,031
8	31	43	6,465
8	31	46	0,673
8	31	48	1,505
8	31	50	6,972
8	31	55	14,889
8	31	60	3,755
8	31	65	1,113
8	31	67	2,641
8	31	76	3,715
8	31	83	7,082
8	31	84	13,326
8	31	85	20,582
8	31	86	3,259
8	31	87	7,506
8	31	90	1,054
8	31	96	15,333
8	31	97	1,788
8	35	3	0,934
8	35	6	36,713
8	35	12	1,801
8	35	16	6,22
8	35	17	13,749
8	35	18	10,31
8	35	19	4,687
8	35	23	3,273
8	35	24	5,595
8	35	25	1,716
8	35	26	24,94
8	35	27	11,621
8	35	28	0,82
8	35	29	14,245
8	35	31	9,329
8	35	38	2,589
8	35	43	0,843
8	35	46	10,588
8	35	48	2,354
8	35	50	4,674
8	35	55	10,335
8	35	60	11,26
8	35	65	8,018
8	35	67	2,066
8	35	76	2,365
8	35	83	17,722
8	35	84	4,157
8	35	85	5,223
8	35	86	10,419
8	35	87	1,295
8	35	90	1,508
8	35	96	0,513
8	35	97	3,766
8	38	3	1,634
8	38	6	10,765
8	38	12	2,502
8	38	16	12,657
8	38	17	1,116
8	38	18	1,007
8	38	19	8,747
8	38	23	1,276
8	38	24	7,295
8	38	25	3,635
8	38	26	2,224
8	38	27	35,083
8	38	28	11,869
8	38	29	1,108
8	38	31	3,748
8	38	35	1,026
8	38	43	8,179
8	38	46	20,108
8	38	48	1,963
8	38	50	1,619
8	38	55	6,338
8	38	60	1,577
8	38	65	0,824
8	38	67	8,32
8	38	76	7,195
8	38	83	20,039
8	38	84	0,942
8	38	85	9,262
8	38	86	25,518
8	38	87	13,401
8	38	90	1,996
8	38	96	1,284
8	38	97	9,386
8	43	3	16,432
8	43	6	21,989
8	43	12	5,53
8	43	16	1,022
8	43	17	1,448
8	43	18	5,458
8	43	19	5,774
8	43	23	0,744
8	43	24	0,555
8	43	25	1,773
8	43	26	1,982
8	43	27	14,541
8	43	28	2,503
8	43	29	6,937
8	43	31	2,757
8	43	35	8,872
8	43	38	15,48
8	43	46	1,921
8	43	48	2,126
8	43	50	8,409
8	43	55	6,031
8	43	60	4,08
8	43	65	11,04
8	43	67	4,874
8	43	76	4,059
8	43	83	1,399
8	43	84	8,111
8	43	85	4,665
8	43	86	1,58
8	43	87	4,808
8	43	90	3,866
8	43	96	4,457
8	43	97	5,746
8	46	3	3,15
8	46	6	3,918
8	46	12	5,99
8	46	16	2,927
8	46	17	8,446
8	46	18	5,891
8	46	19	7,378
8	46	23	4,778
8	46	24	1,631
8	46	25	2,622
8	46	26	4,351
8	46	27	8,767
8	46	28	4,075
8	46	29	2,437
8	46	31	2,893
8	46	35	7,701
8	46	38	9,852
8	46	43	2,372
8	46	48	7,826
8	46	50	8,123
8	46	55	6,763
8	46	60	6,604
8	46	65	1,757
8	46	67	7,998
8	46	76	24,449
8	46	83	1,943
8	46	84	2,912
8	46	85	11,783
8	46	86	5,063
8	46	87	15,053
8	46	90	12,631
8	46	96	0,715
8	46	97	2,405
8	48	3	7,263
8	48	6	2,735
8	48	12	9,063
8	48	16	2,028
8	48	17	0,861
8	48	18	11,502
8	48	19	1,673
8	48	23	1,067
8	48	24	2,15
8	48	25	22,322
8	48	26	3,639
8	48	27	6,096
8	48	28	6,69
8	48	29	1,601
8	48	31	1,175
8	48	35	2,41
8	48	38	1,816
8	48	43	39,401
8	48	46	5,214
8	48	50	1,652
8	48	55	2,284
8	48	60	10,159
8	48	65	0,712
8	48	67	12,307
8	48	76	7,196
8	48	83	12,279
8	48	84	5,394
8	48	85	3,153
8	48	86	5,489
8	48	87	6,385
8	48	90	15,528
8	48	96	1,824
8	48	97	12,6
8	50	3	0,648
8	50	6	9,716
8	50	12	10,652
8	50	16	1,679
8	50	17	14,949
8	50	18	1,165
8	50	19	3,026
8	50	23	10,034
8	50	24	2,045
8	50	25	7,06
8	50	26	4,658
8	50	27	0,506
8	50	28	15,987
8	50	29	0,562
8	50	31	1,868
8	50	35	9,975
8	50	38	10,537
8	50	43	2,322
8	50	46	2,621
8	50	48	6,482
8	50	55	3,784
8	50	60	1,735
8	50	65	6,472
8	50	67	5,002
8	50	76	2,454
8	50	83	0,805
8	50	84	11,21
8	50	85	1,712
8	50	86	10,205
8	50	87	6,878
8	50	90	5,52
8	50	96	5,65
8	50	97	5,836
8	55	3	1,225
8	55	6	0,85
8	55	12	8,341
8	55	16	34,52
8	55	17	1,687
8	55	18	14,671
8	55	19	5,219
8	55	23	0,994
8	55	24	9,387
8	55	25	16,204
8	55	26	3,784
8	55	27	1,095
8	55	28	1,989
8	55	29	3,51
8	55	31	6,648
8	55	35	1,403
8	55	38	2,889
8	55	43	4,53
8	55	46	1,924
8	55	48	1,061
8	55	50	5,385
8	55	60	0,596
8	55	65	0,605
8	55	67	50,359
8	55	76	0,992
8	55	83	2,654
8	55	84	0,546
8	55	85	3,102
8	55	86	20,951
8	55	87	4,447
8	55	90	7,956
8	55	96	8,926
8	55	97	5,856
8	60	3	6,871
8	60	6	8,622
8	60	12	4,115
8	60	16	2,276
8	60	17	6,321
8	60	18	5,384
8	60	19	2,804
8	60	23	8,668
8	60	24	3,169
8	60	25	0,559
8	60	26	2,183
8	60	27	3,692
8	60	28	4,737
8	60	29	0,717
8	60	31	1,543
8	60	35	6,254
8	60	38	10,476
8	60	43	1,076
8	60	46	6,382
8	60	48	3,252
8	60	50	18,303
8	60	55	8,31
8	60	65	18,684
8	60	67	2,851
8	60	76	1,918
8	60	83	1,226
8	60	84	11,729
8	60	85	2,882
8	60	86	2,487
8	60	87	0,841
8	60	90	1,639
8	60	96	11,288
8	60	97	3,324
8	65	3	12,163
8	65	6	2,938
8	65	12	3,04
8	65	16	3,175
8	65	17	40,739
8	65	18	1,881
8	65	19	0,764
8	65	23	1,583
8	65	24	13,275
8	65	25	18,422
8	65	26	2,508
8	65	27	0,719
8	65	28	18,411
8	65	29	3,567
8	65	31	14,918
8	65	35	1,403
8	65	38	17,371
8	65	43	3,53
8	65	46	7,051
8	65	48	2,696
8	65	50	5,534
8	65	55	7,06
8	65	60	4,079
8	65	67	7,674
8	65	76	8,83
8	65	83	2,35
8	65	84	6,169
8	65	85	1,145
8	65	86	15,338
8	65	87	5,167
8	65	90	3,951
8	65	96	0,556
8	65	97	1,176
8	67	3	1,52
8	67	6	10,817
8	67	12	2,501
8	67	16	1,287
8	67	17	0,853
8	67	18	3,792
8	67	19	16,1
8	67	23	1,49
8	67	24	7,104
8	67	25	4,098
8	67	26	4,705
8	67	27	3,322
8	67	28	4,224
8	67	29	1,406
8	67	31	8,887
8	67	35	16,453
8	67	38	21,637
8	67	43	0,651
8	67	46	29,807
8	67	48	13,828
8	67	50	1,901
8	67	55	6,997
8	67	60	2,193
8	67	65	0,746
8	67	76	2,586
8	67	83	2,053
8	67	84	8,362
8	67	85	4,657
8	67	86	1,22
8	67	87	2,353
8	67	90	58,279
8	67	96	18,849
8	67	97	3,822
8	76	3	62,899
8	76	6	7,578
8	76	12	6,142
8	76	16	10,534
8	76	17	5,048
8	76	18	4,372
8	76	19	3,618
8	76	23	6,863
8	76	24	4,608
8	76	25	3,329
8	76	26	7,686
8	76	27	13,938
8	76	28	0,815
8	76	29	7,159
8	76	31	1,279
8	76	35	27,929
8	76	38	2,291
8	76	43	19,768
8	76	46	1,171
8	76	48	1,797
8	76	50	4,162
8	76	55	9,077
8	76	60	4,139
8	76	65	7,104
8	76	67	15,758
8	76	83	8,992
8	76	84	0,521
8	76	85	2,239
8	76	86	5,785
8	76	87	16,862
8	76	90	0,587
8	76	96	1,755
8	76	97	6,004
8	83	3	3,138
8	83	6	5,499
8	83	12	1,754
8	83	16	7,402
8	83	17	1,26
8	83	18	12,184
8	83	19	5,019
8	83	23	1,537
8	83	24	3,135
8	83	25	1,48
8	83	26	2,186
8	83	27	0,513
8	83	28	17,632
8	83	29	3,363
8	83	31	4,657
8	83	35	1,632
8	83	38	2,403
8	83	43	0,916
8	83	46	1,416
8	83	48	3,912
8	83	50	2,628
8	83	55	7,413
8	83	60	4,451
8	83	65	1,141
8	83	67	5,526
8	83	76	1,275
8	83	84	3,821
8	83	85	21,974
8	83	86	1,389
8	83	87	1,664
8	83	90	9,322
8	83	96	2,685
8	83	97	1,211
8	84	3	6,801
8	84	6	4,589
8	84	12	9,391
8	84	16	0,508
8	84	17	6,08
8	84	18	8,361
8	84	19	0,886
8	84	23	2,708
8	84	24	11,904
8	84	25	11,021
8	84	26	7,274
8	84	27	2,345
8	84	28	3,079
8	84	29	5,477
8	84	31	9,899
8	84	35	10,31
8	84	38	11,183
8	84	43	24,074
8	84	46	10,124
8	84	48	2,367
8	84	50	8,319
8	84	55	0,72
8	84	60	1,642
8	84	65	18,294
8	84	67	3,529
8	84	76	3,327
8	84	83	2,712
8	84	85	0,566
8	84	86	0,577
8	84	87	2,177
8	84	90	0,546
8	84	96	9,548
8	84	97	2,531
8	85	3	1,743
8	85	6	2,593
8	85	12	2,217
8	85	16	1,43
8	85	17	7,431
8	85	18	5,426
8	85	19	19,151
8	85	23	1,749
8	85	24	2,248
8	85	25	6,669
8	85	26	1,699
8	85	27	9,616
8	85	28	9,758
8	85	29	6,972
8	85	31	4,658
8	85	35	0,933
8	85	38	4,611
8	85	43	14,899
8	85	46	5,375
8	85	48	3,556
8	85	50	7,778
8	85	55	25,373
8	85	60	3,859
8	85	65	3,652
8	85	67	3,547
8	85	76	0,616
8	85	83	14,385
8	85	84	0,542
8	85	86	4,063
8	85	87	8,021
8	85	90	1,859
8	85	96	8,911
8	85	97	8,514
8	86	3	16,955
8	86	6	2,942
8	86	12	1,081
8	86	16	6,781
8	86	17	1,781
8	86	18	1,569
8	86	19	3,978
8	86	23	29,401
8	86	24	1,903
8	86	25	3,497
8	86	26	5,379
8	86	27	25,58
8	86	28	1,664
8	86	29	1,493
8	86	31	2,244
8	86	35	2,233
8	86	38	3,598
8	86	43	6,159
8	86	46	6,239
8	86	48	1,824
8	86	50	0,606
8	86	55	1,484
8	86	60	12,742
8	86	65	16,651
8	86	67	12,589
8	86	76	2,212
8	86	83	11,264
8	86	84	4,6
8	86	85	30,764
8	86	87	2,752
8	86	90	1,744
8	86	96	13,74
8	86	97	13,588
8	87	3	1,526
8	87	6	5,606
8	87	12	0,716
8	87	16	30,942
8	87	17	2,997
8	87	18	25,322
8	87	19	29,29
8	87	23	2,148
8	87	24	7,591
8	87	25	18,942
8	87	26	13,25
8	87	27	10,904
8	87	28	4,193
8	87	29	4,954
8	87	31	3,648
8	87	35	11,652
8	87	38	22,247
8	87	43	7,257
8	87	46	14,517
8	87	48	4,378
8	87	50	5,245
8	87	55	38,437
8	87	60	10,229
8	87	65	4,611
8	87	67	6,441
8	87	76	3,116
8	87	83	0,776
8	87	84	5,433
8	87	85	2,343
8	87	86	0,61
8	87	90	9,508
8	87	96	2,752
8	87	97	0,517
8	90	3	1,455
8	90	6	6,105
8	90	12	9,114
8	90	16	1,881
8	90	17	1,313
8	90	18	0,919
8	90	19	0,718
8	90	23	5,717
8	90	24	6,475
8	90	25	4,875
8	90	26	1,191
8	90	27	10,5
8	90	28	4,533
8	90	29	2,723
8	90	31	1,347
8	90	35	7,778
8	90	38	6,792
8	90	43	7,265
8	90	46	3,13
8	90	48	8,798
8	90	50	16,978
8	90	55	0,65
8	90	60	0,655
8	90	65	7,541
8	90	67	2,452
8	90	76	0,661
8	90	83	14,307
8	90	84	6,978
8	90	85	8,835
8	90	86	18,156
8	90	87	0,592
8	90	96	12,467
8	90	97	1,056
8	96	3	4,136
8	96	6	17,648
8	96	12	1,392
8	96	16	1,306
8	96	17	8,834
8	96	18	8,917
8	96	19	5,081
8	96	23	3,687
8	96	24	2,362
8	96	25	12,296
8	96	26	6,545
8	96	27	2,638
8	96	28	1,566
8	96	29	2,088
8	96	31	0,557
8	96	35	1,534
8	96	38	6,751
8	96	43	6,452
8	96	46	3,845
8	96	48	1,033
8	96	50	2,405
8	96	55	4,917
8	96	60	5,675
8	96	65	4,094
8	96	67	1,575
8	96	76	2,75
8	96	83	3,198
8	96	84	12,582
8	96	85	7,504
8	96	86	4,111
8	96	87	1,713
8	96	90	4,402
8	96	97	15,023
8	97	3	3,109
8	97	6	8,035
8	97	12	4,199
8	97	16	9,98
8	97	17	29,265
8	97	18	10,252
8	97	19	7,839
8	97	23	12,408
8	97	24	20,722
8	97	25	20,809
8	97	26	3,157
8	97	27	6,245
8	97	28	23,354
8	97	29	1,43
8	97	31	2,999
8	97	35	12,847
8	97	38	7,217
8	97	43	2,691
8	97	46	10,787
8	97	48	5,37
8	97	50	1,459
8	97	55	11,112
8	97	60	2,542
8	97	65	13,7
8	97	67	19,546
8	97	76	0,749
8	97	83	4,44
8	97	84	5,672
8	97	85	3,438
8	97	86	9,835
8	97	87	4,216
8	97	90	16,222
8	97	96	3,355
9	1	4	0,687
9	1	9	1,268
9	1	13	13,032
9	1	22	2,896
9	1	23	0,744
9	1	26	0,592
9	1	33	1,779
9	1	54	21,772
9	1	69	2,708
9	1	70	2,042
9	1	71	5,226
9	1	75	0,558
9	1	76	0,542
9	1	79	5,912
9	1	82	1,685
9	1	87	1,57
9	1	93	1,56
9	1	97	18,9
9	1	100	13,324
9	4	1	6,062
9	4	9	1,768
9	4	13	6,445
9	4	22	4,472
9	4	23	35,165
9	4	26	6,96
9	4	33	1,582
9	4	54	3,669
9	4	69	1,405
9	4	70	1,045
9	4	71	3,581
9	4	75	16,285
9	4	76	0,878
9	4	79	1,079
9	4	82	12,889
9	4	87	0,743
9	4	93	2,163
9	4	97	1,955
9	4	100	1,018
9	9	1	2,797
9	9	4	2,346
9	9	13	6,079
9	9	22	2,13
9	9	23	3,913
9	9	26	7,467
9	9	33	3,579
9	9	54	6,974
9	9	69	0,94
9	9	70	5,41
9	9	71	1,52
9	9	75	1,8
9	9	76	4,231
9	9	79	8,843
9	9	82	0,937
9	9	87	10,5
9	9	93	0,558
9	9	97	7,216
9	9	100	0,726
9	13	1	6
9	13	4	1,394
9	13	9	17,796
9	13	22	1,48
9	13	23	1,663
9	13	26	4,36
9	13	33	8,368
9	13	54	1,418
9	13	69	1,401
9	13	70	4,063
9	13	71	1,378
9	13	75	0,756
9	13	76	9,153
9	13	79	2,502
9	13	82	0,857
9	13	87	1,787
9	13	93	4,399
9	13	97	8,498
9	13	100	6,263
9	22	1	2,56
9	22	4	4,014
9	22	9	1,499
9	22	13	36,515
9	22	23	5,835
9	22	26	4,781
9	22	33	6,805
9	22	54	17,001
9	22	69	6,171
9	22	70	0,846
9	22	71	3,678
9	22	75	6,721
9	22	76	8,031
9	22	79	16,671
9	22	82	1,769
9	22	87	1,136
9	22	93	6,553
9	22	97	9,187
9	22	100	1,543
9	23	1	1,018
9	23	4	9,096
9	23	9	4,213
9	23	13	3,997
9	23	22	17,415
9	23	26	2,809
9	23	33	6,56
9	23	54	3,393
9	23	69	4,538
9	23	70	5,23
9	23	71	22,562
9	23	75	7,358
9	23	76	1,371
9	23	79	11,441
9	23	82	0,803
9	23	87	10,751
9	23	93	1,795
9	23	97	2,179
9	23	100	5,872
9	26	1	2,76
9	26	4	7,12
9	26	9	6,588
9	26	13	13,396
9	26	22	9,734
9	26	23	2,208
9	26	33	6,936
9	26	54	6,698
9	26	69	4,216
9	26	70	7,839
9	26	71	2,138
9	26	75	4,485
9	26	76	2,399
9	26	79	9,585
9	26	82	14,592
9	26	87	1,188
9	26	93	6,176
9	26	97	1,332
9	26	100	6,021
9	33	1	16,148
9	33	4	13,53
9	33	9	2,988
9	33	13	5,378
9	33	22	9,797
9	33	23	0,634
9	33	26	7,13
9	33	54	16,074
9	33	69	8,874
9	33	70	9,839
9	33	71	0,953
9	33	75	4,584
9	33	76	1,67
9	33	79	5,658
9	33	82	9,036
9	33	87	1,341
9	33	93	1,959
9	33	97	5,546
9	33	100	1,208
9	54	1	21,697
9	54	4	0,678
9	54	9	6,623
9	54	13	6,111
9	54	22	9,609
9	54	23	11,891
9	54	26	7,934
9	54	33	3,916
9	54	69	4,378
9	54	70	12,578
9	54	71	12,179
9	54	75	4,509
9	54	76	13,277
9	54	79	3,17
9	54	82	1,138
9	54	87	1,426
9	54	93	4,138
9	54	97	0,778
9	54	100	0,709
9	69	1	4,81
9	69	4	5,532
9	69	9	4,623
9	69	13	6,417
9	69	22	3,888
9	69	23	18,516
9	69	26	3,277
9	69	33	3,966
9	69	54	2,838
9	69	70	13,326
9	69	71	8,964
9	69	75	12,681
9	69	76	3,633
9	69	79	1,75
9	69	82	4,847
9	69	87	0,948
9	69	93	4,499
9	69	97	1,543
9	69	100	0,856
9	70	1	4,637
9	70	4	3,593
9	70	9	1,357
9	70	13	6,941
9	70	22	3,148
9	70	23	1,159
9	70	26	1,737
9	70	33	4,579
9	70	54	6,722
9	70	69	3,267
9	70	71	1,773
9	70	75	0,642
9	70	76	1,696
9	70	79	17,468
9	70	82	1,49
9	70	87	7,352
9	70	93	3,294
9	70	97	3,126
9	70	100	4,556
9	71	1	14,875
9	71	4	2,688
9	71	9	5,938
9	71	13	1,371
9	71	22	22,256
9	71	23	4,802
9	71	26	3,314
9	71	33	1,706
9	71	54	59,517
9	71	69	2,08
9	71	70	17,772
9	71	75	3,686
9	71	76	2,117
9	71	79	5,378
9	71	82	5,879
9	71	87	8,721
9	71	93	5,162
9	71	97	5,398
9	71	100	2,047
9	75	1	14,538
9	75	4	1,914
9	75	9	2,64
9	75	13	2,754
9	75	22	16,764
9	75	23	6,715
9	75	26	1,307
9	75	33	2,786
9	75	54	7,297
9	75	69	0,789
9	75	70	8,432
9	75	71	2,775
9	75	76	15,257
9	75	79	1,564
9	75	82	12,312
9	75	87	1,089
9	75	93	1,918
9	75	97	1,106
9	75	100	10,522
9	76	1	4,697
9	76	4	3,863
9	76	9	1,242
9	76	13	5,365
9	76	22	16,78
9	76	23	5,322
9	76	26	2,732
9	76	33	11,842
9	76	54	3,848
9	76	69	8,696
9	76	70	8,904
9	76	71	10,351
9	76	75	13,348
9	76	79	14,995
9	76	82	7,089
9	76	87	2,181
9	76	93	6,467
9	76	97	4,493
9	76	100	0,916
9	79	1	3,617
9	79	4	2,588
9	79	9	24,042
9	79	13	0,704
9	79	22	0,666
9	79	23	3,746
9	79	26	2,734
9	79	33	3,247
9	79	54	4,266
9	79	69	6,167
9	79	70	6,222
9	79	71	6,725
9	79	75	0,562
9	79	76	1,148
9	79	82	3,719
9	79	87	0,628
9	79	93	6,268
9	79	97	14,636
9	79	100	0,549
9	82	1	3,866
9	82	4	7,076
9	82	9	4,638
9	82	13	16,347
9	82	22	0,542
9	82	23	9,733
9	82	26	18,432
9	82	33	23,978
9	82	54	5,494
9	82	69	1,08
9	82	70	1,688
9	82	71	7,023
9	82	75	2,581
9	82	76	4,839
9	82	79	13,048
9	82	87	12,906
9	82	93	4,086
9	82	97	6,31
9	82	100	0,766
9	87	1	0,75
9	87	4	2,359
9	87	9	5,234
9	87	13	5,543
9	87	22	21,619
9	87	23	2,228
9	87	26	6,2
9	87	33	13,575
9	87	54	2,887
9	87	69	2,688
9	87	70	9,821
9	87	71	9,796
9	87	75	2,389
9	87	76	5,976
9	87	79	7,067
9	87	82	9,002
9	87	93	2,362
9	87	97	10,44
9	87	100	10,438
9	93	1	10,533
9	93	4	0,799
9	93	9	1,484
9	93	13	16,893
9	93	22	4,026
9	93	23	4,609
9	93	26	5,398
9	93	33	2,323
9	93	54	7,888
9	93	69	4,704
9	93	70	4,879
9	93	71	44,049
9	93	75	5,551
9	93	76	11,455
9	93	79	0,543
9	93	82	1,856
9	93	87	0,982
9	93	97	2,045
9	93	100	27,878
9	97	1	1,897
9	97	4	9,681
9	97	9	3,517
9	97	13	12,353
9	97	22	3,442
9	97	23	0,854
9	97	26	2,792
9	97	33	1,998
9	97	54	10,318
9	97	69	0,868
9	97	70	3,719
9	97	71	0,999
9	97	75	5,158
9	97	76	5,777
9	97	79	4,207
9	97	82	2,632
9	97	87	0,666
9	97	93	3,47
9	97	100	9,279
9	100	1	2,051
9	100	4	2,81
9	100	9	4,851
9	100	13	12,204
9	100	22	1,849
9	100	23	12,557
9	100	26	1,601
9	100	33	1,706
9	100	54	2,532
9	100	69	9,16
9	100	70	1,388
9	100	71	1,556
9	100	75	5,91
9	100	76	12,683
9	100	79	2,035
9	100	82	8,43
9	100	87	3,93
9	100	93	14,1
9	100	97	4,315
10	1	2	6,68
10	1	3	1,339
10	1	7	7,036
10	1	21	4,926
10	1	23	3,285
10	1	25	10,467
10	1	26	6,483
10	1	28	14,072
10	1	33	6,815
10	1	44	0,649
10	1	59	12,658
10	1	81	9,297
10	1	82	4,1
10	1	88	2,498
10	1	93	3,087
10	1	96	1,789
10	1	98	6,185
10	2	1	2,892
10	2	3	6,299
10	2	7	11,152
10	2	21	14,389
10	2	23	3,577
10	2	25	1,904
10	2	26	7,889
10	2	28	7,041
10	2	33	2,542
10	2	44	11,06
10	2	59	1,002
10	2	81	6,634
10	2	82	2,906
10	2	88	2,005
10	2	93	2,181
10	2	96	0,528
10	2	98	2,119
10	3	1	0,727
10	3	2	2,82
10	3	7	14,467
10	3	21	0,519
10	3	23	2,293
10	3	25	5,362
10	3	26	1,18
10	3	28	5,71
10	3	33	13,608
10	3	44	4,436
10	3	59	2,157
10	3	81	6,801
10	3	82	20,892
10	3	88	3,114
10	3	93	7,436
10	3	96	6,317
10	3	98	1,017
10	7	1	2,481
10	7	2	1,215
10	7	3	2,134
10	7	21	5,557
10	7	23	6,747
10	7	25	8,542
10	7	26	7,77
10	7	28	6,496
10	7	33	2,552
10	7	44	22,441
10	7	59	0,678
10	7	81	13,794
10	7	82	3,282
10	7	88	0,61
10	7	93	1,642
10	7	96	4,175
10	7	98	0,687
10	21	1	6,477
10	21	2	9,274
10	21	3	9,658
10	21	7	3,692
10	21	23	8,176
10	21	25	5,026
10	21	26	2,24
10	21	28	28,557
10	21	33	15,653
10	21	44	9,638
10	21	59	3,223
10	21	81	1,953
10	21	82	5,04
10	21	88	3,376
10	21	93	0,512
10	21	96	0,74
10	21	98	1,666
10	23	1	6,109
10	23	2	5,403
10	23	3	1,428
10	23	7	9,34
10	23	21	14,579
10	23	25	4,12
10	23	26	6,039
10	23	28	3,132
10	23	33	1,301
10	23	44	0,687
10	23	59	2,426
10	23	81	2
10	23	82	3
10	23	88	6,779
10	23	93	0,875
10	23	96	1,034
10	23	98	4,69
10	25	1	3,946
10	25	2	8,631
10	25	3	4,712
10	25	7	0,992
10	25	21	9,037
10	25	23	5,693
10	25	26	8,066
10	25	28	11,608
10	25	33	4,044
10	25	44	14,012
10	25	59	7,913
10	25	81	17,141
10	25	82	0,607
10	25	88	1,798
10	25	93	14,209
10	25	96	6,464
10	25	98	1,319
10	26	1	3,852
10	26	2	1,041
10	26	3	2,136
10	26	7	0,921
10	26	21	1,777
10	26	23	0,989
10	26	25	7,37
10	26	28	2,988
10	26	33	6,373
10	26	44	8,243
10	26	59	4,614
10	26	81	13,313
10	26	82	4,377
10	26	88	7,18
10	26	93	4,761
10	26	96	11,248
10	26	98	8,309
10	28	1	0,656
10	28	2	0,79
10	28	3	31,231
10	28	7	20,429
10	28	21	3,637
10	28	23	10,054
10	28	25	0,642
10	28	26	1,702
10	28	33	1,244
10	28	44	1,127
10	28	59	11,898
10	28	81	7,245
10	28	82	1,12
10	28	88	3,651
10	28	93	2,691
10	28	96	15,997
10	28	98	8,28
10	33	1	1,395
10	33	2	12,513
10	33	3	12,216
10	33	7	4,876
10	33	21	3,113
10	33	23	0,822
10	33	25	9,276
10	33	26	2,578
10	33	28	12,402
10	33	44	6,294
10	33	59	4,366
10	33	81	5,298
10	33	82	8,501
10	33	88	2,627
10	33	93	4,601
10	33	96	2,1
10	33	98	9,755
10	44	1	13,155
10	44	2	1,127
10	44	3	19,322
10	44	7	1,041
10	44	21	2,106
10	44	23	1,525
10	44	25	6,92
10	44	26	1,953
10	44	28	2,892
10	44	33	7,2
10	44	59	11,417
10	44	81	4,545
10	44	82	0,696
10	44	88	6,46
10	44	93	1,333
10	44	96	3,749
10	44	98	1,518
10	59	1	9,378
10	59	2	3,767
10	59	3	0,961
10	59	7	0,517
10	59	21	1,25
10	59	23	6,34
10	59	25	11,952
10	59	26	1,437
10	59	28	12,311
10	59	33	9,24
10	59	44	11,419
10	59	81	5,426
10	59	82	2,484
10	59	88	4,118
10	59	93	0,71
10	59	96	4,834
10	59	98	23,249
10	81	1	41,532
10	81	2	2,614
10	81	3	10,048
10	81	7	6,22
10	81	21	6,147
10	81	23	3,284
10	81	25	4,042
10	81	26	30,48
10	81	28	2,452
10	81	33	10,297
10	81	44	2,092
10	81	59	6,054
10	81	82	1,773
10	81	88	0,642
10	81	93	2,279
10	81	96	0,745
10	81	98	6,266
10	82	1	4,951
10	82	2	3,55
10	82	3	5,146
10	82	7	4,508
10	82	21	4,081
10	82	23	6,709
10	82	25	1,331
10	82	26	22,145
10	82	28	9,62
10	82	33	9,133
10	82	44	2,62
10	82	59	3,242
10	82	81	6,028
10	82	88	1,413
10	82	93	1,971
10	82	96	13,689
10	82	98	9,51
10	88	1	4,983
10	88	2	22,786
10	88	3	4,452
10	88	7	4,369
10	88	21	1,64
10	88	23	7,714
10	88	25	2,581
10	88	26	1,003
10	88	28	2,023
10	88	33	2,314
10	88	44	19,497
10	88	59	8,307
10	88	81	3,257
10	88	82	3,643
10	88	93	0,945
10	88	96	8,986
10	88	98	1,017
10	93	1	10,709
10	93	2	6,948
10	93	3	20,35
10	93	7	3,717
10	93	21	1,261
10	93	23	1,859
10	93	25	0,611
10	93	26	4,253
10	93	28	2,829
10	93	33	0,797
10	93	44	2,072
10	93	59	1,095
10	93	81	13,514
10	93	82	9,316
10	93	88	12,067
10	93	96	1,723
10	93	98	1,967
10	96	1	10,853
10	96	2	20,866
10	96	3	6,028
10	96	7	2,033
10	96	21	1,019
10	96	23	2,143
10	96	25	1,729
10	96	26	3,65
10	96	28	4,721
10	96	33	2,205
10	96	44	7,134
10	96	59	0,548
10	96	81	6,044
10	96	82	9,198
10	96	88	4,71
10	96	93	1,821
10	96	98	0,801
10	98	1	6,982
10	98	2	6,368
10	98	3	6,963
10	98	7	11,644
10	98	21	1,934
10	98	23	1,805
10	98	25	0,944
10	98	26	1,272
10	98	28	9,193
10	98	33	1,176
10	98	44	7,131
10	98	59	22,8
10	98	81	1,116
10	98	82	20,133
10	98	88	0,651
10	98	93	1,069
10	98	96	0,758

