#num jobs
100
#num machines
10

#jobId machId procTime energyCons
1	4	3,78	38,02
1	6	28,77	401,78
1	7	878,89	7547,09
1	8	146,48	417,24
2	2	16,11	51,59
2	1	6,04	82,88
3	10	3,64	48,77
3	6	2,5	34,87
3	4	2,65	26,62
4	10	43,86	586,92
4	8	14,32	40,78
5	5	16,08	183,07
5	10	2,66	35,57
6	7	46,53	399,59
6	1	12,69	174,16
7	5	6,88	78,32
8	6	2,83	39,5
8	3	129,6	1396,71
9	2	23,81	76,24
9	10	5,59	74,8
10	2	33,13	106,1
11	3	20,67	222,78
12	10	17,19	230
12	9	71,13	781,48
12	3	9,12	98,26
12	1	1,83	25,07
13	7	13,1	112,52
14	3	8,65	93,19
14	5	2,33	26,48
14	9	17,81	195,69
15	1	21,96	301,46
15	7	7,52	64,54
16	2	7,24	23,18
17	2	3,28	10,5
17	5	2,95	33,63
17	8	4,75	13,53
18	8	1,52	4,34
19	2	12,74	40,79
19	7	218,72	1878,21
19	10	22,62	302,63
20	8	4,41	12,57
20	2	33,15	106,17
21	10	5	66,84
21	3	5	53,88
22	6	6,99	97,66
23	2	0,85	2,72
23	6	27,03	377,55
23	7	5,93	50,92
24	1	2,91	39,99
24	5	6,33	72,06
25	5	4,29	48,8
26	10	5,81	77,77
26	9	5,65	62,02
26	7	11,64	99,97
27	1	6,75	92,73
27	2	28,68	91,83
27	3	11,35	122,32
27	6	3,82	53,32
27	8	0,21	0,59
28	7	6,69	57,45
28	3	30,45	328,15
28	1	7,57	103,89
29	1	7,57	103,87
29	10	12,76	170,69
30	2	3,38	10,81
30	3	3,41	36,76
30	6	21,58	301,44
31	6	23,06	322,08
31	7	71,93	617,63
32	6	43,19	603,24
33	6	17,13	239,3
34	5	11,43	130,18
35	4	21,2	213,24
35	1	6,97	95,66
36	3	2,12	22,85
36	7	9,29	79,73
36	8	13,26	37,78
36	10	13,32	178,3
37	7	6,41	55,07
38	3	8,12	87,49
38	5	2,59	29,45
39	5	10,55	120,18
39	7	128,2	1100,9
39	10	7,82	104,6
40	7	7,57	65,03
41	2	4,35	13,92
41	9	5,63	61,82
42	3	3,55	38,22
43	3	6,74	72,68
43	5	13,63	155,2
43	7	2,43	20,85
43	10	5,11	68,41
44	10	61,67	825,16
44	9	9,43	103,63
44	8	51,14	145,68
44	6	11,27	157,44
44	3	24,9	268,33
45	7	2,28	19,58
45	8	29,14	82,99
46	2	12,43	39,81
46	3	486,54	5243,43
46	6	1,14	15,91
46	9	31,45	345,55
47	9	58,22	639,6
47	8	3,11	8,85
48	5	12,84	146,24
49	9	13,08	143,72
49	1	83,99	1153,02
50	2	2,48	7,94
50	4	9,58	96,35
50	6	14,73	205,79
51	9	90,11	989,99
51	7	2,52	21,67
51	6	10,4	145,32
51	2	3,56	11,39
52	10	4,22	56,5
53	2	43,65	139,8
53	10	433,72	5803,61
54	10	2,11	28,26
54	7	0,38	3,23
54	4	10,95	110,16
55	1	9,08	124,64
56	5	4,94	56,29
56	3	77,59	836,24
57	2	11,15	35,71
57	8	7,62	21,71
58	1	5,36	73,58
58	2	68,36	218,91
58	8	0,55	1,57
58	10	60,84	814,07
59	4	1571,19	15802,52
60	1	2,75	37,77
60	4	2,12	21,29
60	9	3,55	39,02
61	2	2,5	7,99
62	7	7,97	68,43
63	10	15,48	207,15
63	7	3,95	33,88
64	6	0,31	4,4
65	8	91,35	260,19
65	4	14,81	148,93
65	3	5	53,91
65	1	58,83	807,65
66	4	10,99	110,5
66	3	7,09	76,45
67	4	55,89	562,09
67	2	25,05	80,21
68	5	14,35	163,42
68	7	17,82	153,02
68	8	14685,03	41828,68
68	10	9,77	130,77
69	9	12,12	133,16
69	3	7,7	82,97
70	10	21,1	282,4
71	1	45,86	629,52
71	3	121,96	1314,37
72	3	5,86	63,17
73	2	4,89	15,67
73	7	3,32	28,51
73	8	25,49	72,6
74	8	33,5	95,42
75	9	22,88	251,36
76	1	1,43	19,58
76	6	32,31	451,19
77	3	302,54	3260,47
77	6	46,98	656,22
78	2	5,26	16,85
78	4	19,88	199,93
78	6	17,43	243,45
79	4	6,08	61,17
80	8	281,19	800,95
81	1	3,22	44,2
81	2	47,16	151,04
81	6	1,55	21,61
81	7	17,12	146,98
82	2	4,21	13,5
82	8	395,92	1127,73
82	10	1,82	24,35
83	8	7,29	20,76
83	2	3,07	9,83
84	8	3,88	11,06
84	6	12,9	180,2
85	2	96,5	309,03
86	1	796,98	10940,6
86	3	43,52	469
86	4	2,44	24,53
86	6	20,23	282,53
86	7	1,22	10,47
86	10	12,07	161,47
87	5	84,01	956,64
87	6	6,32	88,32
88	6	267,33	3733,7
88	9	9,82	107,88
89	1	7,27	99,75
89	3	8,01	86,37
89	5	6,03	68,72
89	7	2,05	17,63
89	9	2,16	23,73
90	5	2,98	33,89
90	3	43,5	468,82
91	3	12,02	129,52
91	10	31,45	420,82
92	10	58,77	786,36
92	8	7,83	22,3
92	7	8,25	70,81
92	5	5,86	66,7
93	2	15,45	49,48
93	8	3,78	10,76
94	4	5,48	55,13
94	3	0,95	10,25
95	2	9,48	30,36
95	3	44,05	474,68
95	7	7,46	64,07
95	10	2,93	39,21
96	7	30,37	260,79
97	7	3,52	30,2
97	1	7,49	102,77
98	3	9,82	105,78
98	8	22,01	62,69
99	1	16,95	232,67
100	1	13,58	186,43
100	3	12,76	137,54

#jobId ddate weight rdate
1	90,567	36	603,063
2	75,455	17	336,574
3	207,753	15	1380,192
4	25,03	10	783,342
5	134,532	27	168,826
6	141,593	4	535,775
7	58,27	34	915,691
8	97,958	7	740,912
9	69,64	34	973,287
10	157,961	31	174,988
11	204,445	17	924,902
12	71,802	32	837,924
13	145,523	8	458,286
14	51,459	7	1387,197
15	212,978	27	908,387
16	220,665	17	716,879
17	229,917	40	597,463
18	142,224	17	407,867
19	148,555	45	1429,663
20	146,972	28	34,894
21	161,999	41	298,755
22	166,104	45	397,525
23	209,498	27	376,38
24	220,642	3	1450,434
25	230,328	34	40,865
26	134,16	44	783,894
27	141,783	9	567,856
28	85,439	35	1042,272
29	201,283	18	373,325
30	244,586	30	1013,492
31	180,512	15	1465,317
32	141,358	37	810,774
33	76,189	17	281,243
34	157,91	12	67,007
35	194,817	21	55,649
36	183,625	13	945,388
37	162,382	22	86,367
38	4,938	32	31,13
39	96,815	25	459,361
40	25,611	1	1262,94
41	135,903	28	1263,48
42	232,775	49	240,785
43	188,018	24	533,818
44	231,346	17	347,825
45	132,612	17	1377,248
46	231,653	33	817,738
47	71,749	30	105,948
48	25,006	31	493,224
49	39,417	48	1053,443
50	159,392	12	267,256
51	59,658	17	303,469
52	81,11	10	132,047
53	162,935	43	1246,263
54	105,987	14	1447,651
55	189,485	41	1060,229
56	23,853	5	707,962
57	73,367	38	664,984
58	202,98	39	1197,182
59	99,377	26	665,383
60	230,631	22	1160,148
61	4,157	9	171,754
62	58,781	2	1030,124
63	1,723	42	309,013
64	37,218	35	412,307
65	195,293	5	1268,585
66	81,73	31	487,133
67	198,097	12	93,385
68	217,716	36	516,152
69	118,298	20	614,078
70	134,889	32	1364,41
71	163,549	3	1067,837
72	104,587	43	610,982
73	24,168	2	784,223
74	194,7	14	132,78
75	59,45	9	216,891
76	11,691	47	46,122
77	170,781	6	105,885
78	222,877	36	195,202
79	52,645	38	192,657
80	110,715	14	1116,909
81	156,345	14	675,017
82	50,754	28	716,029
83	159,895	22	544,237
84	55,07	40	345,37
85	146,15	48	20,385
86	236,757	10	949,592
87	137,268	19	639,643
88	108,617	42	1258,657
89	127,071	30	1118,042
90	82,227	14	311,65
91	24,381	38	954,729
92	181,345	31	230,129
93	242,391	33	52,177
94	151,368	33	584,787
95	124,167	42	694,263
96	79,223	6	460,36
97	184,36	24	369,339
98	138,392	16	1314,694
99	220,35	30	286,367
100	105,683	36	1016,113

#machId jobPred jobSucc setupTime
1	2	6	5,385
1	2	12	3,23
1	2	15	1,569
1	2	24	3,964
1	2	27	6,545
1	2	28	6,433
1	2	29	9,173
1	2	35	1,597
1	2	49	4,171
1	2	55	4,513
1	2	58	6,561
1	2	60	3,928
1	2	65	1,415
1	2	71	22,335
1	2	76	1,375
1	2	81	8,511
1	2	86	3,805
1	2	89	4,635
1	2	97	10,625
1	2	99	32,054
1	2	100	1,117
1	6	2	17,645
1	6	12	9,582
1	6	15	1,457
1	6	24	3,545
1	6	27	8,692
1	6	28	0,815
1	6	29	4,303
1	6	35	8,036
1	6	49	2,642
1	6	55	5,705
1	6	58	3,867
1	6	60	2,431
1	6	65	3,66
1	6	71	3,45
1	6	76	1,943
1	6	81	1,426
1	6	86	1,04
1	6	89	2,233
1	6	97	0,588
1	6	99	17,375
1	6	100	1,098
1	12	2	70,841
1	12	6	4,792
1	12	15	1,292
1	12	24	2,554
1	12	27	4,863
1	12	28	4,366
1	12	29	17,635
1	12	35	5,12
1	12	49	10,32
1	12	55	1,038
1	12	58	12,837
1	12	60	3,695
1	12	65	13,701
1	12	71	1,053
1	12	76	5,222
1	12	81	1,388
1	12	86	10,895
1	12	89	14,603
1	12	97	4,496
1	12	99	0,504
1	12	100	10,684
1	15	2	0,889
1	15	6	14,842
1	15	12	2,674
1	15	24	0,69
1	15	27	1,03
1	15	28	2,872
1	15	29	1,516
1	15	35	7,513
1	15	49	5,387
1	15	55	0,791
1	15	58	6,612
1	15	60	8,491
1	15	65	2,815
1	15	71	1,27
1	15	76	1,837
1	15	81	0,631
1	15	86	3,95
1	15	89	0,895
1	15	97	8,425
1	15	99	14,782
1	15	100	1,037
1	24	2	2,625
1	24	6	9,934
1	24	12	1,98
1	24	15	3,716
1	24	27	3,148
1	24	28	1,773
1	24	29	2,773
1	24	35	4,395
1	24	49	5,251
1	24	55	1,094
1	24	58	0,829
1	24	60	13,455
1	24	65	2,847
1	24	71	9,458
1	24	76	1,311
1	24	81	0,512
1	24	86	0,992
1	24	89	9,911
1	24	97	4,913
1	24	99	2,263
1	24	100	23,392
1	27	2	3,861
1	27	6	5,929
1	27	12	4,621
1	27	15	6,959
1	27	24	3,203
1	27	28	8,56
1	27	29	1,905
1	27	35	2,962
1	27	49	6,58
1	27	55	2,103
1	27	58	4,156
1	27	60	1,023
1	27	65	4,923
1	27	71	1,342
1	27	76	0,531
1	27	81	4,701
1	27	86	6,494
1	27	89	9,713
1	27	97	14,811
1	27	99	9,312
1	27	100	11,455
1	28	2	1,882
1	28	6	3,7
1	28	12	1,302
1	28	15	1,296
1	28	24	6,934
1	28	27	11,13
1	28	29	1,114
1	28	35	11,165
1	28	49	2,267
1	28	55	27,086
1	28	58	1,606
1	28	60	5,067
1	28	65	10,58
1	28	71	2,267
1	28	76	3,053
1	28	81	1,399
1	28	86	0,947
1	28	89	4,801
1	28	97	5,253
1	28	99	11,085
1	28	100	12,482
1	29	2	5,041
1	29	6	1,563
1	29	12	2,895
1	29	15	1,174
1	29	24	1,993
1	29	27	6,959
1	29	28	8,787
1	29	35	2,838
1	29	49	9,775
1	29	55	3,746
1	29	58	14,324
1	29	60	1,617
1	29	65	22,522
1	29	71	1,376
1	29	76	0,659
1	29	81	7,787
1	29	86	10,33
1	29	89	5,575
1	29	97	5,039
1	29	99	3,357
1	29	100	2,361
1	35	2	14,181
1	35	6	16,083
1	35	12	9,179
1	35	15	11,097
1	35	24	1,295
1	35	27	24,461
1	35	28	11,344
1	35	29	69,021
1	35	49	6,307
1	35	55	19,84
1	35	58	2,193
1	35	60	4,41
1	35	65	2,861
1	35	71	4,051
1	35	76	1,341
1	35	81	23,106
1	35	86	3,637
1	35	89	6,386
1	35	97	2,559
1	35	99	9,8
1	35	100	10,545
1	49	2	1,741
1	49	6	5,45
1	49	12	5,815
1	49	15	3,034
1	49	24	5,173
1	49	27	1,877
1	49	28	10,096
1	49	29	3,476
1	49	35	5,102
1	49	55	34,993
1	49	58	7,872
1	49	60	4,21
1	49	65	7,357
1	49	71	2,999
1	49	76	6,058
1	49	81	32,097
1	49	86	6,407
1	49	89	7,17
1	49	97	4,697
1	49	99	7,301
1	49	100	5,708
1	55	2	0,587
1	55	6	0,735
1	55	12	0,581
1	55	15	11,415
1	55	24	4,17
1	55	27	7,214
1	55	28	3,634
1	55	29	9,085
1	55	35	25,762
1	55	49	1,772
1	55	58	29,905
1	55	60	6,162
1	55	65	1,529
1	55	71	2,473
1	55	76	2,18
1	55	81	8,992
1	55	86	2,042
1	55	89	4,781
1	55	97	6,584
1	55	99	0,517
1	55	100	14,444
1	58	2	1,103
1	58	6	5,254
1	58	12	6,851
1	58	15	4,019
1	58	24	7,367
1	58	27	7,05
1	58	28	4,899
1	58	29	7,572
1	58	35	3,643
1	58	49	2,795
1	58	55	2,04
1	58	60	5,083
1	58	65	7,657
1	58	71	1,146
1	58	76	1,875
1	58	81	5,494
1	58	86	8,157
1	58	89	12,629
1	58	97	3,153
1	58	99	0,616
1	58	100	7,404
1	60	2	1,599
1	60	6	3,392
1	60	12	6,318
1	60	15	3,628
1	60	24	6,438
1	60	27	3,031
1	60	28	12,347
1	60	29	1,04
1	60	35	24,195
1	60	49	16,528
1	60	55	3,476
1	60	58	4,462
1	60	65	1,941
1	60	71	1,526
1	60	76	7,318
1	60	81	2,41
1	60	86	22,26
1	60	89	3,423
1	60	97	1,597
1	60	99	5,642
1	60	100	1,636
1	65	2	1,958
1	65	6	1,19
1	65	12	0,57
1	65	15	13,303
1	65	24	4,535
1	65	27	2,789
1	65	28	1,708
1	65	29	1,393
1	65	35	0,73
1	65	49	2,597
1	65	55	13,194
1	65	58	3,15
1	65	60	2,179
1	65	71	1,014
1	65	76	9,646
1	65	81	10,898
1	65	86	6,505
1	65	89	5,252
1	65	97	0,879
1	65	99	6,592
1	65	100	12
1	71	2	3,566
1	71	6	8,074
1	71	12	3,527
1	71	15	8,277
1	71	24	3,226
1	71	27	2,401
1	71	28	9,1
1	71	29	4,583
1	71	35	1,948
1	71	49	2,18
1	71	55	5,889
1	71	58	8,876
1	71	60	1,704
1	71	65	9,931
1	71	76	1,379
1	71	81	2,516
1	71	86	11,697
1	71	89	2,227
1	71	97	5,099
1	71	99	10,217
1	71	100	3,883
1	76	2	1,314
1	76	6	0,544
1	76	12	44,472
1	76	15	0,956
1	76	24	4,262
1	76	27	4,885
1	76	28	6,811
1	76	29	18,409
1	76	35	15,07
1	76	49	1,973
1	76	55	10,343
1	76	58	2,574
1	76	60	6,292
1	76	65	2,12
1	76	71	2,148
1	76	81	23,697
1	76	86	1,818
1	76	89	11,429
1	76	97	0,666
1	76	99	3,632
1	76	100	3,96
1	81	2	10,484
1	81	6	21,585
1	81	12	15,914
1	81	15	8,231
1	81	24	2,073
1	81	27	10,32
1	81	28	0,575
1	81	29	13,286
1	81	35	4,591
1	81	49	9,289
1	81	55	26,647
1	81	58	15,433
1	81	60	21,06
1	81	65	5,704
1	81	71	6,645
1	81	76	5,024
1	81	86	7,878
1	81	89	2,161
1	81	97	10,952
1	81	99	2,175
1	81	100	1,076
1	86	2	10,695
1	86	6	3,324
1	86	12	9,206
1	86	15	7,111
1	86	24	4,483
1	86	27	27,851
1	86	28	17,248
1	86	29	4,552
1	86	35	7,644
1	86	49	1,85
1	86	55	1,739
1	86	58	2,115
1	86	60	4,864
1	86	65	9,716
1	86	71	3,182
1	86	76	4,868
1	86	81	1,288
1	86	89	5,566
1	86	97	16,743
1	86	99	1,087
1	86	100	7,089
1	89	2	2,891
1	89	6	4,293
1	89	12	24,503
1	89	15	2,997
1	89	24	2,1
1	89	27	1,759
1	89	28	1,615
1	89	29	14,191
1	89	35	3,329
1	89	49	31,922
1	89	55	3,511
1	89	58	0,934
1	89	60	0,999
1	89	65	9,993
1	89	71	7,462
1	89	76	17,298
1	89	81	6,948
1	89	86	0,646
1	89	97	11,205
1	89	99	1,292
1	89	100	5,975
1	97	2	2,383
1	97	6	1,29
1	97	12	3,245
1	97	15	12,452
1	97	24	5,685
1	97	27	11,179
1	97	28	3,539
1	97	29	12,033
1	97	35	3,352
1	97	49	0,856
1	97	55	4,251
1	97	58	2,429
1	97	60	0,818
1	97	65	3,395
1	97	71	1,94
1	97	76	4,651
1	97	81	0,904
1	97	86	6,728
1	97	89	4,28
1	97	99	19,864
1	97	100	14,474
1	99	2	1,065
1	99	6	5,121
1	99	12	17,174
1	99	15	3,999
1	99	24	6,263
1	99	27	12,344
1	99	28	7,29
1	99	29	0,567
1	99	35	2,767
1	99	49	8,379
1	99	55	5,923
1	99	58	15,431
1	99	60	15,905
1	99	65	7,953
1	99	71	2,984
1	99	76	6,868
1	99	81	7,536
1	99	86	3,794
1	99	89	2,017
1	99	97	14,723
1	99	100	1,043
1	100	2	7,708
1	100	6	1,697
1	100	12	4,765
1	100	15	8,561
1	100	24	2,817
1	100	27	14,597
1	100	28	1,907
1	100	29	5,358
1	100	35	9,08
1	100	49	14,98
1	100	55	5,708
1	100	58	11,279
1	100	60	2,487
1	100	65	2,351
1	100	71	0,951
1	100	76	6,637
1	100	81	1,684
1	100	86	4,687
1	100	89	5,238
1	100	97	6,533
1	100	99	2,725
2	2	9	3,009
2	2	10	4,553
2	2	16	3,409
2	2	17	1,878
2	2	19	5,586
2	2	20	12,975
2	2	23	6,55
2	2	27	1,545
2	2	30	8,482
2	2	41	6,165
2	2	46	0,984
2	2	50	7,896
2	2	51	3,325
2	2	53	2,612
2	2	57	1,819
2	2	58	0,946
2	2	61	0,741
2	2	67	4,974
2	2	73	16,405
2	2	78	6,25
2	2	81	26,373
2	2	82	3,056
2	2	83	1,017
2	2	85	7,351
2	2	93	7,745
2	2	95	1,119
2	9	2	1,48
2	9	10	1,126
2	9	16	5,103
2	9	17	7,391
2	9	19	2,228
2	9	20	1,952
2	9	23	0,967
2	9	27	6,799
2	9	30	1,976
2	9	41	11,225
2	9	46	11,557
2	9	50	5,2
2	9	51	0,502
2	9	53	11,414
2	9	57	1,524
2	9	58	23,116
2	9	61	10,005
2	9	67	17,74
2	9	73	2,395
2	9	78	30,996
2	9	81	4,329
2	9	82	3,458
2	9	83	3,187
2	9	85	3,409
2	9	93	10,307
2	9	95	4,285
2	10	2	26,38
2	10	9	2,652
2	10	16	1,824
2	10	17	38,541
2	10	19	8,374
2	10	20	2,965
2	10	23	5,247
2	10	27	13,436
2	10	30	11,199
2	10	41	20,314
2	10	46	6,268
2	10	50	0,755
2	10	51	4,603
2	10	53	0,892
2	10	57	10,402
2	10	58	1,118
2	10	61	0,998
2	10	67	3,532
2	10	73	5,34
2	10	78	0,699
2	10	81	5,127
2	10	82	5,496
2	10	83	8,145
2	10	85	12,449
2	10	93	10,2
2	10	95	4,167
2	16	2	4,274
2	16	9	3,771
2	16	10	4,503
2	16	17	7,404
2	16	19	5,326
2	16	20	4,569
2	16	23	6,781
2	16	27	5,608
2	16	30	3,354
2	16	41	5,564
2	16	46	3,087
2	16	50	1,162
2	16	51	15,259
2	16	53	0,543
2	16	57	2,19
2	16	58	4,338
2	16	61	0,675
2	16	67	1,896
2	16	73	3,552
2	16	78	7,896
2	16	81	0,538
2	16	82	0,865
2	16	83	1,246
2	16	85	0,775
2	16	93	1,249
2	16	95	1,36
2	17	2	6,276
2	17	9	0,595
2	17	10	7,321
2	17	16	5,188
2	17	19	5,288
2	17	20	10,474
2	17	23	1,58
2	17	27	1,652
2	17	30	3,388
2	17	41	2,183
2	17	46	15,9
2	17	50	1,174
2	17	51	1,983
2	17	53	12,199
2	17	57	2,238
2	17	58	6,646
2	17	61	2,975
2	17	67	17,83
2	17	73	7,272
2	17	78	5,288
2	17	81	3,087
2	17	82	3,469
2	17	83	1,27
2	17	85	7,311
2	17	93	1,502
2	17	95	7,057
2	19	2	14,515
2	19	9	2,048
2	19	10	1,981
2	19	16	19,178
2	19	17	5,653
2	19	20	15,619
2	19	23	2,014
2	19	27	7,326
2	19	30	0,541
2	19	41	2,127
2	19	46	8,441
2	19	50	0,949
2	19	51	1,566
2	19	53	2,369
2	19	57	4,793
2	19	58	3,037
2	19	61	1,885
2	19	67	1,717
2	19	73	0,966
2	19	78	3,589
2	19	81	1,029
2	19	82	2,972
2	19	83	5,968
2	19	85	11,96
2	19	93	2,457
2	19	95	1,557
2	20	2	11,093
2	20	9	0,822
2	20	10	5,749
2	20	16	12,296
2	20	17	2,406
2	20	19	16,424
2	20	23	6,46
2	20	27	3,638
2	20	30	4,452
2	20	41	8,873
2	20	46	0,999
2	20	50	2,23
2	20	51	17,758
2	20	53	8,712
2	20	57	1,474
2	20	58	17,716
2	20	61	4,23
2	20	67	2,827
2	20	73	9,814
2	20	78	0,876
2	20	81	0,684
2	20	82	10,167
2	20	83	1,643
2	20	85	7,389
2	20	93	2,576
2	20	95	15,283
2	23	2	0,968
2	23	9	5,067
2	23	10	0,718
2	23	16	6,643
2	23	17	1,125
2	23	19	0,795
2	23	20	9,089
2	23	27	3,661
2	23	30	3,124
2	23	41	5,524
2	23	46	20,206
2	23	50	0,935
2	23	51	2,821
2	23	53	3,679
2	23	57	0,64
2	23	58	1,099
2	23	61	22,148
2	23	67	5,71
2	23	73	1,449
2	23	78	12,889
2	23	81	18,703
2	23	82	1,082
2	23	83	1,407
2	23	85	5,853
2	23	93	43,994
2	23	95	4,418
2	27	2	12,801
2	27	9	2,662
2	27	10	31,587
2	27	16	2,659
2	27	17	30,06
2	27	19	12,008
2	27	20	2,654
2	27	23	3,899
2	27	30	6,039
2	27	41	8,914
2	27	46	6,455
2	27	50	21,989
2	27	51	3,738
2	27	53	7,849
2	27	57	2,212
2	27	58	4,365
2	27	61	2,918
2	27	67	11,089
2	27	73	2,612
2	27	78	3,65
2	27	81	2,774
2	27	82	3,147
2	27	83	2,697
2	27	85	2,202
2	27	93	16,273
2	27	95	2,694
2	30	2	0,533
2	30	9	1,323
2	30	10	0,721
2	30	16	0,99
2	30	17	21,1
2	30	19	13,374
2	30	20	6,574
2	30	23	13,547
2	30	27	4,535
2	30	41	9,811
2	30	46	5,278
2	30	50	2,995
2	30	51	11,26
2	30	53	3,591
2	30	57	1,751
2	30	58	0,743
2	30	61	1,35
2	30	67	2,029
2	30	73	1,486
2	30	78	16,086
2	30	81	28,576
2	30	82	4,603
2	30	83	11,303
2	30	85	1,192
2	30	93	25,89
2	30	95	2,327
2	41	2	7,327
2	41	9	3,355
2	41	10	3,564
2	41	16	10,285
2	41	17	1,256
2	41	19	2,426
2	41	20	2,574
2	41	23	2,903
2	41	27	2,861
2	41	30	11,725
2	41	46	5,382
2	41	50	5,237
2	41	51	8,764
2	41	53	1,028
2	41	57	0,828
2	41	58	5,761
2	41	61	6,088
2	41	67	0,936
2	41	73	1,138
2	41	78	1,261
2	41	81	3,043
2	41	82	6,038
2	41	83	6,075
2	41	85	6,613
2	41	93	4,588
2	41	95	3,102
2	46	2	3,344
2	46	9	11,207
2	46	10	1,726
2	46	16	21,767
2	46	17	1,154
2	46	19	9,884
2	46	20	14,153
2	46	23	3,389
2	46	27	0,632
2	46	30	0,635
2	46	41	1,616
2	46	50	21,389
2	46	51	3,387
2	46	53	0,593
2	46	57	7,967
2	46	58	3,62
2	46	61	2,574
2	46	67	4,904
2	46	73	9,603
2	46	78	1,464
2	46	81	5,118
2	46	82	11,488
2	46	83	2,125
2	46	85	5,437
2	46	93	0,895
2	46	95	7,568
2	50	2	21,192
2	50	9	3,955
2	50	10	39,16
2	50	16	2,046
2	50	17	8,331
2	50	19	2,522
2	50	20	3,471
2	50	23	1,151
2	50	27	9,862
2	50	30	14,787
2	50	41	10,694
2	50	46	2,144
2	50	51	0,756
2	50	53	2,139
2	50	57	4,383
2	50	58	1,734
2	50	61	6,426
2	50	67	1,165
2	50	73	4,174
2	50	78	6,991
2	50	81	1,483
2	50	82	5,756
2	50	83	9,332
2	50	85	1,06
2	50	93	0,93
2	50	95	4,149
2	51	2	0,859
2	51	9	7,616
2	51	10	2,343
2	51	16	3,979
2	51	17	0,771
2	51	19	5,733
2	51	20	4,076
2	51	23	1,092
2	51	27	5,707
2	51	30	3,805
2	51	41	0,794
2	51	46	3,658
2	51	50	0,853
2	51	53	2,539
2	51	57	2,752
2	51	58	1,304
2	51	61	2,044
2	51	67	7,247
2	51	73	1,612
2	51	78	4,056
2	51	81	5,094
2	51	82	3,551
2	51	83	3,732
2	51	85	3,303
2	51	93	27,908
2	51	95	17,439
2	53	2	1,658
2	53	9	2,29
2	53	10	6,686
2	53	16	1,841
2	53	17	0,813
2	53	19	1,792
2	53	20	14,066
2	53	23	8,73
2	53	27	12,174
2	53	30	2,683
2	53	41	12,95
2	53	46	1,727
2	53	50	47,138
2	53	51	2,618
2	53	57	27,794
2	53	58	26,622
2	53	61	9,668
2	53	67	6,656
2	53	73	5,432
2	53	78	13,438
2	53	81	5,785
2	53	82	0,815
2	53	83	15,571
2	53	85	2,002
2	53	93	11,401
2	53	95	3,018
2	57	2	2,036
2	57	9	12,04
2	57	10	4,474
2	57	16	6,306
2	57	17	5,907
2	57	19	16,645
2	57	20	4,683
2	57	23	4,719
2	57	27	0,978
2	57	30	0,618
2	57	41	6,903
2	57	46	1,45
2	57	50	2,268
2	57	51	0,575
2	57	53	0,82
2	57	58	5,995
2	57	61	7,671
2	57	67	4,451
2	57	73	5,021
2	57	78	0,602
2	57	81	3,387
2	57	82	6,037
2	57	83	6,343
2	57	85	4,596
2	57	93	5,19
2	57	95	5,781
2	58	2	9,047
2	58	9	8,403
2	58	10	42,363
2	58	16	5,302
2	58	17	2,763
2	58	19	2,457
2	58	20	1,257
2	58	23	2,099
2	58	27	18,781
2	58	30	16,542
2	58	41	1,75
2	58	46	3,222
2	58	50	3,881
2	58	51	6,56
2	58	53	6,064
2	58	57	2,632
2	58	61	0,592
2	58	67	3,45
2	58	73	10,224
2	58	78	6,21
2	58	81	1,893
2	58	82	13,907
2	58	83	1,801
2	58	85	7,819
2	58	93	10,926
2	58	95	4,494
2	61	2	11,368
2	61	9	3,333
2	61	10	1,518
2	61	16	7,402
2	61	17	14,195
2	61	19	8,086
2	61	20	3,5
2	61	23	24,847
2	61	27	2,579
2	61	30	1,465
2	61	41	2,138
2	61	46	0,779
2	61	50	14,7
2	61	51	18,543
2	61	53	5,445
2	61	57	2,968
2	61	58	0,724
2	61	67	3,832
2	61	73	5,71
2	61	78	25,086
2	61	81	6,374
2	61	82	1,123
2	61	83	16,601
2	61	85	1,974
2	61	93	6,637
2	61	95	5,473
2	67	2	3,129
2	67	9	3,35
2	67	10	2,263
2	67	16	0,933
2	67	17	6,379
2	67	19	1,055
2	67	20	0,599
2	67	23	8,346
2	67	27	4,98
2	67	30	4,511
2	67	41	1,272
2	67	46	19,302
2	67	50	10,193
2	67	51	6,031
2	67	53	4,215
2	67	57	1,443
2	67	58	1,427
2	67	61	7,295
2	67	73	2,041
2	67	78	3,358
2	67	81	2,914
2	67	82	5,237
2	67	83	11,863
2	67	85	10,839
2	67	93	2,924
2	67	95	6,476
2	73	2	0,963
2	73	9	5,401
2	73	10	24,611
2	73	16	1,134
2	73	17	1,889
2	73	19	20,075
2	73	20	7,697
2	73	23	30,048
2	73	27	20,796
2	73	30	4,523
2	73	41	13,272
2	73	46	4,592
2	73	50	3,032
2	73	51	3,89
2	73	53	3,1
2	73	57	3,645
2	73	58	0,955
2	73	61	14,909
2	73	67	0,835
2	73	78	1,356
2	73	81	3,497
2	73	82	4,595
2	73	83	5,327
2	73	85	0,79
2	73	93	27,203
2	73	95	2,541
2	78	2	20,832
2	78	9	4,28
2	78	10	1,594
2	78	16	0,859
2	78	17	6,156
2	78	19	7,214
2	78	20	11,555
2	78	23	10,983
2	78	27	1,743
2	78	30	2,518
2	78	41	4,037
2	78	46	5,578
2	78	50	1,988
2	78	51	0,629
2	78	53	1,209
2	78	57	12,407
2	78	58	0,72
2	78	61	0,828
2	78	67	2,35
2	78	73	2,169
2	78	81	1,649
2	78	82	4,562
2	78	83	6,293
2	78	85	1,928
2	78	93	10,993
2	78	95	4,714
2	81	2	1,316
2	81	9	2,141
2	81	10	0,701
2	81	16	0,923
2	81	17	20,887
2	81	19	6,781
2	81	20	3,35
2	81	23	11,062
2	81	27	13,078
2	81	30	6,237
2	81	41	2,173
2	81	46	4,375
2	81	50	11,481
2	81	51	14,716
2	81	53	1,772
2	81	57	13,415
2	81	58	1,616
2	81	61	9,435
2	81	67	3,642
2	81	73	3,386
2	81	78	4,427
2	81	82	1,198
2	81	83	7,03
2	81	85	8,386
2	81	93	10,528
2	81	95	8,967
2	82	2	4,153
2	82	9	1,554
2	82	10	1,133
2	82	16	8,534
2	82	17	0,775
2	82	19	4,665
2	82	20	4,011
2	82	23	7,891
2	82	27	28,037
2	82	30	7,521
2	82	41	24,177
2	82	46	1,134
2	82	50	1,111
2	82	51	3,652
2	82	53	7,331
2	82	57	9,129
2	82	58	5,814
2	82	61	4,507
2	82	67	1,955
2	82	73	2,518
2	82	78	7,664
2	82	81	2,327
2	82	83	49,452
2	82	85	2,989
2	82	93	13,479
2	82	95	14,197
2	83	2	3,113
2	83	9	4,062
2	83	10	9,877
2	83	16	9,977
2	83	17	7,445
2	83	19	14,229
2	83	20	7,59
2	83	23	22,306
2	83	27	1,389
2	83	30	8,569
2	83	41	1,039
2	83	46	7,264
2	83	50	0,572
2	83	51	8,313
2	83	53	2,403
2	83	57	2,858
2	83	58	1,251
2	83	61	8,267
2	83	67	20,778
2	83	73	4,078
2	83	78	0,897
2	83	81	5,494
2	83	82	16,465
2	83	85	2,53
2	83	93	5,371
2	83	95	12,293
2	85	2	0,512
2	85	9	2,531
2	85	10	6,656
2	85	16	1,499
2	85	17	7,276
2	85	19	1,368
2	85	20	1,455
2	85	23	14,152
2	85	27	6,702
2	85	30	0,956
2	85	41	23,575
2	85	46	0,692
2	85	50	10,662
2	85	51	1,909
2	85	53	9,165
2	85	57	27,039
2	85	58	5,109
2	85	61	18,444
2	85	67	0,776
2	85	73	5,492
2	85	78	1,437
2	85	81	1,078
2	85	82	7,656
2	85	83	0,684
2	85	93	3,002
2	85	95	16,718
2	93	2	2,02
2	93	9	3,943
2	93	10	8,51
2	93	16	1,348
2	93	17	1,012
2	93	19	17,752
2	93	20	2,121
2	93	23	7,72
2	93	27	0,555
2	93	30	2,394
2	93	41	1,175
2	93	46	6,615
2	93	50	11,851
2	93	51	4,537
2	93	53	3,914
2	93	57	3,12
2	93	58	1,873
2	93	61	7,831
2	93	67	3,795
2	93	73	5,546
2	93	78	6,008
2	93	81	4,826
2	93	82	11,078
2	93	83	5,23
2	93	85	5,533
2	93	95	21,703
2	95	2	6,786
2	95	9	8,575
2	95	10	3,078
2	95	16	1,676
2	95	17	5,102
2	95	19	7,419
2	95	20	0,701
2	95	23	2,574
2	95	27	3,879
2	95	30	9,743
2	95	41	20,294
2	95	46	2,186
2	95	50	15,126
2	95	51	3,001
2	95	53	6,107
2	95	57	15,952
2	95	58	2,411
2	95	61	1,294
2	95	67	2,872
2	95	73	1,35
2	95	78	7,267
2	95	81	3,351
2	95	82	7,832
2	95	83	7,448
2	95	85	1,974
2	95	93	0,899
3	8	11	37,182
3	8	12	12,627
3	8	14	8,828
3	8	21	13,957
3	8	27	14,283
3	8	28	15,868
3	8	30	7,762
3	8	36	4,735
3	8	38	31,696
3	8	42	9,876
3	8	43	0,741
3	8	44	3,498
3	8	46	16,113
3	8	56	24,405
3	8	65	1,798
3	8	66	0,784
3	8	69	15,631
3	8	71	7,007
3	8	72	7,246
3	8	77	3,585
3	8	86	0,683
3	8	89	2,363
3	8	90	1,247
3	8	91	2,193
3	8	94	1,526
3	8	95	7,747
3	8	98	5,94
3	8	100	2,897
3	11	8	3,489
3	11	12	3,526
3	11	14	0,981
3	11	21	1,995
3	11	27	11,941
3	11	28	6,658
3	11	30	2,797
3	11	36	9,352
3	11	38	7,228
3	11	42	4,339
3	11	43	2,546
3	11	44	9,177
3	11	46	0,555
3	11	56	0,625
3	11	65	18,917
3	11	66	5,495
3	11	69	1,421
3	11	71	0,678
3	11	72	3,003
3	11	77	1,753
3	11	86	3,74
3	11	89	17,998
3	11	90	1,474
3	11	91	2,829
3	11	94	3,742
3	11	95	3,496
3	11	98	0,692
3	11	100	0,89
3	12	8	1,594
3	12	11	4,015
3	12	14	6,762
3	12	21	2,332
3	12	27	1,141
3	12	28	0,742
3	12	30	0,753
3	12	36	10,77
3	12	38	2,386
3	12	42	15,253
3	12	43	7,252
3	12	44	16,386
3	12	46	17,015
3	12	56	4,809
3	12	65	4,494
3	12	66	2,758
3	12	69	1,867
3	12	71	4,915
3	12	72	4,052
3	12	77	6,826
3	12	86	9,054
3	12	89	2,527
3	12	90	0,617
3	12	91	0,761
3	12	94	7,36
3	12	95	10,678
3	12	98	1,018
3	12	100	1,029
3	14	8	3,419
3	14	11	13,355
3	14	12	7,694
3	14	21	3,3
3	14	27	19,13
3	14	28	10,76
3	14	30	4,315
3	14	36	2,188
3	14	38	4,178
3	14	42	4,147
3	14	43	0,697
3	14	44	16,346
3	14	46	13,346
3	14	56	7,789
3	14	65	6,456
3	14	66	0,849
3	14	69	1,36
3	14	71	5,912
3	14	72	4,547
3	14	77	4,038
3	14	86	5,924
3	14	89	17,59
3	14	90	4,048
3	14	91	14,55
3	14	94	3,359
3	14	95	3,178
3	14	98	2,673
3	14	100	9,889
3	21	8	5,734
3	21	11	12,287
3	21	12	1,354
3	21	14	31,489
3	21	27	10,751
3	21	28	6,494
3	21	30	1,514
3	21	36	3,068
3	21	38	2,001
3	21	42	0,793
3	21	43	1,109
3	21	44	1,387
3	21	46	1,99
3	21	56	3,57
3	21	65	0,922
3	21	66	0,937
3	21	69	15,646
3	21	71	2,75
3	21	72	0,894
3	21	77	8,625
3	21	86	7,072
3	21	89	2,505
3	21	90	5,495
3	21	91	8,139
3	21	94	4,935
3	21	95	1,246
3	21	98	2,988
3	21	100	2,147
3	27	8	1,052
3	27	11	2,683
3	27	12	1,269
3	27	14	3,328
3	27	21	2,712
3	27	28	12,926
3	27	30	28,233
3	27	36	4,138
3	27	38	10,833
3	27	42	6,928
3	27	43	4,069
3	27	44	0,739
3	27	46	0,921
3	27	56	1,529
3	27	65	5,045
3	27	66	2,925
3	27	69	28,676
3	27	71	1,486
3	27	72	5,18
3	27	77	16,29
3	27	86	0,762
3	27	89	7,914
3	27	90	1,974
3	27	91	1,081
3	27	94	2,832
3	27	95	16,479
3	27	98	8,692
3	27	100	2,77
3	28	8	1,566
3	28	11	2,118
3	28	12	0,984
3	28	14	5,285
3	28	21	5,148
3	28	27	18,695
3	28	30	18,406
3	28	36	9,156
3	28	38	0,927
3	28	42	5,735
3	28	43	2,979
3	28	44	13,892
3	28	46	1,976
3	28	56	14,176
3	28	65	3,348
3	28	66	7,791
3	28	69	1,547
3	28	71	6,704
3	28	72	1,425
3	28	77	2,717
3	28	86	5,612
3	28	89	1,05
3	28	90	12,595
3	28	91	4,325
3	28	94	0,566
3	28	95	2,36
3	28	98	0,504
3	28	100	6,257
3	30	8	2,529
3	30	11	4,938
3	30	12	2,175
3	30	14	5,608
3	30	21	6,865
3	30	27	2,302
3	30	28	24,089
3	30	36	2,032
3	30	38	16,098
3	30	42	7,425
3	30	43	2,279
3	30	44	3,289
3	30	46	1,931
3	30	56	8,719
3	30	65	7,351
3	30	66	3,048
3	30	69	4,58
3	30	71	0,789
3	30	72	5,338
3	30	77	5,923
3	30	86	1,188
3	30	89	1,499
3	30	90	2,899
3	30	91	8,281
3	30	94	2,177
3	30	95	5,394
3	30	98	2,726
3	30	100	4,558
3	36	8	5,513
3	36	11	1,174
3	36	12	0,75
3	36	14	13,076
3	36	21	1,652
3	36	27	2,097
3	36	28	2,884
3	36	30	2,983
3	36	38	1,065
3	36	42	4,618
3	36	43	12,967
3	36	44	1,985
3	36	46	3,674
3	36	56	5,982
3	36	65	6,144
3	36	66	9,946
3	36	69	2,79
3	36	71	5,254
3	36	72	12,467
3	36	77	8,44
3	36	86	6,386
3	36	89	1,088
3	36	90	3,931
3	36	91	2,033
3	36	94	26,291
3	36	95	1,557
3	36	98	3,977
3	36	100	3,24
3	38	8	7,57
3	38	11	6,359
3	38	12	0,969
3	38	14	10,748
3	38	21	2,797
3	38	27	8,801
3	38	28	4,413
3	38	30	0,896
3	38	36	1,438
3	38	42	1,119
3	38	43	46,293
3	38	44	0,759
3	38	46	15,1
3	38	56	3,073
3	38	65	15,691
3	38	66	0,822
3	38	69	3,182
3	38	71	16,06
3	38	72	13,751
3	38	77	2,658
3	38	86	13,89
3	38	89	12,554
3	38	90	12,937
3	38	91	6,931
3	38	94	5,281
3	38	95	2,17
3	38	98	6,462
3	38	100	4,245
3	42	8	5,049
3	42	11	29,354
3	42	12	1,327
3	42	14	1,599
3	42	21	6,781
3	42	27	1,576
3	42	28	10,599
3	42	30	6,975
3	42	36	9,378
3	42	38	2,201
3	42	43	1,462
3	42	44	17,396
3	42	46	8,73
3	42	56	3,373
3	42	65	1,096
3	42	66	17,192
3	42	69	5,487
3	42	71	7,332
3	42	72	12,897
3	42	77	28,741
3	42	86	10,567
3	42	89	0,859
3	42	90	4,26
3	42	91	3,471
3	42	94	17,332
3	42	95	5,269
3	42	98	22,338
3	42	100	4,493
3	43	8	15,269
3	43	11	13,809
3	43	12	3,566
3	43	14	12,586
3	43	21	2,041
3	43	27	11,119
3	43	28	1,157
3	43	30	3,596
3	43	36	73,098
3	43	38	1,517
3	43	42	2,021
3	43	44	8,14
3	43	46	7,745
3	43	56	3,018
3	43	65	1,218
3	43	66	1,625
3	43	69	7,886
3	43	71	1,285
3	43	72	9,71
3	43	77	5,955
3	43	86	0,644
3	43	89	3,718
3	43	90	3,48
3	43	91	6,34
3	43	94	4,681
3	43	95	6,773
3	43	98	2,647
3	43	100	0,501
3	44	8	0,601
3	44	11	2,332
3	44	12	4,471
3	44	14	11,485
3	44	21	11,326
3	44	27	12,105
3	44	28	4,293
3	44	30	2,484
3	44	36	5,604
3	44	38	2,007
3	44	42	9,734
3	44	43	0,97
3	44	46	0,516
3	44	56	5,833
3	44	65	5,498
3	44	66	8,807
3	44	69	3,795
3	44	71	1,054
3	44	72	7,139
3	44	77	3,503
3	44	86	2,077
3	44	89	6,048
3	44	90	28,172
3	44	91	9,904
3	44	94	1,473
3	44	95	1,339
3	44	98	51,983
3	44	100	13,112
3	46	8	2,411
3	46	11	9,248
3	46	12	1,112
3	46	14	3,257
3	46	21	28,02
3	46	27	1,78
3	46	28	1,8
3	46	30	2,698
3	46	36	10,422
3	46	38	14,288
3	46	42	6,287
3	46	43	14,416
3	46	44	2,225
3	46	56	4,158
3	46	65	2,425
3	46	66	4,133
3	46	69	5,484
3	46	71	1,134
3	46	72	0,842
3	46	77	1,665
3	46	86	0,821
3	46	89	7,252
3	46	90	8,975
3	46	91	0,501
3	46	94	2,532
3	46	95	2,23
3	46	98	20,508
3	46	100	1,105
3	56	8	4,453
3	56	11	1,462
3	56	12	7,461
3	56	14	1,019
3	56	21	14,041
3	56	27	3,68
3	56	28	9,434
3	56	30	7,273
3	56	36	8,359
3	56	38	2,266
3	56	42	7,649
3	56	43	2,074
3	56	44	3,263
3	56	46	6,105
3	56	65	3,262
3	56	66	6,362
3	56	69	1,987
3	56	71	8,997
3	56	72	10,558
3	56	77	2,914
3	56	86	1,31
3	56	89	7,687
3	56	90	2,652
3	56	91	4,156
3	56	94	7,197
3	56	95	2,533
3	56	98	2,108
3	56	100	1,535
3	65	8	4,347
3	65	11	2,529
3	65	12	10,672
3	65	14	15,491
3	65	21	22,475
3	65	27	5,997
3	65	28	2,302
3	65	30	0,566
3	65	36	4,016
3	65	38	2,169
3	65	42	5,264
3	65	43	1,542
3	65	44	8,022
3	65	46	1,836
3	65	56	1,13
3	65	66	9,727
3	65	69	0,752
3	65	71	10,06
3	65	72	1,507
3	65	77	9,424
3	65	86	4,025
3	65	89	1,642
3	65	90	4,44
3	65	91	25,557
3	65	94	3,585
3	65	95	6,436
3	65	98	3,606
3	65	100	6,36
3	66	8	4,124
3	66	11	8,717
3	66	12	21,477
3	66	14	2,878
3	66	21	5,539
3	66	27	4,503
3	66	28	5,405
3	66	30	0,988
3	66	36	13,888
3	66	38	12,045
3	66	42	14,92
3	66	43	8,58
3	66	44	3,239
3	66	46	4,594
3	66	56	12,903
3	66	65	1,112
3	66	69	14,726
3	66	71	6,904
3	66	72	1,127
3	66	77	0,501
3	66	86	14,191
3	66	89	2,801
3	66	90	3,362
3	66	91	7,742
3	66	94	22,757
3	66	95	7,272
3	66	98	36,139
3	66	100	4,333
3	69	8	2,395
3	69	11	0,805
3	69	12	3,621
3	69	14	5,191
3	69	21	24,75
3	69	27	11,147
3	69	28	1,538
3	69	30	4,224
3	69	36	2,473
3	69	38	3,592
3	69	42	14,012
3	69	43	3,272
3	69	44	1,694
3	69	46	1,012
3	69	56	4,48
3	69	65	1,738
3	69	66	14,464
3	69	71	10,833
3	69	72	2,248
3	69	77	0,948
3	69	86	1,568
3	69	89	3,824
3	69	90	3,335
3	69	91	3,297
3	69	94	5,022
3	69	95	10,632
3	69	98	13,845
3	69	100	2,87
3	71	8	4,974
3	71	11	11,479
3	71	12	1,729
3	71	14	12,859
3	71	21	1,12
3	71	27	2,329
3	71	28	1,298
3	71	30	2,263
3	71	36	2,109
3	71	38	24,55
3	71	42	12,829
3	71	43	8,494
3	71	44	4,854
3	71	46	2,175
3	71	56	1,437
3	71	65	7,214
3	71	66	0,928
3	71	69	5,72
3	71	72	1,153
3	71	77	3,211
3	71	86	0,997
3	71	89	27,882
3	71	90	2,007
3	71	91	12,346
3	71	94	12,285
3	71	95	3,232
3	71	98	3,049
3	71	100	1,058
3	72	8	1,37
3	72	11	19,089
3	72	12	4,071
3	72	14	10,99
3	72	21	5,068
3	72	27	6,733
3	72	28	7,912
3	72	30	1,921
3	72	36	3,701
3	72	38	11,42
3	72	42	2,63
3	72	43	3,506
3	72	44	1,901
3	72	46	4,485
3	72	56	1,424
3	72	65	1,539
3	72	66	8,646
3	72	69	1,874
3	72	71	6,347
3	72	77	21,146
3	72	86	6,135
3	72	89	5,511
3	72	90	32,383
3	72	91	4,314
3	72	94	1,975
3	72	95	5,796
3	72	98	5,374
3	72	100	16,249
3	77	8	8,536
3	77	11	13,561
3	77	12	28,92
3	77	14	3,262
3	77	21	5,063
3	77	27	4,65
3	77	28	6,9
3	77	30	0,616
3	77	36	5,313
3	77	38	9,163
3	77	42	0,529
3	77	43	14,508
3	77	44	4,848
3	77	46	3,759
3	77	56	0,647
3	77	65	0,893
3	77	66	3,671
3	77	69	1,621
3	77	71	3,231
3	77	72	5,75
3	77	86	0,646
3	77	89	19,413
3	77	90	0,774
3	77	91	2,279
3	77	94	7,474
3	77	95	2,116
3	77	98	15,903
3	77	100	4,901
3	86	8	1,427
3	86	11	14,034
3	86	12	7,233
3	86	14	14,193
3	86	21	18,586
3	86	27	16,737
3	86	28	1,075
3	86	30	9,024
3	86	36	6,267
3	86	38	12,954
3	86	42	23,011
3	86	43	5,647
3	86	44	2,232
3	86	46	7,932
3	86	56	0,94
3	86	65	1,351
3	86	66	1,214
3	86	69	3,552
3	86	71	6,119
3	86	72	9,826
3	86	77	9,205
3	86	89	0,679
3	86	90	1,75
3	86	91	11,624
3	86	94	6,906
3	86	95	7,214
3	86	98	1,345
3	86	100	12,748
3	89	8	6,102
3	89	11	1,381
3	89	12	1,968
3	89	14	1,312
3	89	21	2,552
3	89	27	13,202
3	89	28	0,535
3	89	30	3,505
3	89	36	4,175
3	89	38	5,041
3	89	42	13,942
3	89	43	1,704
3	89	44	6,495
3	89	46	14,864
3	89	56	0,745
3	89	65	2,217
3	89	66	4,133
3	89	69	4,697
3	89	71	0,653
3	89	72	10,69
3	89	77	5,419
3	89	86	2,203
3	89	90	3,284
3	89	91	2,152
3	89	94	9,354
3	89	95	1,338
3	89	98	6,502
3	89	100	2,802
3	90	8	2,276
3	90	11	4,801
3	90	12	3,378
3	90	14	1,424
3	90	21	1,924
3	90	27	2,17
3	90	28	0,923
3	90	30	3,587
3	90	36	32,804
3	90	38	6,496
3	90	42	8,326
3	90	43	5,586
3	90	44	1,634
3	90	46	1,019
3	90	56	3,007
3	90	65	2,107
3	90	66	11,618
3	90	69	12,723
3	90	71	0,849
3	90	72	0,789
3	90	77	6,781
3	90	86	3,976
3	90	89	10,942
3	90	91	35,773
3	90	94	9,965
3	90	95	2,799
3	90	98	25,39
3	90	100	12,944
3	91	8	5,035
3	91	11	5,52
3	91	12	1,518
3	91	14	3,588
3	91	21	7,499
3	91	27	23,625
3	91	28	3,326
3	91	30	10,596
3	91	36	0,727
3	91	38	3,201
3	91	42	0,664
3	91	43	7,994
3	91	44	11,493
3	91	46	0,558
3	91	56	5,514
3	91	65	13,235
3	91	66	0,726
3	91	69	2,551
3	91	71	3,734
3	91	72	1,339
3	91	77	0,71
3	91	86	7,975
3	91	89	4,095
3	91	90	1,084
3	91	94	3,695
3	91	95	4,526
3	91	98	14,175
3	91	100	8,517
3	94	8	2,062
3	94	11	8,065
3	94	12	2,715
3	94	14	7,418
3	94	21	4,738
3	94	27	1,179
3	94	28	1,989
3	94	30	4,379
3	94	36	1,622
3	94	38	1,931
3	94	42	3,614
3	94	43	2,134
3	94	44	4,104
3	94	46	6,701
3	94	56	1,571
3	94	65	6,725
3	94	66	2,724
3	94	69	10,986
3	94	71	8,392
3	94	72	31,566
3	94	77	4
3	94	86	13,408
3	94	89	7,586
3	94	90	0,508
3	94	91	13,937
3	94	95	3,787
3	94	98	2,977
3	94	100	21,738
3	95	8	5,465
3	95	11	1,109
3	95	12	6,563
3	95	14	10,826
3	95	21	8,288
3	95	27	27,212
3	95	28	15,13
3	95	30	10,525
3	95	36	0,941
3	95	38	3,151
3	95	42	3,591
3	95	43	2,437
3	95	44	8,903
3	95	46	2,483
3	95	56	9,513
3	95	65	0,917
3	95	66	21,23
3	95	69	0,531
3	95	71	3,763
3	95	72	0,812
3	95	77	14,231
3	95	86	2,663
3	95	89	10,154
3	95	90	9,83
3	95	91	1,277
3	95	94	8,407
3	95	98	4,424
3	95	100	4,408
3	98	8	3,463
3	98	11	10,009
3	98	12	1,681
3	98	14	4,433
3	98	21	5,663
3	98	27	2,949
3	98	28	14,893
3	98	30	1,586
3	98	36	3,898
3	98	38	10,553
3	98	42	12,342
3	98	43	13,692
3	98	44	1,455
3	98	46	1,015
3	98	56	1,026
3	98	65	17,578
3	98	66	3,135
3	98	69	5,734
3	98	71	5,874
3	98	72	8,954
3	98	77	0,915
3	98	86	3,576
3	98	89	2,559
3	98	90	0,919
3	98	91	6,167
3	98	94	3,153
3	98	95	3,569
3	98	100	4,764
3	100	8	4,663
3	100	11	4,717
3	100	12	4,388
3	100	14	10,135
3	100	21	5,684
3	100	27	6,127
3	100	28	1,592
3	100	30	0,739
3	100	36	6,463
3	100	38	9,063
3	100	42	11,316
3	100	43	9,001
3	100	44	2,054
3	100	46	2,7
3	100	56	11,481
3	100	65	2,28
3	100	66	0,891
3	100	69	4,384
3	100	71	10,878
3	100	72	9,632
3	100	77	5,962
3	100	86	6,701
3	100	89	1,36
3	100	90	1,423
3	100	91	0,726
3	100	94	3,639
3	100	95	13,863
3	100	98	2,516
4	1	3	19,34
4	1	35	5,928
4	1	50	1,742
4	1	54	4,703
4	1	59	3,019
4	1	60	1,868
4	1	65	6,331
4	1	66	2,222
4	1	67	8,037
4	1	78	10,277
4	1	79	19,848
4	1	86	1,928
4	1	94	5,478
4	3	1	22,859
4	3	35	3,364
4	3	50	11,151
4	3	54	1,34
4	3	59	20,016
4	3	60	2,245
4	3	65	2,646
4	3	66	4,608
4	3	67	2,375
4	3	78	4,993
4	3	79	11,389
4	3	86	0,558
4	3	94	1,537
4	35	1	2,371
4	35	3	21,675
4	35	50	15,903
4	35	54	1,476
4	35	59	11,052
4	35	60	2,841
4	35	65	0,911
4	35	66	5,362
4	35	67	1,645
4	35	78	4,085
4	35	79	15,32
4	35	86	2,108
4	35	94	10,293
4	50	1	15,907
4	50	3	0,547
4	50	35	4,893
4	50	54	1,677
4	50	59	6,856
4	50	60	6,124
4	50	65	8,759
4	50	66	12,62
4	50	67	35,212
4	50	78	5,015
4	50	79	1,465
4	50	86	11,788
4	50	94	7,454
4	54	1	1,707
4	54	3	8,301
4	54	35	2,198
4	54	50	0,669
4	54	59	1,915
4	54	60	2,83
4	54	65	3,546
4	54	66	9,906
4	54	67	5,392
4	54	78	3,468
4	54	79	11,231
4	54	86	10,98
4	54	94	41,439
4	59	1	4,185
4	59	3	10,909
4	59	35	2,497
4	59	50	2,965
4	59	54	4,628
4	59	60	3,678
4	59	65	2,805
4	59	66	0,929
4	59	67	14,357
4	59	78	5,933
4	59	79	1,198
4	59	86	4,285
4	59	94	7,629
4	60	1	3,008
4	60	3	5,307
4	60	35	6,412
4	60	50	2,507
4	60	54	3,565
4	60	59	1,029
4	60	65	7,349
4	60	66	3,264
4	60	67	1,043
4	60	78	3,794
4	60	79	5,907
4	60	86	0,53
4	60	94	3,82
4	65	1	2,587
4	65	3	5,414
4	65	35	0,597
4	65	50	15,139
4	65	54	11,819
4	65	59	4,998
4	65	60	0,877
4	65	66	0,816
4	65	67	2,317
4	65	78	8,308
4	65	79	1,424
4	65	86	11,027
4	65	94	11,222
4	66	1	10,667
4	66	3	2,166
4	66	35	5,858
4	66	50	3,257
4	66	54	4,117
4	66	59	25,898
4	66	60	4,305
4	66	65	7,449
4	66	67	2,264
4	66	78	8,236
4	66	79	0,569
4	66	86	1,415
4	66	94	3,456
4	67	1	2,095
4	67	3	10,337
4	67	35	17,74
4	67	50	7,751
4	67	54	8,082
4	67	59	1,419
4	67	60	1,232
4	67	65	2,25
4	67	66	1,409
4	67	78	10,162
4	67	79	0,843
4	67	86	5,347
4	67	94	1,774
4	78	1	0,995
4	78	3	3,305
4	78	35	2,748
4	78	50	2,029
4	78	54	2,602
4	78	59	12,529
4	78	60	5,756
4	78	65	1,406
4	78	66	10,148
4	78	67	1,161
4	78	79	4,625
4	78	86	1,337
4	78	94	6,537
4	79	1	0,644
4	79	3	3,117
4	79	35	5,459
4	79	50	5,895
4	79	54	6,742
4	79	59	1,7
4	79	60	0,887
4	79	65	17,94
4	79	66	6,497
4	79	67	4,629
4	79	78	14,992
4	79	86	2,086
4	79	94	3,242
4	86	1	8,944
4	86	3	6,454
4	86	35	2,18
4	86	50	2,854
4	86	54	3,333
4	86	59	9,572
4	86	60	6,243
4	86	65	0,687
4	86	66	4,958
4	86	67	7,254
4	86	78	1,858
4	86	79	1,416
4	86	94	1,113
4	94	1	1,036
4	94	3	8,202
4	94	35	8,516
4	94	50	6,577
4	94	54	1,439
4	94	59	1,096
4	94	60	0,698
4	94	65	3,032
4	94	66	2,595
4	94	67	1,486
4	94	78	3,381
4	94	79	3,983
4	94	86	0,693
5	5	7	4,016
5	5	14	0,844
5	5	17	21,318
5	5	24	1,81
5	5	25	7,048
5	5	34	21,081
5	5	38	4,214
5	5	39	5,761
5	5	43	9,17
5	5	48	8,362
5	5	56	10,405
5	5	68	7,573
5	5	87	0,882
5	5	89	3,277
5	5	90	7,075
5	5	92	7,019
5	7	5	3,317
5	7	14	8,297
5	7	17	1,968
5	7	24	4,822
5	7	25	1,213
5	7	34	8,157
5	7	38	3,439
5	7	39	1,729
5	7	43	9,23
5	7	48	10,381
5	7	56	2,504
5	7	68	5,476
5	7	87	5,665
5	7	89	2,482
5	7	90	7,056
5	7	92	4,171
5	14	5	4,522
5	14	7	5,098
5	14	17	11,074
5	14	24	1,048
5	14	25	36,406
5	14	34	0,967
5	14	38	4,781
5	14	39	3,606
5	14	43	2,098
5	14	48	18,988
5	14	56	7,221
5	14	68	3,042
5	14	87	8,671
5	14	89	8,329
5	14	90	4,069
5	14	92	2,731
5	17	5	3,081
5	17	7	6,523
5	17	14	9,685
5	17	24	8,796
5	17	25	25,214
5	17	34	18,692
5	17	38	8,29
5	17	39	6,602
5	17	43	9,313
5	17	48	1,974
5	17	56	4,923
5	17	68	4,145
5	17	87	14,674
5	17	89	3,163
5	17	90	4,554
5	17	92	4,477
5	24	5	3,145
5	24	7	5,229
5	24	14	13,427
5	24	17	16,334
5	24	25	0,735
5	24	34	6,221
5	24	38	10,057
5	24	39	11,2
5	24	43	13,53
5	24	48	2,013
5	24	56	10,052
5	24	68	0,953
5	24	87	0,911
5	24	89	1,977
5	24	90	6,861
5	24	92	39,763
5	25	5	2,504
5	25	7	1,712
5	25	14	0,871
5	25	17	1,583
5	25	24	6,806
5	25	34	11,221
5	25	38	1,944
5	25	39	22,619
5	25	43	1,363
5	25	48	3,334
5	25	56	10,863
5	25	68	1,331
5	25	87	3,023
5	25	89	14,935
5	25	90	0,778
5	25	92	4,575
5	34	5	3,633
5	34	7	5,065
5	34	14	5,388
5	34	17	0,77
5	34	24	4,262
5	34	25	1,783
5	34	38	5,96
5	34	39	2,18
5	34	43	16,241
5	34	48	6,565
5	34	56	0,871
5	34	68	0,916
5	34	87	11,815
5	34	89	15,944
5	34	90	9,199
5	34	92	3,651
5	38	5	4,592
5	38	7	7,017
5	38	14	0,796
5	38	17	4,697
5	38	24	1,831
5	38	25	2,809
5	38	34	3,434
5	38	39	2,465
5	38	43	9,916
5	38	48	0,915
5	38	56	3,837
5	38	68	4,355
5	38	87	6,602
5	38	89	21,402
5	38	90	6,088
5	38	92	3,536
5	39	5	2,577
5	39	7	1,953
5	39	14	2,275
5	39	17	3,34
5	39	24	5,54
5	39	25	1,593
5	39	34	10,13
5	39	38	2,16
5	39	43	23,929
5	39	48	1,69
5	39	56	1,134
5	39	68	1,07
5	39	87	8,827
5	39	89	11,382
5	39	90	1,666
5	39	92	24,482
5	43	5	9,207
5	43	7	8,528
5	43	14	1,35
5	43	17	1,225
5	43	24	0,708
5	43	25	2,679
5	43	34	17,349
5	43	38	4,055
5	43	39	5,828
5	43	48	2,729
5	43	56	11,857
5	43	68	1,658
5	43	87	4,982
5	43	89	5,528
5	43	90	16,947
5	43	92	5,188
5	48	5	0,961
5	48	7	0,991
5	48	14	2,073
5	48	17	2,573
5	48	24	3,117
5	48	25	2,373
5	48	34	1,566
5	48	38	4,038
5	48	39	16,549
5	48	43	5,093
5	48	56	13,687
5	48	68	2,573
5	48	87	11,59
5	48	89	1,739
5	48	90	2,884
5	48	92	1,085
5	56	5	8,276
5	56	7	2,56
5	56	14	4,929
5	56	17	3,298
5	56	24	1,532
5	56	25	8,222
5	56	34	9,945
5	56	38	6,027
5	56	39	2,891
5	56	43	20,858
5	56	48	6,747
5	56	68	4,148
5	56	87	7,301
5	56	89	16,361
5	56	90	2,415
5	56	92	6,71
5	68	5	0,845
5	68	7	0,833
5	68	14	3,144
5	68	17	5,273
5	68	24	9,404
5	68	25	4,633
5	68	34	1,137
5	68	38	13,414
5	68	39	2,573
5	68	43	21,474
5	68	48	2,345
5	68	56	1,303
5	68	87	4,054
5	68	89	1,826
5	68	90	9,527
5	68	92	10,235
5	87	5	6,413
5	87	7	5,945
5	87	14	2,681
5	87	17	3,96
5	87	24	14,124
5	87	25	21,356
5	87	34	2,762
5	87	38	1,172
5	87	39	4,611
5	87	43	34,17
5	87	48	0,726
5	87	56	11,609
5	87	68	2,794
5	87	89	8,346
5	87	90	2,744
5	87	92	3,543
5	89	5	6,325
5	89	7	16,29
5	89	14	0,573
5	89	17	1,185
5	89	24	13,746
5	89	25	38,629
5	89	34	3,302
5	89	38	4,711
5	89	39	22,921
5	89	43	5,922
5	89	48	1,069
5	89	56	1,253
5	89	68	8,707
5	89	87	23,967
5	89	90	6,633
5	89	92	3,869
5	90	5	2,55
5	90	7	5,202
5	90	14	37,052
5	90	17	0,765
5	90	24	2,825
5	90	25	0,812
5	90	34	9,449
5	90	38	2,424
5	90	39	6,504
5	90	43	2,69
5	90	48	10,322
5	90	56	5,473
5	90	68	1,836
5	90	87	8,514
5	90	89	5,552
5	90	92	2,05
5	92	5	7,43
5	92	7	1,915
5	92	14	2,883
5	92	17	5,183
5	92	24	1,107
5	92	25	23,628
5	92	34	10,186
5	92	38	0,974
5	92	39	5,923
5	92	43	4,207
5	92	48	11,185
5	92	56	6,412
5	92	68	6,946
5	92	87	8,972
5	92	89	12,214
5	92	90	2,955
6	1	3	10,893
6	1	8	1,536
6	1	22	0,864
6	1	23	0,851
6	1	27	5,828
6	1	30	0,911
6	1	31	1,299
6	1	32	23,977
6	1	33	22,587
6	1	44	4,041
6	1	46	4,168
6	1	50	13,553
6	1	51	13,521
6	1	64	3,823
6	1	76	9,174
6	1	77	4,305
6	1	78	2,403
6	1	81	1,664
6	1	84	0,918
6	1	86	3,227
6	1	87	4,176
6	1	88	12,592
6	3	1	1,706
6	3	8	0,871
6	3	22	10,62
6	3	23	26,025
6	3	27	4,092
6	3	30	13,683
6	3	31	3,821
6	3	32	3,001
6	3	33	7,612
6	3	44	2,713
6	3	46	4,065
6	3	50	12
6	3	51	3,017
6	3	64	14,098
6	3	76	14,373
6	3	77	5,021
6	3	78	14,909
6	3	81	1,869
6	3	84	20,953
6	3	86	8,336
6	3	87	6,411
6	3	88	6,854
6	8	1	7,592
6	8	3	0,584
6	8	22	3,926
6	8	23	8,274
6	8	27	0,735
6	8	30	3,124
6	8	31	6,318
6	8	32	8,296
6	8	33	15,124
6	8	44	6,805
6	8	46	8,835
6	8	50	1,384
6	8	51	4,607
6	8	64	0,966
6	8	76	8,655
6	8	77	2,733
6	8	78	2,025
6	8	81	11,023
6	8	84	4,151
6	8	86	6,743
6	8	87	2,276
6	8	88	0,851
6	22	1	6,279
6	22	3	8,284
6	22	8	5,622
6	22	23	0,876
6	22	27	2,112
6	22	30	1,791
6	22	31	30,08
6	22	32	9,998
6	22	33	2,183
6	22	44	1,908
6	22	46	4,826
6	22	50	0,681
6	22	51	7,243
6	22	64	11,172
6	22	76	1,54
6	22	77	1,54
6	22	78	7,666
6	22	81	9,559
6	22	84	1,989
6	22	86	9,034
6	22	87	2,357
6	22	88	2,33
6	23	1	6,65
6	23	3	2,022
6	23	8	8,847
6	23	22	2,238
6	23	27	2,741
6	23	30	4,134
6	23	31	15,424
6	23	32	8,197
6	23	33	5,464
6	23	44	6,049
6	23	46	0,713
6	23	50	1,818
6	23	51	9,824
6	23	64	1,962
6	23	76	5,631
6	23	77	3,213
6	23	78	4,908
6	23	81	1,083
6	23	84	2,141
6	23	86	5,302
6	23	87	11,866
6	23	88	12,031
6	27	1	6,331
6	27	3	6,75
6	27	8	15,679
6	27	22	8,335
6	27	23	15,031
6	27	30	34,679
6	27	31	6,979
6	27	32	1,072
6	27	33	19,581
6	27	44	2,501
6	27	46	31,852
6	27	50	2,102
6	27	51	12,812
6	27	64	10,872
6	27	76	1,367
6	27	77	2,274
6	27	78	1,466
6	27	81	1,784
6	27	84	4,995
6	27	86	7,411
6	27	87	1,397
6	27	88	1,073
6	30	1	0,562
6	30	3	1,149
6	30	8	11,126
6	30	22	0,717
6	30	23	20,976
6	30	27	2,801
6	30	31	7,908
6	30	32	3,255
6	30	33	11,949
6	30	44	3,415
6	30	46	13,071
6	30	50	4,062
6	30	51	1,534
6	30	64	30,196
6	30	76	20,861
6	30	77	2,313
6	30	78	3,036
6	30	81	14,339
6	30	84	10,88
6	30	86	10,577
6	30	87	5,597
6	30	88	10,419
6	31	1	4,782
6	31	3	0,993
6	31	8	5,254
6	31	22	0,867
6	31	23	3,425
6	31	27	4,517
6	31	30	29,54
6	31	32	7,319
6	31	33	0,778
6	31	44	1,938
6	31	46	1,234
6	31	50	9,809
6	31	51	12,478
6	31	64	1,33
6	31	76	2,203
6	31	77	6,775
6	31	78	3,321
6	31	81	2,108
6	31	84	1,689
6	31	86	3,326
6	31	87	2,606
6	31	88	8,366
6	32	1	2,828
6	32	3	3,519
6	32	8	2,086
6	32	22	0,839
6	32	23	11,973
6	32	27	5,967
6	32	30	2,024
6	32	31	17,186
6	32	33	5,428
6	32	44	9,695
6	32	46	1,461
6	32	50	3,183
6	32	51	0,826
6	32	64	2,807
6	32	76	6,553
6	32	77	2,014
6	32	78	3,689
6	32	81	4,448
6	32	84	5,109
6	32	86	6,324
6	32	87	1,965
6	32	88	17,518
6	33	1	1,08
6	33	3	13,643
6	33	8	2,13
6	33	22	6,251
6	33	23	3,558
6	33	27	3,043
6	33	30	7,662
6	33	31	3,771
6	33	32	16,846
6	33	44	13,256
6	33	46	0,507
6	33	50	15,385
6	33	51	7,744
6	33	64	0,622
6	33	76	4,596
6	33	77	13,063
6	33	78	9,805
6	33	81	1,402
6	33	84	6,971
6	33	86	5,601
6	33	87	3,002
6	33	88	4,086
6	44	1	13,6
6	44	3	0,752
6	44	8	1,598
6	44	22	0,89
6	44	23	2,081
6	44	27	1,404
6	44	30	42,932
6	44	31	2,063
6	44	32	9,766
6	44	33	6,124
6	44	46	8,633
6	44	50	10,705
6	44	51	0,552
6	44	64	0,551
6	44	76	5,684
6	44	77	4,051
6	44	78	1,945
6	44	81	1,084
6	44	84	1,197
6	44	86	8,904
6	44	87	7,885
6	44	88	9,199
6	46	1	0,92
6	46	3	1,411
6	46	8	1,204
6	46	22	0,738
6	46	23	3,864
6	46	27	0,801
6	46	30	0,877
6	46	31	3,175
6	46	32	18,928
6	46	33	3,601
6	46	44	5,816
6	46	50	1,381
6	46	51	9,685
6	46	64	23,588
6	46	76	16,447
6	46	77	15,245
6	46	78	5,147
6	46	81	3,344
6	46	84	1,299
6	46	86	3,54
6	46	87	41,292
6	46	88	3,803
6	50	1	0,742
6	50	3	8,698
6	50	8	1,95
6	50	22	5,997
6	50	23	3,342
6	50	27	1,033
6	50	30	5,851
6	50	31	34,242
6	50	32	4,767
6	50	33	8,694
6	50	44	17,97
6	50	46	25,644
6	50	51	1,417
6	50	64	8,492
6	50	76	1,023
6	50	77	1,831
6	50	78	9,678
6	50	81	11,88
6	50	84	6,737
6	50	86	17,568
6	50	87	3,665
6	50	88	4,446
6	51	1	0,602
6	51	3	6,051
6	51	8	1,94
6	51	22	5,074
6	51	23	0,702
6	51	27	3,809
6	51	30	5,419
6	51	31	3,29
6	51	32	1,22
6	51	33	1,122
6	51	44	2,761
6	51	46	0,708
6	51	50	3,371
6	51	64	0,664
6	51	76	18,316
6	51	77	20,689
6	51	78	6,056
6	51	81	17,693
6	51	84	4,535
6	51	86	4,132
6	51	87	9,141
6	51	88	9,302
6	64	1	2,498
6	64	3	6,34
6	64	8	0,555
6	64	22	16,164
6	64	23	5,542
6	64	27	6,669
6	64	30	4,762
6	64	31	3,982
6	64	32	7,314
6	64	33	1,573
6	64	44	1,069
6	64	46	2,257
6	64	50	12,738
6	64	51	5,24
6	64	76	3,5
6	64	77	2,4
6	64	78	4,301
6	64	81	4,851
6	64	84	1,149
6	64	86	1,155
6	64	87	9,661
6	64	88	6,224
6	76	1	2,481
6	76	3	0,75
6	76	8	3,302
6	76	22	6,738
6	76	23	15,852
6	76	27	6,145
6	76	30	6,725
6	76	31	39,198
6	76	32	2,191
6	76	33	1,125
6	76	44	1,321
6	76	46	1,995
6	76	50	1,911
6	76	51	2,927
6	76	64	2,576
6	76	77	4,729
6	76	78	5,371
6	76	81	2,487
6	76	84	9,064
6	76	86	11,961
6	76	87	0,926
6	76	88	2,643
6	77	1	6,784
6	77	3	9,813
6	77	8	1,511
6	77	22	10,892
6	77	23	2,518
6	77	27	0,747
6	77	30	19,815
6	77	31	4,462
6	77	32	6,376
6	77	33	0,612
6	77	44	16,207
6	77	46	4,394
6	77	50	7,841
6	77	51	3,485
6	77	64	10,286
6	77	76	9,082
6	77	78	1,023
6	77	81	5,1
6	77	84	1,754
6	77	86	2,908
6	77	87	2,095
6	77	88	2,988
6	78	1	0,74
6	78	3	7,896
6	78	8	2,569
6	78	22	8,952
6	78	23	17,851
6	78	27	1,204
6	78	30	19,534
6	78	31	2,942
6	78	32	4,35
6	78	33	2,556
6	78	44	0,588
6	78	46	9,677
6	78	50	2,051
6	78	51	1,61
6	78	64	9,263
6	78	76	5,267
6	78	77	5,435
6	78	81	4,715
6	78	84	5,537
6	78	86	1,192
6	78	87	17,036
6	78	88	2,043
6	81	1	0,913
6	81	3	10,877
6	81	8	15,654
6	81	22	14,124
6	81	23	1,001
6	81	27	9,219
6	81	30	6,076
6	81	31	7,519
6	81	32	2,19
6	81	33	1,441
6	81	44	16,241
6	81	46	1,236
6	81	50	7,098
6	81	51	2,117
6	81	64	2,165
6	81	76	7,096
6	81	77	5,783
6	81	78	6,907
6	81	84	15,212
6	81	86	3,855
6	81	87	8,07
6	81	88	3,511
6	84	1	17,782
6	84	3	6,811
6	84	8	8,622
6	84	22	0,969
6	84	23	6,786
6	84	27	6,926
6	84	30	7,734
6	84	31	2,443
6	84	32	2,01
6	84	33	5,664
6	84	44	0,858
6	84	46	5,251
6	84	50	2,395
6	84	51	6,852
6	84	64	18,156
6	84	76	5,311
6	84	77	1,604
6	84	78	2,431
6	84	81	3,188
6	84	86	2,306
6	84	87	13,2
6	84	88	4,489
6	86	1	4,513
6	86	3	7,089
6	86	8	14,33
6	86	22	0,655
6	86	23	1,081
6	86	27	9,008
6	86	30	9,154
6	86	31	2,624
6	86	32	12,556
6	86	33	5,535
6	86	44	2,93
6	86	46	2,255
6	86	50	2,35
6	86	51	3,912
6	86	64	5,18
6	86	76	2,045
6	86	77	0,932
6	86	78	16,089
6	86	81	5,888
6	86	84	1,528
6	86	87	12,222
6	86	88	1,124
6	87	1	4,615
6	87	3	5,112
6	87	8	2,538
6	87	22	12,312
6	87	23	5,069
6	87	27	2,511
6	87	30	17,621
6	87	31	0,644
6	87	32	1,317
6	87	33	2,51
6	87	44	0,75
6	87	46	2,156
6	87	50	2,568
6	87	51	11,14
6	87	64	11,316
6	87	76	16,537
6	87	77	2,86
6	87	78	14,511
6	87	81	3,289
6	87	84	2,363
6	87	86	0,581
6	87	88	2,843
6	88	1	5,501
6	88	3	1,366
6	88	8	2,667
6	88	22	1,637
6	88	23	3,175
6	88	27	11,57
6	88	30	7,217
6	88	31	11,178
6	88	32	60,805
6	88	33	0,638
6	88	44	10,179
6	88	46	7,359
6	88	50	2,959
6	88	51	4,701
6	88	64	1,245
6	88	76	1,778
6	88	77	4,411
6	88	78	2,278
6	88	81	1,006
6	88	84	1,554
6	88	86	0,877
6	88	87	2,222
7	1	6	4,843
7	1	13	6,251
7	1	15	4,042
7	1	19	8,156
7	1	23	2,92
7	1	26	4,788
7	1	28	1,471
7	1	31	33,616
7	1	36	7,594
7	1	37	2,471
7	1	39	6,797
7	1	40	1,421
7	1	43	3,378
7	1	45	28,405
7	1	51	1,513
7	1	54	1,913
7	1	62	3,057
7	1	63	0,52
7	1	68	0,796
7	1	73	2,898
7	1	81	11,348
7	1	86	2,431
7	1	89	3,097
7	1	92	2,312
7	1	95	4,204
7	1	96	13,59
7	1	97	1,571
7	6	1	9,873
7	6	13	0,907
7	6	15	2,423
7	6	19	1,945
7	6	23	4,217
7	6	26	10,567
7	6	28	5,165
7	6	31	5,619
7	6	36	5,357
7	6	37	0,512
7	6	39	24,831
7	6	40	13,515
7	6	43	3,238
7	6	45	1,047
7	6	51	0,66
7	6	54	4,878
7	6	62	1,298
7	6	63	3,59
7	6	68	0,815
7	6	73	4,588
7	6	81	6,887
7	6	86	0,816
7	6	89	6,221
7	6	92	9,05
7	6	95	13,812
7	6	96	21,849
7	6	97	7,503
7	13	1	4,177
7	13	6	4,05
7	13	15	3,99
7	13	19	37,803
7	13	23	1,607
7	13	26	3,135
7	13	28	0,937
7	13	31	4,373
7	13	36	9,94
7	13	37	2,98
7	13	39	7,746
7	13	40	0,852
7	13	43	0,848
7	13	45	2,428
7	13	51	5,728
7	13	54	6,732
7	13	62	10,441
7	13	63	3,546
7	13	68	1,489
7	13	73	7,763
7	13	81	2,209
7	13	86	3,63
7	13	89	31,335
7	13	92	0,957
7	13	95	11,595
7	13	96	10,99
7	13	97	6,072
7	15	1	0,882
7	15	6	5,809
7	15	13	2,495
7	15	19	16,971
7	15	23	1,267
7	15	26	1,653
7	15	28	4,11
7	15	31	1,874
7	15	36	9,472
7	15	37	6,841
7	15	39	3,931
7	15	40	15,804
7	15	43	4,613
7	15	45	1,373
7	15	51	14,837
7	15	54	5,178
7	15	62	16,317
7	15	63	2,286
7	15	68	1,322
7	15	73	3,07
7	15	81	2,975
7	15	86	9,935
7	15	89	0,514
7	15	92	12,286
7	15	95	14,054
7	15	96	1,352
7	15	97	14,346
7	19	1	4,387
7	19	6	1,836
7	19	13	3,667
7	19	15	0,976
7	19	23	2,767
7	19	26	1,831
7	19	28	15,524
7	19	31	3,731
7	19	36	5,718
7	19	37	8,216
7	19	39	7,495
7	19	40	28,493
7	19	43	12,519
7	19	45	12,369
7	19	51	2,35
7	19	54	4,629
7	19	62	1,704
7	19	63	2,749
7	19	68	0,888
7	19	73	8,913
7	19	81	3,252
7	19	86	7,062
7	19	89	3,549
7	19	92	1,986
7	19	95	15,3
7	19	96	4,206
7	19	97	25,74
7	23	1	11,809
7	23	6	2,451
7	23	13	13,302
7	23	15	7,89
7	23	19	3,832
7	23	26	17,712
7	23	28	14,244
7	23	31	2,394
7	23	36	12,494
7	23	37	10,399
7	23	39	9,746
7	23	40	8,566
7	23	43	11,412
7	23	45	1,235
7	23	51	13,72
7	23	54	2,566
7	23	62	13,161
7	23	63	4,497
7	23	68	7,213
7	23	73	4,545
7	23	81	0,859
7	23	86	1,463
7	23	89	3,331
7	23	92	0,562
7	23	95	17,01
7	23	96	1,015
7	23	97	8,569
7	26	1	15,391
7	26	6	2,544
7	26	13	1,129
7	26	15	18,283
7	26	19	3,313
7	26	23	1,81
7	26	28	4,202
7	26	31	0,674
7	26	36	8,67
7	26	37	7,137
7	26	39	13,513
7	26	40	16,297
7	26	43	1,959
7	26	45	19,245
7	26	51	7,55
7	26	54	1,98
7	26	62	1,732
7	26	63	5,417
7	26	68	20,919
7	26	73	0,535
7	26	81	8,692
7	26	86	7,439
7	26	89	17,569
7	26	92	5,222
7	26	95	6,634
7	26	96	7,422
7	26	97	5,527
7	28	1	1,332
7	28	6	11,493
7	28	13	3,499
7	28	15	25,012
7	28	19	3,083
7	28	23	13,38
7	28	26	9,045
7	28	31	10,355
7	28	36	0,866
7	28	37	8,238
7	28	39	2,915
7	28	40	29,172
7	28	43	6,755
7	28	45	1,75
7	28	51	9,091
7	28	54	7,872
7	28	62	3,698
7	28	63	7,462
7	28	68	15,218
7	28	73	5,775
7	28	81	5,988
7	28	86	5,629
7	28	89	1,445
7	28	92	6,556
7	28	95	9,912
7	28	96	11,289
7	28	97	5,725
7	31	1	2,247
7	31	6	1,964
7	31	13	0,737
7	31	15	1,202
7	31	19	8,074
7	31	23	2,064
7	31	26	8,223
7	31	28	17,732
7	31	36	3,037
7	31	37	1,147
7	31	39	3,96
7	31	40	2,462
7	31	43	7,693
7	31	45	1,378
7	31	51	4,731
7	31	54	22,925
7	31	62	2,332
7	31	63	2,366
7	31	68	1,206
7	31	73	1,701
7	31	81	4,951
7	31	86	4,557
7	31	89	4,043
7	31	92	0,571
7	31	95	44,179
7	31	96	0,541
7	31	97	12,46
7	36	1	0,688
7	36	6	17,71
7	36	13	2,039
7	36	15	3,892
7	36	19	1,097
7	36	23	5,727
7	36	26	7,324
7	36	28	15,27
7	36	31	2,635
7	36	37	5,948
7	36	39	4,478
7	36	40	5,431
7	36	43	9,348
7	36	45	14,806
7	36	51	2,269
7	36	54	3,137
7	36	62	13,423
7	36	63	14,975
7	36	68	4,685
7	36	73	7,251
7	36	81	4,756
7	36	86	13,17
7	36	89	3,475
7	36	92	4,073
7	36	95	4,896
7	36	96	0,626
7	36	97	3,235
7	37	1	0,654
7	37	6	5,392
7	37	13	1,698
7	37	15	1,864
7	37	19	5,162
7	37	23	20,838
7	37	26	6,015
7	37	28	14,169
7	37	31	18,243
7	37	36	8,123
7	37	39	5,358
7	37	40	5,726
7	37	43	12,182
7	37	45	0,839
7	37	51	1,357
7	37	54	1,435
7	37	62	5,014
7	37	63	7,726
7	37	68	4,781
7	37	73	18,505
7	37	81	11,757
7	37	86	1,285
7	37	89	1,848
7	37	92	2,774
7	37	95	2,592
7	37	96	5,442
7	37	97	11,534
7	39	1	1,461
7	39	6	18,868
7	39	13	9,879
7	39	15	6,38
7	39	19	5,881
7	39	23	8,778
7	39	26	1,058
7	39	28	1,938
7	39	31	2,039
7	39	36	1,992
7	39	37	7,338
7	39	40	6,819
7	39	43	1,595
7	39	45	3,996
7	39	51	2,989
7	39	54	1,468
7	39	62	21,838
7	39	63	23,936
7	39	68	3,38
7	39	73	0,911
7	39	81	2,732
7	39	86	1,391
7	39	89	1,657
7	39	92	6,676
7	39	95	2,352
7	39	96	4,452
7	39	97	5,585
7	40	1	1,355
7	40	6	4,901
7	40	13	34,584
7	40	15	15,88
7	40	19	1,486
7	40	23	6,394
7	40	26	1,622
7	40	28	4,55
7	40	31	1,238
7	40	36	34,744
7	40	37	3,397
7	40	39	6,542
7	40	43	3,848
7	40	45	3,572
7	40	51	2,015
7	40	54	13,179
7	40	62	7,872
7	40	63	5,076
7	40	68	19,721
7	40	73	3,016
7	40	81	6,218
7	40	86	1,328
7	40	89	6,865
7	40	92	13,435
7	40	95	2,697
7	40	96	6,458
7	40	97	4,682
7	43	1	7,01
7	43	6	7,305
7	43	13	11,22
7	43	15	2,232
7	43	19	12,546
7	43	23	2,844
7	43	26	7,702
7	43	28	10,967
7	43	31	9,519
7	43	36	4,518
7	43	37	0,773
7	43	39	1,991
7	43	40	6,865
7	43	45	1,918
7	43	51	2,304
7	43	54	17,626
7	43	62	1,145
7	43	63	1,597
7	43	68	16,133
7	43	73	2,278
7	43	81	1,029
7	43	86	2,932
7	43	89	5,264
7	43	92	0,707
7	43	95	3,715
7	43	96	8,911
7	43	97	1,103
7	45	1	12,211
7	45	6	4,553
7	45	13	4,602
7	45	15	6,336
7	45	19	0,575
7	45	23	6,395
7	45	26	13,917
7	45	28	1,278
7	45	31	28,837
7	45	36	8,041
7	45	37	4,639
7	45	39	10,758
7	45	40	1,408
7	45	43	6,669
7	45	51	7,614
7	45	54	16,801
7	45	62	1,343
7	45	63	20,726
7	45	68	2,265
7	45	73	1,89
7	45	81	11,751
7	45	86	2,628
7	45	89	15,594
7	45	92	9,329
7	45	95	3,519
7	45	96	3,749
7	45	97	15,231
7	51	1	3,119
7	51	6	6,831
7	51	13	10,232
7	51	15	3,987
7	51	19	3,35
7	51	23	2,022
7	51	26	19,863
7	51	28	18,999
7	51	31	8,529
7	51	36	10,153
7	51	37	1,524
7	51	39	3,153
7	51	40	8,964
7	51	43	1,854
7	51	45	2,027
7	51	54	3,346
7	51	62	3,154
7	51	63	10,723
7	51	68	0,584
7	51	73	1,327
7	51	81	6,916
7	51	86	5,185
7	51	89	18,472
7	51	92	4,635
7	51	95	1,64
7	51	96	6,631
7	51	97	16,508
7	54	1	15,329
7	54	6	8,8
7	54	13	0,888
7	54	15	2,398
7	54	19	7,914
7	54	23	8,592
7	54	26	23,258
7	54	28	12,327
7	54	31	3,592
7	54	36	13,702
7	54	37	15,09
7	54	39	28,044
7	54	40	7,262
7	54	43	1,384
7	54	45	2,709
7	54	51	6,205
7	54	62	2,213
7	54	63	1,382
7	54	68	0,753
7	54	73	3,012
7	54	81	3,4
7	54	86	1,366
7	54	89	3,389
7	54	92	5,495
7	54	95	1,94
7	54	96	4,871
7	54	97	4,69
7	62	1	3,454
7	62	6	11,784
7	62	13	2,763
7	62	15	26,194
7	62	19	5,745
7	62	23	3,999
7	62	26	9,26
7	62	28	8,163
7	62	31	1,001
7	62	36	18,367
7	62	37	7,089
7	62	39	1,36
7	62	40	10,245
7	62	43	5,896
7	62	45	14,013
7	62	51	7,904
7	62	54	3,866
7	62	63	6,315
7	62	68	1,32
7	62	73	6,218
7	62	81	0,693
7	62	86	1,219
7	62	89	33,377
7	62	92	1,13
7	62	95	14,676
7	62	96	22,569
7	62	97	3,388
7	63	1	1,294
7	63	6	3,904
7	63	13	8,037
7	63	15	2,003
7	63	19	2,259
7	63	23	8,014
7	63	26	2,472
7	63	28	2,142
7	63	31	7,933
7	63	36	10,412
7	63	37	11,255
7	63	39	0,749
7	63	40	4,693
7	63	43	7,22
7	63	45	5,84
7	63	51	2,541
7	63	54	13,043
7	63	62	2,498
7	63	68	0,938
7	63	73	9,15
7	63	81	2,151
7	63	86	22,258
7	63	89	22,415
7	63	92	2,756
7	63	95	3,489
7	63	96	6,25
7	63	97	2,255
7	68	1	10,636
7	68	6	1,691
7	68	13	9,832
7	68	15	11,53
7	68	19	11,726
7	68	23	0,573
7	68	26	2,506
7	68	28	0,616
7	68	31	1,154
7	68	36	10,238
7	68	37	1,48
7	68	39	4,099
7	68	40	4,206
7	68	43	10,706
7	68	45	4,463
7	68	51	13,639
7	68	54	2,876
7	68	62	27,059
7	68	63	1,685
7	68	73	0,589
7	68	81	2,102
7	68	86	7,91
7	68	89	9,438
7	68	92	4,261
7	68	95	8,731
7	68	96	5,485
7	68	97	5,216
7	73	1	10,288
7	73	6	1,792
7	73	13	4,535
7	73	15	8,365
7	73	19	9,872
7	73	23	12,682
7	73	26	8,318
7	73	28	4,626
7	73	31	6,71
7	73	36	14,296
7	73	37	3,837
7	73	39	4,778
7	73	40	3,914
7	73	43	1,914
7	73	45	1,384
7	73	51	2,567
7	73	54	2,943
7	73	62	0,971
7	73	63	3,289
7	73	68	4,978
7	73	81	3,905
7	73	86	1,398
7	73	89	2,77
7	73	92	1,206
7	73	95	2,502
7	73	96	13,943
7	73	97	11,045
7	81	1	1,112
7	81	6	0,605
7	81	13	4,195
7	81	15	11,355
7	81	19	9,266
7	81	23	5,966
7	81	26	7,736
7	81	28	2,661
7	81	31	0,534
7	81	36	4,218
7	81	37	1,307
7	81	39	0,823
7	81	40	16,918
7	81	43	4,305
7	81	45	6,928
7	81	51	0,859
7	81	54	2,636
7	81	62	6,991
7	81	63	3,307
7	81	68	8,698
7	81	73	1,097
7	81	86	4,9
7	81	89	1,451
7	81	92	30,849
7	81	95	8,528
7	81	96	2,8
7	81	97	0,802
7	86	1	10,902
7	86	6	4,778
7	86	13	0,59
7	86	15	3,256
7	86	19	0,938
7	86	23	9,235
7	86	26	3,137
7	86	28	2,206
7	86	31	7,382
7	86	36	6,625
7	86	37	11,534
7	86	39	5,369
7	86	40	5,468
7	86	43	9,072
7	86	45	3,283
7	86	51	3,827
7	86	54	7,704
7	86	62	5,142
7	86	63	19,712
7	86	68	3,665
7	86	73	2,127
7	86	81	6,021
7	86	89	4,734
7	86	92	2,031
7	86	95	14,576
7	86	96	4,382
7	86	97	10,223
7	89	1	0,706
7	89	6	3,256
7	89	13	6,932
7	89	15	21,122
7	89	19	2,335
7	89	23	4,599
7	89	26	1,269
7	89	28	8,701
7	89	31	14,007
7	89	36	1,129
7	89	37	5,223
7	89	39	10,242
7	89	40	1,783
7	89	43	0,758
7	89	45	3,55
7	89	51	22,893
7	89	54	9,463
7	89	62	3,344
7	89	63	2,466
7	89	68	3,849
7	89	73	0,882
7	89	81	1,238
7	89	86	0,749
7	89	92	1,548
7	89	95	14,944
7	89	96	0,601
7	89	97	7,038
7	92	1	6,438
7	92	6	5,376
7	92	13	5,307
7	92	15	6,85
7	92	19	6,291
7	92	23	6,269
7	92	26	3,261
7	92	28	4,721
7	92	31	2,151
7	92	36	1,113
7	92	37	5,12
7	92	39	2,395
7	92	40	22,989
7	92	43	1,051
7	92	45	1,723
7	92	51	3,997
7	92	54	25,566
7	92	62	11,498
7	92	63	5,488
7	92	68	5,36
7	92	73	0,737
7	92	81	4,922
7	92	86	3,077
7	92	89	20,324
7	92	95	9,163
7	92	96	0,862
7	92	97	10,987
7	95	1	5,798
7	95	6	2,555
7	95	13	3,447
7	95	15	2,449
7	95	19	6,341
7	95	23	2,651
7	95	26	13,803
7	95	28	9,85
7	95	31	38,834
7	95	36	1,368
7	95	37	2,837
7	95	39	11,027
7	95	40	3,419
7	95	43	15,165
7	95	45	22,302
7	95	51	0,669
7	95	54	1,675
7	95	62	52,442
7	95	63	4,07
7	95	68	4,371
7	95	73	8,554
7	95	81	5,269
7	95	86	0,515
7	95	89	2,379
7	95	92	8,233
7	95	96	2,632
7	95	97	1,283
7	96	1	18,287
7	96	6	3,666
7	96	13	3,074
7	96	15	10,201
7	96	19	23,946
7	96	23	4,481
7	96	26	3,441
7	96	28	9,583
7	96	31	2,134
7	96	36	11,335
7	96	37	2,435
7	96	39	8,991
7	96	40	21,972
7	96	43	4,217
7	96	45	10,669
7	96	51	5,045
7	96	54	0,755
7	96	62	8,4
7	96	63	1,262
7	96	68	3,499
7	96	73	0,809
7	96	81	1,294
7	96	86	4,217
7	96	89	2,814
7	96	92	3,071
7	96	95	9,123
7	96	97	13,556
7	97	1	4,047
7	97	6	4,306
7	97	13	3,176
7	97	15	1,312
7	97	19	16,19
7	97	23	1,711
7	97	26	1,042
7	97	28	3,837
7	97	31	1,014
7	97	36	9,09
7	97	37	1,89
7	97	39	1,075
7	97	40	2,72
7	97	43	2,448
7	97	45	2,965
7	97	51	1,397
7	97	54	3,521
7	97	62	18,985
7	97	63	1,918
7	97	68	8,208
7	97	73	8,026
7	97	81	1,004
7	97	86	5,803
7	97	89	8,794
7	97	92	6,194
7	97	95	3,491
7	97	96	2,909
8	1	4	5,987
8	1	17	5,569
8	1	18	2,238
8	1	20	3,514
8	1	27	7,405
8	1	36	13,766
8	1	44	9,316
8	1	45	0,777
8	1	47	10,837
8	1	57	3,256
8	1	58	1,947
8	1	65	1,694
8	1	68	2,777
8	1	73	2,77
8	1	74	8,81
8	1	80	13,704
8	1	82	0,881
8	1	83	5,223
8	1	84	3,791
8	1	92	2,012
8	1	93	2,207
8	1	98	2,328
8	4	1	1,755
8	4	17	4,384
8	4	18	2,43
8	4	20	4,229
8	4	27	1,984
8	4	36	6,978
8	4	44	29,593
8	4	45	1,7
8	4	47	18,611
8	4	57	27,43
8	4	58	7,912
8	4	65	7,474
8	4	68	2,669
8	4	73	20,856
8	4	74	2,633
8	4	80	10,084
8	4	82	19,848
8	4	83	9,834
8	4	84	4,873
8	4	92	6,435
8	4	93	4,998
8	4	98	2,232
8	17	1	10,861
8	17	4	9,174
8	17	18	4,182
8	17	20	4,457
8	17	27	0,538
8	17	36	8,572
8	17	44	1,251
8	17	45	4,676
8	17	47	2,204
8	17	57	4,615
8	17	58	4,058
8	17	65	3,616
8	17	68	9,676
8	17	73	6,966
8	17	74	10,671
8	17	80	1,062
8	17	82	1,036
8	17	83	3,734
8	17	84	4,5
8	17	92	6,429
8	17	93	3,59
8	17	98	1,983
8	18	1	23,296
8	18	4	3,05
8	18	17	20,155
8	18	20	2,14
8	18	27	4,454
8	18	36	2,515
8	18	44	8,557
8	18	45	0,88
8	18	47	2,752
8	18	57	26,075
8	18	58	4,702
8	18	65	8,294
8	18	68	9,501
8	18	73	4,263
8	18	74	7,434
8	18	80	12,61
8	18	82	1,632
8	18	83	2,388
8	18	84	2,588
8	18	92	4,404
8	18	93	1,585
8	18	98	1,55
8	20	1	5,721
8	20	4	3,201
8	20	17	0,64
8	20	18	22,7
8	20	27	0,654
8	20	36	9,508
8	20	44	1,815
8	20	45	4,633
8	20	47	1,34
8	20	57	4,294
8	20	58	1,119
8	20	65	1,722
8	20	68	1,809
8	20	73	4,016
8	20	74	4,865
8	20	80	3,074
8	20	82	13,618
8	20	83	5,738
8	20	84	40,483
8	20	92	1,365
8	20	93	2,068
8	20	98	3,691
8	27	1	2,656
8	27	4	5,857
8	27	17	11,424
8	27	18	0,69
8	27	20	3,302
8	27	36	0,55
8	27	44	11,67
8	27	45	9,494
8	27	47	3,145
8	27	57	11,18
8	27	58	2,452
8	27	65	0,606
8	27	68	4,974
8	27	73	5,221
8	27	74	17,974
8	27	80	0,713
8	27	82	3,278
8	27	83	2,493
8	27	84	5,946
8	27	92	1,252
8	27	93	8,769
8	27	98	1,907
8	36	1	5,824
8	36	4	13,86
8	36	17	7,469
8	36	18	3,894
8	36	20	6,455
8	36	27	1,741
8	36	44	3,016
8	36	45	5,725
8	36	47	2,999
8	36	57	1,428
8	36	58	11,661
8	36	65	2,977
8	36	68	3,731
8	36	73	1,488
8	36	74	12,332
8	36	80	4,01
8	36	82	16,558
8	36	83	28,044
8	36	84	14,704
8	36	92	19,555
8	36	93	1,628
8	36	98	24,092
8	44	1	4,175
8	44	4	3,836
8	44	17	7,488
8	44	18	1,943
8	44	20	1,185
8	44	27	1,381
8	44	36	4,052
8	44	45	9,776
8	44	47	1,632
8	44	57	3,274
8	44	58	8,174
8	44	65	2,047
8	44	68	0,707
8	44	73	1,361
8	44	74	3,595
8	44	80	5,068
8	44	82	3,43
8	44	83	6,706
8	44	84	4,375
8	44	92	2,975
8	44	93	40,353
8	44	98	14,764
8	45	1	12,705
8	45	4	1,939
8	45	17	4,741
8	45	18	3,161
8	45	20	3,104
8	45	27	3,813
8	45	36	13,576
8	45	44	5,096
8	45	47	17,375
8	45	57	19,32
8	45	58	16,186
8	45	65	10,294
8	45	68	0,884
8	45	73	1,977
8	45	74	0,624
8	45	80	3,535
8	45	82	2,281
8	45	83	4,109
8	45	84	6,607
8	45	92	4,361
8	45	93	1,664
8	45	98	7,099
8	47	1	7,838
8	47	4	3,543
8	47	17	0,532
8	47	18	11,729
8	47	20	1,335
8	47	27	4,604
8	47	36	18,832
8	47	44	1,034
8	47	45	22,181
8	47	57	9,242
8	47	58	1,205
8	47	65	0,617
8	47	68	6,007
8	47	73	1,367
8	47	74	7,242
8	47	80	2,778
8	47	82	3,267
8	47	83	5,308
8	47	84	0,815
8	47	92	5,876
8	47	93	9,038
8	47	98	4,315
8	57	1	2,29
8	57	4	2,745
8	57	17	13,804
8	57	18	2,154
8	57	20	27,796
8	57	27	8,277
8	57	36	2,759
8	57	44	9,124
8	57	45	3,335
8	57	47	1,081
8	57	58	0,61
8	57	65	3,15
8	57	68	2,898
8	57	73	36,468
8	57	74	1,352
8	57	80	34,441
8	57	82	2,502
8	57	83	9,764
8	57	84	18,319
8	57	92	0,829
8	57	93	3,825
8	57	98	1,556
8	58	1	1,727
8	58	4	2,979
8	58	17	0,874
8	58	18	0,841
8	58	20	4,618
8	58	27	14,397
8	58	36	2,521
8	58	44	2,995
8	58	45	3,884
8	58	47	2,296
8	58	57	17,639
8	58	65	5,679
8	58	68	4,983
8	58	73	9,504
8	58	74	11,363
8	58	80	24,097
8	58	82	1,586
8	58	83	9,696
8	58	84	0,618
8	58	92	0,791
8	58	93	2,029
8	58	98	23,942
8	65	1	1,742
8	65	4	5,859
8	65	17	0,807
8	65	18	9,329
8	65	20	6,065
8	65	27	4,787
8	65	36	0,834
8	65	44	1,398
8	65	45	1,077
8	65	47	0,667
8	65	57	1,074
8	65	58	8,144
8	65	68	4,911
8	65	73	4,071
8	65	74	0,999
8	65	80	3,51
8	65	82	2,232
8	65	83	0,66
8	65	84	1,909
8	65	92	16,598
8	65	93	0,951
8	65	98	4,1
8	68	1	3,048
8	68	4	6,115
8	68	17	1,236
8	68	18	1,399
8	68	20	0,996
8	68	27	1,264
8	68	36	1,304
8	68	44	0,774
8	68	45	0,96
8	68	47	1,846
8	68	57	0,969
8	68	58	7,047
8	68	65	1,059
8	68	73	34,357
8	68	74	1,413
8	68	80	5,353
8	68	82	2,49
8	68	83	0,634
8	68	84	0,739
8	68	92	0,755
8	68	93	12,792
8	68	98	7,894
8	73	1	1,929
8	73	4	4,779
8	73	17	1,289
8	73	18	1,667
8	73	20	3,651
8	73	27	5,497
8	73	36	1,364
8	73	44	9,681
8	73	45	11,405
8	73	47	0,546
8	73	57	7,942
8	73	58	1,122
8	73	65	1,634
8	73	68	2,722
8	73	74	5,032
8	73	80	8,077
8	73	82	77,73
8	73	83	3,88
8	73	84	18,18
8	73	92	9,22
8	73	93	5,014
8	73	98	0,527
8	74	1	3,974
8	74	4	5,129
8	74	17	9,684
8	74	18	3,451
8	74	20	2,038
8	74	27	1,974
8	74	36	4,331
8	74	44	10,742
8	74	45	1,742
8	74	47	16,137
8	74	57	1,331
8	74	58	6,421
8	74	65	4,076
8	74	68	7,643
8	74	73	3,915
8	74	80	9,329
8	74	82	7,076
8	74	83	5,798
8	74	84	9,051
8	74	92	7,467
8	74	93	4,887
8	74	98	5,313
8	80	1	4,066
8	80	4	31,667
8	80	17	1,381
8	80	18	3,348
8	80	20	1,593
8	80	27	2,32
8	80	36	7,912
8	80	44	6,061
8	80	45	6,992
8	80	47	1,474
8	80	57	5,728
8	80	58	12,138
8	80	65	11,647
8	80	68	0,665
8	80	73	36,91
8	80	74	16,896
8	80	82	1,599
8	80	83	20,562
8	80	84	2,553
8	80	92	7,617
8	80	93	31,859
8	80	98	3,652
8	82	1	3,219
8	82	4	1
8	82	17	5,657
8	82	18	4,112
8	82	20	17,832
8	82	27	0,528
8	82	36	0,827
8	82	44	6,168
8	82	45	18,928
8	82	47	12,522
8	82	57	5,687
8	82	58	4,543
8	82	65	1,542
8	82	68	1,513
8	82	73	11,408
8	82	74	12,561
8	82	80	1,558
8	82	83	3,558
8	82	84	16,046
8	82	92	3,052
8	82	93	2,234
8	82	98	1,094
8	83	1	0,675
8	83	4	4,336
8	83	17	5,59
8	83	18	4,846
8	83	20	0,815
8	83	27	4,936
8	83	36	3,175
8	83	44	3,896
8	83	45	0,736
8	83	47	1,384
8	83	57	12,202
8	83	58	6,97
8	83	65	8,206
8	83	68	1,872
8	83	73	0,802
8	83	74	1,385
8	83	80	1,299
8	83	82	6,512
8	83	84	5,144
8	83	92	11,876
8	83	93	1,277
8	83	98	6,029
8	84	1	1,383
8	84	4	4,95
8	84	17	17,236
8	84	18	8,084
8	84	20	9,333
8	84	27	5,672
8	84	36	3,43
8	84	44	3,39
8	84	45	2,772
8	84	47	4,354
8	84	57	12,113
8	84	58	0,547
8	84	65	8,42
8	84	68	23,511
8	84	73	1,566
8	84	74	1,188
8	84	80	7,26
8	84	82	1,724
8	84	83	1,329
8	84	92	5,962
8	84	93	2,882
8	84	98	13,883
8	92	1	3,819
8	92	4	6,716
8	92	17	5,81
8	92	18	17,173
8	92	20	10,076
8	92	27	2,532
8	92	36	2,206
8	92	44	8,998
8	92	45	12,808
8	92	47	0,84
8	92	57	7,953
8	92	58	0,587
8	92	65	18,295
8	92	68	8,703
8	92	73	2,998
8	92	74	5,84
8	92	80	34,118
8	92	82	13,157
8	92	83	7,636
8	92	84	3,36
8	92	93	19,751
8	92	98	8,393
8	93	1	1,672
8	93	4	1,603
8	93	17	18,362
8	93	18	2,795
8	93	20	11,717
8	93	27	5,106
8	93	36	16,89
8	93	44	4,119
8	93	45	1,634
8	93	47	9,204
8	93	57	0,73
8	93	58	2,285
8	93	65	2,779
8	93	68	11,291
8	93	73	2,464
8	93	74	19,771
8	93	80	2,475
8	93	82	7,535
8	93	83	8,934
8	93	84	7,213
8	93	92	18,55
8	93	98	1,052
8	98	1	1,399
8	98	4	13,104
8	98	17	0,858
8	98	18	0,719
8	98	20	1,691
8	98	27	41,77
8	98	36	6,419
8	98	44	5,345
8	98	45	1,925
8	98	47	2,731
8	98	57	0,706
8	98	58	1,033
8	98	65	0,789
8	98	68	14,068
8	98	73	5,691
8	98	74	5,283
8	98	80	2,18
8	98	82	3,266
8	98	83	0,999
8	98	84	2,104
8	98	92	9,603
8	98	93	4,956
9	12	14	28,337
9	12	26	2,908
9	12	41	2,074
9	12	44	0,853
9	12	46	6,157
9	12	47	22,283
9	12	49	3,097
9	12	51	14,498
9	12	60	12,125
9	12	69	0,765
9	12	75	6,457
9	12	88	5,089
9	12	89	1,939
9	14	12	13,605
9	14	26	8,856
9	14	41	1,884
9	14	44	2,121
9	14	46	22,903
9	14	47	1,153
9	14	49	1,077
9	14	51	3,423
9	14	60	3,642
9	14	69	2,552
9	14	75	4,19
9	14	88	31,458
9	14	89	7,34
9	26	12	2,033
9	26	14	3,537
9	26	41	2,558
9	26	44	14,497
9	26	46	11,112
9	26	47	1,405
9	26	49	11,989
9	26	51	0,961
9	26	60	21,508
9	26	69	4,053
9	26	75	5,35
9	26	88	2,473
9	26	89	4,187
9	41	12	0,794
9	41	14	1,861
9	41	26	2,917
9	41	44	0,959
9	41	46	4,24
9	41	47	5,496
9	41	49	12,184
9	41	51	12,271
9	41	60	0,787
9	41	69	4,325
9	41	75	2,692
9	41	88	24,207
9	41	89	1,712
9	44	12	1,63
9	44	14	4,624
9	44	26	4,619
9	44	41	5,195
9	44	46	17,661
9	44	47	2,563
9	44	49	2,906
9	44	51	9,009
9	44	60	8,017
9	44	69	9,055
9	44	75	12,559
9	44	88	1,962
9	44	89	1,119
9	46	12	4,272
9	46	14	0,728
9	46	26	1,754
9	46	41	4,55
9	46	44	15,112
9	46	47	5,563
9	46	49	14,887
9	46	51	2,745
9	46	60	1,644
9	46	69	2,005
9	46	75	2,743
9	46	88	10,417
9	46	89	2,946
9	47	12	2,877
9	47	14	3,266
9	47	26	2,942
9	47	41	25,474
9	47	44	17,708
9	47	46	14,561
9	47	49	4,432
9	47	51	5,511
9	47	60	1,376
9	47	69	1,286
9	47	75	8,498
9	47	88	7,613
9	47	89	1,407
9	49	12	9,159
9	49	14	2,194
9	49	26	0,994
9	49	41	5,602
9	49	44	8,328
9	49	46	7,312
9	49	47	1,18
9	49	51	3,591
9	49	60	1,872
9	49	69	0,591
9	49	75	6,128
9	49	88	2,828
9	49	89	2,349
9	51	12	3,912
9	51	14	5,162
9	51	26	3,666
9	51	41	7,064
9	51	44	8,038
9	51	46	6,356
9	51	47	5,299
9	51	49	3,055
9	51	60	4,051
9	51	69	5,131
9	51	75	1,478
9	51	88	14,012
9	51	89	3,144
9	60	12	17,402
9	60	14	3,927
9	60	26	10,59
9	60	41	8,847
9	60	44	26,844
9	60	46	2,62
9	60	47	17,067
9	60	49	3,104
9	60	51	2,91
9	60	69	2,767
9	60	75	1,036
9	60	88	11,556
9	60	89	4,927
9	69	12	4,457
9	69	14	2,924
9	69	26	1,357
9	69	41	2,917
9	69	44	4,518
9	69	46	9,954
9	69	47	31,112
9	69	49	1,164
9	69	51	4,077
9	69	60	2,377
9	69	75	2,386
9	69	88	7,477
9	69	89	7,14
9	75	12	3,479
9	75	14	18,671
9	75	26	1,019
9	75	41	1,695
9	75	44	7,005
9	75	46	1,703
9	75	47	3,382
9	75	49	6,251
9	75	51	8,063
9	75	60	0,79
9	75	69	6,216
9	75	88	1,883
9	75	89	0,951
9	88	12	7,799
9	88	14	10,977
9	88	26	4,306
9	88	41	7,931
9	88	44	3,143
9	88	46	3,857
9	88	47	6,507
9	88	49	9,343
9	88	51	9,035
9	88	60	10,412
9	88	69	3,341
9	88	75	11,247
9	88	89	5,394
9	89	12	2,116
9	89	14	6,07
9	89	26	10,348
9	89	41	2,355
9	89	44	7,999
9	89	46	12,505
9	89	47	0,832
9	89	49	11,27
9	89	51	1,269
9	89	60	0,89
9	89	69	26,254
9	89	75	5,563
9	89	88	1,173
10	3	4	2,16
10	3	5	5,96
10	3	9	1,946
10	3	12	5,797
10	3	19	9,534
10	3	21	2,07
10	3	26	4,396
10	3	29	11,952
10	3	36	5,959
10	3	39	3,552
10	3	43	4,291
10	3	44	0,925
10	3	52	6,258
10	3	53	7,268
10	3	54	1,032
10	3	58	7,703
10	3	63	3,399
10	3	68	5,584
10	3	70	3,707
10	3	82	13,999
10	3	86	13,06
10	3	91	2,977
10	3	92	2,232
10	3	95	10,399
10	4	3	8,126
10	4	5	0,945
10	4	9	15,966
10	4	12	1,508
10	4	19	1,001
10	4	21	2,47
10	4	26	2,994
10	4	29	2,669
10	4	36	7,327
10	4	39	3,692
10	4	43	49,602
10	4	44	1,344
10	4	52	8,832
10	4	53	3,366
10	4	54	2,382
10	4	58	5,666
10	4	63	7,398
10	4	68	2,128
10	4	70	4,064
10	4	82	2,976
10	4	86	24,234
10	4	91	0,682
10	4	92	4,073
10	4	95	3,603
10	5	3	2,466
10	5	4	7,887
10	5	9	11,336
10	5	12	4,076
10	5	19	1,985
10	5	21	1,551
10	5	26	3,538
10	5	29	2,506
10	5	36	1,312
10	5	39	0,597
10	5	43	2,873
10	5	44	8,581
10	5	52	5,68
10	5	53	3,201
10	5	54	7,267
10	5	58	2,927
10	5	63	1,652
10	5	68	5,023
10	5	70	17,143
10	5	82	4,566
10	5	86	8,283
10	5	91	3,943
10	5	92	5,568
10	5	95	1,372
10	9	3	7,01
10	9	4	5,034
10	9	5	1,385
10	9	12	15,002
10	9	19	3,122
10	9	21	7,395
10	9	26	0,831
10	9	29	2,507
10	9	36	13,422
10	9	39	1,042
10	9	43	8,574
10	9	44	4,394
10	9	52	3,529
10	9	53	3,353
10	9	54	1,411
10	9	58	2,648
10	9	63	7,65
10	9	68	2,611
10	9	70	13,906
10	9	82	3,664
10	9	86	1,997
10	9	91	9,2
10	9	92	5,563
10	9	95	1,624
10	12	3	19,011
10	12	4	2,864
10	12	5	26,505
10	12	9	15,226
10	12	19	1,012
10	12	21	1,097
10	12	26	13,159
10	12	29	4,623
10	12	36	4,021
10	12	39	2,125
10	12	43	1,363
10	12	44	14,933
10	12	52	1,351
10	12	53	0,685
10	12	54	3,056
10	12	58	2,033
10	12	63	5,317
10	12	68	1,389
10	12	70	1,465
10	12	82	4,932
10	12	86	10,635
10	12	91	0,529
10	12	92	7,841
10	12	95	0,674
10	19	3	2,829
10	19	4	6,527
10	19	5	2,312
10	19	9	1,176
10	19	12	8,935
10	19	21	12,368
10	19	26	11,335
10	19	29	1,404
10	19	36	3,94
10	19	39	10,126
10	19	43	6,478
10	19	44	7,33
10	19	52	5,985
10	19	53	4,443
10	19	54	1,745
10	19	58	2,672
10	19	63	1,399
10	19	68	4,675
10	19	70	7,813
10	19	82	5,534
10	19	86	0,602
10	19	91	7,757
10	19	92	3,842
10	19	95	0,508
10	21	3	6,196
10	21	4	7,579
10	21	5	2,029
10	21	9	9,401
10	21	12	1,791
10	21	19	9,882
10	21	26	2,819
10	21	29	4,619
10	21	36	23,718
10	21	39	6,184
10	21	43	4,324
10	21	44	37,697
10	21	52	6,143
10	21	53	7,778
10	21	54	2,595
10	21	58	7,334
10	21	63	3,463
10	21	68	7,802
10	21	70	0,598
10	21	82	11,623
10	21	86	10,405
10	21	91	2,033
10	21	92	0,644
10	21	95	3,031
10	26	3	14,334
10	26	4	14,267
10	26	5	1,2
10	26	9	2,355
10	26	12	2,403
10	26	19	12,378
10	26	21	5,257
10	26	29	31,788
10	26	36	9,994
10	26	39	3,742
10	26	43	0,724
10	26	44	0,606
10	26	52	16,444
10	26	53	3,54
10	26	54	3,727
10	26	58	5,817
10	26	63	7,652
10	26	68	2,716
10	26	70	18,108
10	26	82	8,274
10	26	86	3,556
10	26	91	5,921
10	26	92	24,63
10	26	95	2,324
10	29	3	1,918
10	29	4	3,454
10	29	5	2,284
10	29	9	1,8
10	29	12	6,61
10	29	19	8,887
10	29	21	2,699
10	29	26	4,298
10	29	36	3,861
10	29	39	3,753
10	29	43	1,801
10	29	44	3,699
10	29	52	1,65
10	29	53	1,698
10	29	54	32,564
10	29	58	1,442
10	29	63	4,18
10	29	68	0,758
10	29	70	2,885
10	29	82	5,977
10	29	86	2,026
10	29	91	27,211
10	29	92	2,015
10	29	95	2,622
10	36	3	2,269
10	36	4	4,202
10	36	5	1,948
10	36	9	0,758
10	36	12	3,526
10	36	19	14,52
10	36	21	4,842
10	36	26	2,415
10	36	29	5,607
10	36	39	12,341
10	36	43	22,213
10	36	44	1,483
10	36	52	2,704
10	36	53	12,484
10	36	54	2,987
10	36	58	4,878
10	36	63	3,922
10	36	68	29,123
10	36	70	5,379
10	36	82	0,511
10	36	86	1,154
10	36	91	1,382
10	36	92	5,953
10	36	95	3,548
10	39	3	8,476
10	39	4	5,325
10	39	5	4,692
10	39	9	3,811
10	39	12	16,904
10	39	19	6,991
10	39	21	2,515
10	39	26	4,53
10	39	29	0,945
10	39	36	0,66
10	39	43	23,163
10	39	44	0,528
10	39	52	4,613
10	39	53	0,798
10	39	54	8,96
10	39	58	2,556
10	39	63	0,772
10	39	68	3,458
10	39	70	7,072
10	39	82	2,196
10	39	86	2,67
10	39	91	22,754
10	39	92	3,932
10	39	95	0,503
10	43	3	6,337
10	43	4	6,404
10	43	5	1,057
10	43	9	2,65
10	43	12	3,159
10	43	19	1,658
10	43	21	1,056
10	43	26	5,505
10	43	29	1,939
10	43	36	7,55
10	43	39	3,902
10	43	44	4,043
10	43	52	10,876
10	43	53	3,564
10	43	54	3,667
10	43	58	31,632
10	43	63	4,919
10	43	68	1,405
10	43	70	9,6
10	43	82	1,092
10	43	86	1,979
10	43	91	5,467
10	43	92	6,12
10	43	95	1,765
10	44	3	0,675
10	44	4	9,792
10	44	5	4,729
10	44	9	9,121
10	44	12	4,52
10	44	19	7,287
10	44	21	1,967
10	44	26	14,938
10	44	29	1,295
10	44	36	3,599
10	44	39	4,278
10	44	43	7,334
10	44	52	3,019
10	44	53	4,343
10	44	54	20,19
10	44	58	5,964
10	44	63	4,435
10	44	68	2,51
10	44	70	1,546
10	44	82	8,434
10	44	86	0,746
10	44	91	2,113
10	44	92	1,037
10	44	95	1,321
10	52	3	1,492
10	52	4	3,48
10	52	5	12,103
10	52	9	1,573
10	52	12	9,268
10	52	19	5,893
10	52	21	8,651
10	52	26	1,365
10	52	29	9,097
10	52	36	12,777
10	52	39	6,852
10	52	43	1,935
10	52	44	1,466
10	52	53	1,937
10	52	54	5,021
10	52	58	2,805
10	52	63	1,589
10	52	68	1,82
10	52	70	4,272
10	52	82	7,006
10	52	86	5,187
10	52	91	1,581
10	52	92	3,116
10	52	95	4,74
10	53	3	14,847
10	53	4	5,967
10	53	5	12,073
10	53	9	5,369
10	53	12	18,584
10	53	19	4,975
10	53	21	7,261
10	53	26	6,599
10	53	29	0,538
10	53	36	0,62
10	53	39	1,479
10	53	43	1,09
10	53	44	4,051
10	53	52	16,106
10	53	54	8,743
10	53	58	8,684
10	53	63	5,726
10	53	68	4,798
10	53	70	6,99
10	53	82	9,583
10	53	86	6,659
10	53	91	11,147
10	53	92	2,838
10	53	95	13,597
10	54	3	3,613
10	54	4	10,501
10	54	5	4,539
10	54	9	4,232
10	54	12	4,976
10	54	19	3,908
10	54	21	8,144
10	54	26	3,956
10	54	29	4,604
10	54	36	1,108
10	54	39	1,691
10	54	43	9,725
10	54	44	1,581
10	54	52	11,683
10	54	53	4,794
10	54	58	4,549
10	54	63	3,338
10	54	68	1,343
10	54	70	5,524
10	54	82	1,098
10	54	86	0,961
10	54	91	2,794
10	54	92	19,046
10	54	95	9,728
10	58	3	4,614
10	58	4	7,173
10	58	5	12,229
10	58	9	6,099
10	58	12	15,665
10	58	19	1,876
10	58	21	1,542
10	58	26	34,346
10	58	29	1,929
10	58	36	1,428
10	58	39	12,083
10	58	43	18,17
10	58	44	10,68
10	58	52	0,697
10	58	53	3,442
10	58	54	6,486
10	58	63	7,333
10	58	68	6,447
10	58	70	1,695
10	58	82	6,415
10	58	86	3,864
10	58	91	1,29
10	58	92	1,191
10	58	95	3,334
10	63	3	0,599
10	63	4	7,25
10	63	5	0,852
10	63	9	10,088
10	63	12	2,955
10	63	19	5,619
10	63	21	7,971
10	63	26	2,087
10	63	29	5,125
10	63	36	2,644
10	63	39	6,683
10	63	43	3,908
10	63	44	2,46
10	63	52	1,616
10	63	53	2,25
10	63	54	0,793
10	63	58	1,183
10	63	68	1,506
10	63	70	1,503
10	63	82	14,25
10	63	86	3,107
10	63	91	12,935
10	63	92	4,299
10	63	95	15,565
10	68	3	1,821
10	68	4	10,265
10	68	5	8,584
10	68	9	1,073
10	68	12	1,833
10	68	19	7,103
10	68	21	21,247
10	68	26	11,058
10	68	29	3,894
10	68	36	1,783
10	68	39	2,184
10	68	43	13,157
10	68	44	3,03
10	68	52	5,784
10	68	53	13,403
10	68	54	6,225
10	68	58	5,717
10	68	63	1,453
10	68	70	8,58
10	68	82	31,698
10	68	86	1,477
10	68	91	4,485
10	68	92	25,273
10	68	95	5,513
10	70	3	7,569
10	70	4	1,86
10	70	5	1,079
10	70	9	8,476
10	70	12	1,781
10	70	19	4,125
10	70	21	10,032
10	70	26	3,127
10	70	29	16,199
10	70	36	18,234
10	70	39	2,117
10	70	43	0,752
10	70	44	12,784
10	70	52	2,358
10	70	53	0,541
10	70	54	16,905
10	70	58	1,584
10	70	63	3,406
10	70	68	4,978
10	70	82	13,617
10	70	86	3,487
10	70	91	25,275
10	70	92	7,713
10	70	95	14,801
10	82	3	4,614
10	82	4	7,216
10	82	5	3,381
10	82	9	7,315
10	82	12	0,643
10	82	19	9,014
10	82	21	1,447
10	82	26	7,143
10	82	29	27,473
10	82	36	9,731
10	82	39	5,156
10	82	43	13,885
10	82	44	10,386
10	82	52	2,987
10	82	53	6,769
10	82	54	4,874
10	82	58	5,681
10	82	63	11,239
10	82	68	5,217
10	82	70	5,814
10	82	86	20,582
10	82	91	9,349
10	82	92	1,892
10	82	95	32,864
10	86	3	9,235
10	86	4	12,503
10	86	5	1,804
10	86	9	5,945
10	86	12	1,573
10	86	19	3,904
10	86	21	3,638
10	86	26	3,248
10	86	29	3,442
10	86	36	37,007
10	86	39	4,953
10	86	43	3,075
10	86	44	11,691
10	86	52	1,662
10	86	53	9,699
10	86	54	7,222
10	86	58	9,849
10	86	63	0,582
10	86	68	2,722
10	86	70	6,319
10	86	82	4,128
10	86	91	8,611
10	86	92	1,622
10	86	95	18,759
10	91	3	19,893
10	91	4	1,527
10	91	5	2,387
10	91	9	4,114
10	91	12	6,41
10	91	19	3,375
10	91	21	5,027
10	91	26	1,41
10	91	29	0,931
10	91	36	10,787
10	91	39	13,894
10	91	43	4,197
10	91	44	2,164
10	91	52	5,284
10	91	53	50,091
10	91	54	1,304
10	91	58	3,999
10	91	63	2,182
10	91	68	1,197
10	91	70	1,907
10	91	82	11,935
10	91	86	38,088
10	91	92	13,269
10	91	95	2,379
10	92	3	8,01
10	92	4	7,834
10	92	5	1,46
10	92	9	1,438
10	92	12	3,956
10	92	19	0,787
10	92	21	2,873
10	92	26	0,645
10	92	29	3,239
10	92	36	2,673
10	92	39	1,26
10	92	43	8,786
10	92	44	7,477
10	92	52	2,041
10	92	53	8,732
10	92	54	2,039
10	92	58	11,703
10	92	63	17,715
10	92	68	12,036
10	92	70	7,223
10	92	82	28,837
10	92	86	3,011
10	92	91	2,599
10	92	95	4,477
10	95	3	22,122
10	95	4	3,341
10	95	5	4,457
10	95	9	19,457
10	95	12	1,114
10	95	19	4,897
10	95	21	5,509
10	95	26	3,663
10	95	29	9,85
10	95	36	2,471
10	95	39	13,428
10	95	43	1,812
10	95	44	12,209
10	95	52	3,566
10	95	53	19,648
10	95	54	3,118
10	95	58	3,718
10	95	63	17,822
10	95	68	2,284
10	95	70	15,533
10	95	82	4,887
10	95	86	0,598
10	95	91	2,752
10	95	92	0,703

