#num jobs
100
#num machines
10

#jobId machId procTime energyCons
1	7	20,15	109,98
2	5	6,05	70,12
3	9	2,91	11,17
3	6	13,8	124,14
3	5	54,5	631,52
3	4	47,61	375,62
4	2	3,99	33,29
5	2	0,85	7,06
5	4	6,52	51,45
5	8	25,58	210,9
6	3	1,86	19,82
6	6	3,05	27,44
7	4	3,11	24,51
7	6	102,74	924,51
8	1	2,67	34,79
8	3	2,12	22,64
8	4	4,58	36,15
9	10	11,12	73,56
9	3	2,66	28,39
9	2	13,52	112,65
9	1	20,22	263,87
10	8	57,01	470,05
11	5	10,79	125,07
11	7	7,97	43,48
12	5	12,33	142,87
13	2	2,87	23,94
13	3	6,37	68,04
13	5	20,41	236,57
13	7	2,87	15,65
14	8	2,15	17,71
15	9	7,98	30,67
15	3	210,74	2250,59
15	2	9,88	82,37
16	8	31,03	255,84
16	5	2,82	32,74
16	4	14,45	113,97
16	3	5,67	60,56
16	2	14,06	117,13
17	2	36,06	300,51
17	1	6,93	90,38
18	3	6,39	68,26
19	2	48,75	406,2
19	6	5,03	45,27
19	8	27,98	230,68
20	3	16,58	177,04
21	5	2,11	24,43
21	10	4,43	29,3
22	3	71,2	760,33
23	3	6,92	73,88
23	7	84,22	459,69
24	8	12,19	100,49
24	3	35,65	380,68
25	4	16,56	130,62
25	10	1,6	10,59
26	6	3,21	28,89
26	1	4,12	53,8
27	10	7,2	47,58
27	3	96,42	1029,75
28	5	9,94	115,18
29	2	14,67	122,22
29	4	6,25	49,3
29	6	30,37	273,26
29	7	3,31	18,06
29	10	57,12	377,75
30	2	5,13	42,77
30	4	2,37	18,7
30	5	29,39	340,59
30	10	55,25	365,38
31	8	14,17	116,79
31	9	7,4	28,45
31	10	19,57	129,41
32	3	27,96	298,59
33	3	36,66	391,49
34	3	264,29	2822,47
34	5	17,47	202,44
34	6	6,7	60,3
34	7	5,81	31,71
35	6	59,98	539,7
35	3	2466,74	26343,57
36	1	19,93	260
37	5	2,56	29,71
38	2	18,62	155,16
38	5	310,09	3593,27
39	9	11,2	43,06
40	5	8,45	97,96
41	2	17,72	147,69
41	1	77,01	1004,8
42	9	1,9	7,3
43	3	12,15	129,73
44	3	1,4	14,94
45	3	572,91	6118,4
46	9	96	369,13
46	8	5,98	49,34
46	7	5,92	32,34
46	6	2,42	21,8
46	3	44,28	472,88
47	5	3,53	40,94
48	1	32,2	420,2
48	7	3,25	17,74
49	9	41,27	158,66
49	1	81,14	1058,69
50	2	41,35	344,55
50	8	9,92	81,82
51	2	11,59	96,62
51	4	7,04	55,57
52	7	995,65	5434,51
52	1	2,97	38,75
53	1	1,14	14,82
53	2	7,69	64,07
53	3	22,76	243,02
53	9	4,26	16,37
54	10	12,91	85,4
54	5	77,42	897,09
54	1	1490,2	19444,65
55	8	1033,03	8517,1
56	1	72,92	951,42
56	4	31,95	252,09
57	9	3,02	11,6
58	6	9,2	82,78
58	5	15,95	184,81
59	7	10,75	58,7
59	8	4,42	36,43
60	7	1,62	8,86
60	10	952,71	6300,14
61	1	2,88	37,59
61	4	85,94	677,95
61	6	11,67	104,97
61	8	4,73	38,97
62	2	8,77	73,11
63	8	226,17	1864,72
64	3	8,07	86,14
64	8	5,41	44,63
65	1	15,05	196,4
65	9	23,17	89,08
65	10	2,01	13,26
66	5	86,94	1007,44
66	10	20,2	133,59
67	8	0,6	4,94
67	7	5415,53	29559,21
68	10	13,42	88,71
69	5	31,85	369,13
69	7	0,81	4,44
70	2	6,1	50,86
71	2	28,7	239,19
72	8	0,69	5,73
73	9	5,99	23,01
74	9	1,35	5,19
74	6	10,66	95,94
74	2	17,72	147,65
75	1	563,77	7356,28
76	8	14,29	117,78
76	2	22,72	189,37
77	5	41,37	479,43
77	10	89,43	591,38
78	2	7,5	62,47
78	9	12,99	49,94
79	8	52,37	431,74
80	8	12,45	102,61
80	9	19,18	73,74
81	1	4,41	57,49
81	7	28,04	153,05
82	7	3,85	21,01
82	3	172,85	1845,96
82	2	3,47	28,95
82	1	6,57	85,78
83	8	1,49	12,28
83	3	2,85	30,43
84	10	5	33,08
85	10	12,98	85,81
85	3	6,84	73,03
86	6	11,51	103,62
86	9	34,38	132,2
87	5	349,78	4053,26
88	9	0,97	3,74
88	4	8,88	70,04
89	8	22,12	182,39
89	6	3,18	28,64
89	5	16,9	195,82
90	4	17,3	136,51
90	5	45,39	525,99
90	6	20,67	186
91	1	10,07	131,37
91	4	44,47	350,81
91	8	9,19	75,73
91	10	35,2	232,77
92	2	68,66	572,12
92	3	11,54	123,25
92	6	45,94	413,42
92	8	209,15	1724,4
93	5	2,92	33,79
93	6	0,38	3,41
94	7	1,28	6,96
94	3	13,52	144,35
94	2	13,1	109,13
95	4	2,65	20,9
95	5	8,94	103,55
96	10	105,11	695,09
96	5	7,99	92,58
96	4	32,26	254,47
96	2	9,75	81,25
97	8	42,28	348,63
98	3	415,9	4441,63
99	9	9,94	38,21
99	8	9,72	80,1
99	3	13,51	144,25
100	10	1,5	9,91
100	9	10,3	39,62
100	5	20,29	235,08
100	2	9,45	78,74

#jobId ddate weight rdate
1	990,765	27	2086,284
2	400,033	14	632,514
3	1254,522	26	1706,913
4	327,986	10	1881,716
5	1257,968	46	1965,827
6	1302,175	17	1135,471
7	428,115	26	2293,039
8	508,036	45	2057,87
9	1337,337	49	1379,787
10	693,958	13	178,883
11	386,219	28	1998,605
12	605,919	5	641,336
13	680,046	46	1743,058
14	845,482	38	777,137
15	1017,548	13	91,072
16	279,465	26	2308,853
17	433,115	9	2139,822
18	1130,262	47	1358,623
19	1206,617	1	1126,367
20	934,54	36	571,579
21	524,249	28	1307,985
22	512,245	47	2622,743
23	949,267	24	1521,448
24	1205,507	39	1451,636
25	672,6	27	1784,764
26	1085,023	35	1569,759
27	980,325	33	2468,368
28	745,362	15	608,632
29	302,792	12	1022,522
30	901,335	41	1356,993
31	286,196	21	2164,801
32	442,138	40	749,543
33	445,016	5	1179,04
34	536,718	14	1195,748
35	255,791	13	956,374
36	651,896	42	1067,877
37	678,839	42	283,717
38	548,574	16	2651,79
39	274,955	13	2242,693
40	510,051	29	488,723
41	1054,938	3	111,843
42	972,554	37	2145,058
43	616,853	19	537,744
44	1074,223	7	1493,352
45	942,693	23	1035,082
46	643,681	43	1142,332
47	243,971	49	1944,046
48	653,954	20	519,156
49	1361,465	41	2146,406
50	329,75	23	390,094
51	852,082	13	2606,873
52	790,767	20	1549,442
53	464,023	28	1086,175
54	797,623	10	81,767
55	753,013	28	1836,059
56	1021,835	29	1839,01
57	1203,259	20	1898,262
58	645,799	24	620,852
59	902,291	42	935,63
60	989,816	49	1851,162
61	1282,378	3	669,908
62	1280,631	30	518,329
63	1250,911	40	354,496
64	277,922	1	419,201
65	557,448	34	1466,766
66	1132,673	26	2527,482
67	1175,434	6	792,471
68	477,726	23	720,435
69	267,806	36	481,327
70	1116,604	11	2498,398
71	836,138	36	1531,771
72	870,452	39	1627,527
73	360,966	24	1527,513
74	1338,119	27	2224,109
75	1110,359	27	2159,118
76	644,56	34	206,151
77	1139,748	21	2221,064
78	586,868	19	2325,512
79	1246,992	49	1877,521
80	906,681	1	2363,258
81	1233,202	11	313,384
82	895,809	30	1456,119
83	548,963	47	2028,28
84	1247,224	18	1800,649
85	250,182	24	2379,023
86	874,831	24	1282,478
87	1281,336	5	1879,529
88	228,464	5	2704,619
89	1142,329	35	581,628
90	597,734	45	1880,027
91	1148,905	35	1485,287
92	745,928	34	244,807
93	569,814	13	500,618
94	1307,743	17	223,059
95	1085,674	8	2507,843
96	268,53	49	785,601
97	1264,329	11	868,377
98	791,969	9	1884,426
99	1277,236	7	2344,388
100	341,638	16	2183,408

#machId jobPred jobSucc setupTime
1	8	9	8,524
1	8	17	4,851
1	8	26	2,216
1	8	36	1,641
1	8	41	1,982
1	8	48	7,31
1	8	49	1,391
1	8	52	2,072
1	8	53	1,667
1	8	54	2,692
1	8	56	0,965
1	8	61	8,649
1	8	65	8,138
1	8	75	1,367
1	8	81	24,439
1	8	82	9,093
1	8	91	5,93
1	9	8	10,32
1	9	17	4,419
1	9	26	3,91
1	9	36	2,327
1	9	41	7,477
1	9	48	10,655
1	9	49	0,598
1	9	52	7,59
1	9	53	2,654
1	9	54	4,001
1	9	56	4,411
1	9	61	1,186
1	9	65	15,502
1	9	75	1,705
1	9	81	0,539
1	9	82	3,704
1	9	91	2,004
1	17	8	6,447
1	17	9	1,283
1	17	26	2,972
1	17	36	8,824
1	17	41	13,557
1	17	48	2,092
1	17	49	23,073
1	17	52	8,909
1	17	53	1,587
1	17	54	10,599
1	17	56	5,279
1	17	61	0,98
1	17	65	5,633
1	17	75	0,806
1	17	81	13,173
1	17	82	1,424
1	17	91	4,995
1	26	8	4,757
1	26	9	4,993
1	26	17	3,623
1	26	36	8,051
1	26	41	2,253
1	26	48	1,759
1	26	49	2,585
1	26	52	19,603
1	26	53	4,864
1	26	54	5,429
1	26	56	4,261
1	26	61	21,388
1	26	65	0,961
1	26	75	0,603
1	26	81	2,601
1	26	82	40,404
1	26	91	3,116
1	36	8	3,538
1	36	9	7,93
1	36	17	4,768
1	36	26	3,227
1	36	41	3,035
1	36	48	11,091
1	36	49	12,058
1	36	52	5,975
1	36	53	3,596
1	36	54	10,925
1	36	56	3,81
1	36	61	7,468
1	36	65	5,085
1	36	75	3,07
1	36	81	30,664
1	36	82	24,294
1	36	91	5,533
1	41	8	10,344
1	41	9	0,5
1	41	17	17,584
1	41	26	7,893
1	41	36	6,062
1	41	48	2,13
1	41	49	2,708
1	41	52	5,17
1	41	53	4,04
1	41	54	0,567
1	41	56	5,149
1	41	61	3,246
1	41	65	26,297
1	41	75	0,757
1	41	81	2,277
1	41	82	1,352
1	41	91	0,668
1	48	8	0,522
1	48	9	1,372
1	48	17	8,605
1	48	26	7,598
1	48	36	15,104
1	48	41	1,686
1	48	49	15,335
1	48	52	24,717
1	48	53	14,312
1	48	54	2,886
1	48	56	8,11
1	48	61	3,801
1	48	65	0,647
1	48	75	1,15
1	48	81	19,172
1	48	82	7,21
1	48	91	3,544
1	49	8	1,681
1	49	9	0,608
1	49	17	4,966
1	49	26	1,933
1	49	36	29,299
1	49	41	0,87
1	49	48	3,123
1	49	52	13,302
1	49	53	1,097
1	49	54	1,112
1	49	56	10,629
1	49	61	2,604
1	49	65	3,28
1	49	75	4,949
1	49	81	2,267
1	49	82	1,511
1	49	91	6,898
1	52	8	25,747
1	52	9	9,767
1	52	17	1,134
1	52	26	3,415
1	52	36	17,988
1	52	41	6,715
1	52	48	2,111
1	52	49	36,023
1	52	53	4,559
1	52	54	7,122
1	52	56	21,279
1	52	61	3,999
1	52	65	6,396
1	52	75	9,762
1	52	81	0,832
1	52	82	2,91
1	52	91	1,681
1	53	8	14,364
1	53	9	6,781
1	53	17	3,013
1	53	26	23,65
1	53	36	1,337
1	53	41	8,507
1	53	48	11,998
1	53	49	11,679
1	53	52	8,768
1	53	54	7,653
1	53	56	1,501
1	53	61	7,549
1	53	65	1,692
1	53	75	1,792
1	53	81	2,693
1	53	82	5,103
1	53	91	20,506
1	54	8	2,798
1	54	9	10,279
1	54	17	11,363
1	54	26	0,908
1	54	36	23,801
1	54	41	11,927
1	54	48	5,414
1	54	49	4,906
1	54	52	18,703
1	54	53	19,941
1	54	56	0,952
1	54	61	33,954
1	54	65	0,82
1	54	75	13,628
1	54	81	1,023
1	54	82	11,297
1	54	91	2,36
1	56	8	22,204
1	56	9	31,504
1	56	17	1,199
1	56	26	5,046
1	56	36	13,979
1	56	41	2,748
1	56	48	0,987
1	56	49	3,998
1	56	52	2,352
1	56	53	0,769
1	56	54	16,626
1	56	61	2,443
1	56	65	1,716
1	56	75	7,434
1	56	81	3,658
1	56	82	1,917
1	56	91	1,121
1	61	8	4,588
1	61	9	2,229
1	61	17	2,216
1	61	26	0,536
1	61	36	1,335
1	61	41	1,293
1	61	48	5,771
1	61	49	4,097
1	61	52	5,946
1	61	53	7,357
1	61	54	16,495
1	61	56	2,06
1	61	65	2,391
1	61	75	3,492
1	61	81	1,696
1	61	82	3,349
1	61	91	7,11
1	65	8	1,733
1	65	9	9,796
1	65	17	14,201
1	65	26	3,126
1	65	36	1,461
1	65	41	1,659
1	65	48	4,713
1	65	49	6,31
1	65	52	3,649
1	65	53	3,316
1	65	54	10,397
1	65	56	8,288
1	65	61	1,357
1	65	75	3,328
1	65	81	1,994
1	65	82	18,937
1	65	91	5,247
1	75	8	19,897
1	75	9	1,88
1	75	17	9,212
1	75	26	4,549
1	75	36	4,198
1	75	41	3,881
1	75	48	3,756
1	75	49	9,662
1	75	52	3,236
1	75	53	11,098
1	75	54	4,752
1	75	56	8,143
1	75	61	7,321
1	75	65	10,556
1	75	81	1,965
1	75	82	0,532
1	75	91	3,001
1	81	8	5,558
1	81	9	1,617
1	81	17	9,43
1	81	26	7,139
1	81	36	3,096
1	81	41	1,43
1	81	48	11,554
1	81	49	9,288
1	81	52	16
1	81	53	0,878
1	81	54	7,872
1	81	56	2,173
1	81	61	0,922
1	81	65	6,558
1	81	75	1,714
1	81	82	2,388
1	81	91	29,394
1	82	8	2,268
1	82	9	5,575
1	82	17	0,836
1	82	26	9,612
1	82	36	20,991
1	82	41	0,588
1	82	48	8,695
1	82	49	0,672
1	82	52	17,644
1	82	53	1,86
1	82	54	4,923
1	82	56	3,042
1	82	61	5,432
1	82	65	2,188
1	82	75	1,493
1	82	81	1,335
1	82	91	10,275
1	91	8	2,045
1	91	9	12,337
1	91	17	0,702
1	91	26	2,456
1	91	36	6,536
1	91	41	0,683
1	91	48	3,446
1	91	49	6,89
1	91	52	7,414
1	91	53	18,714
1	91	54	6,021
1	91	56	9,24
1	91	61	1,335
1	91	65	6,205
1	91	75	37,721
1	91	81	1,367
1	91	82	1,013
2	4	5	0,712
2	4	9	16,16
2	4	13	12,759
2	4	15	24,003
2	4	16	2,625
2	4	17	1,083
2	4	19	1,644
2	4	29	2,466
2	4	30	0,716
2	4	38	0,77
2	4	41	0,735
2	4	50	11,827
2	4	51	0,722
2	4	53	4,625
2	4	62	5,159
2	4	70	10,668
2	4	71	0,951
2	4	74	2,661
2	4	76	4,351
2	4	78	4,541
2	4	82	8,222
2	4	92	24,802
2	4	94	2,876
2	4	96	2,115
2	4	100	4,37
2	5	4	1,527
2	5	9	24,927
2	5	13	0,745
2	5	15	4,977
2	5	16	7,51
2	5	17	4,754
2	5	19	3,491
2	5	29	5,335
2	5	30	2,68
2	5	38	5,219
2	5	41	2,011
2	5	50	1,961
2	5	51	2,941
2	5	53	26,354
2	5	62	0,761
2	5	70	2,635
2	5	71	33,88
2	5	74	2,168
2	5	76	0,696
2	5	78	2,294
2	5	82	7,76
2	5	92	2,026
2	5	94	2,799
2	5	96	1,801
2	5	100	9,801
2	9	4	3,289
2	9	5	1,463
2	9	13	0,504
2	9	15	1,398
2	9	16	6,073
2	9	17	1,119
2	9	19	3,974
2	9	29	21,094
2	9	30	4,162
2	9	38	5,881
2	9	41	0,812
2	9	50	5,355
2	9	51	2,538
2	9	53	11,317
2	9	62	10,692
2	9	70	1,632
2	9	71	6,924
2	9	74	15,241
2	9	76	5,995
2	9	78	2,588
2	9	82	2,221
2	9	92	3,898
2	9	94	1,25
2	9	96	4,52
2	9	100	2,241
2	13	4	9,213
2	13	5	4,024
2	13	9	1,721
2	13	15	10,38
2	13	16	1,412
2	13	17	2,052
2	13	19	28,762
2	13	29	3,756
2	13	30	3,298
2	13	38	4,202
2	13	41	1,197
2	13	50	9,31
2	13	51	13,194
2	13	53	9,286
2	13	62	1,686
2	13	70	8,315
2	13	71	7,961
2	13	74	2,607
2	13	76	3,422
2	13	78	5,384
2	13	82	1,163
2	13	92	2,942
2	13	94	16,811
2	13	96	2,027
2	13	100	1,67
2	15	4	1,961
2	15	5	2,92
2	15	9	4,054
2	15	13	2,709
2	15	16	8,952
2	15	17	3,101
2	15	19	6,191
2	15	29	53,293
2	15	30	3,508
2	15	38	1,742
2	15	41	10,167
2	15	50	1,05
2	15	51	15,338
2	15	53	5,691
2	15	62	4,476
2	15	70	5,325
2	15	71	8,261
2	15	74	3,637
2	15	76	6,085
2	15	78	8,432
2	15	82	8,266
2	15	92	2,158
2	15	94	3,003
2	15	96	1,386
2	15	100	5,346
2	16	4	7,347
2	16	5	7,901
2	16	9	1,07
2	16	13	8,176
2	16	15	2,744
2	16	17	1,735
2	16	19	4,566
2	16	29	9,86
2	16	30	1,281
2	16	38	0,751
2	16	41	6,117
2	16	50	0,565
2	16	51	6,115
2	16	53	1,081
2	16	62	3,02
2	16	70	1,564
2	16	71	5,94
2	16	74	0,804
2	16	76	1,193
2	16	78	1,611
2	16	82	1,498
2	16	92	1,301
2	16	94	2,476
2	16	96	12,282
2	16	100	3,357
2	17	4	1,084
2	17	5	11,109
2	17	9	0,68
2	17	13	4,048
2	17	15	1,644
2	17	16	8,907
2	17	19	2,035
2	17	29	21,846
2	17	30	4,477
2	17	38	20,812
2	17	41	3,385
2	17	50	1,425
2	17	51	16,233
2	17	53	10,082
2	17	62	3,176
2	17	70	5,154
2	17	71	4,149
2	17	74	5,139
2	17	76	14,023
2	17	78	10,405
2	17	82	5,868
2	17	92	7,875
2	17	94	9,95
2	17	96	8,795
2	17	100	6,305
2	19	4	1,023
2	19	5	2,395
2	19	9	3,533
2	19	13	6,372
2	19	15	5,188
2	19	16	19,658
2	19	17	6,289
2	19	29	1,109
2	19	30	2,922
2	19	38	1,084
2	19	41	5,475
2	19	50	12,184
2	19	51	1,006
2	19	53	4,275
2	19	62	6,935
2	19	70	12,267
2	19	71	8,862
2	19	74	17,252
2	19	76	4,995
2	19	78	1,112
2	19	82	7,952
2	19	92	5,088
2	19	94	2,848
2	19	96	3,773
2	19	100	3,326
2	29	4	22,739
2	29	5	2,974
2	29	9	1,942
2	29	13	2,663
2	29	15	5,777
2	29	16	3,175
2	29	17	6,884
2	29	19	4,961
2	29	30	2,458
2	29	38	1,953
2	29	41	2,925
2	29	50	5,703
2	29	51	12,285
2	29	53	10,619
2	29	62	2,459
2	29	70	12,735
2	29	71	1,989
2	29	74	6,067
2	29	76	23,584
2	29	78	2,647
2	29	82	0,77
2	29	92	1,519
2	29	94	2,372
2	29	96	12,366
2	29	100	11,829
2	30	4	2
2	30	5	2,576
2	30	9	4,629
2	30	13	3,701
2	30	15	1,662
2	30	16	13,999
2	30	17	2,72
2	30	19	1,958
2	30	29	8,71
2	30	38	2,803
2	30	41	6,342
2	30	50	8,53
2	30	51	6,956
2	30	53	3,307
2	30	62	1,238
2	30	70	1,629
2	30	71	5,703
2	30	74	2,421
2	30	76	5,946
2	30	78	2,167
2	30	82	3,007
2	30	92	4,48
2	30	94	2,652
2	30	96	5,309
2	30	100	8,854
2	38	4	23,344
2	38	5	1,981
2	38	9	1,01
2	38	13	5,918
2	38	15	41,957
2	38	16	31,318
2	38	17	10,379
2	38	19	37,058
2	38	29	2,184
2	38	30	8,95
2	38	41	10,878
2	38	50	5,883
2	38	51	3,015
2	38	53	0,953
2	38	62	7,158
2	38	70	12,677
2	38	71	11,362
2	38	74	1,463
2	38	76	36,08
2	38	78	4,051
2	38	82	13,291
2	38	92	5,215
2	38	94	2,056
2	38	96	1,779
2	38	100	1,373
2	41	4	15,131
2	41	5	2,746
2	41	9	0,593
2	41	13	2,936
2	41	15	8,247
2	41	16	5,149
2	41	17	5,791
2	41	19	1,775
2	41	29	68,475
2	41	30	14,378
2	41	38	6,693
2	41	50	2,371
2	41	51	12,27
2	41	53	5,937
2	41	62	12,085
2	41	70	3,348
2	41	71	3,842
2	41	74	5,572
2	41	76	20,727
2	41	78	2,174
2	41	82	11,819
2	41	92	8,616
2	41	94	0,971
2	41	96	7,552
2	41	100	25,182
2	50	4	4,691
2	50	5	4,996
2	50	9	0,527
2	50	13	4,509
2	50	15	1,46
2	50	16	1,408
2	50	17	2,252
2	50	19	0,861
2	50	29	5,006
2	50	30	14,313
2	50	38	8,146
2	50	41	2,133
2	50	51	17,294
2	50	53	0,602
2	50	62	0,667
2	50	70	9,856
2	50	71	3,837
2	50	74	2,498
2	50	76	0,916
2	50	78	0,577
2	50	82	4,845
2	50	92	6,43
2	50	94	1,914
2	50	96	5,353
2	50	100	18,006
2	51	4	2,52
2	51	5	1,581
2	51	9	10,74
2	51	13	3,491
2	51	15	3,659
2	51	16	1,145
2	51	17	1,642
2	51	19	7,612
2	51	29	4,046
2	51	30	5,49
2	51	38	12,303
2	51	41	5,297
2	51	50	5,77
2	51	53	4,732
2	51	62	2,248
2	51	70	1,87
2	51	71	2,857
2	51	74	6,976
2	51	76	2,908
2	51	78	4,019
2	51	82	2,44
2	51	92	6,391
2	51	94	2,826
2	51	96	4,814
2	51	100	0,745
2	53	4	3,713
2	53	5	2,151
2	53	9	2,334
2	53	13	4,814
2	53	15	1,778
2	53	16	10,325
2	53	17	8,993
2	53	19	24,675
2	53	29	12,967
2	53	30	4,228
2	53	38	2,096
2	53	41	4,419
2	53	50	0,718
2	53	51	10,632
2	53	62	0,966
2	53	70	3,904
2	53	71	3,874
2	53	74	5,175
2	53	76	14,6
2	53	78	5,535
2	53	82	1,302
2	53	92	3,491
2	53	94	1,37
2	53	96	2,122
2	53	100	11,493
2	62	4	3,711
2	62	5	30,558
2	62	9	2,921
2	62	13	1,011
2	62	15	4,994
2	62	16	0,618
2	62	17	6,708
2	62	19	2,912
2	62	29	3,857
2	62	30	12,193
2	62	38	0,771
2	62	41	7,703
2	62	50	14,047
2	62	51	3,475
2	62	53	4,068
2	62	70	5,212
2	62	71	16,058
2	62	74	11,762
2	62	76	0,883
2	62	78	2,432
2	62	82	4,726
2	62	92	1,713
2	62	94	10,437
2	62	96	18,575
2	62	100	2,372
2	70	4	16,885
2	70	5	2,952
2	70	9	2,827
2	70	13	4,492
2	70	15	1,191
2	70	16	1,577
2	70	17	1,424
2	70	19	13,69
2	70	29	12,322
2	70	30	0,89
2	70	38	7,09
2	70	41	10,167
2	70	50	10,386
2	70	51	15,626
2	70	53	11,33
2	70	62	7,499
2	70	71	5,108
2	70	74	7,973
2	70	76	1,944
2	70	78	2,721
2	70	82	7,721
2	70	92	2,616
2	70	94	9,402
2	70	96	1,088
2	70	100	2,05
2	71	4	4,314
2	71	5	3,583
2	71	9	7,527
2	71	13	2,788
2	71	15	6,987
2	71	16	3,417
2	71	17	4,246
2	71	19	0,524
2	71	29	6,818
2	71	30	1,501
2	71	38	1,608
2	71	41	6,329
2	71	50	3,381
2	71	51	7,129
2	71	53	1,114
2	71	62	6,994
2	71	70	2,658
2	71	74	0,673
2	71	76	4,178
2	71	78	3,055
2	71	82	0,912
2	71	92	8,304
2	71	94	1,105
2	71	96	2,004
2	71	100	5,412
2	74	4	6,03
2	74	5	1,258
2	74	9	1,731
2	74	13	2,559
2	74	15	8,64
2	74	16	1,879
2	74	17	2,938
2	74	19	13,397
2	74	29	5,717
2	74	30	5,039
2	74	38	9,218
2	74	41	7,385
2	74	50	3,213
2	74	51	7,264
2	74	53	3,692
2	74	62	7,455
2	74	70	6,133
2	74	71	13,886
2	74	76	4,065
2	74	78	1,981
2	74	82	3,562
2	74	92	6,28
2	74	94	5,429
2	74	96	3,315
2	74	100	14,09
2	76	4	1,534
2	76	5	1,53
2	76	9	8,298
2	76	13	2,647
2	76	15	3,202
2	76	16	2,98
2	76	17	3,674
2	76	19	0,797
2	76	29	4,251
2	76	30	2,241
2	76	38	2,643
2	76	41	10,11
2	76	50	10,983
2	76	51	6,143
2	76	53	9,054
2	76	62	0,601
2	76	70	26,459
2	76	71	3,8
2	76	74	9,293
2	76	78	11,719
2	76	82	2,628
2	76	92	1,394
2	76	94	5,685
2	76	96	1,467
2	76	100	5,081
2	78	4	3,825
2	78	5	2,43
2	78	9	25,821
2	78	13	3,205
2	78	15	4,278
2	78	16	7,746
2	78	17	0,52
2	78	19	8,866
2	78	29	3,963
2	78	30	6,878
2	78	38	4,232
2	78	41	16,542
2	78	50	14,831
2	78	51	15,069
2	78	53	28,915
2	78	62	0,53
2	78	70	4,608
2	78	71	32,889
2	78	74	10,525
2	78	76	1,441
2	78	82	1,155
2	78	92	10,257
2	78	94	10,593
2	78	96	7,324
2	78	100	7,231
2	82	4	4,5
2	82	5	11,326
2	82	9	10,699
2	82	13	7,524
2	82	15	8,772
2	82	16	1,754
2	82	17	5,689
2	82	19	5,134
2	82	29	7,745
2	82	30	21,01
2	82	38	3,576
2	82	41	1,305
2	82	50	3,589
2	82	51	3,074
2	82	53	16,069
2	82	62	16,838
2	82	70	6,501
2	82	71	2,685
2	82	74	2,274
2	82	76	6,152
2	82	78	6,956
2	82	92	4,978
2	82	94	1,231
2	82	96	5,445
2	82	100	7,614
2	92	4	2,966
2	92	5	2,042
2	92	9	16,73
2	92	13	7,873
2	92	15	5,371
2	92	16	13,939
2	92	17	6,315
2	92	19	3,523
2	92	29	3,182
2	92	30	2,559
2	92	38	2,572
2	92	41	15,638
2	92	50	7,312
2	92	51	5,628
2	92	53	1,763
2	92	62	7,627
2	92	70	17,655
2	92	71	3,832
2	92	74	3,775
2	92	76	7,403
2	92	78	3,454
2	92	82	16,945
2	92	94	11,055
2	92	96	5,808
2	92	100	3,147
2	94	4	7,032
2	94	5	11,575
2	94	9	14,782
2	94	13	1,954
2	94	15	5,913
2	94	16	8,792
2	94	17	2,351
2	94	19	10,238
2	94	29	1,222
2	94	30	4,156
2	94	38	0,826
2	94	41	2,228
2	94	50	0,531
2	94	51	2,271
2	94	53	3,318
2	94	62	5,098
2	94	70	18,979
2	94	71	6,886
2	94	74	3,02
2	94	76	9,762
2	94	78	4,789
2	94	82	7,766
2	94	92	1,755
2	94	96	4,204
2	94	100	2,439
2	96	4	4,222
2	96	5	1,226
2	96	9	5,052
2	96	13	2,723
2	96	15	2,29
2	96	16	13,153
2	96	17	5,781
2	96	19	1,618
2	96	29	3,763
2	96	30	4,901
2	96	38	2,452
2	96	41	1,371
2	96	50	1,12
2	96	51	2,684
2	96	53	1,287
2	96	62	0,764
2	96	70	4,327
2	96	71	5,456
2	96	74	12,262
2	96	76	0,673
2	96	78	8,882
2	96	82	2,951
2	96	92	3,489
2	96	94	10,81
2	96	100	8,811
2	100	4	5,273
2	100	5	1,412
2	100	9	12,002
2	100	13	4,503
2	100	15	6,027
2	100	16	2,429
2	100	17	2,931
2	100	19	2,551
2	100	29	17,682
2	100	30	19,867
2	100	38	15,714
2	100	41	6,726
2	100	50	18,738
2	100	51	1,166
2	100	53	8,902
2	100	62	9,858
2	100	70	5,082
2	100	71	3,346
2	100	74	3,46
2	100	76	3,208
2	100	78	3,108
2	100	82	5,375
2	100	92	8,315
2	100	94	4,46
2	100	96	1,15
3	6	8	1,489
3	6	9	1,893
3	6	13	4,56
3	6	15	1,2
3	6	16	6,43
3	6	18	14,088
3	6	20	1,527
3	6	22	1,285
3	6	23	3,796
3	6	24	14,212
3	6	27	13,504
3	6	32	24,479
3	6	33	15,466
3	6	34	6,55
3	6	35	8,788
3	6	43	16,093
3	6	44	5,698
3	6	45	11,274
3	6	46	16,529
3	6	53	1,577
3	6	64	1,273
3	6	82	2,093
3	6	83	7,076
3	6	85	8,353
3	6	92	21,413
3	6	94	2,425
3	6	98	1,483
3	6	99	1,951
3	8	6	4,196
3	8	9	5,043
3	8	13	6,932
3	8	15	14,028
3	8	16	4,377
3	8	18	1,631
3	8	20	9,367
3	8	22	1,865
3	8	23	4,05
3	8	24	16,413
3	8	27	9,061
3	8	32	7,104
3	8	33	2,053
3	8	34	5,782
3	8	35	14,029
3	8	43	13,752
3	8	44	3,369
3	8	45	11,72
3	8	46	4,717
3	8	53	3,218
3	8	64	12,987
3	8	82	3,918
3	8	83	3,235
3	8	85	1,566
3	8	92	3,009
3	8	94	3,08
3	8	98	1,274
3	8	99	3,008
3	9	6	1,486
3	9	8	2,224
3	9	13	18,654
3	9	15	5,163
3	9	16	19,717
3	9	18	1,181
3	9	20	20,066
3	9	22	10,882
3	9	23	3,578
3	9	24	2
3	9	27	4,816
3	9	32	17,327
3	9	33	4,479
3	9	34	9,82
3	9	35	7,113
3	9	43	3,397
3	9	44	2,639
3	9	45	14,535
3	9	46	3,135
3	9	53	6,245
3	9	64	1,903
3	9	82	14,489
3	9	83	1,03
3	9	85	1,744
3	9	92	1,131
3	9	94	15,701
3	9	98	13,078
3	9	99	18,81
3	13	6	2,432
3	13	8	3,995
3	13	9	16,929
3	13	15	8,538
3	13	16	1,914
3	13	18	8,733
3	13	20	2,103
3	13	22	3,616
3	13	23	7,378
3	13	24	8,339
3	13	27	18,342
3	13	32	18,417
3	13	33	1,999
3	13	34	11,388
3	13	35	6,058
3	13	43	3,418
3	13	44	3,472
3	13	45	93,442
3	13	46	18,114
3	13	53	1,843
3	13	64	2,212
3	13	82	4,552
3	13	83	2,715
3	13	85	20,558
3	13	92	1,214
3	13	94	1,025
3	13	98	6,458
3	13	99	3,191
3	15	6	2,405
3	15	8	2,033
3	15	9	9,16
3	15	13	9,294
3	15	16	3,442
3	15	18	1,49
3	15	20	4,642
3	15	22	0,961
3	15	23	12,929
3	15	24	2,005
3	15	27	6,612
3	15	32	0,958
3	15	33	6,071
3	15	34	0,512
3	15	35	4,591
3	15	43	2,261
3	15	44	1,555
3	15	45	11,733
3	15	46	14,56
3	15	53	11,377
3	15	64	7,593
3	15	82	11,718
3	15	83	3,768
3	15	85	0,818
3	15	92	10,238
3	15	94	15,214
3	15	98	1,579
3	15	99	3,878
3	16	6	23,646
3	16	8	7,672
3	16	9	5,956
3	16	13	1,013
3	16	15	4,93
3	16	18	4,434
3	16	20	3,678
3	16	22	6,487
3	16	23	2,338
3	16	24	8,208
3	16	27	10,916
3	16	32	1,534
3	16	33	1,673
3	16	34	16,715
3	16	35	7,889
3	16	43	10,242
3	16	44	3,473
3	16	45	15,89
3	16	46	1,451
3	16	53	0,644
3	16	64	10,34
3	16	82	20,965
3	16	83	8,67
3	16	85	3,253
3	16	92	13,762
3	16	94	1,933
3	16	98	1,709
3	16	99	9,683
3	18	6	3,747
3	18	8	2,61
3	18	9	1,174
3	18	13	0,822
3	18	15	2,983
3	18	16	1,887
3	18	20	2,274
3	18	22	11,043
3	18	23	5,186
3	18	24	18,767
3	18	27	5,9
3	18	32	5,708
3	18	33	8,983
3	18	34	1,027
3	18	35	4,573
3	18	43	0,697
3	18	44	3,62
3	18	45	10,946
3	18	46	45,969
3	18	53	4,903
3	18	64	0,528
3	18	82	14,998
3	18	83	1,58
3	18	85	2,685
3	18	92	0,953
3	18	94	0,595
3	18	98	8,756
3	18	99	9,19
3	20	6	8,416
3	20	8	7,114
3	20	9	0,585
3	20	13	2,216
3	20	15	1,933
3	20	16	9,258
3	20	18	4,91
3	20	22	24,253
3	20	23	4,608
3	20	24	8,718
3	20	27	50,713
3	20	32	5,675
3	20	33	27,536
3	20	34	7,997
3	20	35	1,729
3	20	43	20,673
3	20	44	8,406
3	20	45	0,85
3	20	46	13,493
3	20	53	7,087
3	20	64	13,954
3	20	82	2,058
3	20	83	3,333
3	20	85	21,809
3	20	92	2,377
3	20	94	5,72
3	20	98	2,193
3	20	99	4,875
3	22	6	17,556
3	22	8	10,796
3	22	9	4,541
3	22	13	18,18
3	22	15	5,011
3	22	16	0,561
3	22	18	20,873
3	22	20	1,154
3	22	23	4,997
3	22	24	5,122
3	22	27	12,67
3	22	32	1,559
3	22	33	5,973
3	22	34	21,809
3	22	35	2,424
3	22	43	1,28
3	22	44	8,25
3	22	45	4,64
3	22	46	15,869
3	22	53	1,965
3	22	64	10,699
3	22	82	1,151
3	22	83	5,099
3	22	85	1,083
3	22	92	14,866
3	22	94	22,311
3	22	98	8,673
3	22	99	8,736
3	23	6	16,455
3	23	8	10,21
3	23	9	0,803
3	23	13	0,652
3	23	15	1,946
3	23	16	4,588
3	23	18	29,564
3	23	20	12,581
3	23	22	8,816
3	23	24	3,417
3	23	27	10,492
3	23	32	11,552
3	23	33	5,125
3	23	34	2,286
3	23	35	4,018
3	23	43	6,745
3	23	44	6,911
3	23	45	12,15
3	23	46	3,735
3	23	53	10,513
3	23	64	14,257
3	23	82	9,81
3	23	83	1,539
3	23	85	9,841
3	23	92	20,988
3	23	94	4,393
3	23	98	14,257
3	23	99	1,59
3	24	6	5,261
3	24	8	2,313
3	24	9	4
3	24	13	6,361
3	24	15	16,035
3	24	16	11,519
3	24	18	4,075
3	24	20	12,002
3	24	22	12,975
3	24	23	0,769
3	24	27	2,839
3	24	32	8,413
3	24	33	3,116
3	24	34	4,54
3	24	35	2,937
3	24	43	4,756
3	24	44	2,759
3	24	45	16,497
3	24	46	1,078
3	24	53	5,602
3	24	64	2,835
3	24	82	0,817
3	24	83	8,253
3	24	85	1,002
3	24	92	10,239
3	24	94	1,641
3	24	98	8,896
3	24	99	3,529
3	27	6	1,295
3	27	8	4,259
3	27	9	0,682
3	27	13	0,536
3	27	15	5,002
3	27	16	1,171
3	27	18	3,727
3	27	20	2,199
3	27	22	8,394
3	27	23	3,999
3	27	24	10,245
3	27	32	1,979
3	27	33	5,985
3	27	34	59,567
3	27	35	3,382
3	27	43	1,041
3	27	44	6,53
3	27	45	3,494
3	27	46	3,745
3	27	53	2,496
3	27	64	3,491
3	27	82	4,682
3	27	83	1,83
3	27	85	1,328
3	27	92	12,354
3	27	94	10,068
3	27	98	14,098
3	27	99	14,371
3	32	6	0,85
3	32	8	1,266
3	32	9	11,315
3	32	13	14,999
3	32	15	13,583
3	32	16	8,255
3	32	18	12,872
3	32	20	4,157
3	32	22	3,265
3	32	23	4,329
3	32	24	1,249
3	32	27	10,742
3	32	33	9,462
3	32	34	2,991
3	32	35	1,566
3	32	43	0,969
3	32	44	2,585
3	32	45	8,118
3	32	46	7,508
3	32	53	6,85
3	32	64	11,242
3	32	82	13,029
3	32	83	20,277
3	32	85	6,325
3	32	92	9,143
3	32	94	6,611
3	32	98	0,515
3	32	99	2,802
3	33	6	6,044
3	33	8	2,579
3	33	9	3,375
3	33	13	3,182
3	33	15	0,809
3	33	16	15,236
3	33	18	8,193
3	33	20	1,68
3	33	22	2,308
3	33	23	1,91
3	33	24	5,731
3	33	27	25,641
3	33	32	11,329
3	33	34	3,066
3	33	35	3,077
3	33	43	1,365
3	33	44	5,606
3	33	45	3
3	33	46	13,633
3	33	53	1,935
3	33	64	5,22
3	33	82	0,616
3	33	83	0,536
3	33	85	6,453
3	33	92	7,398
3	33	94	6,406
3	33	98	5,596
3	33	99	25,319
3	34	6	1,89
3	34	8	4,517
3	34	9	3,089
3	34	13	3,976
3	34	15	3,652
3	34	16	2,655
3	34	18	1,184
3	34	20	2,492
3	34	22	5,959
3	34	23	5,616
3	34	24	7,872
3	34	27	12,43
3	34	32	2,64
3	34	33	5,329
3	34	35	4,342
3	34	43	14,119
3	34	44	1,543
3	34	45	2,228
3	34	46	9,975
3	34	53	7,423
3	34	64	5,059
3	34	82	16,982
3	34	83	3,179
3	34	85	1,458
3	34	92	1,423
3	34	94	4,616
3	34	98	5,28
3	34	99	1,417
3	35	6	5,422
3	35	8	1,087
3	35	9	4,66
3	35	13	3,325
3	35	15	4,616
3	35	16	3,36
3	35	18	3,483
3	35	20	1,46
3	35	22	3,738
3	35	23	0,601
3	35	24	7,003
3	35	27	8,083
3	35	32	16,859
3	35	33	8,53
3	35	34	4,082
3	35	43	11,701
3	35	44	2,661
3	35	45	11,813
3	35	46	7,336
3	35	53	17,759
3	35	64	7,599
3	35	82	0,853
3	35	83	6,569
3	35	85	5,422
3	35	92	4,533
3	35	94	0,513
3	35	98	3,078
3	35	99	17,871
3	43	6	6,633
3	43	8	2,927
3	43	9	10,153
3	43	13	20,676
3	43	15	0,814
3	43	16	2,46
3	43	18	0,619
3	43	20	1,178
3	43	22	1,696
3	43	23	14,379
3	43	24	1,76
3	43	27	5,655
3	43	32	30,863
3	43	33	2,436
3	43	34	3,693
3	43	35	3,315
3	43	44	7,785
3	43	45	8,369
3	43	46	0,8
3	43	53	1,652
3	43	64	4,778
3	43	82	3,536
3	43	83	1,877
3	43	85	2,151
3	43	92	5,432
3	43	94	1,974
3	43	98	6,473
3	43	99	1,073
3	44	6	1,99
3	44	8	23,465
3	44	9	2,299
3	44	13	6,232
3	44	15	1,86
3	44	16	0,741
3	44	18	0,568
3	44	20	25,479
3	44	22	10,757
3	44	23	6,429
3	44	24	10,723
3	44	27	1,494
3	44	32	1,699
3	44	33	1,598
3	44	34	1,477
3	44	35	1,221
3	44	43	3,633
3	44	45	5,81
3	44	46	0,557
3	44	53	11,482
3	44	64	2,795
3	44	82	10,149
3	44	83	9,215
3	44	85	8,425
3	44	92	43,082
3	44	94	4,746
3	44	98	1,047
3	44	99	5,468
3	45	6	9,738
3	45	8	1,313
3	45	9	50,186
3	45	13	4,13
3	45	15	3,267
3	45	16	0,762
3	45	18	6,474
3	45	20	1,761
3	45	22	16,978
3	45	23	13,359
3	45	24	8,853
3	45	27	3,177
3	45	32	9,725
3	45	33	4,03
3	45	34	4,421
3	45	35	12,992
3	45	43	8,327
3	45	44	2,397
3	45	46	7,571
3	45	53	2,89
3	45	64	2,37
3	45	82	2,452
3	45	83	8,057
3	45	85	6,754
3	45	92	10,234
3	45	94	20,372
3	45	98	42,473
3	45	99	15,156
3	46	6	3,428
3	46	8	19,491
3	46	9	7,255
3	46	13	6,813
3	46	15	1,686
3	46	16	17,968
3	46	18	5,455
3	46	20	2,139
3	46	22	18,29
3	46	23	8,607
3	46	24	1,462
3	46	27	7,134
3	46	32	1,663
3	46	33	2,737
3	46	34	2,349
3	46	35	5,11
3	46	43	0,679
3	46	44	9,668
3	46	45	1,375
3	46	53	4,117
3	46	64	20,513
3	46	82	4,385
3	46	83	1,24
3	46	85	4,597
3	46	92	2,426
3	46	94	12,371
3	46	98	9,521
3	46	99	1,438
3	53	6	0,673
3	53	8	18,132
3	53	9	44,573
3	53	13	12,443
3	53	15	16,71
3	53	16	6,945
3	53	18	1,765
3	53	20	6,907
3	53	22	1,847
3	53	23	1,575
3	53	24	1,553
3	53	27	5,586
3	53	32	11,348
3	53	33	6,349
3	53	34	1,764
3	53	35	3,419
3	53	43	10,222
3	53	44	20,858
3	53	45	2,3
3	53	46	21,707
3	53	64	2,317
3	53	82	2,566
3	53	83	2,252
3	53	85	5,577
3	53	92	3,767
3	53	94	0,884
3	53	98	5,457
3	53	99	4,96
3	64	6	5,996
3	64	8	4,243
3	64	9	0,945
3	64	13	15,862
3	64	15	2,598
3	64	16	10,204
3	64	18	2,557
3	64	20	3,609
3	64	22	11,184
3	64	23	7,993
3	64	24	1,23
3	64	27	21,695
3	64	32	17,678
3	64	33	7,686
3	64	34	1,705
3	64	35	6,859
3	64	43	4,429
3	64	44	2,47
3	64	45	6,535
3	64	46	1,357
3	64	53	3,91
3	64	82	0,899
3	64	83	1,039
3	64	85	7,573
3	64	92	7,593
3	64	94	1,402
3	64	98	3,443
3	64	99	3,866
3	82	6	8,209
3	82	8	4,69
3	82	9	28,937
3	82	13	3,802
3	82	15	8,292
3	82	16	6,253
3	82	18	3,688
3	82	20	3,439
3	82	22	10,074
3	82	23	2,727
3	82	24	1,245
3	82	27	11,272
3	82	32	15,251
3	82	33	2,876
3	82	34	2,177
3	82	35	2,022
3	82	43	15,487
3	82	44	11,631
3	82	45	22,546
3	82	46	5,678
3	82	53	1,77
3	82	64	1,178
3	82	83	10,166
3	82	85	2,124
3	82	92	5,351
3	82	94	10,99
3	82	98	3,428
3	82	99	2,349
3	83	6	7,825
3	83	8	4,968
3	83	9	4,277
3	83	13	6,1
3	83	15	14,496
3	83	16	0,686
3	83	18	0,517
3	83	20	3,048
3	83	22	4,787
3	83	23	2,071
3	83	24	27,162
3	83	27	6,957
3	83	32	8,565
3	83	33	5,986
3	83	34	1,755
3	83	35	2,767
3	83	43	5,544
3	83	44	3,061
3	83	45	1,268
3	83	46	1,156
3	83	53	4,851
3	83	64	0,787
3	83	82	7,999
3	83	85	12,206
3	83	92	3,696
3	83	94	8,154
3	83	98	8,261
3	83	99	6,576
3	85	6	2,959
3	85	8	1,814
3	85	9	6,001
3	85	13	4,251
3	85	15	4,819
3	85	16	21,895
3	85	18	18,751
3	85	20	28,901
3	85	22	5,76
3	85	23	3,406
3	85	24	11,11
3	85	27	3,432
3	85	32	6,157
3	85	33	0,549
3	85	34	1,946
3	85	35	1,542
3	85	43	4,914
3	85	44	5,029
3	85	45	3,436
3	85	46	2,74
3	85	53	16,51
3	85	64	3,132
3	85	82	8,292
3	85	83	2,575
3	85	92	7,987
3	85	94	0,949
3	85	98	16,3
3	85	99	0,512
3	92	6	35,914
3	92	8	3,003
3	92	9	1,495
3	92	13	7,166
3	92	15	18,256
3	92	16	2,028
3	92	18	14,282
3	92	20	4,201
3	92	22	19,964
3	92	23	6,244
3	92	24	3,024
3	92	27	2,481
3	92	32	0,732
3	92	33	8,953
3	92	34	5,209
3	92	35	2,746
3	92	43	4,777
3	92	44	8,111
3	92	45	8,337
3	92	46	1,656
3	92	53	3,635
3	92	64	6,838
3	92	82	10,424
3	92	83	1,024
3	92	85	2,764
3	92	94	4,307
3	92	98	3,844
3	92	99	1,957
3	94	6	12,349
3	94	8	1,833
3	94	9	1,901
3	94	13	2,574
3	94	15	2,943
3	94	16	12,548
3	94	18	4,592
3	94	20	8,556
3	94	22	11,999
3	94	23	2,201
3	94	24	1,239
3	94	27	8,661
3	94	32	16,749
3	94	33	0,849
3	94	34	1,891
3	94	35	42,978
3	94	43	7,579
3	94	44	3,153
3	94	45	12,059
3	94	46	7,286
3	94	53	1,532
3	94	64	6,926
3	94	82	0,771
3	94	83	19,56
3	94	85	11,078
3	94	92	0,599
3	94	98	0,63
3	94	99	0,827
3	98	6	0,722
3	98	8	1,863
3	98	9	1,84
3	98	13	29,219
3	98	15	9,876
3	98	16	1,951
3	98	18	12,089
3	98	20	0,609
3	98	22	0,591
3	98	23	7,395
3	98	24	5,466
3	98	27	0,929
3	98	32	2,808
3	98	33	1,386
3	98	34	3,757
3	98	35	1,82
3	98	43	4,152
3	98	44	14,963
3	98	45	10,59
3	98	46	17,156
3	98	53	4,059
3	98	64	1,842
3	98	82	15,335
3	98	83	1,998
3	98	85	5,657
3	98	92	7,924
3	98	94	6,576
3	98	99	0,53
3	99	6	0,58
3	99	8	5,443
3	99	9	1,558
3	99	13	3,752
3	99	15	3,328
3	99	16	4,243
3	99	18	14,693
3	99	20	33,893
3	99	22	1,627
3	99	23	1,643
3	99	24	4,497
3	99	27	12,741
3	99	32	7,804
3	99	33	0,519
3	99	34	4,642
3	99	35	7,185
3	99	43	9,466
3	99	44	8,434
3	99	45	1,526
3	99	46	6,655
3	99	53	2,706
3	99	64	0,619
3	99	82	4,075
3	99	83	1,21
3	99	85	1,818
3	99	92	7,664
3	99	94	1,684
3	99	98	9,594
4	3	5	5,281
4	3	7	4,757
4	3	8	3,054
4	3	16	0,601
4	3	25	1,664
4	3	29	2,266
4	3	30	4,441
4	3	51	0,943
4	3	56	1,665
4	3	61	4,013
4	3	88	6,066
4	3	90	14,435
4	3	91	0,511
4	3	95	0,616
4	3	96	5,619
4	5	3	14,305
4	5	7	10,269
4	5	8	9,869
4	5	16	1,283
4	5	25	7,86
4	5	29	6,542
4	5	30	10,88
4	5	51	14,532
4	5	56	11,142
4	5	61	3,203
4	5	88	5,69
4	5	90	7,934
4	5	91	8,15
4	5	95	2,538
4	5	96	0,775
4	7	3	1,602
4	7	5	4,222
4	7	8	4,359
4	7	16	4,213
4	7	25	10,51
4	7	29	3,104
4	7	30	3,02
4	7	51	1,577
4	7	56	0,6
4	7	61	6,308
4	7	88	10,788
4	7	90	6,675
4	7	91	2,324
4	7	95	12,278
4	7	96	6,378
4	8	3	6,402
4	8	5	5,061
4	8	7	18,363
4	8	16	3,677
4	8	25	5,281
4	8	29	2,697
4	8	30	9,435
4	8	51	10,488
4	8	56	8,084
4	8	61	8,967
4	8	88	7,588
4	8	90	2,842
4	8	91	13,963
4	8	95	2,418
4	8	96	0,591
4	16	3	11,084
4	16	5	4,093
4	16	7	3,971
4	16	8	0,636
4	16	25	3,334
4	16	29	2,095
4	16	30	1,993
4	16	51	11,577
4	16	56	6,176
4	16	61	5,414
4	16	88	0,82
4	16	90	1,013
4	16	91	2,906
4	16	95	9,669
4	16	96	1,163
4	25	3	3,232
4	25	5	4,394
4	25	7	3,042
4	25	8	1,886
4	25	16	10,105
4	25	29	37,748
4	25	30	25,509
4	25	51	9,367
4	25	56	2,068
4	25	61	0,649
4	25	88	1,249
4	25	90	4,364
4	25	91	6,474
4	25	95	4,784
4	25	96	3,196
4	29	3	3,73
4	29	5	2,017
4	29	7	1,028
4	29	8	32,887
4	29	16	0,847
4	29	25	13,937
4	29	30	5,4
4	29	51	2,227
4	29	56	4,362
4	29	61	10,836
4	29	88	14,614
4	29	90	6,586
4	29	91	0,73
4	29	95	11,709
4	29	96	1,773
4	30	3	1,461
4	30	5	6,345
4	30	7	1,265
4	30	8	1,203
4	30	16	1,589
4	30	25	1,874
4	30	29	11,821
4	30	51	13,479
4	30	56	2,622
4	30	61	4,04
4	30	88	11,816
4	30	90	0,743
4	30	91	3,427
4	30	95	6,947
4	30	96	1,62
4	51	3	0,815
4	51	5	1,473
4	51	7	25,892
4	51	8	20,343
4	51	16	12,903
4	51	25	5,131
4	51	29	6,07
4	51	30	15,911
4	51	56	0,651
4	51	61	3,901
4	51	88	1,436
4	51	90	2,287
4	51	91	1,494
4	51	95	2,519
4	51	96	0,917
4	56	3	25,732
4	56	5	5,002
4	56	7	10,569
4	56	8	7,53
4	56	16	15,311
4	56	25	5,31
4	56	29	6,01
4	56	30	3,277
4	56	51	1,039
4	56	61	2,676
4	56	88	4,789
4	56	90	3,671
4	56	91	3,761
4	56	95	19,735
4	56	96	12,973
4	61	3	1,844
4	61	5	0,598
4	61	7	6,301
4	61	8	1,722
4	61	16	1,244
4	61	25	2,564
4	61	29	12,445
4	61	30	17,451
4	61	51	7,905
4	61	56	11,732
4	61	88	2,777
4	61	90	0,866
4	61	91	0,651
4	61	95	9,378
4	61	96	1,22
4	88	3	0,734
4	88	5	17,508
4	88	7	1,225
4	88	8	1,778
4	88	16	1,782
4	88	25	13,733
4	88	29	22,484
4	88	30	0,897
4	88	51	0,73
4	88	56	8,388
4	88	61	28,128
4	88	90	0,89
4	88	91	1,655
4	88	95	4,205
4	88	96	2,25
4	90	3	5,068
4	90	5	16,891
4	90	7	13,324
4	90	8	2,334
4	90	16	29,976
4	90	25	7,742
4	90	29	1,789
4	90	30	1,641
4	90	51	2,058
4	90	56	5,835
4	90	61	0,65
4	90	88	1,249
4	90	91	1,24
4	90	95	7,741
4	90	96	1,548
4	91	3	4,705
4	91	5	0,728
4	91	7	4,278
4	91	8	1,152
4	91	16	4,652
4	91	25	0,655
4	91	29	2,764
4	91	30	9,923
4	91	51	2,503
4	91	56	5,665
4	91	61	8,585
4	91	88	7,753
4	91	90	4,864
4	91	95	1,667
4	91	96	13,863
4	95	3	10,266
4	95	5	2,529
4	95	7	3,091
4	95	8	2,955
4	95	16	2,391
4	95	25	1,593
4	95	29	1,249
4	95	30	7,003
4	95	51	1,145
4	95	56	10,185
4	95	61	1,762
4	95	88	4,752
4	95	90	2,998
4	95	91	1,44
4	95	96	1,035
4	96	3	2,955
4	96	5	0,812
4	96	7	8,089
4	96	8	1,962
4	96	16	3,838
4	96	25	1,781
4	96	29	28,83
4	96	30	7,55
4	96	51	7,35
4	96	56	13,596
4	96	61	33,807
4	96	88	4,449
4	96	90	1,368
4	96	91	5,841
4	96	95	4,263
5	2	3	6,901
5	2	11	4,072
5	2	12	2,184
5	2	13	2,032
5	2	16	2,724
5	2	21	1,961
5	2	28	11,397
5	2	30	2,758
5	2	34	3,833
5	2	37	5,271
5	2	38	0,51
5	2	40	5,494
5	2	47	3,296
5	2	54	2,313
5	2	58	0,592
5	2	66	2,155
5	2	69	28,779
5	2	77	2,313
5	2	87	2,11
5	2	89	7,395
5	2	90	1,695
5	2	93	2,519
5	2	95	10,97
5	2	96	0,823
5	2	100	39,69
5	3	2	15,871
5	3	11	3,813
5	3	12	6,886
5	3	13	2,402
5	3	16	4,356
5	3	21	1,076
5	3	28	19,187
5	3	30	4,783
5	3	34	6,47
5	3	37	5,068
5	3	38	1,797
5	3	40	12,462
5	3	47	7,793
5	3	54	1,703
5	3	58	1,68
5	3	66	3,33
5	3	69	7,945
5	3	77	3,728
5	3	87	8,65
5	3	89	1,075
5	3	90	0,647
5	3	93	5,288
5	3	95	1,818
5	3	96	9,577
5	3	100	4,849
5	11	2	7,394
5	11	3	1,087
5	11	12	3,899
5	11	13	1,593
5	11	16	12
5	11	21	21,911
5	11	28	2,061
5	11	30	3,281
5	11	34	9,894
5	11	37	4,678
5	11	38	2,213
5	11	40	21,372
5	11	47	32,341
5	11	54	9,903
5	11	58	0,696
5	11	66	4,064
5	11	69	22,745
5	11	77	2,796
5	11	87	4,511
5	11	89	13,269
5	11	90	0,667
5	11	93	4,994
5	11	95	1,429
5	11	96	5,021
5	11	100	4,293
5	12	2	13,012
5	12	3	10,139
5	12	11	4,666
5	12	13	0,702
5	12	16	33,171
5	12	21	8,265
5	12	28	1,447
5	12	30	17,446
5	12	34	10,663
5	12	37	1,124
5	12	38	22,72
5	12	40	7,941
5	12	47	2,355
5	12	54	7,144
5	12	58	2,257
5	12	66	11,793
5	12	69	3,981
5	12	77	1,509
5	12	87	0,816
5	12	89	12,667
5	12	90	3,013
5	12	93	8,722
5	12	95	1,458
5	12	96	3,232
5	12	100	8,762
5	13	2	3,458
5	13	3	0,551
5	13	11	9,027
5	13	12	3,844
5	13	16	17,193
5	13	21	8,983
5	13	28	3,175
5	13	30	1,734
5	13	34	8,465
5	13	37	6,177
5	13	38	0,714
5	13	40	31,348
5	13	47	5,956
5	13	54	2,361
5	13	58	3,888
5	13	66	2,593
5	13	69	4,395
5	13	77	2,674
5	13	87	6,771
5	13	89	4,681
5	13	90	11,263
5	13	93	10,406
5	13	95	1,173
5	13	96	3,896
5	13	100	5,897
5	16	2	0,851
5	16	3	1,13
5	16	11	0,621
5	16	12	7,652
5	16	13	13,554
5	16	21	4,704
5	16	28	7,814
5	16	30	4,237
5	16	34	2,154
5	16	37	15,347
5	16	38	3,21
5	16	40	2,686
5	16	47	9,972
5	16	54	2,137
5	16	58	1,086
5	16	66	6,509
5	16	69	2,311
5	16	77	3,417
5	16	87	10,99
5	16	89	1,65
5	16	90	3,618
5	16	93	0,942
5	16	95	10,481
5	16	96	1,397
5	16	100	5,089
5	21	2	2,708
5	21	3	5,747
5	21	11	7,586
5	21	12	1,693
5	21	13	2,584
5	21	16	0,935
5	21	28	7,004
5	21	30	58,339
5	21	34	2,178
5	21	37	0,706
5	21	38	43,286
5	21	40	26,649
5	21	47	5,978
5	21	54	7,467
5	21	58	3,99
5	21	66	0,547
5	21	69	3,022
5	21	77	7,109
5	21	87	1,466
5	21	89	6,374
5	21	90	5,465
5	21	93	0,856
5	21	95	15,409
5	21	96	1,702
5	21	100	13,168
5	28	2	0,585
5	28	3	2,62
5	28	11	2,394
5	28	12	2,509
5	28	13	18
5	28	16	5,254
5	28	21	2,877
5	28	30	11,814
5	28	34	3,375
5	28	37	1,523
5	28	38	5,517
5	28	40	7,704
5	28	47	1,148
5	28	54	10,425
5	28	58	0,551
5	28	66	2,486
5	28	69	5,322
5	28	77	4,343
5	28	87	5,279
5	28	89	4,511
5	28	90	0,801
5	28	93	9,528
5	28	95	5,077
5	28	96	6,435
5	28	100	4,146
5	30	2	2,003
5	30	3	0,737
5	30	11	3,944
5	30	12	0,915
5	30	13	8,332
5	30	16	6,25
5	30	21	6,929
5	30	28	14,208
5	30	34	1,462
5	30	37	2,427
5	30	38	5,67
5	30	40	2,869
5	30	47	5,31
5	30	54	8,63
5	30	58	2,771
5	30	66	2,753
5	30	69	1,429
5	30	77	7,904
5	30	87	3,705
5	30	89	19,101
5	30	90	1,317
5	30	93	9,01
5	30	95	5,52
5	30	96	9,912
5	30	100	4,945
5	34	2	6,972
5	34	3	22
5	34	11	1,236
5	34	12	26,202
5	34	13	6,706
5	34	16	7,737
5	34	21	0,934
5	34	28	22,518
5	34	30	4,398
5	34	37	1,994
5	34	38	6,321
5	34	40	46,115
5	34	47	4,215
5	34	54	1,222
5	34	58	2,828
5	34	66	2,543
5	34	69	7,789
5	34	77	5,468
5	34	87	5,473
5	34	89	1,358
5	34	90	55,361
5	34	93	6,76
5	34	95	2,512
5	34	96	0,922
5	34	100	2,016
5	37	2	13,47
5	37	3	5,292
5	37	11	10,973
5	37	12	7,582
5	37	13	2,933
5	37	16	1,837
5	37	21	8,572
5	37	28	0,696
5	37	30	0,966
5	37	34	13,61
5	37	38	4,3
5	37	40	2,059
5	37	47	16,134
5	37	54	1,437
5	37	58	21,573
5	37	66	3,026
5	37	69	14,394
5	37	77	2,477
5	37	87	2,915
5	37	89	0,708
5	37	90	16,373
5	37	93	19,246
5	37	95	1,41
5	37	96	5,449
5	37	100	5,042
5	38	2	2,074
5	38	3	3,387
5	38	11	0,538
5	38	12	1,352
5	38	13	7,646
5	38	16	7,145
5	38	21	8,024
5	38	28	2,499
5	38	30	18,026
5	38	34	1,498
5	38	37	3,503
5	38	40	1,504
5	38	47	3,385
5	38	54	2,057
5	38	58	7,533
5	38	66	7,682
5	38	69	11,552
5	38	77	14,516
5	38	87	3,48
5	38	89	11,242
5	38	90	8,957
5	38	93	3,044
5	38	95	0,77
5	38	96	1,481
5	38	100	1,419
5	40	2	1,877
5	40	3	0,615
5	40	11	1,097
5	40	12	7,26
5	40	13	4,355
5	40	16	3,599
5	40	21	0,518
5	40	28	10,304
5	40	30	3,924
5	40	34	2,502
5	40	37	23,524
5	40	38	0,9
5	40	47	2,865
5	40	54	5,981
5	40	58	1,038
5	40	66	3,592
5	40	69	6,025
5	40	77	4,666
5	40	87	19,339
5	40	89	2,63
5	40	90	10,257
5	40	93	4,107
5	40	95	1,627
5	40	96	6,324
5	40	100	7,365
5	47	2	1,365
5	47	3	3,561
5	47	11	9,861
5	47	12	5,715
5	47	13	0,965
5	47	16	6,151
5	47	21	1,486
5	47	28	25,493
5	47	30	8,187
5	47	34	3,568
5	47	37	9,092
5	47	38	24,8
5	47	40	38,08
5	47	54	4,02
5	47	58	2,904
5	47	66	1,248
5	47	69	21,323
5	47	77	6,373
5	47	87	0,969
5	47	89	1,32
5	47	90	3,581
5	47	93	2,61
5	47	95	0,543
5	47	96	30,998
5	47	100	3,814
5	54	2	6,721
5	54	3	30,371
5	54	11	5,024
5	54	12	14,284
5	54	13	2,927
5	54	16	9,901
5	54	21	1,154
5	54	28	1,692
5	54	30	0,92
5	54	34	0,822
5	54	37	11,168
5	54	38	16,173
5	54	40	2,787
5	54	47	8,109
5	54	58	6,592
5	54	66	10,845
5	54	69	1,626
5	54	77	2,287
5	54	87	1,844
5	54	89	1,761
5	54	90	6,733
5	54	93	15,446
5	54	95	3,848
5	54	96	2,906
5	54	100	9,75
5	58	2	7,335
5	58	3	7,697
5	58	11	3,632
5	58	12	6,634
5	58	13	5,351
5	58	16	2,909
5	58	21	1,067
5	58	28	1,419
5	58	30	9,098
5	58	34	11,92
5	58	37	1,724
5	58	38	1,64
5	58	40	8,377
5	58	47	4,992
5	58	54	7,705
5	58	66	18,394
5	58	69	1,588
5	58	77	4,562
5	58	87	28,186
5	58	89	6,448
5	58	90	13,764
5	58	93	3,809
5	58	95	1,667
5	58	96	1,849
5	58	100	75,743
5	66	2	7,266
5	66	3	2,717
5	66	11	3,081
5	66	12	3,221
5	66	13	2,391
5	66	16	6,365
5	66	21	1,04
5	66	28	2,567
5	66	30	8,065
5	66	34	5,949
5	66	37	1,176
5	66	38	3,075
5	66	40	8,831
5	66	47	5,463
5	66	54	2,493
5	66	58	2,338
5	66	69	8,808
5	66	77	1,566
5	66	87	1,762
5	66	89	7,351
5	66	90	11,728
5	66	93	11,961
5	66	95	3,62
5	66	96	2,52
5	66	100	6,153
5	69	2	0,6
5	69	3	1,358
5	69	11	1,945
5	69	12	20,09
5	69	13	3,113
5	69	16	0,873
5	69	21	14,805
5	69	28	6,184
5	69	30	1,291
5	69	34	4,606
5	69	37	5,666
5	69	38	2,621
5	69	40	0,877
5	69	47	9,034
5	69	54	2,723
5	69	58	4,138
5	69	66	5,724
5	69	77	25,459
5	69	87	6,19
5	69	89	1,21
5	69	90	6,574
5	69	93	6,569
5	69	95	9,779
5	69	96	12,668
5	69	100	1,006
5	77	2	11,774
5	77	3	1,863
5	77	11	9,325
5	77	12	13,004
5	77	13	0,576
5	77	16	2,433
5	77	21	1,888
5	77	28	1,052
5	77	30	4,884
5	77	34	2,633
5	77	37	1,872
5	77	38	5,791
5	77	40	0,761
5	77	47	0,684
5	77	54	21,839
5	77	58	4,104
5	77	66	5,057
5	77	69	16,825
5	77	87	5,871
5	77	89	1,331
5	77	90	1,805
5	77	93	6,689
5	77	95	10,194
5	77	96	3,449
5	77	100	0,599
5	87	2	1,362
5	87	3	1,876
5	87	11	2,811
5	87	12	22,555
5	87	13	13,278
5	87	16	2,364
5	87	21	3,565
5	87	28	3,35
5	87	30	8,312
5	87	34	6,946
5	87	37	5,794
5	87	38	11,111
5	87	40	2,663
5	87	47	9,716
5	87	54	5,718
5	87	58	4,806
5	87	66	1,617
5	87	69	1,86
5	87	77	35,798
5	87	89	3,444
5	87	90	18,623
5	87	93	9,924
5	87	95	2,897
5	87	96	10,459
5	87	100	10,99
5	89	2	5,836
5	89	3	3,045
5	89	11	20,915
5	89	12	0,809
5	89	13	1,805
5	89	16	5,578
5	89	21	1,719
5	89	28	2,295
5	89	30	4,083
5	89	34	3,446
5	89	37	1,003
5	89	38	0,757
5	89	40	2,037
5	89	47	0,865
5	89	54	2,581
5	89	58	1,46
5	89	66	4,847
5	89	69	0,928
5	89	77	5,738
5	89	87	3,638
5	89	90	4,727
5	89	93	9,846
5	89	95	18,242
5	89	96	5,666
5	89	100	0,703
5	90	2	0,886
5	90	3	5,733
5	90	11	6,18
5	90	12	15,007
5	90	13	5,32
5	90	16	1,803
5	90	21	1,904
5	90	28	1,707
5	90	30	0,762
5	90	34	1,12
5	90	37	7,431
5	90	38	5,614
5	90	40	2,291
5	90	47	17,273
5	90	54	1,718
5	90	58	1,709
5	90	66	4,039
5	90	69	7,577
5	90	77	1,446
5	90	87	2,008
5	90	89	6,993
5	90	93	9,37
5	90	95	7,916
5	90	96	1,778
5	90	100	11,744
5	93	2	2,446
5	93	3	4,351
5	93	11	2,775
5	93	12	1,569
5	93	13	8,038
5	93	16	20,385
5	93	21	0,648
5	93	28	19,745
5	93	30	0,883
5	93	34	7,903
5	93	37	6,682
5	93	38	0,934
5	93	40	0,579
5	93	47	2,713
5	93	54	8,481
5	93	58	3,631
5	93	66	1,358
5	93	69	5,556
5	93	77	19,94
5	93	87	17,214
5	93	89	1,714
5	93	90	9,865
5	93	95	1,961
5	93	96	2,826
5	93	100	2,699
5	95	2	16,178
5	95	3	6,205
5	95	11	3,752
5	95	12	1,7
5	95	13	2,639
5	95	16	5,886
5	95	21	3,122
5	95	28	4,959
5	95	30	8,747
5	95	34	0,975
5	95	37	10,262
5	95	38	0,643
5	95	40	5,85
5	95	47	7,793
5	95	54	6,955
5	95	58	26,448
5	95	66	27,84
5	95	69	3,042
5	95	77	17,344
5	95	87	6,314
5	95	89	7,827
5	95	90	10,14
5	95	93	1,308
5	95	96	6,392
5	95	100	7,469
5	96	2	0,569
5	96	3	0,584
5	96	11	1,389
5	96	12	1,892
5	96	13	3,437
5	96	16	0,848
5	96	21	14,995
5	96	28	0,703
5	96	30	13,598
5	96	34	0,852
5	96	37	3,817
5	96	38	2,37
5	96	40	2,47
5	96	47	1,239
5	96	54	10,853
5	96	58	30,261
5	96	66	1,157
5	96	69	1,895
5	96	77	1,82
5	96	87	6,123
5	96	89	20,005
5	96	90	7,397
5	96	93	8,436
5	96	95	3,894
5	96	100	13,15
5	100	2	3,799
5	100	3	2,396
5	100	11	3,274
5	100	12	1,176
5	100	13	0,503
5	100	16	11,986
5	100	21	11,5
5	100	28	10,887
5	100	30	2,145
5	100	34	12,061
5	100	37	1,462
5	100	38	22,465
5	100	40	3,472
5	100	47	18,362
5	100	54	4,638
5	100	58	28,396
5	100	66	1,939
5	100	69	10,82
5	100	77	0,847
5	100	87	3,553
5	100	89	3,741
5	100	90	6,867
5	100	93	4,756
5	100	95	3,467
5	100	96	0,513
6	3	6	0,936
6	3	7	12,614
6	3	19	5,52
6	3	26	0,981
6	3	29	15,687
6	3	34	3,581
6	3	35	1,797
6	3	46	7,947
6	3	58	13,404
6	3	61	2,522
6	3	74	6,262
6	3	86	6,44
6	3	89	0,635
6	3	90	4,738
6	3	92	1,292
6	3	93	9,098
6	6	3	3,887
6	6	7	13,588
6	6	19	4,81
6	6	26	4,058
6	6	29	11,72
6	6	34	12,684
6	6	35	3,547
6	6	46	2,133
6	6	58	1,661
6	6	61	20,357
6	6	74	2,058
6	6	86	3,316
6	6	89	8,045
6	6	90	3,1
6	6	92	7,529
6	6	93	4,138
6	7	3	3,616
6	7	6	1,667
6	7	19	1,384
6	7	26	15,055
6	7	29	2,404
6	7	34	0,744
6	7	35	5,819
6	7	46	5,203
6	7	58	3,537
6	7	61	11,693
6	7	74	6,093
6	7	86	1,211
6	7	89	0,94
6	7	90	12,717
6	7	92	3,777
6	7	93	13,046
6	19	3	21,04
6	19	6	9,502
6	19	7	5,539
6	19	26	4,151
6	19	29	1,582
6	19	34	2,82
6	19	35	0,851
6	19	46	29,804
6	19	58	2,418
6	19	61	4,079
6	19	74	1,672
6	19	86	7,357
6	19	89	17,075
6	19	90	6,468
6	19	92	2,106
6	19	93	5,644
6	26	3	11,992
6	26	6	1,981
6	26	7	6,311
6	26	19	6,27
6	26	29	3,401
6	26	34	12,546
6	26	35	9,283
6	26	46	2,325
6	26	58	2,436
6	26	61	3,029
6	26	74	1,021
6	26	86	5,733
6	26	89	11,314
6	26	90	3,717
6	26	92	13,168
6	26	93	10,252
6	29	3	2,437
6	29	6	6,753
6	29	7	22,151
6	29	19	6,562
6	29	26	4,368
6	29	34	3,273
6	29	35	5,192
6	29	46	4,65
6	29	58	5,032
6	29	61	5,129
6	29	74	12,422
6	29	86	6,124
6	29	89	6,155
6	29	90	1,946
6	29	92	8,568
6	29	93	0,603
6	34	3	23,515
6	34	6	3,534
6	34	7	17,585
6	34	19	15,486
6	34	26	15,315
6	34	29	9,957
6	34	35	6,693
6	34	46	20,263
6	34	58	20,088
6	34	61	1,639
6	34	74	0,794
6	34	86	0,972
6	34	89	33,867
6	34	90	1,62
6	34	92	6,862
6	34	93	2,828
6	35	3	5,098
6	35	6	3,761
6	35	7	4,886
6	35	19	3,218
6	35	26	12,556
6	35	29	9,332
6	35	34	4,263
6	35	46	1,209
6	35	58	8,875
6	35	61	1,77
6	35	74	7,355
6	35	86	8,239
6	35	89	11,068
6	35	90	1,471
6	35	92	2,234
6	35	93	7,705
6	46	3	16,291
6	46	6	19,565
6	46	7	8,275
6	46	19	2,584
6	46	26	7,888
6	46	29	1,931
6	46	34	2,739
6	46	35	4,446
6	46	58	8,592
6	46	61	4,104
6	46	74	2,296
6	46	86	15,557
6	46	89	12,552
6	46	90	10,593
6	46	92	1,725
6	46	93	10,531
6	58	3	3,857
6	58	6	6,813
6	58	7	1,505
6	58	19	7,429
6	58	26	0,773
6	58	29	15,419
6	58	34	7,072
6	58	35	4,451
6	58	46	15,35
6	58	61	2,436
6	58	74	1,599
6	58	86	1,252
6	58	89	2,242
6	58	90	1,657
6	58	92	4,115
6	58	93	3,073
6	61	3	2,273
6	61	6	3,497
6	61	7	10,614
6	61	19	7,328
6	61	26	0,723
6	61	29	2,077
6	61	34	10,004
6	61	35	20,955
6	61	46	0,989
6	61	58	1,802
6	61	74	0,696
6	61	86	0,571
6	61	89	1,931
6	61	90	0,659
6	61	92	12,789
6	61	93	27,91
6	74	3	2,064
6	74	6	2,592
6	74	7	3,649
6	74	19	4,556
6	74	26	5,597
6	74	29	4,204
6	74	34	1,415
6	74	35	3,329
6	74	46	2,825
6	74	58	0,795
6	74	61	26,495
6	74	86	2,841
6	74	89	0,615
6	74	90	8,215
6	74	92	1,528
6	74	93	10,566
6	86	3	0,693
6	86	6	3,298
6	86	7	34,026
6	86	19	5,178
6	86	26	21,419
6	86	29	2,506
6	86	34	9,84
6	86	35	13,823
6	86	46	0,826
6	86	58	4,518
6	86	61	4,404
6	86	74	13,207
6	86	89	1,518
6	86	90	6,076
6	86	92	9,903
6	86	93	4,684
6	89	3	9,697
6	89	6	1,258
6	89	7	0,921
6	89	19	25,062
6	89	26	5,933
6	89	29	0,728
6	89	34	1,422
6	89	35	1,665
6	89	46	4,186
6	89	58	2,396
6	89	61	2,556
6	89	74	24,676
6	89	86	4,559
6	89	90	1,091
6	89	92	6,921
6	89	93	8,498
6	90	3	27,186
6	90	6	6,109
6	90	7	7,616
6	90	19	6,966
6	90	26	1,003
6	90	29	0,837
6	90	34	18,008
6	90	35	6,01
6	90	46	1,253
6	90	58	5,244
6	90	61	12,648
6	90	74	3,763
6	90	86	0,696
6	90	89	1,97
6	90	92	0,612
6	90	93	2,961
6	92	3	8,602
6	92	6	4,186
6	92	7	2,387
6	92	19	3,929
6	92	26	2,444
6	92	29	0,607
6	92	34	0,918
6	92	35	1,172
6	92	46	36,63
6	92	58	4,694
6	92	61	17,594
6	92	74	17,015
6	92	86	1,039
6	92	89	8,538
6	92	90	13,877
6	92	93	15,554
6	93	3	1,121
6	93	6	2,034
6	93	7	16,365
6	93	19	20,035
6	93	26	31,817
6	93	29	4,497
6	93	34	3,282
6	93	35	5,338
6	93	46	21,031
6	93	58	3,942
6	93	61	9,308
6	93	74	1,555
6	93	86	2,566
6	93	89	4,522
6	93	90	6,523
6	93	92	3,989
7	1	11	3,779
7	1	13	8,045
7	1	23	7,835
7	1	29	1,616
7	1	34	15,028
7	1	46	1,952
7	1	48	3,457
7	1	52	1,433
7	1	59	3,241
7	1	60	6,925
7	1	67	8,641
7	1	69	57,502
7	1	81	9,006
7	1	82	3,043
7	1	94	4,26
7	11	1	0,877
7	11	13	8,342
7	11	23	0,796
7	11	29	13,077
7	11	34	2,782
7	11	46	18,443
7	11	48	2,098
7	11	52	14,766
7	11	59	3,316
7	11	60	8,952
7	11	67	16,608
7	11	69	1,373
7	11	81	2,628
7	11	82	1,989
7	11	94	2,903
7	13	1	0,793
7	13	11	4,172
7	13	23	8,2
7	13	29	25,634
7	13	34	3,005
7	13	46	5,838
7	13	48	2,77
7	13	52	10,56
7	13	59	4,237
7	13	60	0,877
7	13	67	0,627
7	13	69	1,877
7	13	81	7,525
7	13	82	0,544
7	13	94	1,112
7	23	1	15,885
7	23	11	1,031
7	23	13	4,061
7	23	29	48,344
7	23	34	1,941
7	23	46	4,132
7	23	48	4,612
7	23	52	3,412
7	23	59	6,051
7	23	60	14,021
7	23	67	1,75
7	23	69	7,195
7	23	81	2,205
7	23	82	23,214
7	23	94	5,141
7	29	1	0,881
7	29	11	13,065
7	29	13	0,973
7	29	23	11,692
7	29	34	6,792
7	29	46	2,222
7	29	48	9,604
7	29	52	10,866
7	29	59	20,592
7	29	60	0,793
7	29	67	4,002
7	29	69	1,317
7	29	81	1,339
7	29	82	3,509
7	29	94	9,217
7	34	1	9,266
7	34	11	3,455
7	34	13	8,628
7	34	23	4,855
7	34	29	6,977
7	34	46	1,27
7	34	48	2,692
7	34	52	9,306
7	34	59	3,541
7	34	60	1,834
7	34	67	5,907
7	34	69	22,704
7	34	81	1,481
7	34	82	9,926
7	34	94	12,772
7	46	1	0,916
7	46	11	4,519
7	46	13	2,375
7	46	23	1,008
7	46	29	4,194
7	46	34	0,831
7	46	48	9,309
7	46	52	5,5
7	46	59	6,811
7	46	60	2,231
7	46	67	2,218
7	46	69	10,878
7	46	81	2,303
7	46	82	0,565
7	46	94	3,558
7	48	1	8,259
7	48	11	6,237
7	48	13	11,342
7	48	23	10,495
7	48	29	4,626
7	48	34	5,744
7	48	46	21,266
7	48	52	5,722
7	48	59	7,944
7	48	60	2,034
7	48	67	3,219
7	48	69	4,876
7	48	81	1,133
7	48	82	24,394
7	48	94	4,137
7	52	1	2,297
7	52	11	8,895
7	52	13	4,88
7	52	23	10,166
7	52	29	2,426
7	52	34	2,589
7	52	46	9,832
7	52	48	11,326
7	52	59	0,588
7	52	60	4,363
7	52	67	4,863
7	52	69	2,666
7	52	81	2,406
7	52	82	1,547
7	52	94	1,58
7	59	1	2,947
7	59	11	0,95
7	59	13	1,701
7	59	23	3,961
7	59	29	3,174
7	59	34	2,961
7	59	46	4,636
7	59	48	7,568
7	59	52	6,965
7	59	60	5,402
7	59	67	0,961
7	59	69	14,837
7	59	81	4,07
7	59	82	1,582
7	59	94	4,329
7	60	1	1,425
7	60	11	2,442
7	60	13	14,16
7	60	23	0,636
7	60	29	5,474
7	60	34	5,239
7	60	46	4,384
7	60	48	8,441
7	60	52	6,585
7	60	59	7,123
7	60	67	5,383
7	60	69	6,108
7	60	81	6,531
7	60	82	4,402
7	60	94	0,64
7	67	1	15,469
7	67	11	6,604
7	67	13	1,12
7	67	23	18,308
7	67	29	1,05
7	67	34	2,126
7	67	46	1,466
7	67	48	4,31
7	67	52	5,246
7	67	59	5,985
7	67	60	3,659
7	67	69	6,952
7	67	81	7,352
7	67	82	21,594
7	67	94	14,93
7	69	1	3,316
7	69	11	2,177
7	69	13	11,07
7	69	23	1,663
7	69	29	1,205
7	69	34	2,946
7	69	46	1,97
7	69	48	8,505
7	69	52	2,1
7	69	59	5,808
7	69	60	7,583
7	69	67	0,981
7	69	81	6,681
7	69	82	3,484
7	69	94	3,339
7	81	1	10,312
7	81	11	0,834
7	81	13	3,25
7	81	23	1,17
7	81	29	0,544
7	81	34	0,672
7	81	46	4,871
7	81	48	10,331
7	81	52	5,716
7	81	59	8,221
7	81	60	4,085
7	81	67	5,322
7	81	69	14,521
7	81	82	1,893
7	81	94	10,668
7	82	1	0,783
7	82	11	38,847
7	82	13	1,453
7	82	23	6,132
7	82	29	4,232
7	82	34	0,934
7	82	46	9,368
7	82	48	3,254
7	82	52	2,367
7	82	59	0,709
7	82	60	3,882
7	82	67	3,596
7	82	69	14,249
7	82	81	1,495
7	82	94	5,479
7	94	1	7,716
7	94	11	12,143
7	94	13	25,015
7	94	23	1,555
7	94	29	4,149
7	94	34	1,133
7	94	46	2,416
7	94	48	3,514
7	94	52	3,174
7	94	59	0,937
7	94	60	2,217
7	94	67	3,082
7	94	69	2,475
7	94	81	5,512
7	94	82	12,049
8	5	10	3,712
8	5	14	1,434
8	5	16	0,989
8	5	19	7,81
8	5	24	5,803
8	5	31	2,906
8	5	46	20,308
8	5	50	10,164
8	5	55	2,678
8	5	59	4,09
8	5	61	2,072
8	5	63	4,393
8	5	64	5,033
8	5	67	2,616
8	5	72	17,806
8	5	76	3,431
8	5	79	18,286
8	5	80	8,62
8	5	83	7,257
8	5	89	11,629
8	5	91	1,558
8	5	92	3,11
8	5	97	0,519
8	5	99	11,238
8	10	5	1,027
8	10	14	1,005
8	10	16	5,802
8	10	19	2,182
8	10	24	4,822
8	10	31	1,082
8	10	46	0,789
8	10	50	5,692
8	10	55	24,836
8	10	59	5,036
8	10	61	0,972
8	10	63	15,322
8	10	64	6,463
8	10	67	10,414
8	10	72	9,788
8	10	76	1,865
8	10	79	1
8	10	80	12,307
8	10	83	3,897
8	10	89	4,058
8	10	91	7,249
8	10	92	4,6
8	10	97	4,726
8	10	99	38,13
8	14	5	1,998
8	14	10	7,709
8	14	16	1,815
8	14	19	3,807
8	14	24	9,663
8	14	31	3,693
8	14	46	0,75
8	14	50	3,995
8	14	55	7,52
8	14	59	0,894
8	14	61	14,974
8	14	63	5,597
8	14	64	9,711
8	14	67	2,397
8	14	72	1,827
8	14	76	1,431
8	14	79	3,659
8	14	80	1,445
8	14	83	1,057
8	14	89	5,125
8	14	91	2,691
8	14	92	3,696
8	14	97	13,302
8	14	99	0,675
8	16	5	0,595
8	16	10	0,799
8	16	14	5,816
8	16	19	4,422
8	16	24	7,865
8	16	31	18,342
8	16	46	4,924
8	16	50	1,258
8	16	55	1,952
8	16	59	8,272
8	16	61	7,37
8	16	63	6,024
8	16	64	8,673
8	16	67	17,682
8	16	72	16,996
8	16	76	9,096
8	16	79	3,74
8	16	80	5,323
8	16	83	1,014
8	16	89	2,883
8	16	91	14,093
8	16	92	8,517
8	16	97	4,943
8	16	99	7,259
8	19	5	3,066
8	19	10	10,885
8	19	14	5,011
8	19	16	1,25
8	19	24	1,509
8	19	31	3,83
8	19	46	9,654
8	19	50	18,934
8	19	55	2,358
8	19	59	2,364
8	19	61	2,249
8	19	63	4,968
8	19	64	1,17
8	19	67	8,558
8	19	72	2,011
8	19	76	6,705
8	19	79	1,257
8	19	80	0,608
8	19	83	7,485
8	19	89	18,397
8	19	91	2,694
8	19	92	2,038
8	19	97	4,239
8	19	99	16,232
8	24	5	2,79
8	24	10	8,342
8	24	14	4,728
8	24	16	1,69
8	24	19	2,007
8	24	31	2,327
8	24	46	6,171
8	24	50	9,2
8	24	55	1,51
8	24	59	6,47
8	24	61	1,013
8	24	63	4,141
8	24	64	4,357
8	24	67	8,53
8	24	72	3,908
8	24	76	9,799
8	24	79	1,11
8	24	80	0,865
8	24	83	11,663
8	24	89	3,259
8	24	91	2,11
8	24	92	13,714
8	24	97	0,939
8	24	99	3,514
8	31	5	9,331
8	31	10	0,952
8	31	14	15,981
8	31	16	7,127
8	31	19	0,925
8	31	24	5,688
8	31	46	12,222
8	31	50	1,709
8	31	55	8,301
8	31	59	3,462
8	31	61	6,487
8	31	63	8,128
8	31	64	1,222
8	31	67	0,913
8	31	72	16,868
8	31	76	11,593
8	31	79	10,225
8	31	80	18,194
8	31	83	1,811
8	31	89	6,097
8	31	91	2,3
8	31	92	5,734
8	31	97	20,448
8	31	99	6,656
8	46	5	1,387
8	46	10	3,527
8	46	14	40,166
8	46	16	21,319
8	46	19	17,424
8	46	24	11,456
8	46	31	4,461
8	46	50	5,684
8	46	55	25,048
8	46	59	4,223
8	46	61	4,811
8	46	63	7,986
8	46	64	1,113
8	46	67	3,09
8	46	72	4,151
8	46	76	6,581
8	46	79	3,96
8	46	80	5,385
8	46	83	14,015
8	46	89	1,027
8	46	91	1,555
8	46	92	12,414
8	46	97	30,231
8	46	99	0,552
8	50	5	17,35
8	50	10	0,789
8	50	14	5,707
8	50	16	1,965
8	50	19	1,775
8	50	24	1,911
8	50	31	3,121
8	50	46	1,721
8	50	55	10,218
8	50	59	2,583
8	50	61	2,996
8	50	63	12,731
8	50	64	3,478
8	50	67	4,823
8	50	72	4,857
8	50	76	17,035
8	50	79	13,746
8	50	80	1,603
8	50	83	6,503
8	50	89	3,522
8	50	91	0,81
8	50	92	9,149
8	50	97	2,222
8	50	99	6,705
8	55	5	0,751
8	55	10	18,296
8	55	14	4,603
8	55	16	22,246
8	55	19	26,254
8	55	24	0,604
8	55	31	3,297
8	55	46	1,709
8	55	50	5,366
8	55	59	1,769
8	55	61	6,509
8	55	63	5,201
8	55	64	3,164
8	55	67	1,427
8	55	72	11,502
8	55	76	1,665
8	55	79	9,221
8	55	80	2,003
8	55	83	0,717
8	55	89	8,292
8	55	91	0,959
8	55	92	6,605
8	55	97	1,692
8	55	99	1,2
8	59	5	6,169
8	59	10	9,873
8	59	14	9,465
8	59	16	7,022
8	59	19	0,874
8	59	24	9,514
8	59	31	6,158
8	59	46	4,001
8	59	50	3,174
8	59	55	3,148
8	59	61	7,456
8	59	63	1,639
8	59	64	1,859
8	59	67	2,065
8	59	72	15,002
8	59	76	3,195
8	59	79	6,814
8	59	80	14,353
8	59	83	7,156
8	59	89	6,226
8	59	91	4,566
8	59	92	11,293
8	59	97	23,102
8	59	99	3,873
8	61	5	3,294
8	61	10	7,021
8	61	14	13,163
8	61	16	3,318
8	61	19	2,844
8	61	24	0,966
8	61	31	0,93
8	61	46	5,265
8	61	50	21,358
8	61	55	0,809
8	61	59	4,755
8	61	63	9,899
8	61	64	20,965
8	61	67	6,912
8	61	72	3,864
8	61	76	12,273
8	61	79	6,569
8	61	80	3,115
8	61	83	10,47
8	61	89	2,028
8	61	91	6,383
8	61	92	19,599
8	61	97	10,029
8	61	99	3,001
8	63	5	1,62
8	63	10	8,029
8	63	14	20,813
8	63	16	1,146
8	63	19	3,025
8	63	24	6,361
8	63	31	2,033
8	63	46	13,342
8	63	50	1,127
8	63	55	0,551
8	63	59	4,541
8	63	61	8,558
8	63	64	3,426
8	63	67	17,757
8	63	72	1,844
8	63	76	7,3
8	63	79	5,195
8	63	80	8,543
8	63	83	9,044
8	63	89	2,075
8	63	91	4,183
8	63	92	2,948
8	63	97	1,305
8	63	99	4,302
8	64	5	6,92
8	64	10	5,735
8	64	14	21,617
8	64	16	1,071
8	64	19	4,516
8	64	24	13,937
8	64	31	18,44
8	64	46	0,544
8	64	50	4,157
8	64	55	3,001
8	64	59	7,586
8	64	61	0,934
8	64	63	5,924
8	64	67	31,713
8	64	72	4,07
8	64	76	0,676
8	64	79	10,318
8	64	80	2,43
8	64	83	4,028
8	64	89	0,64
8	64	91	20,497
8	64	92	6,83
8	64	97	6,685
8	64	99	11,426
8	67	5	1,324
8	67	10	1,358
8	67	14	18,322
8	67	16	4,033
8	67	19	0,614
8	67	24	2,508
8	67	31	14,974
8	67	46	12,836
8	67	50	4,618
8	67	55	11,153
8	67	59	11,197
8	67	61	10,496
8	67	63	6,14
8	67	64	1,95
8	67	72	0,597
8	67	76	14,022
8	67	79	3,158
8	67	80	1,858
8	67	83	23,758
8	67	89	1,468
8	67	91	2,241
8	67	92	1,062
8	67	97	3,847
8	67	99	9,058
8	72	5	4,708
8	72	10	7,126
8	72	14	9,106
8	72	16	4,51
8	72	19	2,083
8	72	24	11,714
8	72	31	0,884
8	72	46	23,334
8	72	50	1,427
8	72	55	2,81
8	72	59	4,454
8	72	61	3,554
8	72	63	5,904
8	72	64	15,702
8	72	67	9,483
8	72	76	2,132
8	72	79	16,293
8	72	80	9,164
8	72	83	1,542
8	72	89	1,966
8	72	91	1,183
8	72	92	1,368
8	72	97	7,445
8	72	99	3,628
8	76	5	2,799
8	76	10	2,143
8	76	14	19,104
8	76	16	7,541
8	76	19	11,668
8	76	24	2,137
8	76	31	8,157
8	76	46	3,995
8	76	50	1,486
8	76	55	2,639
8	76	59	3,207
8	76	61	26,68
8	76	63	0,824
8	76	64	1,356
8	76	67	2,549
8	76	72	2,186
8	76	79	14,166
8	76	80	1,533
8	76	83	1,249
8	76	89	3,231
8	76	91	2,49
8	76	92	14,364
8	76	97	8,454
8	76	99	71,325
8	79	5	4,279
8	79	10	3,02
8	79	14	5,506
8	79	16	7,737
8	79	19	22,683
8	79	24	1,054
8	79	31	2,872
8	79	46	8,519
8	79	50	3,739
8	79	55	4,937
8	79	59	10,554
8	79	61	7,998
8	79	63	1,14
8	79	64	8,369
8	79	67	2,654
8	79	72	3,288
8	79	76	5,8
8	79	80	0,761
8	79	83	4,526
8	79	89	1,109
8	79	91	0,984
8	79	92	13,092
8	79	97	0,522
8	79	99	0,852
8	80	5	20,991
8	80	10	0,583
8	80	14	2,008
8	80	16	2,483
8	80	19	5,068
8	80	24	0,96
8	80	31	6,209
8	80	46	9,676
8	80	50	7,656
8	80	55	7,858
8	80	59	1,157
8	80	61	3,686
8	80	63	3,821
8	80	64	11,548
8	80	67	8,576
8	80	72	0,835
8	80	76	11,536
8	80	79	7,909
8	80	83	4,338
8	80	89	0,604
8	80	91	7,681
8	80	92	3,941
8	80	97	32,906
8	80	99	12,995
8	83	5	2,139
8	83	10	2,448
8	83	14	2,72
8	83	16	0,649
8	83	19	4,289
8	83	24	8,053
8	83	31	1,862
8	83	46	1,143
8	83	50	2,005
8	83	55	11,381
8	83	59	2,499
8	83	61	19,335
8	83	63	10,432
8	83	64	5,878
8	83	67	2,116
8	83	72	3,14
8	83	76	1,462
8	83	79	4,333
8	83	80	3,374
8	83	89	7,731
8	83	91	5,246
8	83	92	14,13
8	83	97	4,126
8	83	99	2,576
8	89	5	0,868
8	89	10	23,108
8	89	14	5,399
8	89	16	8,329
8	89	19	4,092
8	89	24	2,872
8	89	31	1,155
8	89	46	24,621
8	89	50	2,101
8	89	55	0,721
8	89	59	0,731
8	89	61	3,657
8	89	63	2,52
8	89	64	3,911
8	89	67	4,429
8	89	72	0,591
8	89	76	12,334
8	89	79	12,676
8	89	80	2,133
8	89	83	3,731
8	89	91	0,761
8	89	92	11,665
8	89	97	4,777
8	89	99	40,915
8	91	5	4,559
8	91	10	5,656
8	91	14	9,096
8	91	16	1,234
8	91	19	1,557
8	91	24	6,393
8	91	31	3,056
8	91	46	2,847
8	91	50	9,489
8	91	55	2,386
8	91	59	1,864
8	91	61	0,531
8	91	63	2,093
8	91	64	3,144
8	91	67	18,438
8	91	72	10,413
8	91	76	8,095
8	91	79	2,395
8	91	80	4,164
8	91	83	1,894
8	91	89	2,555
8	91	92	3,905
8	91	97	9,191
8	91	99	20,009
8	92	5	2,341
8	92	10	10,6
8	92	14	2,165
8	92	16	2,092
8	92	19	5,924
8	92	24	4,61
8	92	31	4,336
8	92	46	2,739
8	92	50	9,926
8	92	55	1,192
8	92	59	6,105
8	92	61	14,997
8	92	63	1,203
8	92	64	2,875
8	92	67	12,725
8	92	72	0,811
8	92	76	8,806
8	92	79	1,137
8	92	80	0,564
8	92	83	4,148
8	92	89	7,916
8	92	91	2,151
8	92	97	7,612
8	92	99	4,033
8	97	5	2,047
8	97	10	11,657
8	97	14	3,967
8	97	16	4,21
8	97	19	4,93
8	97	24	0,836
8	97	31	23,75
8	97	46	2,584
8	97	50	7,607
8	97	55	2,399
8	97	59	5,832
8	97	61	2,712
8	97	63	3,407
8	97	64	6,729
8	97	67	1,717
8	97	72	11,296
8	97	76	11,619
8	97	79	3,154
8	97	80	4,468
8	97	83	1,683
8	97	89	9,121
8	97	91	17,829
8	97	92	5,172
8	97	99	3,666
8	99	5	9,527
8	99	10	0,529
8	99	14	12,962
8	99	16	25,628
8	99	19	9,29
8	99	24	3,942
8	99	31	14,032
8	99	46	5,906
8	99	50	3,594
8	99	55	1,064
8	99	59	1,934
8	99	61	8,446
8	99	63	6,59
8	99	64	3,922
8	99	67	15,919
8	99	72	5,667
8	99	76	2,223
8	99	79	8,153
8	99	80	1,58
8	99	83	0,943
8	99	89	9,567
8	99	91	25,167
8	99	92	7,631
8	99	97	2,517
9	3	15	6,83
9	3	31	2,506
9	3	39	3,65
9	3	42	12,835
9	3	46	2,087
9	3	49	1,657
9	3	53	9,099
9	3	57	4,101
9	3	65	0,902
9	3	73	4,113
9	3	74	1,906
9	3	78	1,55
9	3	80	0,649
9	3	86	3,439
9	3	88	5,494
9	3	99	10,615
9	3	100	9,359
9	15	3	6,419
9	15	31	2,293
9	15	39	3,646
9	15	42	7,174
9	15	46	18,855
9	15	49	9,582
9	15	53	11,222
9	15	57	4,419
9	15	65	8,849
9	15	73	21,815
9	15	74	5,289
9	15	78	3,247
9	15	80	3,596
9	15	86	10,524
9	15	88	6,104
9	15	99	6,454
9	15	100	50,865
9	31	3	0,52
9	31	15	14,844
9	31	39	1,391
9	31	42	6,24
9	31	46	4,038
9	31	49	6,576
9	31	53	6,519
9	31	57	8,186
9	31	65	1,352
9	31	73	2,079
9	31	74	0,944
9	31	78	19,167
9	31	80	7,58
9	31	86	1,845
9	31	88	13,517
9	31	99	0,822
9	31	100	2,441
9	39	3	1,251
9	39	15	13,612
9	39	31	23,241
9	39	42	2,773
9	39	46	9,286
9	39	49	1,717
9	39	53	2,35
9	39	57	13,802
9	39	65	1,671
9	39	73	7,868
9	39	74	0,692
9	39	78	1,638
9	39	80	1,831
9	39	86	1,831
9	39	88	11,101
9	39	99	3,367
9	39	100	3,532
9	42	3	1,362
9	42	15	16,006
9	42	31	8,024
9	42	39	3,855
9	42	46	5,874
9	42	49	1,815
9	42	53	1,701
9	42	57	1,543
9	42	65	3,316
9	42	73	0,986
9	42	74	7,052
9	42	78	1,552
9	42	80	5,831
9	42	86	2,427
9	42	88	0,644
9	42	99	4,554
9	42	100	2,26
9	46	3	3,171
9	46	15	15,366
9	46	31	1,851
9	46	39	8,26
9	46	42	35,212
9	46	49	2,157
9	46	53	3,898
9	46	57	3,251
9	46	65	4,003
9	46	73	8,752
9	46	74	2,053
9	46	78	1,615
9	46	80	7,376
9	46	86	3,617
9	46	88	1,649
9	46	99	4,303
9	46	100	7,954
9	49	3	2,402
9	49	15	1,334
9	49	31	13,501
9	49	39	2,954
9	49	42	4,703
9	49	46	1,287
9	49	53	11,541
9	49	57	3,032
9	49	65	3,606
9	49	73	5,564
9	49	74	1,084
9	49	78	2,69
9	49	80	1,571
9	49	86	4,998
9	49	88	5,964
9	49	99	6,877
9	49	100	4,167
9	53	3	1,959
9	53	15	6,141
9	53	31	3,475
9	53	39	21,104
9	53	42	1,023
9	53	46	3,084
9	53	49	5,355
9	53	57	2,555
9	53	65	2,258
9	53	73	2,164
9	53	74	8,294
9	53	78	2,616
9	53	80	2,747
9	53	86	4,848
9	53	88	2,023
9	53	99	2,667
9	53	100	15,634
9	57	3	4,644
9	57	15	5,864
9	57	31	9,813
9	57	39	55,226
9	57	42	6,746
9	57	46	0,588
9	57	49	1,807
9	57	53	8,141
9	57	65	0,508
9	57	73	1,287
9	57	74	12,974
9	57	78	3,439
9	57	80	5,788
9	57	86	1,17
9	57	88	1,273
9	57	99	11,953
9	57	100	3,167
9	65	3	1,317
9	65	15	2,657
9	65	31	4,151
9	65	39	9,072
9	65	42	12,616
9	65	46	8,098
9	65	49	12,719
9	65	53	5,285
9	65	57	2,049
9	65	73	5,58
9	65	74	2,876
9	65	78	1,805
9	65	80	12,892
9	65	86	10,446
9	65	88	5,438
9	65	99	2,397
9	65	100	4,246
9	73	3	8,337
9	73	15	2,828
9	73	31	15,25
9	73	39	18,825
9	73	42	11,219
9	73	46	1,362
9	73	49	3,942
9	73	53	0,886
9	73	57	5,504
9	73	65	0,756
9	73	74	53,024
9	73	78	3,964
9	73	80	16,507
9	73	86	4,513
9	73	88	3,6
9	73	99	13,198
9	73	100	22,638
9	74	3	15,665
9	74	15	1,833
9	74	31	0,648
9	74	39	2,075
9	74	42	31,75
9	74	46	5,387
9	74	49	43,725
9	74	53	2,285
9	74	57	1,934
9	74	65	2,629
9	74	73	12,523
9	74	78	5,393
9	74	80	2,29
9	74	86	2,34
9	74	88	3,488
9	74	99	2,961
9	74	100	1,603
9	78	3	4,892
9	78	15	2,8
9	78	31	13,889
9	78	39	17,792
9	78	42	2,667
9	78	46	0,566
9	78	49	0,641
9	78	53	1,289
9	78	57	10,12
9	78	65	0,694
9	78	73	1,306
9	78	74	18,402
9	78	80	8,797
9	78	86	4,35
9	78	88	0,939
9	78	99	5,773
9	78	100	4,728
9	80	3	10,184
9	80	15	6,881
9	80	31	4,211
9	80	39	2,995
9	80	42	1,035
9	80	46	8,262
9	80	49	12,263
9	80	53	3,159
9	80	57	32,703
9	80	65	8,548
9	80	73	2,585
9	80	74	5,701
9	80	78	9,468
9	80	86	8,577
9	80	88	3,46
9	80	99	13,552
9	80	100	6,765
9	86	3	2,864
9	86	15	8,152
9	86	31	0,542
9	86	39	2,375
9	86	42	3,214
9	86	46	7,934
9	86	49	2,283
9	86	53	2,778
9	86	57	1,718
9	86	65	0,734
9	86	73	1,805
9	86	74	1,248
9	86	78	14,714
9	86	80	2,556
9	86	88	19,53
9	86	99	1,738
9	86	100	3,382
9	88	3	9,148
9	88	15	2,224
9	88	31	12,185
9	88	39	1,91
9	88	42	6,71
9	88	46	1,379
9	88	49	3,948
9	88	53	12,407
9	88	57	17,595
9	88	65	1,52
9	88	73	2,225
9	88	74	2,197
9	88	78	1,814
9	88	80	6,424
9	88	86	10,76
9	88	99	6,321
9	88	100	2,209
9	99	3	5,627
9	99	15	9,777
9	99	31	13,652
9	99	39	9,249
9	99	42	0,961
9	99	46	6,336
9	99	49	2,24
9	99	53	2,422
9	99	57	0,631
9	99	65	2,834
9	99	73	1,033
9	99	74	7,668
9	99	78	6,472
9	99	80	1,277
9	99	86	7,843
9	99	88	1,124
9	99	100	11,033
9	100	3	9,264
9	100	15	4,976
9	100	31	2,08
9	100	39	13,439
9	100	42	4,565
9	100	46	2,38
9	100	49	33,102
9	100	53	11,045
9	100	57	3,374
9	100	65	11,962
9	100	73	10,482
9	100	74	6,315
9	100	78	6,975
9	100	80	1,19
9	100	86	19,234
9	100	88	2,162
9	100	99	22,952
10	9	21	1,424
10	9	25	0,753
10	9	27	10,301
10	9	29	12,689
10	9	30	6,427
10	9	31	0,719
10	9	54	5,668
10	9	60	2,18
10	9	65	10,701
10	9	66	1,034
10	9	68	8,186
10	9	77	12,316
10	9	84	16,21
10	9	85	9,75
10	9	91	6,562
10	9	96	6,061
10	9	100	3,8
10	21	9	4,977
10	21	25	1,545
10	21	27	8,917
10	21	29	6,483
10	21	30	9,277
10	21	31	3,478
10	21	54	7,165
10	21	60	3,381
10	21	65	0,652
10	21	66	5,63
10	21	68	29,461
10	21	77	17,628
10	21	84	4,366
10	21	85	6,23
10	21	91	11,086
10	21	96	1,644
10	21	100	9,345
10	25	9	12,785
10	25	21	2,589
10	25	27	8,932
10	25	29	6,532
10	25	30	5,203
10	25	31	6,82
10	25	54	2,204
10	25	60	9,71
10	25	65	6,272
10	25	66	50,733
10	25	68	2,294
10	25	77	1,075
10	25	84	4,118
10	25	85	9,349
10	25	91	4,245
10	25	96	6,098
10	25	100	6,694
10	27	9	10,901
10	27	21	1,23
10	27	25	22,752
10	27	29	0,505
10	27	30	1,97
10	27	31	2,286
10	27	54	5,317
10	27	60	12,836
10	27	65	2,749
10	27	66	3,717
10	27	68	0,783
10	27	77	1,235
10	27	84	2,882
10	27	85	14,187
10	27	91	16,034
10	27	96	3,354
10	27	100	10,183
10	29	9	2,184
10	29	21	0,949
10	29	25	17,109
10	29	27	9,734
10	29	30	4,37
10	29	31	18,501
10	29	54	2,733
10	29	60	1,166
10	29	65	3,867
10	29	66	4,728
10	29	68	2,449
10	29	77	0,771
10	29	84	11,214
10	29	85	0,665
10	29	91	6,509
10	29	96	4,196
10	29	100	1,848
10	30	9	2,219
10	30	21	4,836
10	30	25	2,99
10	30	27	1,641
10	30	29	5,969
10	30	31	1,402
10	30	54	4,47
10	30	60	4,93
10	30	65	2,532
10	30	66	1,432
10	30	68	5,825
10	30	77	5,13
10	30	84	5,835
10	30	85	0,73
10	30	91	0,8
10	30	96	7,728
10	30	100	1,897
10	31	9	22,834
10	31	21	2,646
10	31	25	22,696
10	31	27	4,175
10	31	29	0,937
10	31	30	13,08
10	31	54	5,669
10	31	60	9,412
10	31	65	1,393
10	31	66	3,55
10	31	68	0,767
10	31	77	7,19
10	31	84	2,24
10	31	85	2,653
10	31	91	2,325
10	31	96	1,731
10	31	100	6,862
10	54	9	7,12
10	54	21	7,812
10	54	25	1,109
10	54	27	6,288
10	54	29	4,188
10	54	30	1,523
10	54	31	1,769
10	54	60	6,913
10	54	65	13,464
10	54	66	16,765
10	54	68	6,032
10	54	77	1,494
10	54	84	2,367
10	54	85	11,166
10	54	91	6,85
10	54	96	16,369
10	54	100	2,103
10	60	9	7,13
10	60	21	13,638
10	60	25	2,479
10	60	27	3,789
10	60	29	1,818
10	60	30	2,571
10	60	31	2,776
10	60	54	0,794
10	60	65	7,434
10	60	66	13,1
10	60	68	1,768
10	60	77	4,54
10	60	84	3,798
10	60	85	1,446
10	60	91	26,531
10	60	96	4,507
10	60	100	3,513
10	65	9	26,227
10	65	21	5,108
10	65	25	41,713
10	65	27	7,061
10	65	29	0,728
10	65	30	4,517
10	65	31	0,879
10	65	54	7,399
10	65	60	9,589
10	65	66	1,678
10	65	68	4,998
10	65	77	5,293
10	65	84	20,969
10	65	85	2,177
10	65	91	3,46
10	65	96	8,203
10	65	100	1,499
10	66	9	7,053
10	66	21	2,234
10	66	25	15,135
10	66	27	11,965
10	66	29	3,15
10	66	30	3,009
10	66	31	6,045
10	66	54	1,589
10	66	60	1,732
10	66	65	14,818
10	66	68	13,942
10	66	77	0,527
10	66	84	4,502
10	66	85	1,888
10	66	91	10,287
10	66	96	1,546
10	66	100	4,65
10	68	9	4,188
10	68	21	5,065
10	68	25	1,129
10	68	27	12,57
10	68	29	13,058
10	68	30	6,076
10	68	31	28,747
10	68	54	3,106
10	68	60	0,593
10	68	65	2,541
10	68	66	0,54
10	68	77	3,957
10	68	84	7,685
10	68	85	1,38
10	68	91	1,496
10	68	96	3,521
10	68	100	1,877
10	77	9	4,342
10	77	21	5,381
10	77	25	3,147
10	77	27	11,316
10	77	29	11,45
10	77	30	17,749
10	77	31	3,302
10	77	54	8,231
10	77	60	9,976
10	77	65	29,399
10	77	66	1,454
10	77	68	8,818
10	77	84	11,525
10	77	85	6,692
10	77	91	3,317
10	77	96	4,93
10	77	100	26,074
10	84	9	9,195
10	84	21	7,204
10	84	25	12,095
10	84	27	6,053
10	84	29	1,216
10	84	30	9,179
10	84	31	1,182
10	84	54	38,74
10	84	60	8,867
10	84	65	0,979
10	84	66	2,366
10	84	68	1,642
10	84	77	10,019
10	84	85	3,48
10	84	91	15,59
10	84	96	4,108
10	84	100	2,705
10	85	9	1,52
10	85	21	11,53
10	85	25	0,944
10	85	27	3,611
10	85	29	3,235
10	85	30	0,905
10	85	31	3,98
10	85	54	1,293
10	85	60	4,864
10	85	65	4,009
10	85	66	1,937
10	85	68	1,929
10	85	77	5,168
10	85	84	10,194
10	85	91	9,249
10	85	96	20,616
10	85	100	0,88
10	91	9	0,651
10	91	21	9,625
10	91	25	3,358
10	91	27	8,043
10	91	29	5,428
10	91	30	6,607
10	91	31	2,638
10	91	54	5,168
10	91	60	31,799
10	91	65	14,968
10	91	66	6,249
10	91	68	0,94
10	91	77	12,438
10	91	84	19,292
10	91	85	7,248
10	91	96	3,015
10	91	100	3,017
10	96	9	3,623
10	96	21	26,514
10	96	25	6,489
10	96	27	0,948
10	96	29	1,754
10	96	30	2,408
10	96	31	8,11
10	96	54	2,87
10	96	60	5,702
10	96	65	4,249
10	96	66	5,715
10	96	68	5,644
10	96	77	3,988
10	96	84	3,132
10	96	85	1,213
10	96	91	4,272
10	96	100	36,35
10	100	9	4,587
10	100	21	1,466
10	100	25	8,898
10	100	27	3,688
10	100	29	1,495
10	100	30	5,445
10	100	31	2,312
10	100	54	1,418
10	100	60	1,67
10	100	65	1,568
10	100	66	5,893
10	100	68	12,095
10	100	77	8,279
10	100	84	8,687
10	100	85	2,344
10	100	91	12,883
10	100	96	1,775

