#num jobs
100
#num machines
10

#jobId machId procTime energyCons
1	4	11,38	47,84
1	10	8,32	109,92
2	10	41,47	548,13
3	8	20078,58	87172,24
4	3	314,18	2009,2
4	1	2,46	5,95
5	3	3,08	19,73
6	9	7,53	52,05
7	1	29,15	70,54
7	3	1048,62	6706,01
7	4	11,21	47,12
7	7	190,04	830,68
8	2	105,48	1326,36
8	4	1,11	4,68
8	9	88,94	614,54
8	10	17,27	228,26
9	2	4,74	59,62
9	8	38,23	165,98
10	3	11,19	71,59
10	2	9,56	120,21
11	5	2,72	12,09
11	6	1,03	6,14
12	10	9,26	122,43
12	9	310,37	2144,39
12	4	4,04	16,99
12	1	8,79	21,28
13	6	4,01	23,99
14	8	46,09	200,09
14	9	23,51	162,45
14	10	19,81	261,82
15	10	30,66	405,18
15	6	2,56	15,28
15	4	8,42	35,37
15	2	53,33	670,56
15	1	0,28	0,68
16	9	18,91	130,66
16	1	152,04	368
17	9	8,57	59,21
17	8	11,58	50,26
17	7	279,08	1219,87
17	5	18,17	80,73
17	4	136,1	571,98
17	2	42,68	536,61
17	1	11,52	27,87
18	9	5,75	39,7
18	2	9,75	122,63
19	10	3,56	47,06
19	2	117,67	1479,54
20	5	3,02	13,43
21	4	1,28	5,39
21	2	29,16	366,61
21	1	7,41	17,95
22	5	7,6	33,78
22	7	0,37	1,6
23	9	2,76	19,09
23	10	128,85	1702,83
24	10	9,79	129,37
25	1	12,69	30,71
26	2	9,28	116,71
26	6	5,49	32,85
26	10	2,54	33,61
27	8	33,35	144,78
27	5	38,97	173,13
27	3	5,25	33,59
28	2	0,94	11,8
28	3	3,55	22,68
29	1	349,26	845,34
29	8	3,4	14,74
30	10	45,85	606
31	9	16,13	111,44
32	9	19,73	136,33
33	3	37,24	238,18
33	9	3,64	25,16
34	1	1,75	4,24
34	4	8,3	34,9
34	9	2,1	14,51
35	5	11,15	49,52
35	1	3,1	7,5
36	2	3,05	38,29
36	5	5,75	25,53
37	7	1,09	4,74
37	9	2,34	16,19
38	1	8,57	20,73
38	6	8,22	49,14
38	10	27,51	363,52
39	7	3,83	16,74
39	4	2,22	9,31
40	8	8,36	36,28
40	2	1,33	16,67
41	1	3,22	7,79
41	2	0,53	6,65
41	10	3,97	52,5
42	1	7,73	18,71
42	2	5,51	69,33
42	3	157,53	1007,4
43	6	44,79	267,84
43	5	12,63	56,12
43	4	2,07	8,69
44	9	64,01	442,27
45	6	1,01	6,04
46	8	61,82	268,4
46	10	17,28	228,43
47	5	3,72	16,53
47	4	19,97	83,91
47	1	3,31	8,02
48	2	17,11	215,16
48	9	18,39	127,03
49	7	3,88	16,97
50	6	278,82	1667,33
50	1	9,28	22,47
51	8	47,39	205,76
51	4	8,5	35,73
51	1	10,06	24,35
52	3	225,49	1442,01
52	5	11,95	53,11
52	8	3262,65	14164,99
53	9	4,34	29,98
53	4	15,51	65,2
53	3	5,42	34,64
54	8	2,56	11,1
55	3	2,51	16,02
55	5	7,9	35,11
55	6	20,1	120,21
55	7	1,65	7,23
56	10	8,51	112,47
57	2	10,84	136,31
57	4	4,16	17,5
57	6	2,51	15,03
58	9	8,99	62,11
58	6	5,6	33,46
59	7	28,32	123,8
59	9	2,53	17,45
59	10	9,43	124,62
60	10	18,66	246,56
60	3	2,43	15,56
60	1	13,96	33,8
61	2	9,59	120,59
62	3	9,83	62,84
62	4	0,19	0,78
62	6	14,1	84,33
62	8	6,11	26,51
63	1	61,15	148
63	9	2,49	17,21
64	1	33,61	81,35
64	4	2,82	11,85
65	9	4,02	27,75
65	7	5,83	25,46
65	4	11,12	46,73
66	5	26,56	118
66	6	76,83	459,43
67	1	1,51	3,66
67	3	7,7	49,26
67	4	106	445,51
67	6	34,88	208,57
67	7	119,94	524,28
67	10	1080,82	14284,24
68	6	4,43	26,48
68	9	10,53	72,75
69	2	52,61	661,49
70	4	86,49	363,5
71	2	148,83	1871,34
71	6	8,47	50,68
72	4	179,91	756,11
73	3	7,6	48,58
74	2	7,39	92,87
74	6	302,59	1809,51
75	1	1,89	4,58
76	2	75,43	948,43
76	9	14,89	102,89
76	10	1519,26	20078,68
77	2	35,81	450,34
77	1	18,12	43,86
78	2	1,56	19,58
78	7	82,33	359,86
78	8	20,17	87,56
79	3	10,69	68,39
79	8	18	78,14
79	10	11,42	150,9
80	3	3,88	24,83
80	6	14,85	88,81
80	8	3,45	14,97
80	9	8,75	60,45
81	3	81,33	520,12
81	5	1024,74	4552,2
81	6	5,33	31,88
82	2	3,99	50,14
82	4	6,02	25,3
82	5	157,36	699,02
82	10	3,69	48,83
83	1	3,41	8,25
84	3	1,61	10,27
85	2	9,38	117,89
85	7	38,94	170,19
86	9	7,15	49,38
86	4	14,92	62,7
86	2	49,3	619,92
86	1	6,71	16,24
87	9	46,02	317,99
87	6	52,56	314,28
87	3	6,93	44,31
88	5	19,06	84,66
88	6	2,9	17,33
88	9	4,41	30,44
89	6	5,51	32,93
90	8	13,05	56,67
90	7	2,89	12,63
91	5	5,29	23,52
91	8	29,44	127,83
92	4	1,19	5,01
92	8	7,93	34,41
92	9	60,32	416,75
93	8	879,04	3816,41
93	7	3,39	14,81
93	2	5,08	63,93
94	5	244,83	1087,59
95	6	1,56	9,34
95	8	32,31	140,27
96	3	23,62	151,07
97	1	6,45	15,61
97	3	10,28	65,75
97	4	9,85	41,4
98	4	9,87	41,5
98	9	2,31	15,93
98	10	2,66	35,16
99	2	86,86	1092,17
99	5	5,65	25,11
99	7	11,5	50,28
99	9	19,94	137,8
100	4	125,13	525,89
100	9	285,21	1970,56

#jobId ddate weight rdate
1	151,069	22	1042,542
2	438,289	32	473,052
3	1281,411	1	3891,093
4	118,083	39	3840,885
5	14,908	2	1374,508
6	69,652	49	798,248
7	761,349	1	4640,808
8	1941,918	6	1147,459
9	1235,212	10	3987,743
10	1159,446	33	1655,021
11	311,169	22	1807,616
12	1275,07	8	2131,469
13	1714,287	25	3547,65
14	112,382	10	2687,819
15	514,853	21	4632,127
16	1484,706	15	972,709
17	1232,71	15	385,435
18	1984,645	29	1449,835
19	1819,26	49	969,041
20	705,908	16	3288,202
21	960,27	22	284,585
22	757,101	20	4697,156
23	771,822	42	2207,312
24	1929,821	23	1310,208
25	1092,439	19	1514,257
26	1837,312	16	3329,818
27	1555,968	29	4565,537
28	2006,368	13	4976,74
29	799,766	4	1242,911
30	1886,431	12	3877,912
31	378,302	3	2352,883
32	403,046	23	3169,284
33	1657,832	49	4582,443
34	29,817	38	1663,397
35	961,112	41	3521,095
36	1828,326	49	2081,814
37	440,216	27	5105,568
38	1448,465	37	3164,217
39	1613,851	5	2706,795
40	414,208	33	5048,14
41	718,066	34	2546,933
42	1383,557	40	3620,213
43	916,645	34	1608,583
44	2013,19	38	418,786
45	740,593	28	3561,018
46	1821,273	14	2438,929
47	940,439	42	2747,715
48	180,944	38	3374,503
49	1509,945	42	2650,641
50	658,621	5	2322,477
51	834,729	45	2901,788
52	697,892	41	3541,775
53	186,856	49	4161,985
54	50,529	5	2127,255
55	681,688	45	1477,416
56	1731,23	46	1651,701
57	414,949	3	4663,706
58	1777,534	22	3919,817
59	1839,921	42	1253,286
60	2016,32	10	4852,784
61	2107,007	43	602,056
62	1298,646	26	2749,744
63	1868,897	1	99,635
64	1622,432	33	3813,638
65	666,327	6	2076,457
66	1643,81	19	3979,286
67	1877,545	10	4631,356
68	2028,496	27	568,568
69	83,41	40	2947,81
70	1020,672	22	2482,956
71	2182,167	43	878,941
72	1748,143	15	349,242
73	508,767	37	3708,122
74	866,612	15	4826,467
75	2027,847	9	2330,23
76	853,252	18	2592,816
77	719,985	24	457,592
78	1038,442	3	323,806
79	2193,566	1	183,192
80	697,43	48	2835,549
81	1578,307	27	1979,192
82	1233,619	28	3841,641
83	1763,757	17	2623,451
84	1818,407	3	2648,432
85	1358,321	48	2358,845
86	1969,098	33	1,513
87	838,454	4	3351,392
88	979,843	20	701,604
89	2149,066	6	2668,691
90	1815,198	2	4108,369
91	639,305	9	4707,477
92	1745,755	28	3487,068
93	1686,594	35	1853,2
94	1312,74	49	3023,177
95	49,776	29	2584,704
96	921,654	30	4401,307
97	178,517	2	523,758
98	769,35	45	4818,633
99	1969,126	13	1396,416
100	316,716	12	3011,645

#machId jobPred jobSucc setupTime
1	4	7	2,887
1	4	12	2,651
1	4	15	7,04
1	4	16	9,295
1	4	17	0,77
1	4	21	3,268
1	4	25	2,344
1	4	29	9,693
1	4	34	5,763
1	4	35	7,884
1	4	38	1,337
1	4	41	11,863
1	4	42	7,557
1	4	47	9,761
1	4	50	4,902
1	4	51	0,841
1	4	60	5,983
1	4	63	2,749
1	4	64	4,505
1	4	67	3,748
1	4	75	5,075
1	4	77	7,633
1	4	83	7,892
1	4	86	6,455
1	4	97	3,126
1	7	4	5,292
1	7	12	2,081
1	7	15	4,663
1	7	16	7,627
1	7	17	2,081
1	7	21	1,55
1	7	25	15,38
1	7	29	5,975
1	7	34	10,448
1	7	35	20,934
1	7	38	6,989
1	7	41	3,319
1	7	42	8,371
1	7	47	49,278
1	7	50	1,365
1	7	51	1,992
1	7	60	1,653
1	7	63	1,654
1	7	64	14,436
1	7	67	6,287
1	7	75	2,163
1	7	77	2,178
1	7	83	6,516
1	7	86	2,218
1	7	97	17,683
1	12	4	17,37
1	12	7	10,718
1	12	15	9,201
1	12	16	9,583
1	12	17	30,751
1	12	21	6,378
1	12	25	2,455
1	12	29	4,893
1	12	34	0,549
1	12	35	0,972
1	12	38	2,819
1	12	41	4,064
1	12	42	4,916
1	12	47	10,551
1	12	50	1,941
1	12	51	7,133
1	12	60	2,914
1	12	63	0,661
1	12	64	1,637
1	12	67	2,533
1	12	75	0,942
1	12	77	14,965
1	12	83	0,756
1	12	86	8,709
1	12	97	1,125
1	15	4	2,825
1	15	7	2,826
1	15	12	1,247
1	15	16	0,805
1	15	17	0,606
1	15	21	6,81
1	15	25	1,234
1	15	29	13,225
1	15	34	0,828
1	15	35	2,142
1	15	38	24,4
1	15	41	4,402
1	15	42	6,846
1	15	47	0,601
1	15	50	1,8
1	15	51	12,305
1	15	60	6,173
1	15	63	0,708
1	15	64	1,797
1	15	67	4,802
1	15	75	6,489
1	15	77	5,71
1	15	83	0,672
1	15	86	3,33
1	15	97	1,673
1	16	4	9,508
1	16	7	7,607
1	16	12	4,551
1	16	15	19,099
1	16	17	4,41
1	16	21	32,407
1	16	25	2,794
1	16	29	2,4
1	16	34	3,364
1	16	35	5,075
1	16	38	12,695
1	16	41	1,019
1	16	42	1,583
1	16	47	9,247
1	16	50	2,831
1	16	51	3,376
1	16	60	1,728
1	16	63	15,743
1	16	64	1,254
1	16	67	1,862
1	16	75	2,347
1	16	77	6,785
1	16	83	0,679
1	16	86	2,315
1	16	97	12,248
1	17	4	6,06
1	17	7	8,366
1	17	12	1,033
1	17	15	0,673
1	17	16	1,002
1	17	21	1,606
1	17	25	5,901
1	17	29	15,098
1	17	34	3,768
1	17	35	3,314
1	17	38	7,277
1	17	41	1,434
1	17	42	2,856
1	17	47	1,775
1	17	50	1,746
1	17	51	0,802
1	17	60	4,222
1	17	63	0,548
1	17	64	23,353
1	17	67	1,406
1	17	75	7,421
1	17	77	2,203
1	17	83	13,728
1	17	86	6,081
1	17	97	2,557
1	21	4	4,942
1	21	7	13,591
1	21	12	4,419
1	21	15	12,239
1	21	16	1,71
1	21	17	7,221
1	21	25	2,143
1	21	29	1,197
1	21	34	1,083
1	21	35	12,345
1	21	38	2,481
1	21	41	17,992
1	21	42	12,207
1	21	47	9,18
1	21	50	5,632
1	21	51	34,863
1	21	60	4,978
1	21	63	6,138
1	21	64	5,714
1	21	67	6,204
1	21	75	4,687
1	21	77	3,757
1	21	83	2,561
1	21	86	3,267
1	21	97	16,503
1	25	4	5,492
1	25	7	18,122
1	25	12	3,784
1	25	15	2,083
1	25	16	3,668
1	25	17	10,097
1	25	21	6,551
1	25	29	4,132
1	25	34	5,76
1	25	35	2,221
1	25	38	1,004
1	25	41	11,21
1	25	42	30,662
1	25	47	2,842
1	25	50	0,92
1	25	51	6,196
1	25	60	1,634
1	25	63	0,865
1	25	64	4,026
1	25	67	60,817
1	25	75	5,744
1	25	77	8,595
1	25	83	5,966
1	25	86	0,79
1	25	97	1,684
1	29	4	17,341
1	29	7	1,007
1	29	12	1,058
1	29	15	2,592
1	29	16	10,351
1	29	17	3,296
1	29	21	3,429
1	29	25	11,263
1	29	34	4,982
1	29	35	4,078
1	29	38	10,167
1	29	41	10,392
1	29	42	6,458
1	29	47	1,409
1	29	50	10,297
1	29	51	4,843
1	29	60	0,812
1	29	63	3,159
1	29	64	2,586
1	29	67	2,509
1	29	75	4,486
1	29	77	18,445
1	29	83	4,095
1	29	86	7,347
1	29	97	2,635
1	34	4	1,917
1	34	7	3,524
1	34	12	1,89
1	34	15	9,038
1	34	16	0,561
1	34	17	4,601
1	34	21	7,226
1	34	25	2,515
1	34	29	18,599
1	34	35	8,124
1	34	38	0,91
1	34	41	17,924
1	34	42	1,269
1	34	47	15,674
1	34	50	15,568
1	34	51	2,246
1	34	60	2,806
1	34	63	23,444
1	34	64	0,62
1	34	67	10,319
1	34	75	2,278
1	34	77	4,514
1	34	83	12,414
1	34	86	2,236
1	34	97	11,115
1	35	4	6,712
1	35	7	14,454
1	35	12	1,389
1	35	15	12,746
1	35	16	3,433
1	35	17	1,447
1	35	21	9,472
1	35	25	11,665
1	35	29	2,439
1	35	34	6,311
1	35	38	17,306
1	35	41	5,103
1	35	42	4,373
1	35	47	4,435
1	35	50	1,895
1	35	51	5,109
1	35	60	11,208
1	35	63	3,075
1	35	64	6,026
1	35	67	3,575
1	35	75	12,646
1	35	77	1,009
1	35	83	1,35
1	35	86	11,211
1	35	97	2,753
1	38	4	5,119
1	38	7	7,071
1	38	12	5,549
1	38	15	8,79
1	38	16	0,695
1	38	17	7,286
1	38	21	1,084
1	38	25	10,829
1	38	29	2,161
1	38	34	5,489
1	38	35	3,042
1	38	41	6,961
1	38	42	7,506
1	38	47	2,781
1	38	50	2,251
1	38	51	5,882
1	38	60	3,375
1	38	63	7,455
1	38	64	14,581
1	38	67	9,662
1	38	75	1,634
1	38	77	9,011
1	38	83	0,865
1	38	86	5,414
1	38	97	5,574
1	41	4	15,692
1	41	7	21,025
1	41	12	4,206
1	41	15	4,164
1	41	16	4,96
1	41	17	13,786
1	41	21	1,664
1	41	25	0,965
1	41	29	7,57
1	41	34	3,699
1	41	35	6,92
1	41	38	5,731
1	41	42	7,428
1	41	47	7,925
1	41	50	10,392
1	41	51	6,534
1	41	60	4,854
1	41	63	3,383
1	41	64	0,518
1	41	67	13,102
1	41	75	15,479
1	41	77	0,633
1	41	83	2,107
1	41	86	20,977
1	41	97	6,346
1	42	4	0,704
1	42	7	4,346
1	42	12	14,086
1	42	15	10,971
1	42	16	8,314
1	42	17	2,769
1	42	21	34,128
1	42	25	7,292
1	42	29	0,927
1	42	34	2,435
1	42	35	8,049
1	42	38	12,386
1	42	41	4,52
1	42	47	6,669
1	42	50	1,603
1	42	51	2,142
1	42	60	2,464
1	42	63	16,31
1	42	64	14,392
1	42	67	10,427
1	42	75	2,837
1	42	77	1,838
1	42	83	2,38
1	42	86	1,085
1	42	97	8,306
1	47	4	4,238
1	47	7	8,668
1	47	12	5,623
1	47	15	29,609
1	47	16	6,443
1	47	17	5,086
1	47	21	2,64
1	47	25	0,532
1	47	29	1,907
1	47	34	6,809
1	47	35	5,503
1	47	38	6,831
1	47	41	4,982
1	47	42	4,625
1	47	50	4,463
1	47	51	4,08
1	47	60	3,531
1	47	63	6,268
1	47	64	15,454
1	47	67	13,496
1	47	75	10,765
1	47	77	7,894
1	47	83	5,983
1	47	86	1,454
1	47	97	5,637
1	50	4	1,337
1	50	7	8,757
1	50	12	1,547
1	50	15	9,814
1	50	16	1,613
1	50	17	8,911
1	50	21	1,586
1	50	25	11,031
1	50	29	1,946
1	50	34	23,372
1	50	35	8,819
1	50	38	6,011
1	50	41	0,844
1	50	42	25,84
1	50	47	4,243
1	50	51	0,928
1	50	60	6,505
1	50	63	41,267
1	50	64	4,008
1	50	67	1,965
1	50	75	44,334
1	50	77	3,059
1	50	83	12,46
1	50	86	0,592
1	50	97	6,852
1	51	4	3,8
1	51	7	6,306
1	51	12	12,164
1	51	15	24,106
1	51	16	9,669
1	51	17	10,409
1	51	21	1,35
1	51	25	2,278
1	51	29	0,912
1	51	34	4,497
1	51	35	12,159
1	51	38	6,799
1	51	41	1,805
1	51	42	2,362
1	51	47	1,548
1	51	50	3,038
1	51	60	4,248
1	51	63	3,41
1	51	64	2,2
1	51	67	0,683
1	51	75	15,423
1	51	77	9,256
1	51	83	0,688
1	51	86	1,201
1	51	97	1,997
1	60	4	0,609
1	60	7	7,353
1	60	12	3,637
1	60	15	5,377
1	60	16	1,507
1	60	17	1,6
1	60	21	4,809
1	60	25	3,422
1	60	29	1,277
1	60	34	15,291
1	60	35	5,356
1	60	38	2,106
1	60	41	0,706
1	60	42	13,758
1	60	47	0,965
1	60	50	2,995
1	60	51	12,153
1	60	63	19,324
1	60	64	0,842
1	60	67	8,829
1	60	75	1,98
1	60	77	1,029
1	60	83	2,68
1	60	86	1,785
1	60	97	0,698
1	63	4	1,912
1	63	7	1,327
1	63	12	3,578
1	63	15	3,957
1	63	16	7,091
1	63	17	14,553
1	63	21	3,677
1	63	25	48,949
1	63	29	0,569
1	63	34	13,152
1	63	35	33,371
1	63	38	1,595
1	63	41	1,807
1	63	42	7,638
1	63	47	6,704
1	63	50	13,986
1	63	51	1,582
1	63	60	5,89
1	63	64	1,032
1	63	67	8,152
1	63	75	1,566
1	63	77	0,956
1	63	83	7,948
1	63	86	2,476
1	63	97	6,785
1	64	4	0,647
1	64	7	0,925
1	64	12	36,348
1	64	15	33,45
1	64	16	5,192
1	64	17	4,314
1	64	21	0,696
1	64	25	3,688
1	64	29	1,558
1	64	34	7,478
1	64	35	11,89
1	64	38	6,22
1	64	41	5,417
1	64	42	2,307
1	64	47	5,006
1	64	50	4,66
1	64	51	16,172
1	64	60	23,851
1	64	63	12,091
1	64	67	1,112
1	64	75	1,715
1	64	77	4,347
1	64	83	1,943
1	64	86	2,618
1	64	97	32,977
1	67	4	7,328
1	67	7	0,862
1	67	12	4,713
1	67	15	1,703
1	67	16	7,053
1	67	17	5,333
1	67	21	2,468
1	67	25	0,87
1	67	29	20,927
1	67	34	7,752
1	67	35	1,119
1	67	38	1,903
1	67	41	5,653
1	67	42	3,667
1	67	47	15,046
1	67	50	2,47
1	67	51	8,884
1	67	60	6,254
1	67	63	13,07
1	67	64	8,464
1	67	75	11,825
1	67	77	1,891
1	67	83	1,517
1	67	86	17,063
1	67	97	0,901
1	75	4	2,807
1	75	7	6,875
1	75	12	6,443
1	75	15	8,183
1	75	16	2,147
1	75	17	6,367
1	75	21	0,656
1	75	25	0,812
1	75	29	3,994
1	75	34	5,495
1	75	35	7,011
1	75	38	0,533
1	75	41	4,796
1	75	42	0,706
1	75	47	9,283
1	75	50	7,13
1	75	51	3,522
1	75	60	17,74
1	75	63	1,805
1	75	64	1,324
1	75	67	10,734
1	75	77	9,618
1	75	83	1,956
1	75	86	14,052
1	75	97	7,131
1	77	4	4,286
1	77	7	6,966
1	77	12	41,855
1	77	15	5,102
1	77	16	0,831
1	77	17	3,224
1	77	21	2,702
1	77	25	1,879
1	77	29	2,261
1	77	34	3,962
1	77	35	4,014
1	77	38	2,99
1	77	41	7,022
1	77	42	1,134
1	77	47	5,576
1	77	50	2,402
1	77	51	9,785
1	77	60	1,288
1	77	63	4,189
1	77	64	1,919
1	77	67	1,52
1	77	75	1,087
1	77	83	10,414
1	77	86	3,553
1	77	97	5,728
1	83	4	12,666
1	83	7	2,906
1	83	12	0,567
1	83	15	0,774
1	83	16	13,529
1	83	17	2,677
1	83	21	2,005
1	83	25	1,463
1	83	29	3,85
1	83	34	4,229
1	83	35	33,653
1	83	38	5,18
1	83	41	1,345
1	83	42	1,7
1	83	47	5,173
1	83	50	4,235
1	83	51	5,142
1	83	60	4,616
1	83	63	12,008
1	83	64	2,283
1	83	67	1,832
1	83	75	25,258
1	83	77	1,433
1	83	86	1,246
1	83	97	4,512
1	86	4	1,142
1	86	7	6,769
1	86	12	8,988
1	86	15	4,587
1	86	16	1,841
1	86	17	33,975
1	86	21	7,993
1	86	25	5,381
1	86	29	10,766
1	86	34	1,324
1	86	35	2,64
1	86	38	8,701
1	86	41	8,16
1	86	42	3,731
1	86	47	10,442
1	86	50	22,874
1	86	51	1,497
1	86	60	53,183
1	86	63	2,284
1	86	64	0,878
1	86	67	7,037
1	86	75	1,739
1	86	77	20,623
1	86	83	3,902
1	86	97	5,253
1	97	4	21,298
1	97	7	2,374
1	97	12	2,481
1	97	15	6,09
1	97	16	15,685
1	97	17	0,51
1	97	21	5,153
1	97	25	19,524
1	97	29	1,651
1	97	34	9,1
1	97	35	1,048
1	97	38	2,734
1	97	41	2,234
1	97	42	10,69
1	97	47	5,481
1	97	50	2,728
1	97	51	11,284
1	97	60	3,32
1	97	63	3,997
1	97	64	6,046
1	97	67	4,034
1	97	75	0,506
1	97	77	0,916
1	97	83	15,012
1	97	86	3,453
2	8	9	6,641
2	8	10	3,582
2	8	15	7,014
2	8	17	3,155
2	8	18	2,284
2	8	19	2,137
2	8	21	4,726
2	8	26	6,129
2	8	28	2,218
2	8	36	3,825
2	8	40	8,634
2	8	41	1,479
2	8	42	0,524
2	8	48	15,186
2	8	57	33,777
2	8	61	19,52
2	8	69	24,974
2	8	71	1,817
2	8	74	10,287
2	8	76	2,857
2	8	77	12,109
2	8	78	2,679
2	8	82	6,449
2	8	85	5,999
2	8	86	3,953
2	8	93	2,423
2	8	99	14,164
2	9	8	24,879
2	9	10	4,317
2	9	15	1,004
2	9	17	1,317
2	9	18	1,954
2	9	19	4,367
2	9	21	2,151
2	9	26	10,459
2	9	28	19,53
2	9	36	1,555
2	9	40	11,798
2	9	41	2,04
2	9	42	1,747
2	9	48	2,551
2	9	57	9,082
2	9	61	3,31
2	9	69	5,345
2	9	71	13,747
2	9	74	1,499
2	9	76	6,459
2	9	77	1,773
2	9	78	0,532
2	9	82	6,796
2	9	85	24,243
2	9	86	1,374
2	9	93	2,982
2	9	99	1,66
2	10	8	12,353
2	10	9	11,085
2	10	15	2,958
2	10	17	3,542
2	10	18	3,054
2	10	19	1,539
2	10	21	1,746
2	10	26	9,473
2	10	28	9,649
2	10	36	13,238
2	10	40	13,899
2	10	41	4,394
2	10	42	2,601
2	10	48	9,818
2	10	57	9,585
2	10	61	2,489
2	10	69	3,099
2	10	71	3,295
2	10	74	2,45
2	10	76	13,069
2	10	77	1,582
2	10	78	2,706
2	10	82	5,269
2	10	85	6,522
2	10	86	1,467
2	10	93	7,633
2	10	99	13,978
2	15	8	14,821
2	15	9	20,583
2	15	10	1,592
2	15	17	4,619
2	15	18	3,398
2	15	19	2,078
2	15	21	4,924
2	15	26	5,632
2	15	28	3,073
2	15	36	11,133
2	15	40	3,154
2	15	41	10,104
2	15	42	16,399
2	15	48	7,133
2	15	57	1,684
2	15	61	4,996
2	15	69	8,313
2	15	71	13,608
2	15	74	3,99
2	15	76	4,088
2	15	77	10,083
2	15	78	5,597
2	15	82	1,622
2	15	85	1,644
2	15	86	3,008
2	15	93	1,025
2	15	99	10,726
2	17	8	1,972
2	17	9	15,807
2	17	10	3,41
2	17	15	2,676
2	17	18	12,478
2	17	19	4,964
2	17	21	9,936
2	17	26	4,742
2	17	28	13,93
2	17	36	6,395
2	17	40	8,326
2	17	41	2,281
2	17	42	12,953
2	17	48	3,17
2	17	57	3,851
2	17	61	1,861
2	17	69	10,876
2	17	71	4,49
2	17	74	8,862
2	17	76	4,992
2	17	77	4,615
2	17	78	2,094
2	17	82	6,873
2	17	85	1,911
2	17	86	7,382
2	17	93	15,803
2	17	99	17,961
2	18	8	5,614
2	18	9	8,301
2	18	10	0,604
2	18	15	1,811
2	18	17	1,982
2	18	19	12,751
2	18	21	9,196
2	18	26	2,277
2	18	28	1,408
2	18	36	12,023
2	18	40	3,813
2	18	41	0,546
2	18	42	14,828
2	18	48	6,586
2	18	57	8,536
2	18	61	4,068
2	18	69	0,674
2	18	71	9,951
2	18	74	1,174
2	18	76	5,038
2	18	77	6,554
2	18	78	12,557
2	18	82	6,17
2	18	85	10,227
2	18	86	1,159
2	18	93	2,367
2	18	99	10,989
2	19	8	3,206
2	19	9	22,682
2	19	10	3,615
2	19	15	12,446
2	19	17	1,221
2	19	18	38,326
2	19	21	4,943
2	19	26	5,615
2	19	28	4,996
2	19	36	8,611
2	19	40	1,158
2	19	41	9,039
2	19	42	1,317
2	19	48	4,078
2	19	57	12,984
2	19	61	7,688
2	19	69	7,545
2	19	71	5,488
2	19	74	5,256
2	19	76	36,501
2	19	77	1,483
2	19	78	4,554
2	19	82	9,642
2	19	85	4,822
2	19	86	1,913
2	19	93	4,014
2	19	99	11,737
2	21	8	0,755
2	21	9	1,641
2	21	10	10,715
2	21	15	2,072
2	21	17	2,861
2	21	18	4,529
2	21	19	5,954
2	21	26	1,718
2	21	28	1,475
2	21	36	8,174
2	21	40	6,506
2	21	41	2,328
2	21	42	3,596
2	21	48	2,193
2	21	57	5,58
2	21	61	2,061
2	21	69	0,639
2	21	71	10,678
2	21	74	6,357
2	21	76	2,673
2	21	77	5,235
2	21	78	0,931
2	21	82	1,15
2	21	85	7,025
2	21	86	10,313
2	21	93	1,753
2	21	99	10,827
2	26	8	2,859
2	26	9	2,401
2	26	10	2,505
2	26	15	2,864
2	26	17	3,656
2	26	18	1,367
2	26	19	1,022
2	26	21	12,257
2	26	28	1,149
2	26	36	0,887
2	26	40	2,887
2	26	41	5,738
2	26	42	0,623
2	26	48	1,395
2	26	57	6,442
2	26	61	2,345
2	26	69	2,638
2	26	71	2,827
2	26	74	7,554
2	26	76	4,582
2	26	77	0,588
2	26	78	7,259
2	26	82	23,057
2	26	85	5,311
2	26	86	124,056
2	26	93	2,885
2	26	99	0,505
2	28	8	5,118
2	28	9	8,594
2	28	10	0,667
2	28	15	11,019
2	28	17	1,3
2	28	18	5,127
2	28	19	0,708
2	28	21	5,214
2	28	26	4,187
2	28	36	10,351
2	28	40	2,841
2	28	41	10,847
2	28	42	1,714
2	28	48	1,576
2	28	57	3,381
2	28	61	9,038
2	28	69	1,56
2	28	71	4,832
2	28	74	7,498
2	28	76	5,076
2	28	77	4,487
2	28	78	6,296
2	28	82	6,578
2	28	85	7,598
2	28	86	1,64
2	28	93	1,22
2	28	99	0,832
2	36	8	1,109
2	36	9	0,523
2	36	10	16,563
2	36	15	2,985
2	36	17	4,714
2	36	18	4,821
2	36	19	9,587
2	36	21	3,729
2	36	26	7,208
2	36	28	21,873
2	36	40	1,771
2	36	41	17,315
2	36	42	7,902
2	36	48	5,087
2	36	57	1,691
2	36	61	15,343
2	36	69	2,883
2	36	71	8,73
2	36	74	4,48
2	36	76	6,572
2	36	77	5,707
2	36	78	4,816
2	36	82	11,457
2	36	85	1,751
2	36	86	1,337
2	36	93	15,229
2	36	99	12,814
2	40	8	0,853
2	40	9	0,821
2	40	10	6,334
2	40	15	1,67
2	40	17	1,975
2	40	18	1,647
2	40	19	9,698
2	40	21	3,398
2	40	26	4,802
2	40	28	2,025
2	40	36	1,938
2	40	41	8,157
2	40	42	5,65
2	40	48	44,28
2	40	57	3,741
2	40	61	14,653
2	40	69	0,868
2	40	71	11,366
2	40	74	4,245
2	40	76	7,198
2	40	77	5,72
2	40	78	11,144
2	40	82	2,806
2	40	85	7,724
2	40	86	1,231
2	40	93	5,612
2	40	99	24,925
2	41	8	29,797
2	41	9	1,031
2	41	10	21,31
2	41	15	7,84
2	41	17	2,657
2	41	18	10,701
2	41	19	4,758
2	41	21	0,747
2	41	26	3,287
2	41	28	6,667
2	41	36	4,974
2	41	40	2,445
2	41	42	0,746
2	41	48	4,296
2	41	57	14,136
2	41	61	3,899
2	41	69	7,679
2	41	71	1,367
2	41	74	11,084
2	41	76	37,294
2	41	77	1,812
2	41	78	4,338
2	41	82	39,641
2	41	85	7,407
2	41	86	2,25
2	41	93	11,882
2	41	99	13,862
2	42	8	1,419
2	42	9	6,012
2	42	10	5,955
2	42	15	17,411
2	42	17	2,283
2	42	18	7,737
2	42	19	9,571
2	42	21	4,414
2	42	26	6,447
2	42	28	5,535
2	42	36	1,003
2	42	40	14,858
2	42	41	16,578
2	42	48	6,615
2	42	57	3,249
2	42	61	2,777
2	42	69	3,872
2	42	71	1,678
2	42	74	2,322
2	42	76	1,726
2	42	77	2,666
2	42	78	1,364
2	42	82	17,96
2	42	85	0,791
2	42	86	4,951
2	42	93	36,737
2	42	99	3,457
2	48	8	5,281
2	48	9	6,901
2	48	10	2,063
2	48	15	17,743
2	48	17	6,469
2	48	18	9,632
2	48	19	0,583
2	48	21	28,503
2	48	26	11,672
2	48	28	3,004
2	48	36	0,897
2	48	40	24,37
2	48	41	7,585
2	48	42	1,364
2	48	57	13,75
2	48	61	2,091
2	48	69	0,67
2	48	71	4,018
2	48	74	14,144
2	48	76	3,323
2	48	77	3,902
2	48	78	4,506
2	48	82	5,286
2	48	85	4,373
2	48	86	4,793
2	48	93	2,4
2	48	99	15,216
2	57	8	3,427
2	57	9	0,853
2	57	10	2,17
2	57	15	2,185
2	57	17	5,725
2	57	18	9,209
2	57	19	1,947
2	57	21	2,176
2	57	26	0,742
2	57	28	5,493
2	57	36	8,123
2	57	40	3,346
2	57	41	21,458
2	57	42	14,582
2	57	48	5,627
2	57	61	20,652
2	57	69	1,412
2	57	71	5,026
2	57	74	1,04
2	57	76	0,731
2	57	77	4,527
2	57	78	1,898
2	57	82	2,752
2	57	85	3,602
2	57	86	0,747
2	57	93	5,181
2	57	99	3,35
2	61	8	4,171
2	61	9	2,026
2	61	10	1,562
2	61	15	19,461
2	61	17	1,667
2	61	18	3,719
2	61	19	5,178
2	61	21	4,17
2	61	26	7,899
2	61	28	4,263
2	61	36	0,86
2	61	40	0,536
2	61	41	4,5
2	61	42	5,758
2	61	48	9,632
2	61	57	7,468
2	61	69	11,863
2	61	71	2,616
2	61	74	5,224
2	61	76	5,239
2	61	77	5,739
2	61	78	3,987
2	61	82	6,8
2	61	85	2,288
2	61	86	25,005
2	61	93	35,917
2	61	99	2,153
2	69	8	2,117
2	69	9	1,508
2	69	10	7,24
2	69	15	5,873
2	69	17	6,275
2	69	18	6,053
2	69	19	6,731
2	69	21	1,073
2	69	26	13,144
2	69	28	7,758
2	69	36	3,548
2	69	40	5,611
2	69	41	5,93
2	69	42	10,863
2	69	48	3,933
2	69	57	13,962
2	69	61	17,376
2	69	71	5,229
2	69	74	1,737
2	69	76	1,651
2	69	77	1,703
2	69	78	3,714
2	69	82	2,185
2	69	85	1,393
2	69	86	14,935
2	69	93	7,792
2	69	99	5,043
2	71	8	18,924
2	71	9	10,559
2	71	10	2,719
2	71	15	2,002
2	71	17	0,741
2	71	18	3,502
2	71	19	2,553
2	71	21	1,459
2	71	26	14,742
2	71	28	6,32
2	71	36	4,053
2	71	40	4,763
2	71	41	11,445
2	71	42	4,796
2	71	48	7,305
2	71	57	4,029
2	71	61	12,765
2	71	69	4,737
2	71	74	0,984
2	71	76	2,266
2	71	77	2,106
2	71	78	0,793
2	71	82	8,104
2	71	85	1,102
2	71	86	3,111
2	71	93	22,255
2	71	99	4,45
2	74	8	1,127
2	74	9	8,31
2	74	10	1,832
2	74	15	3,894
2	74	17	2,562
2	74	18	24,813
2	74	19	2,666
2	74	21	6,487
2	74	26	1,115
2	74	28	27,982
2	74	36	21,157
2	74	40	2,235
2	74	41	7,535
2	74	42	0,999
2	74	48	14,612
2	74	57	6,174
2	74	61	1,866
2	74	69	1,926
2	74	71	4,939
2	74	76	16,627
2	74	77	8,055
2	74	78	12,764
2	74	82	0,623
2	74	85	8,232
2	74	86	2,524
2	74	93	5,611
2	74	99	4,068
2	76	8	3,129
2	76	9	2,752
2	76	10	6,744
2	76	15	0,77
2	76	17	0,841
2	76	18	10,257
2	76	19	3,905
2	76	21	8,201
2	76	26	2,595
2	76	28	11,085
2	76	36	7,765
2	76	40	3,469
2	76	41	4,522
2	76	42	0,678
2	76	48	2,126
2	76	57	3,191
2	76	61	4,772
2	76	69	1,334
2	76	71	5,324
2	76	74	0,73
2	76	77	1,003
2	76	78	1,926
2	76	82	9,856
2	76	85	5,405
2	76	86	3,263
2	76	93	1,617
2	76	99	3,044
2	77	8	2,76
2	77	9	3,311
2	77	10	7,072
2	77	15	3,423
2	77	17	6,042
2	77	18	18,1
2	77	19	3,491
2	77	21	6,544
2	77	26	1,402
2	77	28	2,89
2	77	36	8,528
2	77	40	3,569
2	77	41	12,719
2	77	42	0,923
2	77	48	5,017
2	77	57	1,708
2	77	61	0,799
2	77	69	10,741
2	77	71	0,544
2	77	74	6,641
2	77	76	0,842
2	77	78	1,81
2	77	82	5,676
2	77	85	6,297
2	77	86	2,275
2	77	93	3,498
2	77	99	11,55
2	78	8	13,576
2	78	9	2,354
2	78	10	10,053
2	78	15	17,169
2	78	17	4,796
2	78	18	3,984
2	78	19	2,64
2	78	21	4,027
2	78	26	2,574
2	78	28	2,511
2	78	36	2,372
2	78	40	6,567
2	78	41	2,228
2	78	42	10,259
2	78	48	10,421
2	78	57	2,126
2	78	61	2,799
2	78	69	0,593
2	78	71	1,264
2	78	74	1,07
2	78	76	1,095
2	78	77	3,834
2	78	82	1,012
2	78	85	1
2	78	86	10,377
2	78	93	8,551
2	78	99	14,927
2	82	8	7,893
2	82	9	10,167
2	82	10	2,05
2	82	15	3,499
2	82	17	4,369
2	82	18	7,025
2	82	19	3,312
2	82	21	4,349
2	82	26	1,052
2	82	28	1,352
2	82	36	1,794
2	82	40	2,434
2	82	41	9,188
2	82	42	2,943
2	82	48	25,51
2	82	57	8,089
2	82	61	0,955
2	82	69	2,522
2	82	71	4,938
2	82	74	1,922
2	82	76	0,539
2	82	77	1,971
2	82	78	5,478
2	82	85	3,796
2	82	86	5,938
2	82	93	19,618
2	82	99	0,634
2	85	8	2,497
2	85	9	10,845
2	85	10	6,372
2	85	15	33,003
2	85	17	1,462
2	85	18	2,589
2	85	19	3,291
2	85	21	26,22
2	85	26	5,136
2	85	28	5,663
2	85	36	12,968
2	85	40	2,506
2	85	41	9,769
2	85	42	23,204
2	85	48	0,868
2	85	57	10,507
2	85	61	0,846
2	85	69	4,473
2	85	71	0,846
2	85	74	0,849
2	85	76	8,761
2	85	77	9,925
2	85	78	0,95
2	85	82	1,751
2	85	86	10,696
2	85	93	1,258
2	85	99	2,541
2	86	8	1,366
2	86	9	12,517
2	86	10	6,04
2	86	15	12,424
2	86	17	6,738
2	86	18	16,177
2	86	19	4,703
2	86	21	0,874
2	86	26	4,923
2	86	28	2,621
2	86	36	6,212
2	86	40	3,767
2	86	41	10,529
2	86	42	21,176
2	86	48	8,238
2	86	57	1,335
2	86	61	4,343
2	86	69	15,244
2	86	71	2,21
2	86	74	4,335
2	86	76	4,789
2	86	77	5,698
2	86	78	5,374
2	86	82	3,914
2	86	85	10,001
2	86	93	3,868
2	86	99	1,953
2	93	8	33,076
2	93	9	5,786
2	93	10	1,115
2	93	15	4,576
2	93	17	7,117
2	93	18	8,304
2	93	19	0,512
2	93	21	3,607
2	93	26	5,178
2	93	28	17,867
2	93	36	6,634
2	93	40	42,89
2	93	41	1,868
2	93	42	2,73
2	93	48	2,382
2	93	57	5,632
2	93	61	0,601
2	93	69	3,74
2	93	71	11,484
2	93	74	0,644
2	93	76	0,84
2	93	77	6,342
2	93	78	1,499
2	93	82	5,266
2	93	85	3,603
2	93	86	3,413
2	93	99	8,726
2	99	8	3,796
2	99	9	4,971
2	99	10	11,054
2	99	15	4,198
2	99	17	4,005
2	99	18	0,544
2	99	19	6,336
2	99	21	6,412
2	99	26	9,091
2	99	28	3,157
2	99	36	6,936
2	99	40	6,585
2	99	41	2,97
2	99	42	6,704
2	99	48	6,587
2	99	57	2,785
2	99	61	7,173
2	99	69	17,854
2	99	71	10,141
2	99	74	3,128
2	99	76	1,598
2	99	77	2,435
2	99	78	31,772
2	99	82	2,224
2	99	85	7,743
2	99	86	3,428
2	99	93	6,588
3	4	5	10,532
3	4	7	0,639
3	4	10	7,551
3	4	27	1,712
3	4	28	9,015
3	4	33	5,425
3	4	42	5,655
3	4	52	6,933
3	4	53	2,17
3	4	55	23,888
3	4	60	0,919
3	4	62	5,452
3	4	67	0,563
3	4	73	0,675
3	4	79	2,061
3	4	80	7,196
3	4	81	14,279
3	4	84	7,451
3	4	87	8,139
3	4	96	0,821
3	4	97	20,687
3	5	4	12,434
3	5	7	1,234
3	5	10	2,24
3	5	27	2,287
3	5	28	1,015
3	5	33	0,999
3	5	42	3,49
3	5	52	25,13
3	5	53	4,82
3	5	55	4,242
3	5	60	2,17
3	5	62	6,832
3	5	67	5,039
3	5	73	3,457
3	5	79	1,383
3	5	80	19,075
3	5	81	2,207
3	5	84	1,574
3	5	87	10,438
3	5	96	1,771
3	5	97	3,506
3	7	4	1,746
3	7	5	1,655
3	7	10	9,069
3	7	27	3,275
3	7	28	7,626
3	7	33	2,962
3	7	42	3,283
3	7	52	2,147
3	7	53	25,824
3	7	55	8,091
3	7	60	6,919
3	7	62	3,932
3	7	67	1,43
3	7	73	5,49
3	7	79	2,166
3	7	80	0,556
3	7	81	0,908
3	7	84	2,136
3	7	87	1,108
3	7	96	6,205
3	7	97	15,007
3	10	4	2,428
3	10	5	8,454
3	10	7	0,55
3	10	27	3,171
3	10	28	4,33
3	10	33	1,352
3	10	42	8,36
3	10	52	10,477
3	10	53	2,454
3	10	55	2,759
3	10	60	3,169
3	10	62	10,848
3	10	67	3,143
3	10	73	1,25
3	10	79	7,752
3	10	80	1,904
3	10	81	0,896
3	10	84	9,279
3	10	87	1,89
3	10	96	0,515
3	10	97	17,749
3	27	4	5,109
3	27	5	3,925
3	27	7	1,061
3	27	10	5,268
3	27	28	9,627
3	27	33	1,338
3	27	42	1,126
3	27	52	2,285
3	27	53	3,557
3	27	55	6,549
3	27	60	2,198
3	27	62	1,142
3	27	67	3,042
3	27	73	2,827
3	27	79	32,701
3	27	80	8,666
3	27	81	1,308
3	27	84	0,973
3	27	87	2,335
3	27	96	3,829
3	27	97	2,403
3	28	4	1,008
3	28	5	1,068
3	28	7	0,871
3	28	10	0,909
3	28	27	16,074
3	28	33	1,335
3	28	42	0,536
3	28	52	4,971
3	28	53	2,082
3	28	55	9,458
3	28	60	14,696
3	28	62	1,185
3	28	67	7,138
3	28	73	5,152
3	28	79	7,512
3	28	80	62,781
3	28	81	1,821
3	28	84	4,647
3	28	87	9,897
3	28	96	4,302
3	28	97	3,156
3	33	4	0,705
3	33	5	3,227
3	33	7	1,081
3	33	10	5,733
3	33	27	4,337
3	33	28	1,776
3	33	42	16,814
3	33	52	1,917
3	33	53	4,979
3	33	55	5,076
3	33	60	4,622
3	33	62	4,924
3	33	67	1,703
3	33	73	3,452
3	33	79	8,855
3	33	80	0,694
3	33	81	7,979
3	33	84	9,794
3	33	87	1,782
3	33	96	14,412
3	33	97	4,495
3	42	4	1,501
3	42	5	3,757
3	42	7	4,511
3	42	10	4,665
3	42	27	5,306
3	42	28	6,61
3	42	33	1,912
3	42	52	6,578
3	42	53	4,557
3	42	55	7,852
3	42	60	21,704
3	42	62	13,596
3	42	67	3,819
3	42	73	3,891
3	42	79	2,284
3	42	80	1,491
3	42	81	3,651
3	42	84	0,917
3	42	87	0,699
3	42	96	0,761
3	42	97	2,144
3	52	4	4,882
3	52	5	14,818
3	52	7	15,624
3	52	10	2,074
3	52	27	3,755
3	52	28	7,425
3	52	33	0,611
3	52	42	1,654
3	52	53	5,362
3	52	55	10,222
3	52	60	0,622
3	52	62	2,135
3	52	67	42,826
3	52	73	7,696
3	52	79	12,885
3	52	80	4,222
3	52	81	4,957
3	52	84	11,033
3	52	87	8,373
3	52	96	12,691
3	52	97	0,86
3	53	4	1,29
3	53	5	3,591
3	53	7	4,587
3	53	10	2,244
3	53	27	5,39
3	53	28	2,736
3	53	33	3,637
3	53	42	2,772
3	53	52	2,415
3	53	55	2,338
3	53	60	3,593
3	53	62	12,61
3	53	67	1,353
3	53	73	21,865
3	53	79	0,798
3	53	80	12,571
3	53	81	1,326
3	53	84	12,001
3	53	87	1,025
3	53	96	1,468
3	53	97	15,468
3	55	4	9,042
3	55	5	1,954
3	55	7	0,86
3	55	10	18,02
3	55	27	12,302
3	55	28	1,478
3	55	33	4,883
3	55	42	18,935
3	55	52	5,483
3	55	53	2,586
3	55	60	1,576
3	55	62	3,754
3	55	67	15,374
3	55	73	7,357
3	55	79	2,294
3	55	80	0,825
3	55	81	1,392
3	55	84	2,607
3	55	87	13,946
3	55	96	3,808
3	55	97	25,782
3	60	4	5,09
3	60	5	1,598
3	60	7	4,308
3	60	10	4,391
3	60	27	6,74
3	60	28	1,141
3	60	33	3,803
3	60	42	8,005
3	60	52	5,443
3	60	53	5,304
3	60	55	0,97
3	60	62	5,388
3	60	67	11,635
3	60	73	7,826
3	60	79	3,416
3	60	80	4,941
3	60	81	3,157
3	60	84	5,616
3	60	87	9,904
3	60	96	14,102
3	60	97	3,154
3	62	4	3,036
3	62	5	8,285
3	62	7	2,788
3	62	10	21,377
3	62	27	0,842
3	62	28	1,102
3	62	33	5,656
3	62	42	6,244
3	62	52	2,405
3	62	53	0,989
3	62	55	3,065
3	62	60	5,801
3	62	67	1,447
3	62	73	0,554
3	62	79	3,803
3	62	80	9,351
3	62	81	6,594
3	62	84	3,747
3	62	87	5,209
3	62	96	3,33
3	62	97	2,392
3	67	4	13,19
3	67	5	4,661
3	67	7	14,163
3	67	10	5,415
3	67	27	3,981
3	67	28	9,98
3	67	33	1,162
3	67	42	2,313
3	67	52	3,7
3	67	53	7,42
3	67	55	1,598
3	67	60	46,07
3	67	62	2,202
3	67	73	2,385
3	67	79	2,446
3	67	80	2,792
3	67	81	20,489
3	67	84	11,813
3	67	87	19,657
3	67	96	0,847
3	67	97	16,141
3	73	4	2,847
3	73	5	13,658
3	73	7	4,037
3	73	10	3,291
3	73	27	9,862
3	73	28	2,472
3	73	33	5,48
3	73	42	9,153
3	73	52	1,59
3	73	53	5,099
3	73	55	5,988
3	73	60	9,861
3	73	62	1,564
3	73	67	9,758
3	73	79	2,535
3	73	80	2,62
3	73	81	4,747
3	73	84	13,971
3	73	87	4,728
3	73	96	4,755
3	73	97	4,965
3	79	4	2,107
3	79	5	9,118
3	79	7	0,555
3	79	10	0,856
3	79	27	4,591
3	79	28	5,483
3	79	33	14,78
3	79	42	11,39
3	79	52	2,783
3	79	53	0,537
3	79	55	37,613
3	79	60	7,223
3	79	62	2,469
3	79	67	8,37
3	79	73	5,27
3	79	80	2,812
3	79	81	0,942
3	79	84	1,394
3	79	87	19,578
3	79	96	4,397
3	79	97	3,108
3	80	4	1,781
3	80	5	21,414
3	80	7	8,671
3	80	10	4,538
3	80	27	3,312
3	80	28	4,162
3	80	33	0,51
3	80	42	6,159
3	80	52	10,189
3	80	53	3,982
3	80	55	2,161
3	80	60	11,094
3	80	62	1,743
3	80	67	9,428
3	80	73	1,789
3	80	79	3,791
3	80	81	5,254
3	80	84	11,824
3	80	87	9,787
3	80	96	1,518
3	80	97	14,451
3	81	4	0,688
3	81	5	5,393
3	81	7	6,031
3	81	10	11,239
3	81	27	2,108
3	81	28	1,127
3	81	33	1,746
3	81	42	2,513
3	81	52	0,723
3	81	53	1,481
3	81	55	1,412
3	81	60	1,222
3	81	62	0,626
3	81	67	2,794
3	81	73	1,844
3	81	79	15,051
3	81	80	8,517
3	81	84	0,771
3	81	87	17,899
3	81	96	6,389
3	81	97	4,715
3	84	4	0,599
3	84	5	2,546
3	84	7	2,528
3	84	10	1,96
3	84	27	0,586
3	84	28	6,012
3	84	33	0,756
3	84	42	6,288
3	84	52	3,868
3	84	53	5,837
3	84	55	7,564
3	84	60	4,563
3	84	62	27,647
3	84	67	0,93
3	84	73	4,355
3	84	79	11,16
3	84	80	5,869
3	84	81	1,104
3	84	87	8,355
3	84	96	1,486
3	84	97	11,674
3	87	4	8,127
3	87	5	0,779
3	87	7	0,575
3	87	10	3,496
3	87	27	2,165
3	87	28	1,771
3	87	33	5,236
3	87	42	4,372
3	87	52	12,322
3	87	53	6,333
3	87	55	11,981
3	87	60	12,1
3	87	62	1,26
3	87	67	9,972
3	87	73	9,303
3	87	79	25,701
3	87	80	14,929
3	87	81	9,092
3	87	84	3,132
3	87	96	1,256
3	87	97	10,784
3	96	4	0,773
3	96	5	1,25
3	96	7	2,442
3	96	10	5,595
3	96	27	2,59
3	96	28	26,289
3	96	33	0,56
3	96	42	2,913
3	96	52	12,722
3	96	53	2,744
3	96	55	6,125
3	96	60	4,643
3	96	62	13,144
3	96	67	8,21
3	96	73	4,286
3	96	79	0,684
3	96	80	1,471
3	96	81	6,412
3	96	84	1,374
3	96	87	12,8
3	96	97	18,555
3	97	4	20,813
3	97	5	0,573
3	97	7	11,104
3	97	10	19,157
3	97	27	1,121
3	97	28	5,594
3	97	33	3,866
3	97	42	10,063
3	97	52	21,052
3	97	53	12,175
3	97	55	2,987
3	97	60	23,205
3	97	62	7,151
3	97	67	3,154
3	97	73	5,893
3	97	79	24,076
3	97	80	18,374
3	97	81	0,673
3	97	84	1,737
3	97	87	14,243
3	97	96	2,067
4	1	7	9,067
4	1	8	1,119
4	1	12	2,461
4	1	15	7,795
4	1	17	2,754
4	1	21	2,814
4	1	34	4,915
4	1	39	0,533
4	1	43	2,916
4	1	47	2,849
4	1	51	45,911
4	1	53	2,583
4	1	57	0,512
4	1	62	0,657
4	1	64	7,471
4	1	65	6,951
4	1	67	1,342
4	1	70	6,724
4	1	72	1,432
4	1	82	18,809
4	1	86	1,142
4	1	92	1,905
4	1	97	9,492
4	1	98	1,48
4	1	100	4,889
4	7	1	3,974
4	7	8	6,417
4	7	12	13,628
4	7	15	3,513
4	7	17	1,842
4	7	21	5,047
4	7	34	4,734
4	7	39	5,887
4	7	43	3,256
4	7	47	11,853
4	7	51	5,385
4	7	53	6,274
4	7	57	54,372
4	7	62	2,498
4	7	64	6,922
4	7	65	5,262
4	7	67	7,466
4	7	70	6,621
4	7	72	1,743
4	7	82	5,626
4	7	86	9,937
4	7	92	2,006
4	7	97	1,969
4	7	98	11,529
4	7	100	0,814
4	8	1	0,503
4	8	7	6,658
4	8	12	13,288
4	8	15	6,756
4	8	17	1,316
4	8	21	16,468
4	8	34	23,278
4	8	39	31,49
4	8	43	8,847
4	8	47	4,922
4	8	51	2,296
4	8	53	3,919
4	8	57	27,725
4	8	62	6,403
4	8	64	2,538
4	8	65	9,176
4	8	67	5,443
4	8	70	5,69
4	8	72	11,883
4	8	82	2,952
4	8	86	7,373
4	8	92	12,447
4	8	97	4,461
4	8	98	4,885
4	8	100	3,227
4	12	1	13,403
4	12	7	3,997
4	12	8	0,566
4	12	15	6,265
4	12	17	9,407
4	12	21	16,815
4	12	34	9,364
4	12	39	4,214
4	12	43	1,636
4	12	47	0,565
4	12	51	1,641
4	12	53	17,003
4	12	57	4,898
4	12	62	4,655
4	12	64	14,904
4	12	65	4,59
4	12	67	12,562
4	12	70	4,013
4	12	72	10,544
4	12	82	3,006
4	12	86	10,968
4	12	92	1,41
4	12	97	1,426
4	12	98	2,659
4	12	100	11,528
4	15	1	10,999
4	15	7	5,862
4	15	8	0,519
4	15	12	5,985
4	15	17	2,137
4	15	21	0,949
4	15	34	2,776
4	15	39	2,33
4	15	43	4,846
4	15	47	2,553
4	15	51	10,432
4	15	53	1,81
4	15	57	7,111
4	15	62	6,714
4	15	64	2,455
4	15	65	11,522
4	15	67	2,316
4	15	70	1,234
4	15	72	3,334
4	15	82	1,15
4	15	86	5,629
4	15	92	4,504
4	15	97	15,677
4	15	98	2,13
4	15	100	2,158
4	17	1	8,451
4	17	7	8,73
4	17	8	0,844
4	17	12	8,323
4	17	15	1,621
4	17	21	3,207
4	17	34	7,442
4	17	39	44,547
4	17	43	1,868
4	17	47	7,267
4	17	51	4,327
4	17	53	4,914
4	17	57	6,716
4	17	62	14,456
4	17	64	1,078
4	17	65	2,637
4	17	67	1,121
4	17	70	4,409
4	17	72	7,23
4	17	82	22,094
4	17	86	10,587
4	17	92	9,92
4	17	97	0,621
4	17	98	1,1
4	17	100	4,713
4	21	1	1,021
4	21	7	6,21
4	21	8	8,578
4	21	12	1,161
4	21	15	15,369
4	21	17	4,547
4	21	34	4,271
4	21	39	0,998
4	21	43	1,289
4	21	47	4,313
4	21	51	17,714
4	21	53	2,869
4	21	57	14,999
4	21	62	8,592
4	21	64	13,273
4	21	65	14,439
4	21	67	1,397
4	21	70	2,234
4	21	72	7,288
4	21	82	2,399
4	21	86	0,834
4	21	92	9,88
4	21	97	1,645
4	21	98	2,515
4	21	100	5,769
4	34	1	1,794
4	34	7	0,552
4	34	8	2,842
4	34	12	5,489
4	34	15	6,164
4	34	17	3,679
4	34	21	26,538
4	34	39	1,435
4	34	43	14,646
4	34	47	4,868
4	34	51	2,936
4	34	53	2,898
4	34	57	8,688
4	34	62	7,722
4	34	64	9,632
4	34	65	3,122
4	34	67	1,973
4	34	70	1,059
4	34	72	3,094
4	34	82	3,953
4	34	86	9,634
4	34	92	17,797
4	34	97	12,923
4	34	98	12,158
4	34	100	8,346
4	39	1	12,439
4	39	7	3,623
4	39	8	5,674
4	39	12	1,034
4	39	15	20,768
4	39	17	12,301
4	39	21	12,409
4	39	34	6,913
4	39	43	0,648
4	39	47	4,278
4	39	51	8,514
4	39	53	1,772
4	39	57	15,913
4	39	62	6,119
4	39	64	2,531
4	39	65	1,984
4	39	67	7,465
4	39	70	2,256
4	39	72	2,744
4	39	82	2,513
4	39	86	2,828
4	39	92	4,147
4	39	97	11,263
4	39	98	1,56
4	39	100	5,063
4	43	1	8,91
4	43	7	7,501
4	43	8	2,519
4	43	12	3,495
4	43	15	29,59
4	43	17	0,581
4	43	21	4,445
4	43	34	0,555
4	43	39	3,639
4	43	47	1,797
4	43	51	2,645
4	43	53	8,571
4	43	57	2,982
4	43	62	25,384
4	43	64	0,553
4	43	65	1,297
4	43	67	5,067
4	43	70	1,681
4	43	72	10,16
4	43	82	3,443
4	43	86	2,645
4	43	92	2,866
4	43	97	3,651
4	43	98	0,743
4	43	100	1,726
4	47	1	1,783
4	47	7	1,885
4	47	8	13,271
4	47	12	0,718
4	47	15	6,623
4	47	17	3,557
4	47	21	5,304
4	47	34	1,337
4	47	39	3,432
4	47	43	9,735
4	47	51	4,793
4	47	53	7,737
4	47	57	5,637
4	47	62	2,717
4	47	64	5,711
4	47	65	1,369
4	47	67	9,653
4	47	70	0,796
4	47	72	21,795
4	47	82	1,887
4	47	86	3,356
4	47	92	0,582
4	47	97	3,738
4	47	98	1,52
4	47	100	13,405
4	51	1	21,061
4	51	7	7,316
4	51	8	19,981
4	51	12	2,65
4	51	15	0,667
4	51	17	8,265
4	51	21	0,815
4	51	34	22,759
4	51	39	6,155
4	51	43	6,654
4	51	47	12,482
4	51	53	1,532
4	51	57	1,398
4	51	62	8,35
4	51	64	14,203
4	51	65	3,304
4	51	67	11,589
4	51	70	0,691
4	51	72	9,462
4	51	82	5,166
4	51	86	8,902
4	51	92	14,396
4	51	97	3,107
4	51	98	0,979
4	51	100	2,702
4	53	1	2,176
4	53	7	24,605
4	53	8	8,431
4	53	12	3,941
4	53	15	4,178
4	53	17	7,551
4	53	21	36,693
4	53	34	14,675
4	53	39	3,979
4	53	43	6,133
4	53	47	1,429
4	53	51	4,217
4	53	57	2,318
4	53	62	5,481
4	53	64	2,364
4	53	65	2,495
4	53	67	0,962
4	53	70	3,589
4	53	72	7,944
4	53	82	2,021
4	53	86	0,735
4	53	92	6,637
4	53	97	14,053
4	53	98	0,953
4	53	100	0,626
4	57	1	6
4	57	7	7,672
4	57	8	2,763
4	57	12	6,006
4	57	15	4,845
4	57	17	13,367
4	57	21	8,078
4	57	34	2,031
4	57	39	10,857
4	57	43	14,637
4	57	47	2,536
4	57	51	10,5
4	57	53	3,412
4	57	62	10,687
4	57	64	1,496
4	57	65	7,524
4	57	67	1,884
4	57	70	3,644
4	57	72	7,005
4	57	82	0,781
4	57	86	6,63
4	57	92	4,014
4	57	97	7,041
4	57	98	0,648
4	57	100	8,829
4	62	1	0,653
4	62	7	6,679
4	62	8	0,64
4	62	12	1,731
4	62	15	3,921
4	62	17	21,611
4	62	21	8,263
4	62	34	2,046
4	62	39	31,158
4	62	43	32,502
4	62	47	6,095
4	62	51	4,91
4	62	53	20,148
4	62	57	27,729
4	62	64	3,138
4	62	65	3,026
4	62	67	7,719
4	62	70	3,307
4	62	72	2,927
4	62	82	16,781
4	62	86	0,947
4	62	92	8,308
4	62	97	7,112
4	62	98	0,917
4	62	100	0,708
4	64	1	11,451
4	64	7	2,026
4	64	8	19,599
4	64	12	17,577
4	64	15	3,843
4	64	17	1,624
4	64	21	2,138
4	64	34	5,205
4	64	39	3,554
4	64	43	7,568
4	64	47	4,267
4	64	51	12,01
4	64	53	13,385
4	64	57	13,222
4	64	62	5,127
4	64	65	3,496
4	64	67	4,208
4	64	70	8,316
4	64	72	2,741
4	64	82	6,275
4	64	86	2,364
4	64	92	2,94
4	64	97	0,923
4	64	98	9,099
4	64	100	4,794
4	65	1	0,994
4	65	7	6,426
4	65	8	2,693
4	65	12	3,216
4	65	15	16,208
4	65	17	4,677
4	65	21	11,708
4	65	34	1,097
4	65	39	1,606
4	65	43	1,281
4	65	47	0,693
4	65	51	4,425
4	65	53	8,059
4	65	57	10,147
4	65	62	6,358
4	65	64	10,681
4	65	67	14,57
4	65	70	2,811
4	65	72	24,048
4	65	82	1,852
4	65	86	8,061
4	65	92	41,675
4	65	97	3,932
4	65	98	1,063
4	65	100	2,359
4	67	1	1,811
4	67	7	7,942
4	67	8	2,247
4	67	12	3,444
4	67	15	2,288
4	67	17	12,559
4	67	21	13,233
4	67	34	4,707
4	67	39	5,558
4	67	43	6,842
4	67	47	5,588
4	67	51	4,137
4	67	53	7,646
4	67	57	4,517
4	67	62	2,051
4	67	64	3,74
4	67	65	1,463
4	67	70	2,121
4	67	72	2,331
4	67	82	25,23
4	67	86	0,941
4	67	92	1,648
4	67	97	1,724
4	67	98	17,829
4	67	100	8,617
4	70	1	1,706
4	70	7	6,745
4	70	8	15,402
4	70	12	5,375
4	70	15	3,099
4	70	17	0,829
4	70	21	7,042
4	70	34	2,749
4	70	39	9,045
4	70	43	1,579
4	70	47	1,88
4	70	51	5,947
4	70	53	4,68
4	70	57	4,537
4	70	62	12,372
4	70	64	2,313
4	70	65	3,955
4	70	67	8,086
4	70	72	9,831
4	70	82	1,883
4	70	86	1,516
4	70	92	3,538
4	70	97	7,574
4	70	98	2,857
4	70	100	1,042
4	72	1	0,635
4	72	7	3,009
4	72	8	7,855
4	72	12	13,535
4	72	15	1,378
4	72	17	31,233
4	72	21	9,871
4	72	34	9,012
4	72	39	7,967
4	72	43	5,843
4	72	47	5,669
4	72	51	4,475
4	72	53	5,671
4	72	57	2,948
4	72	62	1,646
4	72	64	1,754
4	72	65	19,695
4	72	67	14,077
4	72	70	5,539
4	72	82	5,306
4	72	86	0,818
4	72	92	2,681
4	72	97	8,948
4	72	98	10,93
4	72	100	1,365
4	82	1	1,41
4	82	7	1,911
4	82	8	1,702
4	82	12	7,016
4	82	15	3,06
4	82	17	0,769
4	82	21	5,23
4	82	34	1,309
4	82	39	5,421
4	82	43	5,2
4	82	47	4,347
4	82	51	10,094
4	82	53	2,75
4	82	57	20,681
4	82	62	6,613
4	82	64	9,041
4	82	65	4,956
4	82	67	4,189
4	82	70	3,688
4	82	72	12,123
4	82	86	3,355
4	82	92	1,136
4	82	97	2,203
4	82	98	3,882
4	82	100	8,173
4	86	1	0,78
4	86	7	3,227
4	86	8	1,131
4	86	12	1,455
4	86	15	2,915
4	86	17	9,356
4	86	21	2,277
4	86	34	2,86
4	86	39	6,093
4	86	43	0,598
4	86	47	12,959
4	86	51	13,55
4	86	53	2,21
4	86	57	1,222
4	86	62	0,62
4	86	64	1,123
4	86	65	14,49
4	86	67	15,682
4	86	70	0,527
4	86	72	3,956
4	86	82	0,918
4	86	92	14,049
4	86	97	3,036
4	86	98	3,025
4	86	100	1,068
4	92	1	2,017
4	92	7	10,131
4	92	8	5,327
4	92	12	1,724
4	92	15	1,681
4	92	17	9,611
4	92	21	15,777
4	92	34	4,557
4	92	39	1,359
4	92	43	4,274
4	92	47	6,345
4	92	51	4,635
4	92	53	10,81
4	92	57	3,705
4	92	62	0,731
4	92	64	4,076
4	92	65	2,045
4	92	67	1,815
4	92	70	2,622
4	92	72	6,073
4	92	82	4,078
4	92	86	13,538
4	92	97	9,327
4	92	98	5,457
4	92	100	7,494
4	97	1	1,772
4	97	7	1,743
4	97	8	25,39
4	97	12	18,367
4	97	15	0,552
4	97	17	2,221
4	97	21	17,809
4	97	34	9,425
4	97	39	5,1
4	97	43	6,926
4	97	47	2,638
4	97	51	3,712
4	97	53	1,64
4	97	57	6,688
4	97	62	6,715
4	97	64	9,343
4	97	65	19,874
4	97	67	7,372
4	97	70	1,81
4	97	72	3,538
4	97	82	7,434
4	97	86	0,789
4	97	92	16,557
4	97	98	1,006
4	97	100	3,482
4	98	1	7,372
4	98	7	2,573
4	98	8	3,243
4	98	12	12,05
4	98	15	1,969
4	98	17	0,674
4	98	21	7,214
4	98	34	3,556
4	98	39	5,563
4	98	43	5,416
4	98	47	1,363
4	98	51	0,984
4	98	53	1,511
4	98	57	0,676
4	98	62	3,05
4	98	64	4,652
4	98	65	14,657
4	98	67	12,368
4	98	70	1,23
4	98	72	16,669
4	98	82	2,617
4	98	86	5,329
4	98	92	4,184
4	98	97	2,213
4	98	100	34,826
4	100	1	2,715
4	100	7	0,564
4	100	8	2,157
4	100	12	31,546
4	100	15	6,562
4	100	17	1,017
4	100	21	4,734
4	100	34	10,935
4	100	39	7,744
4	100	43	5,415
4	100	47	7,336
4	100	51	7,161
4	100	53	2,279
4	100	57	1,46
4	100	62	6,776
4	100	64	0,993
4	100	65	0,676
4	100	67	16,637
4	100	70	0,802
4	100	72	31,015
4	100	82	7,758
4	100	86	3,91
4	100	92	4,121
4	100	97	9,125
4	100	98	1,98
5	11	17	2,981
5	11	20	0,608
5	11	22	3,267
5	11	27	9,474
5	11	35	4,736
5	11	36	9,663
5	11	43	4,22
5	11	47	19,09
5	11	52	9,861
5	11	55	0,795
5	11	66	15,317
5	11	81	3,815
5	11	82	0,516
5	11	88	0,566
5	11	91	4,661
5	11	94	0,871
5	11	99	9,204
5	17	11	7,813
5	17	20	3,35
5	17	22	13,288
5	17	27	2,165
5	17	35	4,941
5	17	36	1,14
5	17	43	4,057
5	17	47	18,949
5	17	52	7,249
5	17	55	4,887
5	17	66	5,825
5	17	81	3,084
5	17	82	2,169
5	17	88	11,729
5	17	91	4,021
5	17	94	2,89
5	17	99	1,653
5	20	11	11,764
5	20	17	2,111
5	20	22	3,078
5	20	27	4,449
5	20	35	0,956
5	20	36	5,155
5	20	43	2,084
5	20	47	12,022
5	20	52	1,024
5	20	55	0,594
5	20	66	4,727
5	20	81	13,248
5	20	82	4,282
5	20	88	1,804
5	20	91	5,35
5	20	94	1,743
5	20	99	4,992
5	22	11	0,736
5	22	17	5,032
5	22	20	1,299
5	22	27	20,183
5	22	35	6,449
5	22	36	9,113
5	22	43	3,394
5	22	47	1,252
5	22	52	6,462
5	22	55	1,765
5	22	66	10,257
5	22	81	10,262
5	22	82	4,788
5	22	88	9,135
5	22	91	2,231
5	22	94	7,029
5	22	99	7,363
5	27	11	0,921
5	27	17	1,395
5	27	20	3,392
5	27	22	2,92
5	27	35	2,718
5	27	36	2,374
5	27	43	9,95
5	27	47	1,355
5	27	52	1,381
5	27	55	6,874
5	27	66	2,602
5	27	81	3,73
5	27	82	1,184
5	27	88	9,371
5	27	91	4,126
5	27	94	10,064
5	27	99	2,52
5	35	11	6,456
5	35	17	5,722
5	35	20	3,23
5	35	22	4,576
5	35	27	4,625
5	35	36	14,489
5	35	43	2,957
5	35	47	0,959
5	35	52	1,214
5	35	55	0,533
5	35	66	9,945
5	35	81	1,388
5	35	82	2,536
5	35	88	6,946
5	35	91	2,376
5	35	94	5,427
5	35	99	1,511
5	36	11	11,205
5	36	17	1,787
5	36	20	0,539
5	36	22	1,378
5	36	27	6,536
5	36	35	3,958
5	36	43	5,783
5	36	47	6,237
5	36	52	2,033
5	36	55	0,977
5	36	66	4,184
5	36	81	3,094
5	36	82	14,866
5	36	88	0,886
5	36	91	8,254
5	36	94	11,106
5	36	99	13,432
5	43	11	3,784
5	43	17	1,983
5	43	20	2,226
5	43	22	13,045
5	43	27	1,958
5	43	35	2,6
5	43	36	10,847
5	43	47	56,45
5	43	52	7,659
5	43	55	1,153
5	43	66	0,631
5	43	81	1,945
5	43	82	0,666
5	43	88	12,072
5	43	91	4,906
5	43	94	1,644
5	43	99	1,591
5	47	11	0,745
5	47	17	9,494
5	47	20	2,035
5	47	22	3,381
5	47	27	4,554
5	47	35	4,274
5	47	36	1,244
5	47	43	13,617
5	47	52	11,767
5	47	55	5,357
5	47	66	10,862
5	47	81	1,914
5	47	82	1,43
5	47	88	1,864
5	47	91	22,498
5	47	94	17,718
5	47	99	0,844
5	52	11	1,29
5	52	17	4,091
5	52	20	10,42
5	52	22	4,066
5	52	27	5,045
5	52	35	14,615
5	52	36	16,181
5	52	43	3,129
5	52	47	2,004
5	52	55	1,619
5	52	66	17,371
5	52	81	18,291
5	52	82	14,417
5	52	88	9,336
5	52	91	0,554
5	52	94	2,559
5	52	99	5,528
5	55	11	8,476
5	55	17	39,982
5	55	20	20,497
5	55	22	4,527
5	55	27	10,385
5	55	35	18,99
5	55	36	2,457
5	55	43	1,858
5	55	47	14,622
5	55	52	2,947
5	55	66	1,278
5	55	81	13,784
5	55	82	8,737
5	55	88	2,658
5	55	91	0,713
5	55	94	6,732
5	55	99	9,343
5	66	11	1,827
5	66	17	0,935
5	66	20	3,966
5	66	22	6,828
5	66	27	12,216
5	66	35	42,687
5	66	36	7,8
5	66	43	5,33
5	66	47	4,04
5	66	52	5,358
5	66	55	16,852
5	66	81	1,494
5	66	82	3,601
5	66	88	1,32
5	66	91	8,201
5	66	94	5,337
5	66	99	0,52
5	81	11	0,697
5	81	17	10,342
5	81	20	0,739
5	81	22	1,695
5	81	27	5,721
5	81	35	4,835
5	81	36	0,883
5	81	43	1,026
5	81	47	7,542
5	81	52	3,051
5	81	55	17,193
5	81	66	1,404
5	81	82	5,92
5	81	88	5,266
5	81	91	3,441
5	81	94	1,135
5	81	99	1,109
5	82	11	4,193
5	82	17	2,473
5	82	20	8,763
5	82	22	4,562
5	82	27	6,924
5	82	35	15,69
5	82	36	1,029
5	82	43	8,473
5	82	47	16,359
5	82	52	5,845
5	82	55	4,519
5	82	66	8,304
5	82	81	1,895
5	82	88	0,887
5	82	91	5,133
5	82	94	0,958
5	82	99	4,792
5	88	11	2,546
5	88	17	5,849
5	88	20	1,074
5	88	22	4,812
5	88	27	2,101
5	88	35	7,526
5	88	36	1,753
5	88	43	0,942
5	88	47	2,477
5	88	52	3,214
5	88	55	8,669
5	88	66	18,2
5	88	81	3,262
5	88	82	12,554
5	88	91	3,103
5	88	94	14,042
5	88	99	2,02
5	91	11	0,627
5	91	17	1,712
5	91	20	5,849
5	91	22	3,308
5	91	27	11,546
5	91	35	4,126
5	91	36	4,707
5	91	43	2,356
5	91	47	0,894
5	91	52	1,322
5	91	55	0,712
5	91	66	4,031
5	91	81	7,056
5	91	82	5,237
5	91	88	5,692
5	91	94	2,343
5	91	99	5,443
5	94	11	1,778
5	94	17	3,252
5	94	20	9,322
5	94	22	8,824
5	94	27	4,846
5	94	35	6,137
5	94	36	4,181
5	94	43	12,186
5	94	47	1,889
5	94	52	1,945
5	94	55	2,116
5	94	66	12,379
5	94	81	1,398
5	94	82	5,675
5	94	88	16,917
5	94	91	2,205
5	94	99	10,166
5	99	11	5,967
5	99	17	5,191
5	99	20	15,093
5	99	22	5,79
5	99	27	3,143
5	99	35	12,591
5	99	36	5,554
5	99	43	4,718
5	99	47	8,003
5	99	52	1,019
5	99	55	6,428
5	99	66	13,421
5	99	81	2,521
5	99	82	5,823
5	99	88	2,404
5	99	91	1,099
5	99	94	1,661
6	11	13	3,368
6	11	15	11,588
6	11	26	2,407
6	11	38	2,133
6	11	43	7,595
6	11	45	11,25
6	11	50	17,947
6	11	55	4,078
6	11	57	1,409
6	11	58	0,83
6	11	62	24,358
6	11	66	6,701
6	11	67	2,367
6	11	68	2,532
6	11	71	4,522
6	11	74	32,932
6	11	80	4,176
6	11	81	1,258
6	11	87	2,795
6	11	88	9,527
6	11	89	3,806
6	11	95	3,333
6	13	11	12,105
6	13	15	2,518
6	13	26	2,218
6	13	38	4,326
6	13	43	3,465
6	13	45	14,13
6	13	50	6,34
6	13	55	2,675
6	13	57	42,966
6	13	58	16,993
6	13	62	9,209
6	13	66	30,17
6	13	67	17,067
6	13	68	3,213
6	13	71	3,273
6	13	74	6,255
6	13	80	1,065
6	13	81	0,605
6	13	87	2,807
6	13	88	5,427
6	13	89	1,884
6	13	95	23,267
6	15	11	11,249
6	15	13	5,298
6	15	26	9,165
6	15	38	9,523
6	15	43	2,245
6	15	45	2,741
6	15	50	11,965
6	15	55	5,968
6	15	57	1,479
6	15	58	4,575
6	15	62	3,903
6	15	66	9,979
6	15	67	19,582
6	15	68	2,369
6	15	71	10,459
6	15	74	8,647
6	15	80	4,116
6	15	81	3,012
6	15	87	6,944
6	15	88	2,235
6	15	89	4,203
6	15	95	4,212
6	26	11	1,773
6	26	13	5,626
6	26	15	1,302
6	26	38	9,586
6	26	43	4,905
6	26	45	16,469
6	26	50	3,554
6	26	55	3,545
6	26	57	12,05
6	26	58	1,934
6	26	62	6,701
6	26	66	16,653
6	26	67	8,116
6	26	68	2,737
6	26	71	1,524
6	26	74	6,467
6	26	80	6,184
6	26	81	13,521
6	26	87	2,25
6	26	88	1,026
6	26	89	1,572
6	26	95	1,428
6	38	11	6,924
6	38	13	2,203
6	38	15	5,464
6	38	26	3,241
6	38	43	2,88
6	38	45	0,572
6	38	50	7,124
6	38	55	4,41
6	38	57	1,908
6	38	58	5,674
6	38	62	1,518
6	38	66	0,913
6	38	67	5,611
6	38	68	5,936
6	38	71	3,87
6	38	74	1,203
6	38	80	4,005
6	38	81	5,267
6	38	87	6,46
6	38	88	5,1
6	38	89	13,066
6	38	95	4,526
6	43	11	1,115
6	43	13	6,389
6	43	15	4,848
6	43	26	0,585
6	43	38	3,056
6	43	45	4,12
6	43	50	5,4
6	43	55	5,589
6	43	57	8,681
6	43	58	4,067
6	43	62	0,833
6	43	66	1,112
6	43	67	9,09
6	43	68	5,123
6	43	71	0,915
6	43	74	3,301
6	43	80	4,72
6	43	81	1,666
6	43	87	3,705
6	43	88	2,127
6	43	89	24,222
6	43	95	2,523
6	45	11	9,515
6	45	13	4,216
6	45	15	4,86
6	45	26	0,713
6	45	38	1,967
6	45	43	3,192
6	45	50	1,656
6	45	55	1,415
6	45	57	2,533
6	45	58	3,972
6	45	62	4,107
6	45	66	1,024
6	45	67	9,024
6	45	68	0,799
6	45	71	2,667
6	45	74	3,246
6	45	80	0,574
6	45	81	6,119
6	45	87	18,551
6	45	88	4,866
6	45	89	8,941
6	45	95	1,819
6	50	11	1,93
6	50	13	1,069
6	50	15	4,715
6	50	26	2,175
6	50	38	1,129
6	50	43	1,108
6	50	45	11,974
6	50	55	15,843
6	50	57	0,552
6	50	58	20,421
6	50	62	8,592
6	50	66	9,002
6	50	67	5,585
6	50	68	1,489
6	50	71	3,12
6	50	74	9,965
6	50	80	10,135
6	50	81	7,934
6	50	87	1,694
6	50	88	4,732
6	50	89	6,071
6	50	95	3,005
6	55	11	3,395
6	55	13	24,111
6	55	15	21,901
6	55	26	0,505
6	55	38	1,449
6	55	43	6,083
6	55	45	6,31
6	55	50	5,88
6	55	57	27,616
6	55	58	6,642
6	55	62	18,589
6	55	66	20,64
6	55	67	10,034
6	55	68	0,731
6	55	71	3,657
6	55	74	7,655
6	55	80	4,801
6	55	81	2,142
6	55	87	2,936
6	55	88	4,022
6	55	89	3,85
6	55	95	1,699
6	57	11	0,948
6	57	13	7,659
6	57	15	1,861
6	57	26	1,687
6	57	38	7,137
6	57	43	2,653
6	57	45	15,656
6	57	50	5,746
6	57	55	2,114
6	57	58	2,892
6	57	62	1,44
6	57	66	9,455
6	57	67	1,455
6	57	68	11,321
6	57	71	2,914
6	57	74	1,672
6	57	80	4,855
6	57	81	0,839
6	57	87	11,565
6	57	88	18,925
6	57	89	5,277
6	57	95	7,65
6	58	11	1,501
6	58	13	10,387
6	58	15	1,363
6	58	26	10,635
6	58	38	6,431
6	58	43	9,015
6	58	45	5,877
6	58	50	5,765
6	58	55	4,271
6	58	57	3,652
6	58	62	4,546
6	58	66	1,2
6	58	67	8,917
6	58	68	5,055
6	58	71	13,768
6	58	74	10,345
6	58	80	4,477
6	58	81	24,756
6	58	87	0,913
6	58	88	0,908
6	58	89	8,785
6	58	95	2,307
6	62	11	2,08
6	62	13	9,459
6	62	15	6,604
6	62	26	5,754
6	62	38	4,091
6	62	43	2,465
6	62	45	4,017
6	62	50	8,941
6	62	55	4,441
6	62	57	8,189
6	62	58	65,891
6	62	66	2,759
6	62	67	5,574
6	62	68	2,122
6	62	71	14,691
6	62	74	2,796
6	62	80	1,108
6	62	81	6,168
6	62	87	3,485
6	62	88	2,663
6	62	89	6,317
6	62	95	8,879
6	66	11	6,531
6	66	13	1,032
6	66	15	4,783
6	66	26	9,283
6	66	38	11,144
6	66	43	8,065
6	66	45	12,623
6	66	50	6,928
6	66	55	2,828
6	66	57	7,339
6	66	58	2,133
6	66	62	6,777
6	66	67	2,346
6	66	68	4,586
6	66	71	4,343
6	66	74	8,604
6	66	80	8,772
6	66	81	62,759
6	66	87	19,129
6	66	88	6,458
6	66	89	3,002
6	66	95	1,137
6	67	11	6,586
6	67	13	7,186
6	67	15	5,727
6	67	26	17,071
6	67	38	4,482
6	67	43	6,325
6	67	45	4,625
6	67	50	12,301
6	67	55	5,754
6	67	57	3,557
6	67	58	1,256
6	67	62	23,305
6	67	66	1,245
6	67	68	6,832
6	67	71	8,921
6	67	74	21,879
6	67	80	2,008
6	67	81	3,493
6	67	87	4,528
6	67	88	5,91
6	67	89	4,686
6	67	95	2,219
6	68	11	9,62
6	68	13	13,078
6	68	15	2,042
6	68	26	1,443
6	68	38	30,959
6	68	43	0,995
6	68	45	18,013
6	68	50	1,434
6	68	55	0,703
6	68	57	3,871
6	68	58	4,005
6	68	62	0,791
6	68	66	5,514
6	68	67	10,316
6	68	71	17,737
6	68	74	11,562
6	68	80	6,819
6	68	81	6,28
6	68	87	3,297
6	68	88	33,172
6	68	89	8,927
6	68	95	12,257
6	71	11	2,919
6	71	13	3,742
6	71	15	0,889
6	71	26	8,588
6	71	38	0,885
6	71	43	12,063
6	71	45	6,379
6	71	50	2,747
6	71	55	4,446
6	71	57	13,328
6	71	58	14,181
6	71	62	0,726
6	71	66	5,893
6	71	67	17,02
6	71	68	7,366
6	71	74	10,551
6	71	80	18,079
6	71	81	7,73
6	71	87	0,661
6	71	88	2,477
6	71	89	13,517
6	71	95	4,723
6	74	11	9,469
6	74	13	9,369
6	74	15	3,298
6	74	26	17,524
6	74	38	2,171
6	74	43	5,818
6	74	45	6,707
6	74	50	6,267
6	74	55	2,925
6	74	57	1,305
6	74	58	12,75
6	74	62	0,799
6	74	66	0,949
6	74	67	8,32
6	74	68	4,076
6	74	71	3,953
6	74	80	20,044
6	74	81	4,448
6	74	87	19,497
6	74	88	14,27
6	74	89	0,953
6	74	95	0,815
6	80	11	17,627
6	80	13	1,822
6	80	15	15,572
6	80	26	2,316
6	80	38	12,452
6	80	43	1,147
6	80	45	5,534
6	80	50	4,577
6	80	55	4,03
6	80	57	4,368
6	80	58	0,733
6	80	62	16,366
6	80	66	6,246
6	80	67	3,203
6	80	68	5,089
6	80	71	24,606
6	80	74	4,022
6	80	81	1,471
6	80	87	1,948
6	80	88	0,739
6	80	89	19,36
6	80	95	0,641
6	81	11	18,72
6	81	13	3,057
6	81	15	10,057
6	81	26	0,551
6	81	38	2,69
6	81	43	3,149
6	81	45	16,335
6	81	50	1,975
6	81	55	5,274
6	81	57	12,487
6	81	58	4,389
6	81	62	9,349
6	81	66	4,504
6	81	67	7,569
6	81	68	17,391
6	81	71	0,974
6	81	74	7,286
6	81	80	6,693
6	81	87	2,399
6	81	88	1,903
6	81	89	6,376
6	81	95	7,364
6	87	11	1,982
6	87	13	2,555
6	87	15	5,98
6	87	26	17,831
6	87	38	1,535
6	87	43	23,181
6	87	45	4,037
6	87	50	8,529
6	87	55	1,965
6	87	57	1,519
6	87	58	18,202
6	87	62	4,5
6	87	66	18,965
6	87	67	18,891
6	87	68	0,614
6	87	71	5,06
6	87	74	3,115
6	87	80	7,921
6	87	81	23,118
6	87	88	31,311
6	87	89	0,808
6	87	95	10,837
6	88	11	4,104
6	88	13	15,264
6	88	15	3,038
6	88	26	3,048
6	88	38	7,232
6	88	43	4,434
6	88	45	3,671
6	88	50	6,994
6	88	55	12,22
6	88	57	6,866
6	88	58	2,119
6	88	62	4,094
6	88	66	7,005
6	88	67	4,973
6	88	68	3,395
6	88	71	2,298
6	88	74	5,019
6	88	80	36,294
6	88	81	19,374
6	88	87	0,931
6	88	89	13,158
6	88	95	18,96
6	89	11	10,726
6	89	13	1,186
6	89	15	3,305
6	89	26	2,194
6	89	38	7,671
6	89	43	5,88
6	89	45	2,62
6	89	50	1,739
6	89	55	1,408
6	89	57	11,235
6	89	58	0,921
6	89	62	2,44
6	89	66	11,832
6	89	67	10,55
6	89	68	3,35
6	89	71	0,76
6	89	74	3,14
6	89	80	2,571
6	89	81	0,884
6	89	87	8,57
6	89	88	9,157
6	89	95	11,173
6	95	11	0,616
6	95	13	10,486
6	95	15	11,776
6	95	26	1,4
6	95	38	4,042
6	95	43	19,025
6	95	45	5,143
6	95	50	2,224
6	95	55	3,308
6	95	57	1,461
6	95	58	11,969
6	95	62	8,937
6	95	66	3,769
6	95	67	1,134
6	95	68	3,945
6	95	71	12,989
6	95	74	1,21
6	95	80	9,288
6	95	81	7,868
6	95	87	20,325
6	95	88	1,747
6	95	89	4,026
7	7	17	4,471
7	7	22	2,035
7	7	37	1,396
7	7	39	9,544
7	7	49	4,898
7	7	55	9,968
7	7	59	0,909
7	7	65	8,04
7	7	67	9,401
7	7	78	1,64
7	7	85	3,496
7	7	90	8,213
7	7	93	4,809
7	7	99	1,292
7	17	7	4,475
7	17	22	1,33
7	17	37	1,659
7	17	39	2,866
7	17	49	1,327
7	17	55	5,245
7	17	59	12,169
7	17	65	10,497
7	17	67	11,595
7	17	78	17,717
7	17	85	15,114
7	17	90	7,963
7	17	93	1,68
7	17	99	6,711
7	22	7	7,703
7	22	17	1,761
7	22	37	8,573
7	22	39	9,758
7	22	49	2,743
7	22	55	1,422
7	22	59	5,585
7	22	65	2,532
7	22	67	11,987
7	22	78	24,129
7	22	85	8,854
7	22	90	0,908
7	22	93	2,665
7	22	99	12,143
7	37	7	16,731
7	37	17	2,162
7	37	22	0,565
7	37	39	2,257
7	37	49	1,384
7	37	55	10,663
7	37	59	9,045
7	37	65	2,447
7	37	67	2,173
7	37	78	1,533
7	37	85	1,583
7	37	90	16,814
7	37	93	6,837
7	37	99	1,481
7	39	7	2,085
7	39	17	5,068
7	39	22	1,473
7	39	37	23,26
7	39	49	0,898
7	39	55	3,131
7	39	59	3,865
7	39	65	2,181
7	39	67	9,774
7	39	78	0,973
7	39	85	9,725
7	39	90	11,684
7	39	93	1,623
7	39	99	11,086
7	49	7	3,646
7	49	17	13,167
7	49	22	2,074
7	49	37	5,051
7	49	39	1,199
7	49	55	6,732
7	49	59	20,568
7	49	65	3,623
7	49	67	1,404
7	49	78	7,611
7	49	85	0,709
7	49	90	9,456
7	49	93	7,894
7	49	99	10,804
7	55	7	2,033
7	55	17	1,685
7	55	22	19,124
7	55	37	4,781
7	55	39	8,042
7	55	49	16,342
7	55	59	18,333
7	55	65	0,757
7	55	67	3,987
7	55	78	13,639
7	55	85	1,254
7	55	90	6,165
7	55	93	25,287
7	55	99	5,339
7	59	7	14,586
7	59	17	4,069
7	59	22	11,109
7	59	37	10,219
7	59	39	1,939
7	59	49	0,749
7	59	55	9,584
7	59	65	16,908
7	59	67	0,935
7	59	78	8,352
7	59	85	7,541
7	59	90	0,862
7	59	93	3,695
7	59	99	5,018
7	65	7	1,273
7	65	17	4,376
7	65	22	8,998
7	65	37	4,18
7	65	39	7,438
7	65	49	22,804
7	65	55	3,301
7	65	59	1,221
7	65	67	0,756
7	65	78	6,911
7	65	85	2,127
7	65	90	1,122
7	65	93	3,323
7	65	99	24,513
7	67	7	2,235
7	67	17	4,148
7	67	22	2,537
7	67	37	1,819
7	67	39	7,028
7	67	49	11,246
7	67	55	5,067
7	67	59	2,201
7	67	65	19,132
7	67	78	3,534
7	67	85	2,399
7	67	90	5,399
7	67	93	7,003
7	67	99	9,877
7	78	7	14,532
7	78	17	3,224
7	78	22	13,577
7	78	37	1,147
7	78	39	4,444
7	78	49	8,637
7	78	55	4,051
7	78	59	5,608
7	78	65	3,701
7	78	67	4,61
7	78	85	3,182
7	78	90	1,159
7	78	93	2,638
7	78	99	1,559
7	85	7	2,131
7	85	17	9,677
7	85	22	19,799
7	85	37	2,64
7	85	39	12,028
7	85	49	0,762
7	85	55	3,504
7	85	59	5,244
7	85	65	16,107
7	85	67	4,79
7	85	78	1,595
7	85	90	7,787
7	85	93	19,369
7	85	99	0,979
7	90	7	2,629
7	90	17	7,167
7	90	22	11,023
7	90	37	5,572
7	90	39	7,349
7	90	49	7,399
7	90	55	5,26
7	90	59	18,846
7	90	65	7,283
7	90	67	2,43
7	90	78	3,813
7	90	85	10,263
7	90	93	3,468
7	90	99	2,475
7	93	7	5,655
7	93	17	14,204
7	93	22	6,541
7	93	37	15,837
7	93	39	1,239
7	93	49	7,743
7	93	55	10,483
7	93	59	8,617
7	93	65	0,894
7	93	67	10,645
7	93	78	11,442
7	93	85	1,983
7	93	90	9,153
7	93	99	3,464
7	99	7	11,978
7	99	17	4,405
7	99	22	2,561
7	99	37	5,428
7	99	39	0,604
7	99	49	0,92
7	99	55	3,69
7	99	59	4,243
7	99	65	2,098
7	99	67	1,425
7	99	78	15,151
7	99	85	4,111
7	99	90	22,064
7	99	93	6,163
8	3	9	5,832
8	3	14	1,063
8	3	17	0,691
8	3	27	2,726
8	3	29	5,852
8	3	40	4,127
8	3	46	9,867
8	3	51	30,326
8	3	52	8,008
8	3	54	3,155
8	3	62	5,691
8	3	78	7,689
8	3	79	19,869
8	3	80	8,634
8	3	90	6,532
8	3	91	0,966
8	3	92	4,163
8	3	93	1,908
8	3	95	7,921
8	9	3	0,969
8	9	14	3,441
8	9	17	21,285
8	9	27	0,597
8	9	29	2,195
8	9	40	10,566
8	9	46	13,53
8	9	51	1,015
8	9	52	14,614
8	9	54	1,736
8	9	62	5,559
8	9	78	4,293
8	9	79	2,717
8	9	80	5,437
8	9	90	1,765
8	9	91	6,959
8	9	92	4,548
8	9	93	5,874
8	9	95	6,812
8	14	3	7,528
8	14	9	2,088
8	14	17	0,943
8	14	27	1,9
8	14	29	0,555
8	14	40	8,391
8	14	46	1,571
8	14	51	14,043
8	14	52	17,625
8	14	54	7,184
8	14	62	1,463
8	14	78	59,671
8	14	79	2,065
8	14	80	2,565
8	14	90	7,719
8	14	91	6,347
8	14	92	13,022
8	14	93	1,963
8	14	95	5,212
8	17	3	5,703
8	17	9	0,82
8	17	14	7,589
8	17	27	14,487
8	17	29	4,743
8	17	40	43,709
8	17	46	2,165
8	17	51	4,395
8	17	52	18,127
8	17	54	1,244
8	17	62	1,942
8	17	78	3,683
8	17	79	7,429
8	17	80	1,538
8	17	90	0,856
8	17	91	0,748
8	17	92	2,655
8	17	93	9,731
8	17	95	0,882
8	27	3	4,644
8	27	9	4,047
8	27	14	0,599
8	27	17	17,66
8	27	29	3,449
8	27	40	3,181
8	27	46	12,194
8	27	51	19,147
8	27	52	12,871
8	27	54	2,411
8	27	62	1,779
8	27	78	5,456
8	27	79	1,733
8	27	80	2,833
8	27	90	2,357
8	27	91	3,503
8	27	92	4,033
8	27	93	18,707
8	27	95	3,346
8	29	3	4,417
8	29	9	2,961
8	29	14	15,325
8	29	17	3,902
8	29	27	4,637
8	29	40	12,724
8	29	46	20,532
8	29	51	6,491
8	29	52	0,699
8	29	54	6,352
8	29	62	9,189
8	29	78	5,235
8	29	79	10,106
8	29	80	0,53
8	29	90	12,118
8	29	91	10,802
8	29	92	2,289
8	29	93	5,207
8	29	95	3,242
8	40	3	4,033
8	40	9	5,417
8	40	14	5,989
8	40	17	2,523
8	40	27	4,143
8	40	29	14,612
8	40	46	6,463
8	40	51	2,049
8	40	52	4,073
8	40	54	19,138
8	40	62	9,929
8	40	78	8,303
8	40	79	13,181
8	40	80	3,797
8	40	90	2,896
8	40	91	1,335
8	40	92	15,69
8	40	93	6,76
8	40	95	11,47
8	46	3	2,007
8	46	9	3,685
8	46	14	4,252
8	46	17	17,666
8	46	27	4,521
8	46	29	9,903
8	46	40	1,305
8	46	51	11,108
8	46	52	10,109
8	46	54	1,048
8	46	62	5,54
8	46	78	5,935
8	46	79	2,385
8	46	80	5,094
8	46	90	2,048
8	46	91	1,247
8	46	92	1,282
8	46	93	3,239
8	46	95	1,495
8	51	3	3,652
8	51	9	7,214
8	51	14	11,396
8	51	17	0,603
8	51	27	1,673
8	51	29	0,722
8	51	40	6,005
8	51	46	7,515
8	51	52	7,575
8	51	54	13,333
8	51	62	12,229
8	51	78	8,158
8	51	79	3,694
8	51	80	14,23
8	51	90	1,478
8	51	91	4,749
8	51	92	5,842
8	51	93	1,087
8	51	95	2,162
8	52	3	3,534
8	52	9	4,03
8	52	14	19,733
8	52	17	29,491
8	52	27	5,581
8	52	29	8,189
8	52	40	3,914
8	52	46	5,14
8	52	51	9,524
8	52	54	7,519
8	52	62	8,327
8	52	78	4,702
8	52	79	13,672
8	52	80	6,942
8	52	90	4,505
8	52	91	0,617
8	52	92	5,901
8	52	93	4,964
8	52	95	4,03
8	54	3	3,253
8	54	9	16,583
8	54	14	7,325
8	54	17	5,885
8	54	27	4,365
8	54	29	10,672
8	54	40	3,028
8	54	46	19,212
8	54	51	6,701
8	54	52	6,636
8	54	62	2,887
8	54	78	6,764
8	54	79	5,699
8	54	80	28,418
8	54	90	6,164
8	54	91	12,499
8	54	92	8,456
8	54	93	7,248
8	54	95	12,264
8	62	3	11,676
8	62	9	0,759
8	62	14	7,931
8	62	17	11,041
8	62	27	1,021
8	62	29	1,098
8	62	40	6,18
8	62	46	0,629
8	62	51	2,131
8	62	52	7,767
8	62	54	7,712
8	62	78	15,153
8	62	79	2,27
8	62	80	2,076
8	62	90	6,312
8	62	91	2,579
8	62	92	5,961
8	62	93	0,682
8	62	95	8,789
8	78	3	37,844
8	78	9	4,316
8	78	14	0,706
8	78	17	5,308
8	78	27	4,635
8	78	29	12,049
8	78	40	15,233
8	78	46	5,628
8	78	51	7,467
8	78	52	8,107
8	78	54	7,184
8	78	62	2,473
8	78	79	4,098
8	78	80	7,14
8	78	90	4,492
8	78	91	6,218
8	78	92	14,833
8	78	93	7,022
8	78	95	1,022
8	79	3	4,661
8	79	9	2,877
8	79	14	10,443
8	79	17	0,985
8	79	27	2,373
8	79	29	0,646
8	79	40	4,791
8	79	46	2,32
8	79	51	7,227
8	79	52	10,018
8	79	54	0,506
8	79	62	2,312
8	79	78	28,936
8	79	80	5
8	79	90	1,564
8	79	91	2,709
8	79	92	1,515
8	79	93	8,542
8	79	95	8,757
8	80	3	5,186
8	80	9	9,976
8	80	14	5,601
8	80	17	3,796
8	80	27	11,93
8	80	29	7,724
8	80	40	1,584
8	80	46	10,143
8	80	51	1,931
8	80	52	6,382
8	80	54	9,86
8	80	62	4,393
8	80	78	3,093
8	80	79	22,866
8	80	90	1,575
8	80	91	0,508
8	80	92	13,697
8	80	93	0,716
8	80	95	10,198
8	90	3	4,912
8	90	9	6,371
8	90	14	2,286
8	90	17	1,269
8	90	27	11,725
8	90	29	1,582
8	90	40	1,943
8	90	46	1,388
8	90	51	1,126
8	90	52	8,219
8	90	54	4,82
8	90	62	3,486
8	90	78	26,019
8	90	79	13,499
8	90	80	3,016
8	90	91	0,682
8	90	92	6,869
8	90	93	11,116
8	90	95	5,762
8	91	3	3,273
8	91	9	1,066
8	91	14	3,413
8	91	17	11,984
8	91	27	11,107
8	91	29	2,685
8	91	40	6,833
8	91	46	10,582
8	91	51	4,801
8	91	52	4,063
8	91	54	11,688
8	91	62	9,531
8	91	78	4,974
8	91	79	1,883
8	91	80	0,579
8	91	90	4,761
8	91	92	14,266
8	91	93	4,202
8	91	95	3,936
8	92	3	16,48
8	92	9	5,077
8	92	14	19,753
8	92	17	14,561
8	92	27	7,935
8	92	29	3,566
8	92	40	5,831
8	92	46	2,215
8	92	51	1,221
8	92	52	0,759
8	92	54	14,774
8	92	62	4,076
8	92	78	4,071
8	92	79	1,03
8	92	80	4,173
8	92	90	6,643
8	92	91	9,223
8	92	93	2,336
8	92	95	6,801
8	93	3	4,91
8	93	9	0,518
8	93	14	7,83
8	93	17	4,386
8	93	27	3,976
8	93	29	1,247
8	93	40	0,556
8	93	46	12,069
8	93	51	1,581
8	93	52	1,956
8	93	54	0,537
8	93	62	1,408
8	93	78	4,342
8	93	79	1,827
8	93	80	6,516
8	93	90	2,695
8	93	91	7,48
8	93	92	2,854
8	93	95	1,659
8	95	3	1,996
8	95	9	3,415
8	95	14	2,284
8	95	17	9,835
8	95	27	4,621
8	95	29	0,83
8	95	40	2,201
8	95	46	4,602
8	95	51	2,885
8	95	52	3,097
8	95	54	0,844
8	95	62	1,218
8	95	78	16,861
8	95	79	5,357
8	95	80	10,335
8	95	90	1,952
8	95	91	0,897
8	95	92	7,677
8	95	93	1,888
9	6	8	15,982
9	6	12	1,518
9	6	14	6,7
9	6	16	3,805
9	6	17	13,847
9	6	18	31,724
9	6	23	3,363
9	6	31	1,253
9	6	32	2,232
9	6	33	0,534
9	6	34	23,319
9	6	37	5,61
9	6	44	1,405
9	6	48	11,23
9	6	53	3,656
9	6	58	5,861
9	6	59	9,967
9	6	63	3,585
9	6	65	12,215
9	6	68	12,542
9	6	76	4,8
9	6	80	3,482
9	6	86	6,112
9	6	87	11,307
9	6	88	1,778
9	6	92	5,203
9	6	98	1,051
9	6	99	1,325
9	6	100	3,077
9	8	6	3,073
9	8	12	2,501
9	8	14	7,503
9	8	16	3,166
9	8	17	13,029
9	8	18	5,232
9	8	23	2,454
9	8	31	11,658
9	8	32	13,437
9	8	33	4,958
9	8	34	4,892
9	8	37	3,678
9	8	44	4,369
9	8	48	12,054
9	8	53	2,587
9	8	58	1,064
9	8	59	0,639
9	8	63	1,385
9	8	65	6,791
9	8	68	0,914
9	8	76	1,637
9	8	80	2,131
9	8	86	6,62
9	8	87	5,717
9	8	88	1,408
9	8	92	16,622
9	8	98	3,221
9	8	99	3,763
9	8	100	19,205
9	12	6	1,92
9	12	8	5,741
9	12	14	2,04
9	12	16	0,848
9	12	17	7,415
9	12	18	5,513
9	12	23	2,885
9	12	31	1,127
9	12	32	10,93
9	12	33	8,706
9	12	34	18,516
9	12	37	16,415
9	12	44	3,84
9	12	48	0,888
9	12	53	1,017
9	12	58	3,424
9	12	59	4,703
9	12	63	5,208
9	12	65	2,835
9	12	68	10,349
9	12	76	5,782
9	12	80	9,333
9	12	86	1,922
9	12	87	7,713
9	12	88	11,624
9	12	92	4,66
9	12	98	5,608
9	12	99	8,891
9	12	100	2,09
9	14	6	2,575
9	14	8	10,217
9	14	12	37,731
9	14	16	0,638
9	14	17	11,228
9	14	18	4,418
9	14	23	2,005
9	14	31	6,813
9	14	32	1,405
9	14	33	1,97
9	14	34	9,836
9	14	37	4,696
9	14	44	2,409
9	14	48	1,306
9	14	53	1,674
9	14	58	1,685
9	14	59	6,267
9	14	63	1,049
9	14	65	5,239
9	14	68	5,356
9	14	76	1,304
9	14	80	20,025
9	14	86	2,73
9	14	87	4,992
9	14	88	2,364
9	14	92	0,63
9	14	98	24,513
9	14	99	9,302
9	14	100	3,988
9	16	6	5,963
9	16	8	14,145
9	16	12	5,618
9	16	14	1,649
9	16	17	5,251
9	16	18	2,536
9	16	23	10,027
9	16	31	9,463
9	16	32	5,877
9	16	33	7,692
9	16	34	13,763
9	16	37	8,233
9	16	44	1,421
9	16	48	2,645
9	16	53	3,155
9	16	58	36,202
9	16	59	2,766
9	16	63	0,875
9	16	65	11,985
9	16	68	11,248
9	16	76	1,251
9	16	80	0,814
9	16	86	10
9	16	87	3,467
9	16	88	5,825
9	16	92	13,488
9	16	98	17,751
9	16	99	7,298
9	16	100	21,507
9	17	6	3,441
9	17	8	1,414
9	17	12	8,848
9	17	14	4,091
9	17	16	4,54
9	17	18	3,258
9	17	23	6,227
9	17	31	4,611
9	17	32	0,913
9	17	33	5,763
9	17	34	1,842
9	17	37	5,004
9	17	44	1,606
9	17	48	2,11
9	17	53	4,462
9	17	58	2,361
9	17	59	16,314
9	17	63	1,358
9	17	65	2,503
9	17	68	3,516
9	17	76	5,671
9	17	80	15,629
9	17	86	1,44
9	17	87	11,463
9	17	88	14,211
9	17	92	1,618
9	17	98	2,805
9	17	99	6,386
9	17	100	0,883
9	18	6	1,738
9	18	8	1,519
9	18	12	2,877
9	18	14	4,594
9	18	16	28,349
9	18	17	14,804
9	18	23	18,144
9	18	31	2,234
9	18	32	0,793
9	18	33	10,357
9	18	34	5,731
9	18	37	0,848
9	18	44	6,955
9	18	48	13,9
9	18	53	8,926
9	18	58	2,724
9	18	59	1,317
9	18	63	4,704
9	18	65	3,792
9	18	68	5,354
9	18	76	0,95
9	18	80	7,941
9	18	86	17,007
9	18	87	8,451
9	18	88	7,833
9	18	92	2,043
9	18	98	13,141
9	18	99	9,356
9	18	100	9,739
9	23	6	1,876
9	23	8	4,943
9	23	12	4,531
9	23	14	2,562
9	23	16	1,498
9	23	17	10,065
9	23	18	4,711
9	23	31	7,452
9	23	32	12,757
9	23	33	8,509
9	23	34	4,31
9	23	37	0,924
9	23	44	5,23
9	23	48	2,996
9	23	53	5,367
9	23	58	1,299
9	23	59	9,068
9	23	63	3,999
9	23	65	16,421
9	23	68	2,919
9	23	76	12,84
9	23	80	3,392
9	23	86	0,758
9	23	87	10,975
9	23	88	6,561
9	23	92	2,039
9	23	98	26,501
9	23	99	2,027
9	23	100	3,806
9	31	6	6,535
9	31	8	43,38
9	31	12	12,372
9	31	14	13,234
9	31	16	18,01
9	31	17	13,652
9	31	18	3,451
9	31	23	3,013
9	31	32	0,522
9	31	33	7,088
9	31	34	33,202
9	31	37	5,258
9	31	44	2,558
9	31	48	9,146
9	31	53	10,773
9	31	58	3,858
9	31	59	5,607
9	31	63	1,669
9	31	65	2,975
9	31	68	5,967
9	31	76	11,914
9	31	80	0,916
9	31	86	0,54
9	31	87	1,176
9	31	88	6,998
9	31	92	15,744
9	31	98	3,698
9	31	99	4,602
9	31	100	4,797
9	32	6	0,639
9	32	8	3,032
9	32	12	1,54
9	32	14	3,007
9	32	16	0,795
9	32	17	10,623
9	32	18	0,62
9	32	23	3,212
9	32	31	4,252
9	32	33	4,141
9	32	34	3,964
9	32	37	16,761
9	32	44	3,337
9	32	48	18,052
9	32	53	14,602
9	32	58	13,646
9	32	59	7,499
9	32	63	4,353
9	32	65	14,063
9	32	68	12,733
9	32	76	6,139
9	32	80	19,844
9	32	86	3,394
9	32	87	5,167
9	32	88	11,402
9	32	92	5,821
9	32	98	5,825
9	32	99	0,79
9	32	100	13,976
9	33	6	3,151
9	33	8	1,347
9	33	12	6,306
9	33	14	1,198
9	33	16	3,453
9	33	17	24,634
9	33	18	4,678
9	33	23	0,911
9	33	31	18,144
9	33	32	2,929
9	33	34	1,246
9	33	37	6,725
9	33	44	3,14
9	33	48	13,274
9	33	53	4,164
9	33	58	9,655
9	33	59	15,745
9	33	63	6,884
9	33	65	11,533
9	33	68	10,649
9	33	76	31,663
9	33	80	1,301
9	33	86	3,948
9	33	87	4,216
9	33	88	4,385
9	33	92	0,656
9	33	98	2,869
9	33	99	7,346
9	33	100	2,234
9	34	6	8,759
9	34	8	7,026
9	34	12	1,941
9	34	14	3,152
9	34	16	6,812
9	34	17	8,672
9	34	18	6,417
9	34	23	1,574
9	34	31	10,87
9	34	32	7,54
9	34	33	0,673
9	34	37	3,183
9	34	44	9,917
9	34	48	7,566
9	34	53	3,618
9	34	58	2,947
9	34	59	6,452
9	34	63	7,968
9	34	65	7,477
9	34	68	3,827
9	34	76	0,524
9	34	80	5,367
9	34	86	3,508
9	34	87	3,991
9	34	88	12,663
9	34	92	2,035
9	34	98	10,929
9	34	99	5,871
9	34	100	3,05
9	37	6	0,593
9	37	8	23,486
9	37	12	8,506
9	37	14	1,09
9	37	16	4,277
9	37	17	7,834
9	37	18	2,167
9	37	23	30,177
9	37	31	2,212
9	37	32	4,912
9	37	33	2,236
9	37	34	14,314
9	37	44	12,996
9	37	48	5,491
9	37	53	2,501
9	37	58	5,325
9	37	59	7,032
9	37	63	1,385
9	37	65	4,231
9	37	68	4,692
9	37	76	16,002
9	37	80	12,361
9	37	86	12,121
9	37	87	1,152
9	37	88	2,217
9	37	92	7,92
9	37	98	0,951
9	37	99	7,545
9	37	100	24,757
9	44	6	9,014
9	44	8	1,986
9	44	12	2,498
9	44	14	13,065
9	44	16	3,682
9	44	17	4,369
9	44	18	8,64
9	44	23	1,831
9	44	31	3,76
9	44	32	5,345
9	44	33	2,225
9	44	34	17,966
9	44	37	11,02
9	44	48	16,899
9	44	53	0,589
9	44	58	0,566
9	44	59	5,809
9	44	63	5,493
9	44	65	4,413
9	44	68	4,271
9	44	76	1,307
9	44	80	2,447
9	44	86	0,987
9	44	87	10,799
9	44	88	6,346
9	44	92	5,064
9	44	98	39,786
9	44	99	5,118
9	44	100	8,773
9	48	6	1,494
9	48	8	15,782
9	48	12	5,733
9	48	14	4,713
9	48	16	9,542
9	48	17	2,592
9	48	18	2,355
9	48	23	25,396
9	48	31	8,238
9	48	32	10,89
9	48	33	15,472
9	48	34	14,826
9	48	37	0,875
9	48	44	1,151
9	48	53	5,378
9	48	58	1
9	48	59	0,897
9	48	63	8,419
9	48	65	1,082
9	48	68	6,022
9	48	76	0,703
9	48	80	0,97
9	48	86	4,247
9	48	87	35,277
9	48	88	2,139
9	48	92	2,868
9	48	98	10,301
9	48	99	2,676
9	48	100	6,917
9	53	6	1,02
9	53	8	6,429
9	53	12	2,781
9	53	14	0,563
9	53	16	2,542
9	53	17	9,434
9	53	18	3,856
9	53	23	3,431
9	53	31	2,66
9	53	32	12,969
9	53	33	5,926
9	53	34	8,303
9	53	37	4,461
9	53	44	1,463
9	53	48	1,305
9	53	58	17,632
9	53	59	1,956
9	53	63	13,652
9	53	65	13,736
9	53	68	10,519
9	53	76	7,604
9	53	80	18,843
9	53	86	2,003
9	53	87	25,546
9	53	88	1,104
9	53	92	0,856
9	53	98	2,734
9	53	99	1,577
9	53	100	1,247
9	58	6	2,019
9	58	8	1,084
9	58	12	1,895
9	58	14	1,01
9	58	16	10,706
9	58	17	13,057
9	58	18	3,318
9	58	23	17,453
9	58	31	3,967
9	58	32	12,55
9	58	33	11,494
9	58	34	1,519
9	58	37	3,88
9	58	44	5,823
9	58	48	1,678
9	58	53	1,175
9	58	59	5,959
9	58	63	0,679
9	58	65	7,601
9	58	68	14,276
9	58	76	13,019
9	58	80	3,095
9	58	86	7,739
9	58	87	1,164
9	58	88	6,39
9	58	92	0,659
9	58	98	3,458
9	58	99	7,804
9	58	100	0,609
9	59	6	29,652
9	59	8	0,626
9	59	12	0,779
9	59	14	0,698
9	59	16	0,721
9	59	17	0,586
9	59	18	2,807
9	59	23	5,628
9	59	31	14,723
9	59	32	17,199
9	59	33	12,001
9	59	34	4,343
9	59	37	7,475
9	59	44	7,573
9	59	48	1,584
9	59	53	5,665
9	59	58	5,675
9	59	63	2,285
9	59	65	2,301
9	59	68	18,804
9	59	76	9,391
9	59	80	3,318
9	59	86	67,045
9	59	87	17,529
9	59	88	0,982
9	59	92	3,806
9	59	98	0,534
9	59	99	6,925
9	59	100	1,108
9	63	6	0,675
9	63	8	3,037
9	63	12	1
9	63	14	4,071
9	63	16	7,478
9	63	17	16,125
9	63	18	2,225
9	63	23	14,88
9	63	31	5,212
9	63	32	5,803
9	63	33	5,596
9	63	34	29,335
9	63	37	2,796
9	63	44	10,401
9	63	48	1,003
9	63	53	4,341
9	63	58	1,544
9	63	59	1,084
9	63	65	16,511
9	63	68	2,875
9	63	76	5,059
9	63	80	6,146
9	63	86	15,285
9	63	87	5,421
9	63	88	23,561
9	63	92	1,033
9	63	98	2,904
9	63	99	10,902
9	63	100	1,363
9	65	6	2,114
9	65	8	21,329
9	65	12	10,937
9	65	14	6,697
9	65	16	1,285
9	65	17	6,62
9	65	18	7,581
9	65	23	0,801
9	65	31	14,963
9	65	32	8,081
9	65	33	24,468
9	65	34	8,191
9	65	37	8,758
9	65	44	11,437
9	65	48	20,444
9	65	53	0,661
9	65	58	6,609
9	65	59	16,116
9	65	63	6,786
9	65	68	2,054
9	65	76	1,064
9	65	80	6,174
9	65	86	0,641
9	65	87	6,632
9	65	88	1,781
9	65	92	8,21
9	65	98	17,513
9	65	99	4,544
9	65	100	0,654
9	68	6	31,637
9	68	8	16,9
9	68	12	6,463
9	68	14	3,157
9	68	16	3,607
9	68	17	4,025
9	68	18	2,518
9	68	23	2,17
9	68	31	1,165
9	68	32	18,064
9	68	33	1,062
9	68	34	0,806
9	68	37	0,612
9	68	44	9,778
9	68	48	4,378
9	68	53	15,617
9	68	58	5,059
9	68	59	10,734
9	68	63	17,99
9	68	65	6,425
9	68	76	9,406
9	68	80	3,695
9	68	86	1,899
9	68	87	0,852
9	68	88	0,735
9	68	92	10,375
9	68	98	8,45
9	68	99	8,063
9	68	100	0,798
9	76	6	3,388
9	76	8	10,159
9	76	12	7,753
9	76	14	2,967
9	76	16	15,147
9	76	17	2,194
9	76	18	17,273
9	76	23	0,607
9	76	31	9,434
9	76	32	3,705
9	76	33	15,257
9	76	34	4,492
9	76	37	6,898
9	76	44	15,821
9	76	48	4,149
9	76	53	1,093
9	76	58	0,974
9	76	59	2,103
9	76	63	1,865
9	76	65	0,97
9	76	68	0,598
9	76	80	11,306
9	76	86	3,054
9	76	87	1,266
9	76	88	10,93
9	76	92	6,897
9	76	98	6,597
9	76	99	13,332
9	76	100	5,053
9	80	6	33,505
9	80	8	9,546
9	80	12	8,642
9	80	14	2,995
9	80	16	0,723
9	80	17	1,634
9	80	18	6,986
9	80	23	1,78
9	80	31	6,496
9	80	32	3,644
9	80	33	9,189
9	80	34	2,472
9	80	37	1,944
9	80	44	3,5
9	80	48	0,832
9	80	53	2,181
9	80	58	0,592
9	80	59	1,223
9	80	63	19,689
9	80	65	1,926
9	80	68	1,847
9	80	76	13,079
9	80	86	1,52
9	80	87	1,439
9	80	88	1,849
9	80	92	7,965
9	80	98	7,334
9	80	99	13,355
9	80	100	24,527
9	86	6	0,854
9	86	8	3,156
9	86	12	4,193
9	86	14	4,49
9	86	16	3,537
9	86	17	4,811
9	86	18	8,622
9	86	23	7,091
9	86	31	7,4
9	86	32	13,561
9	86	33	3,074
9	86	34	4,106
9	86	37	3,759
9	86	44	25,395
9	86	48	3,509
9	86	53	7,116
9	86	58	11,114
9	86	59	6,481
9	86	63	6,312
9	86	65	2,725
9	86	68	11,255
9	86	76	21,239
9	86	80	3,971
9	86	87	1,694
9	86	88	2,223
9	86	92	17,518
9	86	98	2,806
9	86	99	12,281
9	86	100	6,136
9	87	6	2,041
9	87	8	2,945
9	87	12	6,345
9	87	14	3,525
9	87	16	5,24
9	87	17	2,292
9	87	18	8,856
9	87	23	5,831
9	87	31	1,166
9	87	32	14,038
9	87	33	19,001
9	87	34	15,017
9	87	37	0,684
9	87	44	3,766
9	87	48	4,933
9	87	53	11,923
9	87	58	4,174
9	87	59	2,235
9	87	63	1,528
9	87	65	3,877
9	87	68	5,987
9	87	76	1,995
9	87	80	4,425
9	87	86	4,647
9	87	88	2,556
9	87	92	14,625
9	87	98	2,605
9	87	99	0,647
9	87	100	4,066
9	88	6	1,51
9	88	8	5,554
9	88	12	1,024
9	88	14	1,626
9	88	16	0,942
9	88	17	14,73
9	88	18	1,503
9	88	23	10,336
9	88	31	10,2
9	88	32	3,187
9	88	33	6,868
9	88	34	5,7
9	88	37	3,688
9	88	44	15,763
9	88	48	1,162
9	88	53	6,313
9	88	58	4,063
9	88	59	3,864
9	88	63	2,583
9	88	65	8,022
9	88	68	23,168
9	88	76	6,044
9	88	80	11,996
9	88	86	10,934
9	88	87	9,175
9	88	92	3,211
9	88	98	1,884
9	88	99	4,371
9	88	100	15,209
9	92	6	1,873
9	92	8	11,482
9	92	12	7,934
9	92	14	3,772
9	92	16	1,578
9	92	17	0,654
9	92	18	6,548
9	92	23	3,195
9	92	31	9,316
9	92	32	7,359
9	92	33	11,334
9	92	34	7,809
9	92	37	4,197
9	92	44	14,196
9	92	48	3,586
9	92	53	4,23
9	92	58	0,706
9	92	59	8,022
9	92	63	6,303
9	92	65	18,162
9	92	68	29,546
9	92	76	4,035
9	92	80	3,143
9	92	86	7,127
9	92	87	4,514
9	92	88	19,486
9	92	98	1,337
9	92	99	0,846
9	92	100	10,717
9	98	6	3,638
9	98	8	14,567
9	98	12	10,321
9	98	14	7,029
9	98	16	10,902
9	98	17	1,191
9	98	18	2,128
9	98	23	0,889
9	98	31	1,6
9	98	32	2,506
9	98	33	1,162
9	98	34	0,961
9	98	37	1,836
9	98	44	9,897
9	98	48	3,966
9	98	53	2,875
9	98	58	2,95
9	98	59	5,714
9	98	63	17,599
9	98	65	9,874
9	98	68	23,89
9	98	76	0,95
9	98	80	3,456
9	98	86	0,84
9	98	87	3,514
9	98	88	4,953
9	98	92	1,249
9	98	99	1,858
9	98	100	12,873
9	99	6	4,231
9	99	8	6,175
9	99	12	19,345
9	99	14	13,624
9	99	16	11,417
9	99	17	1,255
9	99	18	17,44
9	99	23	3,568
9	99	31	1,041
9	99	32	4,304
9	99	33	17,863
9	99	34	0,748
9	99	37	5,246
9	99	44	8,47
9	99	48	1,416
9	99	53	0,934
9	99	58	1,131
9	99	59	9,308
9	99	63	3,326
9	99	65	0,615
9	99	68	5,114
9	99	76	4,003
9	99	80	0,932
9	99	86	2,805
9	99	87	3,337
9	99	88	6,581
9	99	92	2,909
9	99	98	5,762
9	99	100	6,569
9	100	6	1,135
9	100	8	9,258
9	100	12	6,874
9	100	14	13,355
9	100	16	25,351
9	100	17	1,265
9	100	18	12,578
9	100	23	1,218
9	100	31	0,889
9	100	32	3,645
9	100	33	4,449
9	100	34	11,494
9	100	37	1,142
9	100	44	19,451
9	100	48	3,198
9	100	53	9,29
9	100	58	3,636
9	100	59	1,507
9	100	63	9,172
9	100	65	15,348
9	100	68	1,85
9	100	76	2,936
9	100	80	4,368
9	100	86	39,326
9	100	87	19,641
9	100	88	1,473
9	100	92	1,345
9	100	98	4,747
9	100	99	15,823
10	1	2	2,059
10	1	8	2,311
10	1	12	36,219
10	1	14	8,867
10	1	15	14,51
10	1	19	6,264
10	1	23	1,489
10	1	24	3,685
10	1	26	7,789
10	1	30	13,049
10	1	38	5,738
10	1	41	2,446
10	1	46	0,789
10	1	56	7,525
10	1	59	0,772
10	1	60	10,707
10	1	67	2,813
10	1	76	19,153
10	1	79	20,095
10	1	82	7,412
10	1	98	0,705
10	2	1	1,508
10	2	8	1,735
10	2	12	2,008
10	2	14	10,491
10	2	15	41,401
10	2	19	0,505
10	2	23	0,825
10	2	24	0,916
10	2	26	10,776
10	2	30	3,217
10	2	38	13,754
10	2	41	7,063
10	2	46	4,509
10	2	56	16,801
10	2	59	2,023
10	2	60	1,14
10	2	67	0,512
10	2	76	12,837
10	2	79	14,303
10	2	82	8,059
10	2	98	7,456
10	8	1	7,899
10	8	2	2,385
10	8	12	0,765
10	8	14	3,846
10	8	15	4,559
10	8	19	12,679
10	8	23	6,958
10	8	24	9,966
10	8	26	5,206
10	8	30	2,99
10	8	38	7,369
10	8	41	5,717
10	8	46	12,954
10	8	56	2,731
10	8	59	2,33
10	8	60	2,299
10	8	67	4,783
10	8	76	3,81
10	8	79	0,771
10	8	82	0,564
10	8	98	3,802
10	12	1	12,049
10	12	2	8,396
10	12	8	2,933
10	12	14	0,577
10	12	15	3,249
10	12	19	0,751
10	12	23	3,307
10	12	24	4,292
10	12	26	5,604
10	12	30	3,283
10	12	38	4,109
10	12	41	3,312
10	12	46	2,097
10	12	56	4,813
10	12	59	10,298
10	12	60	1,508
10	12	67	3,834
10	12	76	8,883
10	12	79	6,266
10	12	82	6,556
10	12	98	2,009
10	14	1	3,901
10	14	2	17,459
10	14	8	3,119
10	14	12	0,968
10	14	15	3,731
10	14	19	9,571
10	14	23	45,484
10	14	24	0,627
10	14	26	19,707
10	14	30	2,724
10	14	38	1,853
10	14	41	3,065
10	14	46	2,762
10	14	56	2,75
10	14	59	2,175
10	14	60	3,031
10	14	67	20,06
10	14	76	1,696
10	14	79	20,791
10	14	82	4,475
10	14	98	1,276
10	15	1	0,947
10	15	2	3,189
10	15	8	1,87
10	15	12	1,402
10	15	14	7,707
10	15	19	1,202
10	15	23	0,663
10	15	24	2,92
10	15	26	3,288
10	15	30	0,545
10	15	38	13,006
10	15	41	5,772
10	15	46	2,449
10	15	56	36,802
10	15	59	14,623
10	15	60	20,193
10	15	67	6,582
10	15	76	9,569
10	15	79	4,073
10	15	82	20,429
10	15	98	1,445
10	19	1	1,803
10	19	2	10,461
10	19	8	1,676
10	19	12	2,484
10	19	14	1,15
10	19	15	1,585
10	19	23	9,772
10	19	24	5,34
10	19	26	14,405
10	19	30	5,321
10	19	38	13,53
10	19	41	1,963
10	19	46	9,642
10	19	56	10,017
10	19	59	5,443
10	19	60	2,029
10	19	67	5,688
10	19	76	2,407
10	19	79	0,679
10	19	82	5,228
10	19	98	0,767
10	23	1	2,582
10	23	2	21,601
10	23	8	8,693
10	23	12	5,715
10	23	14	2,001
10	23	15	1,622
10	23	19	5,627
10	23	24	18,61
10	23	26	7,581
10	23	30	10,084
10	23	38	2,456
10	23	41	0,846
10	23	46	8,881
10	23	56	2,192
10	23	59	4,404
10	23	60	13,567
10	23	67	8,492
10	23	76	21,891
10	23	79	0,597
10	23	82	7,773
10	23	98	5,168
10	24	1	0,583
10	24	2	0,778
10	24	8	9,62
10	24	12	4,172
10	24	14	1,004
10	24	15	5,332
10	24	19	7,466
10	24	23	5,323
10	24	26	4,62
10	24	30	19,993
10	24	38	3,578
10	24	41	5,84
10	24	46	5,826
10	24	56	24,302
10	24	59	10,559
10	24	60	0,504
10	24	67	5,147
10	24	76	11,384
10	24	79	14,069
10	24	82	5,84
10	24	98	6,678
10	26	1	0,529
10	26	2	5,845
10	26	8	1,491
10	26	12	0,593
10	26	14	25,707
10	26	15	6,086
10	26	19	1,829
10	26	23	1,274
10	26	24	6,053
10	26	30	3,208
10	26	38	3,077
10	26	41	11,866
10	26	46	2,829
10	26	56	5,99
10	26	59	1,212
10	26	60	8,219
10	26	67	9,611
10	26	76	1,318
10	26	79	3,106
10	26	82	5,015
10	26	98	2,655
10	30	1	1,923
10	30	2	5,535
10	30	8	3,617
10	30	12	1,551
10	30	14	14,336
10	30	15	4,491
10	30	19	17,539
10	30	23	1,566
10	30	24	4,158
10	30	26	13,018
10	30	38	13,077
10	30	41	6,051
10	30	46	2,607
10	30	56	7,912
10	30	59	6,878
10	30	60	4,424
10	30	67	10,33
10	30	76	6,397
10	30	79	8,811
10	30	82	5,882
10	30	98	0,98
10	38	1	1,089
10	38	2	4,697
10	38	8	1,601
10	38	12	3,296
10	38	14	2,372
10	38	15	5,613
10	38	19	18,631
10	38	23	0,536
10	38	24	1,246
10	38	26	2,022
10	38	30	1,436
10	38	41	0,718
10	38	46	7,597
10	38	56	4,048
10	38	59	4,278
10	38	60	4,338
10	38	67	6,702
10	38	76	12,782
10	38	79	0,787
10	38	82	15,662
10	38	98	1,379
10	41	1	5,01
10	41	2	2,578
10	41	8	5,884
10	41	12	1,764
10	41	14	8,89
10	41	15	3,33
10	41	19	1,231
10	41	23	1,361
10	41	24	5,004
10	41	26	4,84
10	41	30	6,029
10	41	38	17,922
10	41	46	15,374
10	41	56	3,172
10	41	59	20,898
10	41	60	3,479
10	41	67	4,025
10	41	76	4,222
10	41	79	2,249
10	41	82	8,672
10	41	98	8,591
10	46	1	10,762
10	46	2	10,534
10	46	8	3,863
10	46	12	2,337
10	46	14	4,328
10	46	15	1,46
10	46	19	16,848
10	46	23	1,266
10	46	24	2,634
10	46	26	0,514
10	46	30	9,77
10	46	38	12,386
10	46	41	31,508
10	46	56	5,153
10	46	59	6,562
10	46	60	0,801
10	46	67	7,031
10	46	76	13,284
10	46	79	5,039
10	46	82	14,441
10	46	98	2,271
10	56	1	5,258
10	56	2	3,054
10	56	8	6,984
10	56	12	11,204
10	56	14	1,361
10	56	15	0,955
10	56	19	19,435
10	56	23	2,891
10	56	24	1,811
10	56	26	2,014
10	56	30	3,877
10	56	38	0,752
10	56	41	0,669
10	56	46	24,656
10	56	59	3,144
10	56	60	2,952
10	56	67	2,934
10	56	76	1,157
10	56	79	4,216
10	56	82	11,359
10	56	98	2,783
10	59	1	17,293
10	59	2	3,06
10	59	8	17,651
10	59	12	2,938
10	59	14	4,194
10	59	15	2,667
10	59	19	3,1
10	59	23	2,211
10	59	24	7,95
10	59	26	6,704
10	59	30	19,634
10	59	38	1,258
10	59	41	8,527
10	59	46	0,594
10	59	56	3,902
10	59	60	1,049
10	59	67	8,898
10	59	76	4,198
10	59	79	2,678
10	59	82	1,119
10	59	98	0,795
10	60	1	1,25
10	60	2	1,043
10	60	8	5,28
10	60	12	2,204
10	60	14	4,342
10	60	15	2,133
10	60	19	3,047
10	60	23	3,541
10	60	24	10,584
10	60	26	7,96
10	60	30	1,325
10	60	38	12,36
10	60	41	3,334
10	60	46	6,688
10	60	56	2,724
10	60	59	4,641
10	60	67	2,972
10	60	76	3,262
10	60	79	5,038
10	60	82	3,442
10	60	98	4,823
10	67	1	4,166
10	67	2	0,806
10	67	8	8,802
10	67	12	0,831
10	67	14	6,271
10	67	15	4,323
10	67	19	6,187
10	67	23	4,825
10	67	24	9,456
10	67	26	2,403
10	67	30	4,163
10	67	38	6,892
10	67	41	5,042
10	67	46	0,524
10	67	56	1,446
10	67	59	4,625
10	67	60	0,54
10	67	76	0,577
10	67	79	20,677
10	67	82	4,12
10	67	98	7,888
10	76	1	6,021
10	76	2	18,096
10	76	8	4,731
10	76	12	1,612
10	76	14	9,18
10	76	15	8,709
10	76	19	1,388
10	76	23	1,827
10	76	24	2,296
10	76	26	0,956
10	76	30	3,761
10	76	38	6,294
10	76	41	4,295
10	76	46	5,871
10	76	56	1,237
10	76	59	11,803
10	76	60	8,798
10	76	67	5,765
10	76	79	13,647
10	76	82	6,777
10	76	98	4,432
10	79	1	4,13
10	79	2	15,655
10	79	8	2,843
10	79	12	8,42
10	79	14	2,273
10	79	15	4,274
10	79	19	2,25
10	79	23	7,711
10	79	24	2,947
10	79	26	1,371
10	79	30	2,782
10	79	38	1,936
10	79	41	2,373
10	79	46	6,287
10	79	56	2,811
10	79	59	13,811
10	79	60	11,984
10	79	67	14,557
10	79	76	15,675
10	79	82	9,335
10	79	98	10,904
10	82	1	18,468
10	82	2	1,854
10	82	8	4,126
10	82	12	5,634
10	82	14	2,71
10	82	15	0,983
10	82	19	2,801
10	82	23	1,735
10	82	24	6,583
10	82	26	1,188
10	82	30	3,067
10	82	38	0,694
10	82	41	4,408
10	82	46	2,784
10	82	56	1,669
10	82	59	5,949
10	82	60	9,439
10	82	67	5,822
10	82	76	10,463
10	82	79	15,405
10	82	98	2,438
10	98	1	2,049
10	98	2	8,689
10	98	8	3,409
10	98	12	41,342
10	98	14	13,686
10	98	15	8,049
10	98	19	0,659
10	98	23	13,92
10	98	24	14,132
10	98	26	0,618
10	98	30	5,32
10	98	38	6,362
10	98	41	1,133
10	98	46	2,551
10	98	56	0,818
10	98	59	0,753
10	98	60	4,845
10	98	67	3,719
10	98	76	14,159
10	98	79	1,091
10	98	82	4,553

