#num jobs
100
#num machines
10

#jobId machId procTime energyCons
1	3	226,15	2318,93
2	1	8,77	12,54
2	5	9,25	106,62
2	6	28,58	289,2
2	8	2,79	6,42
2	9	3,47	9,74
3	1	41,19	58,89
4	2	12,54	145,09
4	9	126,91	356,56
5	8	0,18	0,42
5	2	1,43	16,51
6	2	164,75	1905,96
6	3	8,47	86,82
6	4	18,52	81,53
6	5	7,08	81,65
6	9	0,58	1,63
7	5	62,62	722,17
7	7	21,95	41,13
7	8	17,61	40,48
7	9	5,17	14,53
8	4	2,17	9,55
8	2	6,01	69,47
9	5	7,58	87,41
10	10	11,61	112,17
10	5	5,03	57,96
11	3	41,97	430,37
11	4	13,18	58,03
11	7	14,42	27,02
11	10	29,37	283,8
12	7	27	50,59
12	3	3,54	36,25
13	9	2,45	6,88
14	10	14,38	138,96
14	9	165,19	464,11
15	4	91,06	400,87
15	10	9,7	93,72
16	1	16,18	23,14
16	3	4,38	44,92
16	6	14,53	147,06
17	4	8,53	37,56
18	1	3,47	4,97
18	3	3,76	38,51
18	4	10,13	44,58
18	6	18,8	190,29
18	7	6,82	12,77
19	2	29,46	340,76
20	10	16,63	160,73
21	4	81,6	359,22
21	7	7,57	14,18
22	9	45,05	126,56
22	7	1958,8	3670,3
22	5	36,33	418,93
22	4	2,27	10
22	3	9,62	98,61
23	7	97,88	183,41
23	4	4,75	20,91
23	3	8,7	89,17
23	2	27,68	320,25
23	1	1,55	2,22
24	7	1,8	3,37
24	5	2,28	26,27
25	4	31,8	139,97
26	6	8,67	87,78
27	4	1869,48	8229,68
27	1	5,93	8,47
28	2	12,62	145,94
28	4	123,63	544,21
28	9	19,83	55,72
29	6	225,8	2285,23
29	8	2,26	5,2
30	4	47,6	209,54
30	7	5,06	9,47
30	8	53,49	122,96
30	9	1,87	5,27
31	6	13,01	131,63
31	4	10,38	45,7
31	3	4,06	41,63
31	2	9,8	113,34
32	2	4,99	57,71
32	4	2,74	12,05
32	8	37,39	85,95
33	5	16,23	187,15
33	6	210,19	2127,23
33	8	20,81	47,85
34	3	16,7	171,25
34	4	56,05	246,74
34	8	7,11	16,35
35	9	6,91	19,42
35	2	12,67	146,57
36	3	3,37	34,6
36	4	29,42	129,51
36	9	13,81	38,81
37	10	1,86	17,98
37	7	3,36	6,29
38	9	6,18	17,35
38	8	1,85	4,26
38	3	0,93	9,53
38	1	45,12	64,5
39	8	3,21	7,39
40	1	59,72	85,38
41	1	4,44	6,35
41	3	211,4	2167,64
42	2	7,27	84,06
42	1	4,77	6,81
43	6	29,68	300,33
43	4	2,34	10,29
44	7	13,76	25,78
45	8	8,67	19,94
45	7	63,63	119,22
45	2	11,94	138,17
46	2	10,16	117,51
46	6	39,9	403,78
47	5	6,85	78,97
48	2	6,74	77,97
48	8	67,53	155,24
49	3	1,41	14,48
49	2	91,92	1063,33
50	1	10,33	14,77
50	2	44,15	510,69
51	2	1,41	16,32
51	5	13,01	150,05
51	6	9,48	95,89
51	7	58,1	108,87
52	1	10,38	14,84
52	9	235,71	662,22
53	2	23,79	275,17
53	6	33,32	337,25
54	1	6,62	9,47
54	2	0,57	6,56
54	8	3,89	8,95
55	8	17,63	40,53
55	9	43,04	120,91
56	10	10	96,63
56	9	2,5	7,01
57	6	18,02	182,37
57	5	46,97	541,68
57	4	56,85	250,27
58	1	108,04	154,46
58	8	6,43	14,78
58	9	5,14	14,43
59	2	4,91	56,79
59	3	15,84	162,41
59	5	8,87	102,31
59	8	3,39	7,8
59	10	1,51	14,63
60	8	1,35	3,1
60	1	72,07	103,03
61	5	1,27	14,62
62	5	25,66	295,95
63	3	13,23	135,62
63	5	33,88	390,73
63	7	19,54	36,62
64	9	0,66	1,86
64	8	1,39	3,2
64	7	29,6	55,47
64	4	1,12	4,93
64	1	6,42	9,17
65	8	13,34	30,67
65	7	2,57	4,81
66	5	1,79	20,63
66	10	10,65	102,94
67	7	1,76	3,3
67	5	15,07	173,75
68	9	12,03	33,81
68	2	11,58	133,96
68	1	38,07	54,42
69	3	1,61	16,5
69	4	1,69	7,42
70	4	18,39	80,94
70	10	3,11	30,1
71	6	808,33	8180,62
71	1	70,39	100,63
72	7	13,49	25,29
72	5	1,68	19,33
72	1	71,87	102,75
73	9	493,9	1387,58
73	10	288,37	2786,58
74	10	17,41	168,21
74	9	7,26	20,39
74	7	40,78	76,42
74	5	97,13	1120,08
74	1	20,84	29,8
75	4	12,8	56,36
75	6	3,87	39,2
76	3	15,47	158,66
76	5	8,9	102,67
76	7	2,92	5,48
76	8	1,84	4,23
77	10	4,3	41,59
77	5	4,97	57,36
78	5	26,34	303,74
78	4	2,28	10,02
79	9	89,49	251,41
79	7	192,57	360,83
80	4	18,16	79,94
81	10	7,15	69,1
81	9	21,56	60,57
82	4	3,17	13,94
82	6	45,68	462,26
82	7	10,72	20,09
83	8	136,43	313,63
84	1	30,44	43,52
84	2	22,12	255,95
84	3	100,11	1026,55
85	1	7,33	10,49
85	3	211,74	2171,1
85	4	45,59	200,69
85	6	2,16	21,84
86	8	9,82	22,58
87	7	15,12	28,33
87	5	16,62	191,68
88	4	8,15	35,89
89	4	7,34	32,33
89	1	11,29	16,14
90	4	15,33	67,48
91	6	6,58	66,6
91	7	3,14	5,89
92	4	7,5	33,03
92	9	3,65	10,26
93	4	8,79	38,7
94	9	46,62	130,97
95	9	5,7	16,02
95	7	15,04	28,19
95	5	83,5	962,97
96	3	13	133,27
97	4	47,84	210,58
98	8	13,16	30,25
98	2	2,84	32,81
98	1	14,08	20,13
99	6	17,97	181,82
99	9	196,23	551,28
100	4	29,87	131,48
100	8	8,97	20,61
100	10	16,72	161,53

#jobId ddate weight rdate
1	1059,125	36	955,303
2	871,644	35	648,256
3	1010,768	3	818,678
4	1073,916	36	1336,024
5	940,872	31	1041,957
6	890,376	30	1229,684
7	963,613	48	418,066
8	1103,667	24	507,705
9	1084,171	36	1494,521
10	925,022	9	878,385
11	890,206	37	94,612
12	1032,932	8	1517,236
13	1057,105	34	175,307
14	1025,897	1	1450,39
15	1093,128	26	1444,686
16	931,753	31	470,141
17	974,07	43	1463,081
18	1006,192	28	1347,206
19	1094,813	13	1410,571
20	921,059	25	234,676
21	1103,978	48	600,222
22	1074,948	36	1285,97
23	1099,645	36	1077,944
24	977,877	30	555,263
25	1086,845	20	1286,377
26	1095,9	23	73,767
27	1099,881	30	1066,922
28	885,106	33	1379,028
29	939,908	14	910,461
30	905,264	4	1289,198
31	1078,565	48	952,321
32	904,693	25	1175,797
33	871,318	5	127,264
34	1056,24	32	547,118
35	1082,773	26	1695,714
36	921,931	2	1157,791
37	903,033	39	1714,752
38	1058,979	26	470,614
39	1086,051	27	1532,1
40	936,18	11	945,281
41	971,417	43	1360,671
42	1024,099	38	1017,545
43	1020,288	4	1275,067
44	1084,358	48	1572,08
45	950,706	15	305,486
46	1094,351	40	338,693
47	894,017	42	125,835
48	919,602	37	15,618
49	931,5	14	137,105
50	971,593	39	452,857
51	1093,893	26	1268,324
52	1076,263	26	593,762
53	1050,584	20	410,722
54	1047,593	46	1033,864
55	1100,126	5	453,085
56	1059,796	5	757,913
57	914,084	34	1664,263
58	1041,217	24	295,14
59	950,159	39	362,701
60	891,796	26	648,193
61	981,696	24	340,869
62	927,879	9	1655,623
63	970,399	41	843,461
64	1051,661	47	306,369
65	965,112	24	647,336
66	1088,655	37	458,693
67	1026,059	32	824,29
68	906,407	15	402,563
69	885,847	28	368,732
70	873,31	7	882,73
71	1044,914	43	1111,514
72	1078,338	20	461,278
73	973,022	15	1205,728
74	1084,222	47	625,778
75	925,954	39	759,32
76	1041,958	39	532,734
77	861,912	47	752,894
78	869,776	44	782,525
79	1075,646	48	527,02
80	905,646	37	294,23
81	1011,601	48	679,621
82	1033,043	27	47,235
83	884,816	6	929,78
84	878,516	28	809,432
85	970,478	6	1315,223
86	1030,768	39	1585,538
87	986,243	45	629,581
88	1050,522	4	79,788
89	907,904	10	1225,966
90	1098,466	48	18,845
91	968,994	26	471,627
92	997,653	48	508,344
93	1100,623	21	972,741
94	924,135	38	1099,994
95	1030,34	48	1606,135
96	954,188	34	1017,449
97	1053,718	19	314,144
98	903,334	40	1158,186
99	1068,452	18	1449,919
100	1083,076	16	875,975

#machId jobPred jobSucc setupTime
1	2	3	6,997
1	2	16	1,083
1	2	18	6,672
1	2	23	21,021
1	2	27	1,778
1	2	38	0,534
1	2	40	19,295
1	2	41	10,547
1	2	42	2,385
1	2	50	3,251
1	2	52	1,949
1	2	54	12,866
1	2	58	26,795
1	2	60	1,913
1	2	64	1,904
1	2	68	0,939
1	2	71	7,309
1	2	72	2,105
1	2	74	2,497
1	2	84	1,45
1	2	85	8,865
1	2	89	0,874
1	2	98	1,109
1	3	2	2,473
1	3	16	5,247
1	3	18	5,071
1	3	23	3,221
1	3	27	1,352
1	3	38	36,858
1	3	40	1,063
1	3	41	7,399
1	3	42	1,506
1	3	50	2,168
1	3	52	20,322
1	3	54	3,632
1	3	58	39,61
1	3	60	11,016
1	3	64	4,548
1	3	68	7,864
1	3	71	1,116
1	3	72	2,44
1	3	74	3,93
1	3	84	10,731
1	3	85	29,988
1	3	89	12,22
1	3	98	4,42
1	16	2	1,542
1	16	3	3,448
1	16	18	2,103
1	16	23	0,762
1	16	27	3,202
1	16	38	3,916
1	16	40	2,681
1	16	41	8,132
1	16	42	0,82
1	16	50	1,472
1	16	52	9,214
1	16	54	8,606
1	16	58	3,831
1	16	60	0,525
1	16	64	6,294
1	16	68	0,952
1	16	71	10,205
1	16	72	11,386
1	16	74	12,292
1	16	84	4,926
1	16	85	4,421
1	16	89	1,995
1	16	98	12,732
1	18	2	5,232
1	18	3	9,249
1	18	16	0,834
1	18	23	1,705
1	18	27	6,352
1	18	38	2,856
1	18	40	3,186
1	18	41	1,94
1	18	42	11,295
1	18	50	2,298
1	18	52	3,753
1	18	54	7,423
1	18	58	2,085
1	18	60	9,637
1	18	64	16,934
1	18	68	1,856
1	18	71	4,327
1	18	72	7,265
1	18	74	25,338
1	18	84	9,105
1	18	85	12,583
1	18	89	16,774
1	18	98	3,028
1	23	2	2,31
1	23	3	2,033
1	23	16	9,637
1	23	18	6,472
1	23	27	8,763
1	23	38	5,301
1	23	40	5,844
1	23	41	7,947
1	23	42	1,332
1	23	50	4,178
1	23	52	4,898
1	23	54	2,385
1	23	58	2,585
1	23	60	9,422
1	23	64	4,671
1	23	68	11,116
1	23	71	6,236
1	23	72	1,053
1	23	74	3,623
1	23	84	2,894
1	23	85	1,464
1	23	89	4,17
1	23	98	1,347
1	27	2	1,419
1	27	3	11,228
1	27	16	5,508
1	27	18	6,29
1	27	23	2,16
1	27	38	2,153
1	27	40	14,158
1	27	41	14,727
1	27	42	18,897
1	27	50	26,858
1	27	52	1,231
1	27	54	5,313
1	27	58	0,963
1	27	60	1,312
1	27	64	3,003
1	27	68	6,524
1	27	71	2,958
1	27	72	15,119
1	27	74	13,555
1	27	84	1,175
1	27	85	17,32
1	27	89	1,542
1	27	98	23,078
1	38	2	10,629
1	38	3	6,185
1	38	16	0,956
1	38	18	14,835
1	38	23	0,94
1	38	27	4,531
1	38	40	2,15
1	38	41	2,321
1	38	42	3,972
1	38	50	4,176
1	38	52	3,039
1	38	54	10,555
1	38	58	0,764
1	38	60	17,179
1	38	64	0,898
1	38	68	39,468
1	38	71	4,655
1	38	72	5,768
1	38	74	2,535
1	38	84	3,657
1	38	85	4,428
1	38	89	0,674
1	38	98	1,497
1	40	2	15,965
1	40	3	1,173
1	40	16	2,691
1	40	18	3,976
1	40	23	2,623
1	40	27	10,322
1	40	38	1,587
1	40	41	4,406
1	40	42	0,889
1	40	50	35,412
1	40	52	10,355
1	40	54	4,963
1	40	58	3,089
1	40	60	2,477
1	40	64	2,778
1	40	68	8,473
1	40	71	0,735
1	40	72	11,61
1	40	74	3,829
1	40	84	38,729
1	40	85	1,388
1	40	89	0,835
1	40	98	7,33
1	41	2	20,121
1	41	3	7,597
1	41	16	1,366
1	41	18	17,043
1	41	23	8,008
1	41	27	3,333
1	41	38	12,276
1	41	40	1,216
1	41	42	9,078
1	41	50	2,347
1	41	52	3,088
1	41	54	4,031
1	41	58	13,021
1	41	60	8,709
1	41	64	8,301
1	41	68	10,49
1	41	71	0,928
1	41	72	3,094
1	41	74	5,029
1	41	84	0,513
1	41	85	23,585
1	41	89	9,189
1	41	98	5,165
1	42	2	24,8
1	42	3	3,639
1	42	16	6,266
1	42	18	2,272
1	42	23	4,475
1	42	27	6,337
1	42	38	2,464
1	42	40	4,576
1	42	41	4,712
1	42	50	1,848
1	42	52	2,158
1	42	54	5,955
1	42	58	6,304
1	42	60	1,493
1	42	64	18,936
1	42	68	14,751
1	42	71	23,02
1	42	72	2,147
1	42	74	37,095
1	42	84	8,741
1	42	85	7,397
1	42	89	24,982
1	42	98	4,839
1	50	2	12,211
1	50	3	19,395
1	50	16	1,945
1	50	18	5,394
1	50	23	11,681
1	50	27	3,026
1	50	38	2,505
1	50	40	7,773
1	50	41	11,369
1	50	42	3,031
1	50	52	1,76
1	50	54	6,406
1	50	58	4,392
1	50	60	5,197
1	50	64	7,817
1	50	68	3,274
1	50	71	3,242
1	50	72	8,487
1	50	74	12,923
1	50	84	3,046
1	50	85	0,964
1	50	89	15,775
1	50	98	3,223
1	52	2	4,087
1	52	3	1,752
1	52	16	3,812
1	52	18	8,071
1	52	23	1,502
1	52	27	3,682
1	52	38	22,325
1	52	40	13,138
1	52	41	3,505
1	52	42	1,706
1	52	50	1,077
1	52	54	2,29
1	52	58	5,435
1	52	60	4,667
1	52	64	14,158
1	52	68	6,048
1	52	71	2,948
1	52	72	2,152
1	52	74	0,978
1	52	84	4,541
1	52	85	9,427
1	52	89	1,008
1	52	98	6,243
1	54	2	4,443
1	54	3	5,323
1	54	16	3,282
1	54	18	3,897
1	54	23	3,21
1	54	27	3,723
1	54	38	6,516
1	54	40	4,832
1	54	41	6,814
1	54	42	7,134
1	54	50	10,925
1	54	52	1,89
1	54	58	1,717
1	54	60	2,893
1	54	64	0,889
1	54	68	20,784
1	54	71	0,5
1	54	72	12,03
1	54	74	2,732
1	54	84	31,037
1	54	85	4,611
1	54	89	5,918
1	54	98	3,263
1	58	2	10,744
1	58	3	9,469
1	58	16	1,418
1	58	18	8,37
1	58	23	11,922
1	58	27	6,478
1	58	38	5,495
1	58	40	7,035
1	58	41	3,962
1	58	42	4,042
1	58	50	5,186
1	58	52	1,926
1	58	54	4,076
1	58	60	9,828
1	58	64	17,236
1	58	68	2,699
1	58	71	6,195
1	58	72	1,18
1	58	74	0,991
1	58	84	1,148
1	58	85	1,083
1	58	89	0,79
1	58	98	39,16
1	60	2	4,418
1	60	3	14,865
1	60	16	2,896
1	60	18	2,905
1	60	23	19,414
1	60	27	1,674
1	60	38	4,212
1	60	40	4,436
1	60	41	2,073
1	60	42	1,857
1	60	50	15,217
1	60	52	2,717
1	60	54	4,312
1	60	58	0,524
1	60	64	4,231
1	60	68	7,287
1	60	71	14,61
1	60	72	0,853
1	60	74	1,679
1	60	84	6,375
1	60	85	0,702
1	60	89	8,203
1	60	98	7,992
1	64	2	5,809
1	64	3	1,302
1	64	16	5,091
1	64	18	0,907
1	64	23	13,596
1	64	27	1,661
1	64	38	3,653
1	64	40	4,272
1	64	41	2,504
1	64	42	3,082
1	64	50	34,274
1	64	52	4,571
1	64	54	3,735
1	64	58	1,703
1	64	60	1,835
1	64	68	1,474
1	64	71	0,652
1	64	72	8,569
1	64	74	7,074
1	64	84	1,636
1	64	85	12,371
1	64	89	9,935
1	64	98	0,891
1	68	2	5,01
1	68	3	2,736
1	68	16	4,616
1	68	18	6,738
1	68	23	1,739
1	68	27	0,543
1	68	38	0,576
1	68	40	0,519
1	68	41	4,514
1	68	42	3,64
1	68	50	1,167
1	68	52	1,965
1	68	54	11,677
1	68	58	0,517
1	68	60	3,277
1	68	64	0,524
1	68	71	1,512
1	68	72	7,447
1	68	74	0,781
1	68	84	4,92
1	68	85	5,971
1	68	89	1,031
1	68	98	3,957
1	71	2	0,593
1	71	3	4,185
1	71	16	6,376
1	71	18	0,631
1	71	23	17,553
1	71	27	3,442
1	71	38	6,559
1	71	40	4,807
1	71	41	0,877
1	71	42	9,999
1	71	50	7,869
1	71	52	5,592
1	71	54	6,129
1	71	58	2,133
1	71	60	2,287
1	71	64	0,722
1	71	68	4,976
1	71	72	2,125
1	71	74	3,27
1	71	84	1,561
1	71	85	0,691
1	71	89	3,892
1	71	98	1,237
1	72	2	0,816
1	72	3	0,96
1	72	16	4,228
1	72	18	1,324
1	72	23	0,86
1	72	27	2,361
1	72	38	4,875
1	72	40	7,964
1	72	41	13,555
1	72	42	3,087
1	72	50	8,874
1	72	52	30,281
1	72	54	3,127
1	72	58	1,688
1	72	60	15,576
1	72	64	1,422
1	72	68	2,655
1	72	71	8,317
1	72	74	8,018
1	72	84	0,86
1	72	85	1,364
1	72	89	35,586
1	72	98	10,675
1	74	2	6,886
1	74	3	2,323
1	74	16	1,195
1	74	18	15,038
1	74	23	23,543
1	74	27	2,557
1	74	38	3,863
1	74	40	4,52
1	74	41	5,715
1	74	42	1,965
1	74	50	7,397
1	74	52	1,082
1	74	54	4,107
1	74	58	2,507
1	74	60	24,932
1	74	64	5,747
1	74	68	5,692
1	74	71	1,506
1	74	72	4,332
1	74	84	5,55
1	74	85	3,352
1	74	89	17,118
1	74	98	6,306
1	84	2	28,504
1	84	3	10,195
1	84	16	3,559
1	84	18	5,998
1	84	23	6,715
1	84	27	1,901
1	84	38	2,78
1	84	40	9,149
1	84	41	0,671
1	84	42	11,792
1	84	50	0,784
1	84	52	4,016
1	84	54	12,027
1	84	58	8,583
1	84	60	5,218
1	84	64	7,728
1	84	68	1,213
1	84	71	3,882
1	84	72	2,009
1	84	74	2,438
1	84	85	4,306
1	84	89	2,82
1	84	98	6,182
1	85	2	8,373
1	85	3	2,419
1	85	16	2,353
1	85	18	3,63
1	85	23	0,614
1	85	27	19,54
1	85	38	18,229
1	85	40	13,939
1	85	41	2,21
1	85	42	2,518
1	85	50	3,221
1	85	52	1,829
1	85	54	5,743
1	85	58	17,994
1	85	60	7,261
1	85	64	1,033
1	85	68	0,583
1	85	71	9,084
1	85	72	12,562
1	85	74	0,991
1	85	84	3,128
1	85	89	3,156
1	85	98	18,316
1	89	2	1,978
1	89	3	0,909
1	89	16	4,197
1	89	18	11,022
1	89	23	5,466
1	89	27	7,271
1	89	38	19,202
1	89	40	8,574
1	89	41	8,605
1	89	42	3,712
1	89	50	1,313
1	89	52	1,296
1	89	54	5,529
1	89	58	1,688
1	89	60	0,652
1	89	64	4,933
1	89	68	19,085
1	89	71	5,796
1	89	72	10,278
1	89	74	9,994
1	89	84	4,307
1	89	85	2,296
1	89	98	1,321
1	98	2	0,887
1	98	3	2,222
1	98	16	16,329
1	98	18	4,066
1	98	23	19,156
1	98	27	2,059
1	98	38	3,735
1	98	40	12,355
1	98	41	1,667
1	98	42	2,113
1	98	50	3,963
1	98	52	10,883
1	98	54	8,237
1	98	58	16,92
1	98	60	1,183
1	98	64	9,401
1	98	68	15,273
1	98	71	1,592
1	98	72	0,559
1	98	74	9,785
1	98	84	10,661
1	98	85	5,252
1	98	89	2,385
2	4	5	1,761
2	4	6	1,515
2	4	8	5,559
2	4	19	7,445
2	4	23	29,507
2	4	28	10,671
2	4	31	1,019
2	4	32	7,98
2	4	35	1,697
2	4	42	3,196
2	4	45	1,14
2	4	46	0,766
2	4	48	4,747
2	4	49	0,918
2	4	50	5,27
2	4	51	11,928
2	4	53	15,464
2	4	54	13,858
2	4	59	1,943
2	4	68	8,611
2	4	84	4,005
2	4	98	1,407
2	5	4	7,961
2	5	6	1,075
2	5	8	1,464
2	5	19	3,519
2	5	23	0,755
2	5	28	6,872
2	5	31	4,552
2	5	32	3,446
2	5	35	2,718
2	5	42	1,5
2	5	45	9,64
2	5	46	1,404
2	5	48	17,602
2	5	49	11,076
2	5	50	11,446
2	5	51	5,695
2	5	53	1,357
2	5	54	5,398
2	5	59	14,429
2	5	68	1,695
2	5	84	3,46
2	5	98	2,778
2	6	4	2,24
2	6	5	11,361
2	6	8	8,525
2	6	19	0,691
2	6	23	35,845
2	6	28	8,484
2	6	31	9,539
2	6	32	0,711
2	6	35	16,267
2	6	42	1,279
2	6	45	5,839
2	6	46	8,659
2	6	48	2,246
2	6	49	7,314
2	6	50	1,296
2	6	51	7,863
2	6	53	0,993
2	6	54	12,565
2	6	59	4,68
2	6	68	2,278
2	6	84	28,858
2	6	98	21,083
2	8	4	8,715
2	8	5	10,036
2	8	6	0,848
2	8	19	14,672
2	8	23	8,223
2	8	28	0,935
2	8	31	1,884
2	8	32	1,047
2	8	35	3,899
2	8	42	38,498
2	8	45	2,356
2	8	46	1,744
2	8	48	1,029
2	8	49	2,162
2	8	50	1,126
2	8	51	0,741
2	8	53	8,928
2	8	54	2,065
2	8	59	0,616
2	8	68	1,494
2	8	84	3,756
2	8	98	1,543
2	19	4	3,141
2	19	5	7,843
2	19	6	2,923
2	19	8	1,836
2	19	23	4,073
2	19	28	11,494
2	19	31	0,948
2	19	32	11,468
2	19	35	1,295
2	19	42	15,778
2	19	45	2,2
2	19	46	9,444
2	19	48	5,278
2	19	49	14,905
2	19	50	6,128
2	19	51	1,662
2	19	53	6,528
2	19	54	18,37
2	19	59	2,98
2	19	68	1,078
2	19	84	1,925
2	19	98	6,677
2	23	4	9,299
2	23	5	15,149
2	23	6	16,073
2	23	8	5,565
2	23	19	9,359
2	23	28	4,355
2	23	31	4,677
2	23	32	1,216
2	23	35	3,786
2	23	42	4,92
2	23	45	1,178
2	23	46	2,189
2	23	48	4,785
2	23	49	5,744
2	23	50	2,71
2	23	51	0,782
2	23	53	2,21
2	23	54	10,79
2	23	59	1,707
2	23	68	9,37
2	23	84	6,666
2	23	98	10,323
2	28	4	17,27
2	28	5	2,05
2	28	6	3,657
2	28	8	2,465
2	28	19	2,538
2	28	23	2,685
2	28	31	0,817
2	28	32	0,523
2	28	35	5,444
2	28	42	6,868
2	28	45	11,392
2	28	46	1,533
2	28	48	2,367
2	28	49	0,765
2	28	50	8,186
2	28	51	4,991
2	28	53	3,64
2	28	54	7,707
2	28	59	10,294
2	28	68	1,279
2	28	84	12,01
2	28	98	1,02
2	31	4	0,505
2	31	5	1,629
2	31	6	2,896
2	31	8	11,789
2	31	19	4,446
2	31	23	16,521
2	31	28	2,557
2	31	32	20,76
2	31	35	10,03
2	31	42	25,68
2	31	45	14,041
2	31	46	1,027
2	31	48	4,853
2	31	49	0,746
2	31	50	13,642
2	31	51	8,968
2	31	53	0,51
2	31	54	1,665
2	31	59	7,106
2	31	68	8,071
2	31	84	2,138
2	31	98	3,512
2	32	4	5,365
2	32	5	8
2	32	6	3,309
2	32	8	6,953
2	32	19	2,942
2	32	23	17,629
2	32	28	1,691
2	32	31	3,264
2	32	35	13,327
2	32	42	8,671
2	32	45	3,491
2	32	46	11,127
2	32	48	12,186
2	32	49	12,968
2	32	50	4,13
2	32	51	18,297
2	32	53	24,996
2	32	54	23,987
2	32	59	1,895
2	32	68	10,819
2	32	84	4,471
2	32	98	1,302
2	35	4	3,435
2	35	5	9,888
2	35	6	7,555
2	35	8	17,38
2	35	19	1,399
2	35	23	10,801
2	35	28	0,754
2	35	31	14,547
2	35	32	7,397
2	35	42	1,405
2	35	45	19,911
2	35	46	6,074
2	35	48	6,721
2	35	49	1,492
2	35	50	9,762
2	35	51	10,106
2	35	53	2,283
2	35	54	4,944
2	35	59	1,421
2	35	68	30,987
2	35	84	1,918
2	35	98	10,766
2	42	4	0,619
2	42	5	5,871
2	42	6	3,18
2	42	8	5,75
2	42	19	24,678
2	42	23	1,427
2	42	28	22,19
2	42	31	3,126
2	42	32	1,459
2	42	35	11,644
2	42	45	2,42
2	42	46	13,25
2	42	48	1,777
2	42	49	2,318
2	42	50	42,664
2	42	51	22,679
2	42	53	1,242
2	42	54	2,665
2	42	59	1,171
2	42	68	1,716
2	42	84	11,322
2	42	98	2,58
2	45	4	5,113
2	45	5	2,441
2	45	6	3,686
2	45	8	29,457
2	45	19	3,8
2	45	23	5,194
2	45	28	17,358
2	45	31	2,076
2	45	32	1,028
2	45	35	4,726
2	45	42	25,679
2	45	46	2,677
2	45	48	1,165
2	45	49	12,084
2	45	50	1,283
2	45	51	12,758
2	45	53	1,788
2	45	54	8,757
2	45	59	2,681
2	45	68	3,641
2	45	84	0,62
2	45	98	1,699
2	46	4	1,63
2	46	5	16,63
2	46	6	3,772
2	46	8	2,581
2	46	19	8,304
2	46	23	2,955
2	46	28	8,714
2	46	31	5,534
2	46	32	1,407
2	46	35	8,635
2	46	42	2,021
2	46	45	2,236
2	46	48	4,707
2	46	49	3,509
2	46	50	2,377
2	46	51	18,782
2	46	53	2,472
2	46	54	0,57
2	46	59	5,653
2	46	68	0,561
2	46	84	1,135
2	46	98	2,278
2	48	4	1,528
2	48	5	2,956
2	48	6	27,706
2	48	8	10,87
2	48	19	2,568
2	48	23	8,947
2	48	28	5,131
2	48	31	2,379
2	48	32	0,632
2	48	35	10,399
2	48	42	3,376
2	48	45	8,524
2	48	46	0,974
2	48	49	2,527
2	48	50	4,466
2	48	51	15,161
2	48	53	2,159
2	48	54	1,817
2	48	59	8,959
2	48	68	4,788
2	48	84	7,852
2	48	98	5,407
2	49	4	4,931
2	49	5	7,617
2	49	6	8,146
2	49	8	6,667
2	49	19	19,288
2	49	23	3,785
2	49	28	20,025
2	49	31	1,352
2	49	32	1,757
2	49	35	30,699
2	49	42	2,216
2	49	45	3,09
2	49	46	2,536
2	49	48	4,935
2	49	50	2,128
2	49	51	3,98
2	49	53	13,106
2	49	54	14,03
2	49	59	5,692
2	49	68	3,2
2	49	84	3,314
2	49	98	4,778
2	50	4	22,351
2	50	5	13,152
2	50	6	0,731
2	50	8	5,098
2	50	19	3,862
2	50	23	11,919
2	50	28	33,458
2	50	31	8,653
2	50	32	1,325
2	50	35	0,781
2	50	42	5,923
2	50	45	11,298
2	50	46	0,666
2	50	48	0,829
2	50	49	2,502
2	50	51	11,708
2	50	53	8,354
2	50	54	1,597
2	50	59	5,455
2	50	68	9,654
2	50	84	4,098
2	50	98	4,401
2	51	4	9,116
2	51	5	7,933
2	51	6	4,169
2	51	8	6,878
2	51	19	4,845
2	51	23	5,024
2	51	28	6,7
2	51	31	10,403
2	51	32	10,385
2	51	35	7,627
2	51	42	4,167
2	51	45	4,597
2	51	46	3,071
2	51	48	7,011
2	51	49	0,703
2	51	50	3,52
2	51	53	26,816
2	51	54	4,969
2	51	59	7,456
2	51	68	4,098
2	51	84	4,237
2	51	98	1,272
2	53	4	6,348
2	53	5	1,332
2	53	6	13,95
2	53	8	5,242
2	53	19	8,112
2	53	23	0,804
2	53	28	1,064
2	53	31	6,694
2	53	32	3,654
2	53	35	4,755
2	53	42	1,754
2	53	45	4,314
2	53	46	50,393
2	53	48	15,11
2	53	49	1,155
2	53	50	9,848
2	53	51	0,713
2	53	54	1,316
2	53	59	9,969
2	53	68	4,912
2	53	84	1,009
2	53	98	3,658
2	54	4	1,975
2	54	5	2,474
2	54	6	2,86
2	54	8	8,528
2	54	19	8,2
2	54	23	14,769
2	54	28	1,748
2	54	31	0,713
2	54	32	2,218
2	54	35	8,971
2	54	42	3,461
2	54	45	5,061
2	54	46	9,819
2	54	48	8,218
2	54	49	7,127
2	54	50	9,514
2	54	51	19,11
2	54	53	1,239
2	54	59	1,068
2	54	68	3,706
2	54	84	9,075
2	54	98	4,035
2	59	4	4,435
2	59	5	3,899
2	59	6	5,706
2	59	8	5,4
2	59	19	9,083
2	59	23	2,787
2	59	28	3,228
2	59	31	23,411
2	59	32	1,701
2	59	35	5,165
2	59	42	3,98
2	59	45	2,548
2	59	46	6,34
2	59	48	3,112
2	59	49	2,702
2	59	50	3,664
2	59	51	3,003
2	59	53	1,554
2	59	54	4,73
2	59	68	1,612
2	59	84	1,024
2	59	98	14,326
2	68	4	3,212
2	68	5	6,432
2	68	6	1,512
2	68	8	25,378
2	68	19	25,135
2	68	23	2,536
2	68	28	5,136
2	68	31	3,116
2	68	32	7,048
2	68	35	27,221
2	68	42	9,553
2	68	45	0,648
2	68	46	3,659
2	68	48	10,713
2	68	49	9,032
2	68	50	22,645
2	68	51	2,735
2	68	53	0,937
2	68	54	2,79
2	68	59	21,291
2	68	84	5,879
2	68	98	14,732
2	84	4	3,911
2	84	5	2,844
2	84	6	2,668
2	84	8	18,132
2	84	19	4,241
2	84	23	17,188
2	84	28	7,47
2	84	31	0,747
2	84	32	2,142
2	84	35	0,735
2	84	42	3,769
2	84	45	18,027
2	84	46	15,441
2	84	48	2,162
2	84	49	4,247
2	84	50	5,113
2	84	51	5,145
2	84	53	1,395
2	84	54	7,39
2	84	59	1,424
2	84	68	0,533
2	84	98	4,363
2	98	4	6,718
2	98	5	1,742
2	98	6	11,883
2	98	8	29,68
2	98	19	5,364
2	98	23	4,381
2	98	28	22,693
2	98	31	6,13
2	98	32	2,519
2	98	35	1,354
2	98	42	1,38
2	98	45	2,909
2	98	46	13,25
2	98	48	3,465
2	98	49	2,644
2	98	50	0,626
2	98	51	10,388
2	98	53	2,44
2	98	54	2,138
2	98	59	17,766
2	98	68	8,422
2	98	84	5,356
3	1	6	5,175
3	1	11	5,19
3	1	12	6,37
3	1	16	13,389
3	1	18	1,534
3	1	22	3,989
3	1	23	9,799
3	1	31	3,602
3	1	34	3,476
3	1	36	10,028
3	1	38	11,742
3	1	41	2,678
3	1	49	0,945
3	1	59	5,597
3	1	63	1,805
3	1	69	0,572
3	1	76	1,598
3	1	84	0,849
3	1	85	18,483
3	1	96	2,724
3	6	1	23,606
3	6	11	19,566
3	6	12	11,603
3	6	16	21,466
3	6	18	4,577
3	6	22	1,934
3	6	23	6,085
3	6	31	11,61
3	6	34	6,928
3	6	36	1,963
3	6	38	7,371
3	6	41	6,233
3	6	49	7,992
3	6	59	7,655
3	6	63	4,455
3	6	69	3,282
3	6	76	6,678
3	6	84	8,804
3	6	85	3,583
3	6	96	10,084
3	11	1	15,838
3	11	6	11,215
3	11	12	2,113
3	11	16	0,997
3	11	18	10,567
3	11	22	1,636
3	11	23	12,334
3	11	31	2,652
3	11	34	4,681
3	11	36	2,77
3	11	38	7,126
3	11	41	1,535
3	11	49	1,658
3	11	59	0,951
3	11	63	0,989
3	11	69	8,682
3	11	76	1,142
3	11	84	12,032
3	11	85	7,112
3	11	96	3,508
3	12	1	6,628
3	12	6	2,527
3	12	11	3,028
3	12	16	3,871
3	12	18	3,744
3	12	22	1,364
3	12	23	15,996
3	12	31	33,373
3	12	34	8,117
3	12	36	3,546
3	12	38	1,602
3	12	41	2,03
3	12	49	1,169
3	12	59	15,237
3	12	63	7,593
3	12	69	8,706
3	12	76	11,52
3	12	84	3,6
3	12	85	4,503
3	12	96	5,426
3	16	1	3,831
3	16	6	3,359
3	16	11	0,586
3	16	12	4,326
3	16	18	5,205
3	16	22	0,802
3	16	23	5,478
3	16	31	2,233
3	16	34	1,244
3	16	36	4,531
3	16	38	3,975
3	16	41	3,167
3	16	49	5,036
3	16	59	2,593
3	16	63	2,257
3	16	69	5,231
3	16	76	2,359
3	16	84	13,916
3	16	85	10,851
3	16	96	6,206
3	18	1	2,217
3	18	6	8,023
3	18	11	4,129
3	18	12	16,491
3	18	16	5,71
3	18	22	1,558
3	18	23	0,621
3	18	31	2,823
3	18	34	5,562
3	18	36	1,79
3	18	38	2,211
3	18	41	1,208
3	18	49	1,659
3	18	59	4,536
3	18	63	1,617
3	18	69	5,631
3	18	76	0,62
3	18	84	2,631
3	18	85	3,551
3	18	96	3,533
3	22	1	7,642
3	22	6	3,588
3	22	11	4,325
3	22	12	1,506
3	22	16	2,131
3	22	18	5,74
3	22	23	2,135
3	22	31	2,067
3	22	34	3,111
3	22	36	8,473
3	22	38	3,578
3	22	41	5,29
3	22	49	3,333
3	22	59	11,111
3	22	63	6,637
3	22	69	12,746
3	22	76	0,904
3	22	84	6,71
3	22	85	0,672
3	22	96	3,194
3	23	1	7,15
3	23	6	7,75
3	23	11	3,927
3	23	12	3,213
3	23	16	8,244
3	23	18	5,364
3	23	22	7,244
3	23	31	1,553
3	23	34	26,868
3	23	36	12,66
3	23	38	13,506
3	23	41	6,284
3	23	49	7,861
3	23	59	2,076
3	23	63	5,498
3	23	69	9,242
3	23	76	3,772
3	23	84	17,409
3	23	85	1,867
3	23	96	0,882
3	31	1	1,259
3	31	6	2,348
3	31	11	10,031
3	31	12	3,861
3	31	16	3,531
3	31	18	8,179
3	31	22	29,126
3	31	23	5,556
3	31	34	5,232
3	31	36	12,91
3	31	38	0,601
3	31	41	1,519
3	31	49	8,196
3	31	59	1,293
3	31	63	12,879
3	31	69	4,87
3	31	76	10,904
3	31	84	11,47
3	31	85	11,883
3	31	96	0,9
3	34	1	46,834
3	34	6	1,915
3	34	11	9,896
3	34	12	4,875
3	34	16	6,883
3	34	18	6,318
3	34	22	1,109
3	34	23	1,14
3	34	31	14,241
3	34	36	3,366
3	34	38	1,324
3	34	41	3,26
3	34	49	2,845
3	34	59	2,475
3	34	63	5,242
3	34	69	7,283
3	34	76	9,01
3	34	84	0,562
3	34	85	4,358
3	34	96	3,322
3	36	1	4,403
3	36	6	8,439
3	36	11	2,577
3	36	12	13,942
3	36	16	5,964
3	36	18	16,178
3	36	22	0,982
3	36	23	2,413
3	36	31	5,442
3	36	34	2,785
3	36	38	2,728
3	36	41	3,893
3	36	49	7,127
3	36	59	5,824
3	36	63	0,765
3	36	69	14,249
3	36	76	7,02
3	36	84	2,004
3	36	85	2,323
3	36	96	1,329
3	38	1	11,74
3	38	6	6,031
3	38	11	12,315
3	38	12	33,629
3	38	16	1,256
3	38	18	3,743
3	38	22	1,269
3	38	23	8,675
3	38	31	6,302
3	38	34	9,888
3	38	36	4,923
3	38	41	7,757
3	38	49	4,924
3	38	59	0,954
3	38	63	0,927
3	38	69	6,887
3	38	76	6,008
3	38	84	1,779
3	38	85	6,792
3	38	96	0,683
3	41	1	5,291
3	41	6	4,872
3	41	11	6,132
3	41	12	2,283
3	41	16	5,027
3	41	18	3,251
3	41	22	1,124
3	41	23	6,245
3	41	31	10,603
3	41	34	5,333
3	41	36	11,777
3	41	38	3,018
3	41	49	3,039
3	41	59	1,116
3	41	63	1,247
3	41	69	4,796
3	41	76	10,558
3	41	84	1,531
3	41	85	6,731
3	41	96	15,364
3	49	1	1,845
3	49	6	1,8
3	49	11	12,409
3	49	12	5,154
3	49	16	4,509
3	49	18	26,553
3	49	22	8,557
3	49	23	15,172
3	49	31	9,731
3	49	34	6,036
3	49	36	0,779
3	49	38	1,754
3	49	41	4,266
3	49	59	5,855
3	49	63	1,807
3	49	69	23,34
3	49	76	1,516
3	49	84	1,275
3	49	85	0,512
3	49	96	0,555
3	59	1	1,712
3	59	6	3,916
3	59	11	27,219
3	59	12	5,041
3	59	16	1,268
3	59	18	5,48
3	59	22	1,013
3	59	23	2,728
3	59	31	4,726
3	59	34	4,906
3	59	36	6,037
3	59	38	0,588
3	59	41	5,748
3	59	49	3,416
3	59	63	4,824
3	59	69	2,894
3	59	76	6,63
3	59	84	6,614
3	59	85	11,347
3	59	96	5,908
3	63	1	4,65
3	63	6	17,65
3	63	11	6,693
3	63	12	0,548
3	63	16	11,99
3	63	18	5,243
3	63	22	9,304
3	63	23	4,377
3	63	31	12,263
3	63	34	19,143
3	63	36	4,783
3	63	38	5,632
3	63	41	3,88
3	63	49	2,696
3	63	59	3,155
3	63	69	0,943
3	63	76	51,831
3	63	84	2,042
3	63	85	5,113
3	63	96	5,557
3	69	1	12,679
3	69	6	7,514
3	69	11	1,886
3	69	12	7,088
3	69	16	34,049
3	69	18	2,547
3	69	22	7,532
3	69	23	0,525
3	69	31	12,926
3	69	34	18,326
3	69	36	6,249
3	69	38	8,259
3	69	41	1,277
3	69	49	3,166
3	69	59	29,06
3	69	63	1,309
3	69	76	5,736
3	69	84	1,936
3	69	85	2,343
3	69	96	1,093
3	76	1	3,648
3	76	6	5,719
3	76	11	11,672
3	76	12	1,502
3	76	16	0,5
3	76	18	2,275
3	76	22	6,903
3	76	23	40,955
3	76	31	4,894
3	76	34	1,625
3	76	36	5,394
3	76	38	3,721
3	76	41	10,437
3	76	49	0,656
3	76	59	2,277
3	76	63	1,983
3	76	69	4,27
3	76	84	1,085
3	76	85	10,116
3	76	96	11,587
3	84	1	4,592
3	84	6	9,162
3	84	11	0,888
3	84	12	5,15
3	84	16	2,552
3	84	18	7,441
3	84	22	0,972
3	84	23	14,935
3	84	31	3,886
3	84	34	5,841
3	84	36	3,422
3	84	38	1,706
3	84	41	4,07
3	84	49	3,959
3	84	59	19,637
3	84	63	6,419
3	84	69	1,499
3	84	76	0,559
3	84	85	1,279
3	84	96	5,184
3	85	1	4,39
3	85	6	0,949
3	85	11	0,772
3	85	12	4,472
3	85	16	4,892
3	85	18	2,226
3	85	22	7,291
3	85	23	2,252
3	85	31	7,423
3	85	34	9,525
3	85	36	7,592
3	85	38	5,687
3	85	41	1,236
3	85	49	1,079
3	85	59	5,074
3	85	63	3,192
3	85	69	3,265
3	85	76	2,185
3	85	84	7,217
3	85	96	1,667
3	96	1	1,495
3	96	6	6,937
3	96	11	30,63
3	96	12	4,8
3	96	16	1,831
3	96	18	25,737
3	96	22	3,21
3	96	23	16,767
3	96	31	12,854
3	96	34	3,036
3	96	36	12,477
3	96	38	2,948
3	96	41	1,613
3	96	49	3,688
3	96	59	9,963
3	96	63	0,805
3	96	69	2,692
3	96	76	1,817
3	96	84	6,647
3	96	85	0,878
4	6	8	16,983
4	6	11	2,99
4	6	15	2,039
4	6	17	13,86
4	6	18	0,778
4	6	21	0,87
4	6	22	2,642
4	6	23	6,357
4	6	25	1,565
4	6	27	1,585
4	6	28	3,004
4	6	30	2,417
4	6	31	1,737
4	6	32	2,226
4	6	34	22,119
4	6	36	4,345
4	6	43	20,924
4	6	57	6,495
4	6	64	5,033
4	6	69	0,899
4	6	70	1,086
4	6	75	6,748
4	6	78	2,204
4	6	80	6,9
4	6	82	6,109
4	6	85	30,843
4	6	88	0,765
4	6	89	19,628
4	6	90	7,441
4	6	92	1,013
4	6	93	4,423
4	6	97	2,073
4	6	100	5,658
4	8	6	7,561
4	8	11	21,359
4	8	15	7,104
4	8	17	2,305
4	8	18	13,853
4	8	21	1,379
4	8	22	5,775
4	8	23	2,398
4	8	25	4,137
4	8	27	9,072
4	8	28	5,481
4	8	30	1,088
4	8	31	1,414
4	8	32	24,442
4	8	34	14,342
4	8	36	23,964
4	8	43	1,031
4	8	57	6,957
4	8	64	8,743
4	8	69	2,316
4	8	70	0,613
4	8	75	1,606
4	8	78	20,715
4	8	80	13,13
4	8	82	26,997
4	8	85	2,351
4	8	88	4,566
4	8	89	11,315
4	8	90	1,482
4	8	92	6,048
4	8	93	1,328
4	8	97	13,468
4	8	100	1,522
4	11	6	4,399
4	11	8	1,289
4	11	15	9,767
4	11	17	7,448
4	11	18	1,528
4	11	21	7,257
4	11	22	5,481
4	11	23	1,658
4	11	25	10,487
4	11	27	0,714
4	11	28	12,042
4	11	30	0,522
4	11	31	1,943
4	11	32	1,825
4	11	34	7,938
4	11	36	3,17
4	11	43	6,099
4	11	57	5,561
4	11	64	1,286
4	11	69	1,419
4	11	70	5,055
4	11	75	1,909
4	11	78	1,26
4	11	80	10,724
4	11	82	3,489
4	11	85	6,804
4	11	88	4,545
4	11	89	16,291
4	11	90	8,832
4	11	92	6,544
4	11	93	3,459
4	11	97	1,525
4	11	100	17,424
4	15	6	6,769
4	15	8	3,878
4	15	11	5,067
4	15	17	9,433
4	15	18	1,353
4	15	21	3,861
4	15	22	7,753
4	15	23	4,594
4	15	25	2,036
4	15	27	12,357
4	15	28	1,116
4	15	30	2,111
4	15	31	2,804
4	15	32	3,574
4	15	34	1,938
4	15	36	3,724
4	15	43	5,424
4	15	57	1,685
4	15	64	1,135
4	15	69	13,696
4	15	70	1,401
4	15	75	2,578
4	15	78	2,918
4	15	80	5,168
4	15	82	16,771
4	15	85	9,472
4	15	88	9,311
4	15	89	20,923
4	15	90	1,374
4	15	92	8,228
4	15	93	2,425
4	15	97	1,375
4	15	100	9,627
4	17	6	14,579
4	17	8	1,489
4	17	11	4,733
4	17	15	3,229
4	17	18	2,367
4	17	21	11,573
4	17	22	3,462
4	17	23	2,296
4	17	25	9,396
4	17	27	8,231
4	17	28	10,209
4	17	30	1,115
4	17	31	2,134
4	17	32	5,579
4	17	34	6,278
4	17	36	27,754
4	17	43	14,223
4	17	57	3,078
4	17	64	1,181
4	17	69	1,953
4	17	70	4,324
4	17	75	1,64
4	17	78	6,62
4	17	80	2,142
4	17	82	3,532
4	17	85	2,362
4	17	88	13,535
4	17	89	0,829
4	17	90	4,841
4	17	92	11,711
4	17	93	2,551
4	17	97	2,262
4	17	100	41,542
4	18	6	6,947
4	18	8	7,189
4	18	11	0,611
4	18	15	1,877
4	18	17	0,774
4	18	21	15,326
4	18	22	0,67
4	18	23	1,482
4	18	25	8,53
4	18	27	9,549
4	18	28	10,339
4	18	30	3,577
4	18	31	3,036
4	18	32	23,387
4	18	34	5,03
4	18	36	5,352
4	18	43	29,602
4	18	57	14,509
4	18	64	26,641
4	18	69	1,294
4	18	70	3,894
4	18	75	1,625
4	18	78	13,825
4	18	80	3,722
4	18	82	17,764
4	18	85	3,94
4	18	88	3,515
4	18	89	2,716
4	18	90	4,298
4	18	92	40,212
4	18	93	51,903
4	18	97	2,495
4	18	100	2,992
4	21	6	1,329
4	21	8	9,466
4	21	11	19,397
4	21	15	2,783
4	21	17	11,073
4	21	18	3,93
4	21	22	7,181
4	21	23	1,689
4	21	25	1,684
4	21	27	10,517
4	21	28	5,005
4	21	30	1,541
4	21	31	11,251
4	21	32	0,844
4	21	34	2,642
4	21	36	7,542
4	21	43	8,331
4	21	57	2,194
4	21	64	3,082
4	21	69	3,686
4	21	70	3,808
4	21	75	12,752
4	21	78	5,066
4	21	80	3,485
4	21	82	1,546
4	21	85	14,2
4	21	88	19,652
4	21	89	3,052
4	21	90	2,766
4	21	92	43,434
4	21	93	6,099
4	21	97	1,28
4	21	100	0,98
4	22	6	5,276
4	22	8	7,138
4	22	11	3,545
4	22	15	7,946
4	22	17	2,679
4	22	18	3,411
4	22	21	2,537
4	22	23	3,732
4	22	25	5,392
4	22	27	4,036
4	22	28	4,018
4	22	30	5,387
4	22	31	5,395
4	22	32	1,095
4	22	34	1,313
4	22	36	10,774
4	22	43	3,819
4	22	57	5,675
4	22	64	2,813
4	22	69	8,917
4	22	70	3,412
4	22	75	2,061
4	22	78	3,754
4	22	80	5,588
4	22	82	6,182
4	22	85	51,95
4	22	88	32,935
4	22	89	5,191
4	22	90	1,363
4	22	92	7,146
4	22	93	33,791
4	22	97	14,898
4	22	100	9,019
4	23	6	1,577
4	23	8	0,798
4	23	11	6,957
4	23	15	2,988
4	23	17	1,397
4	23	18	15,18
4	23	21	21,651
4	23	22	12,73
4	23	25	7,88
4	23	27	12,916
4	23	28	3,439
4	23	30	19,486
4	23	31	4,788
4	23	32	1,798
4	23	34	10,166
4	23	36	87,968
4	23	43	0,554
4	23	57	4,593
4	23	64	2,298
4	23	69	16,594
4	23	70	6,174
4	23	75	2,954
4	23	78	4,413
4	23	80	2,578
4	23	82	1,009
4	23	85	6,305
4	23	88	5,45
4	23	89	5,501
4	23	90	11,701
4	23	92	1,824
4	23	93	3,926
4	23	97	12,721
4	23	100	5,184
4	25	6	9,704
4	25	8	2,887
4	25	11	4,141
4	25	15	5,829
4	25	17	1,606
4	25	18	5,229
4	25	21	6,965
4	25	22	8,449
4	25	23	7,664
4	25	27	3,314
4	25	28	1,719
4	25	30	11,75
4	25	31	20,33
4	25	32	6,584
4	25	34	12,022
4	25	36	3,716
4	25	43	3,591
4	25	57	4,968
4	25	64	3,825
4	25	69	8,219
4	25	70	8,57
4	25	75	8,775
4	25	78	6,865
4	25	80	1,607
4	25	82	12,471
4	25	85	11,693
4	25	88	7,474
4	25	89	15,564
4	25	90	6,82
4	25	92	1,143
4	25	93	1,606
4	25	97	7,342
4	25	100	6,584
4	27	6	4,513
4	27	8	6,255
4	27	11	19,704
4	27	15	11,633
4	27	17	13,35
4	27	18	2,436
4	27	21	5,648
4	27	22	1,899
4	27	23	3,756
4	27	25	1,874
4	27	28	4,927
4	27	30	4,083
4	27	31	1,216
4	27	32	15,333
4	27	34	5,776
4	27	36	2,71
4	27	43	10,939
4	27	57	3,131
4	27	64	3,157
4	27	69	1,117
4	27	70	3,656
4	27	75	0,8
4	27	78	3,571
4	27	80	4,078
4	27	82	11,291
4	27	85	11,963
4	27	88	13,771
4	27	89	8,957
4	27	90	10,242
4	27	92	10,755
4	27	93	9,329
4	27	97	43,154
4	27	100	11,147
4	28	6	4,698
4	28	8	6,796
4	28	11	2,023
4	28	15	7,072
4	28	17	7,826
4	28	18	3,686
4	28	21	3,209
4	28	22	14,366
4	28	23	11,117
4	28	25	5,599
4	28	27	8,75
4	28	30	5,476
4	28	31	0,993
4	28	32	0,999
4	28	34	3,062
4	28	36	1,078
4	28	43	15,264
4	28	57	9,313
4	28	64	3,179
4	28	69	2,482
4	28	70	1,822
4	28	75	9,233
4	28	78	5,322
4	28	80	3,539
4	28	82	6,937
4	28	85	2,76
4	28	88	11
4	28	89	14,19
4	28	90	6,499
4	28	92	1,989
4	28	93	3,718
4	28	97	7,232
4	28	100	2,813
4	30	6	10,843
4	30	8	0,682
4	30	11	3,899
4	30	15	8,466
4	30	17	1,781
4	30	18	4,961
4	30	21	9,436
4	30	22	1,312
4	30	23	12,088
4	30	25	16,436
4	30	27	9,779
4	30	28	13,424
4	30	31	5,335
4	30	32	2,155
4	30	34	13,048
4	30	36	1,207
4	30	43	23,813
4	30	57	2,03
4	30	64	25,679
4	30	69	3,977
4	30	70	1,635
4	30	75	1,63
4	30	78	6,416
4	30	80	4,595
4	30	82	4,777
4	30	85	2,385
4	30	88	4,749
4	30	89	0,602
4	30	90	8,119
4	30	92	0,958
4	30	93	0,839
4	30	97	3,321
4	30	100	10,51
4	31	6	2,442
4	31	8	8,927
4	31	11	1,082
4	31	15	25,715
4	31	17	24,239
4	31	18	2,547
4	31	21	17,068
4	31	22	5,04
4	31	23	1,003
4	31	25	9,095
4	31	27	9,417
4	31	28	8,365
4	31	30	0,917
4	31	32	17,523
4	31	34	20,083
4	31	36	1,353
4	31	43	1,27
4	31	57	0,942
4	31	64	3,894
4	31	69	2,126
4	31	70	2,21
4	31	75	1,781
4	31	78	0,529
4	31	80	4,634
4	31	82	10,688
4	31	85	0,663
4	31	88	3,032
4	31	89	3,765
4	31	90	2,237
4	31	92	2,085
4	31	93	15,105
4	31	97	20,682
4	31	100	1,037
4	32	6	9,754
4	32	8	1,167
4	32	11	5,278
4	32	15	2,044
4	32	17	5,684
4	32	18	5,242
4	32	21	16,352
4	32	22	39,575
4	32	23	2,165
4	32	25	0,717
4	32	27	6,835
4	32	28	23,221
4	32	30	1,879
4	32	31	19,923
4	32	34	4,905
4	32	36	6,804
4	32	43	6,946
4	32	57	0,554
4	32	64	8,94
4	32	69	3,77
4	32	70	6,314
4	32	75	2,731
4	32	78	18,739
4	32	80	15,993
4	32	82	5,453
4	32	85	5,957
4	32	88	12,323
4	32	89	5,579
4	32	90	4,86
4	32	92	10,934
4	32	93	17,422
4	32	97	9,026
4	32	100	4,156
4	34	6	2,353
4	34	8	2,124
4	34	11	2,28
4	34	15	4,076
4	34	17	5,791
4	34	18	12,067
4	34	21	5,935
4	34	22	7,444
4	34	23	1
4	34	25	8,823
4	34	27	3,782
4	34	28	1,295
4	34	30	3,986
4	34	31	18,053
4	34	32	1,792
4	34	36	2,303
4	34	43	10,147
4	34	57	0,582
4	34	64	7,878
4	34	69	5,3
4	34	70	4,94
4	34	75	1,907
4	34	78	8,395
4	34	80	17,617
4	34	82	2,046
4	34	85	4,116
4	34	88	3,847
4	34	89	10,285
4	34	90	0,757
4	34	92	4,449
4	34	93	5,086
4	34	97	6,953
4	34	100	2,704
4	36	6	12,706
4	36	8	14,99
4	36	11	1,993
4	36	15	1,131
4	36	17	1,014
4	36	18	5,724
4	36	21	6,641
4	36	22	2,259
4	36	23	2,012
4	36	25	5,483
4	36	27	6,622
4	36	28	12,809
4	36	30	7,045
4	36	31	1,04
4	36	32	5,074
4	36	34	2,333
4	36	43	6,319
4	36	57	195,551
4	36	64	0,515
4	36	69	7,852
4	36	70	23,517
4	36	75	8,499
4	36	78	11,671
4	36	80	1,626
4	36	82	9,602
4	36	85	8,184
4	36	88	19,533
4	36	89	0,921
4	36	90	0,873
4	36	92	2,334
4	36	93	3,152
4	36	97	0,941
4	36	100	1,66
4	43	6	4,517
4	43	8	5,643
4	43	11	0,644
4	43	15	4,628
4	43	17	1,932
4	43	18	1,792
4	43	21	7,677
4	43	22	7,007
4	43	23	7,758
4	43	25	10,998
4	43	27	8,316
4	43	28	17,409
4	43	30	16,906
4	43	31	32,7
4	43	32	5,83
4	43	34	8,165
4	43	36	1,26
4	43	57	3,015
4	43	64	2,493
4	43	69	4,381
4	43	70	14,954
4	43	75	14,382
4	43	78	7,156
4	43	80	6,066
4	43	82	7,133
4	43	85	13,589
4	43	88	7,237
4	43	89	1,509
4	43	90	7,824
4	43	92	2,885
4	43	93	26,632
4	43	97	26,134
4	43	100	1,111
4	57	6	3,376
4	57	8	3,541
4	57	11	13,246
4	57	15	4,603
4	57	17	20,12
4	57	18	5,867
4	57	21	3,342
4	57	22	0,665
4	57	23	6,663
4	57	25	4,113
4	57	27	4,704
4	57	28	8,747
4	57	30	10,395
4	57	31	1,374
4	57	32	9,626
4	57	34	3,105
4	57	36	1,197
4	57	43	1,154
4	57	64	0,854
4	57	69	2,586
4	57	70	4,647
4	57	75	3,144
4	57	78	3,172
4	57	80	1,054
4	57	82	2,724
4	57	85	4,438
4	57	88	3,163
4	57	89	3,846
4	57	90	0,624
4	57	92	2,684
4	57	93	0,832
4	57	97	2,196
4	57	100	0,523
4	64	6	5,313
4	64	8	2,318
4	64	11	3,607
4	64	15	1,029
4	64	17	1,418
4	64	18	3,386
4	64	21	26,656
4	64	22	7,446
4	64	23	9,939
4	64	25	1,842
4	64	27	6,281
4	64	28	2,007
4	64	30	10,682
4	64	31	1,765
4	64	32	5,806
4	64	34	2,945
4	64	36	9,388
4	64	43	3,7
4	64	57	6,732
4	64	69	0,758
4	64	70	3,964
4	64	75	2,156
4	64	78	1,717
4	64	80	0,95
4	64	82	3,022
4	64	85	5,416
4	64	88	75,385
4	64	89	19,08
4	64	90	3,884
4	64	92	2,951
4	64	93	15,413
4	64	97	1,673
4	64	100	4,762
4	69	6	1,625
4	69	8	2,845
4	69	11	4,681
4	69	15	2,138
4	69	17	2,838
4	69	18	3,623
4	69	21	2,412
4	69	22	16,51
4	69	23	12,965
4	69	25	5,006
4	69	27	1,456
4	69	28	12,029
4	69	30	17,601
4	69	31	9,547
4	69	32	4,074
4	69	34	3,113
4	69	36	0,612
4	69	43	12,319
4	69	57	1,61
4	69	64	2,693
4	69	70	7,316
4	69	75	11,219
4	69	78	3,711
4	69	80	4,166
4	69	82	4,383
4	69	85	25,815
4	69	88	3,897
4	69	89	0,96
4	69	90	2,613
4	69	92	3,064
4	69	93	12,327
4	69	97	2,879
4	69	100	7,005
4	70	6	6,709
4	70	8	15,395
4	70	11	4,146
4	70	15	3,434
4	70	17	7,453
4	70	18	8,762
4	70	21	1,183
4	70	22	3,254
4	70	23	1,142
4	70	25	6,274
4	70	27	9,491
4	70	28	12,949
4	70	30	5,334
4	70	31	7,069
4	70	32	0,914
4	70	34	10,317
4	70	36	1,696
4	70	43	1,102
4	70	57	6,986
4	70	64	8,611
4	70	69	0,673
4	70	75	3,572
4	70	78	11,086
4	70	80	6,716
4	70	82	2,049
4	70	85	4,679
4	70	88	1,009
4	70	89	3,291
4	70	90	3,975
4	70	92	3,681
4	70	93	1,222
4	70	97	4,859
4	70	100	1,594
4	75	6	9,084
4	75	8	0,793
4	75	11	4,505
4	75	15	4,145
4	75	17	14,684
4	75	18	3,848
4	75	21	3,624
4	75	22	8,105
4	75	23	3,63
4	75	25	4,611
4	75	27	0,565
4	75	28	12,078
4	75	30	6,878
4	75	31	0,74
4	75	32	0,702
4	75	34	2,408
4	75	36	14,672
4	75	43	5,318
4	75	57	1,439
4	75	64	1,36
4	75	69	6,118
4	75	70	11,694
4	75	78	2,607
4	75	80	1,748
4	75	82	2,835
4	75	85	2,38
4	75	88	1,216
4	75	89	6,334
4	75	90	0,542
4	75	92	5,3
4	75	93	5,402
4	75	97	3,669
4	75	100	6,362
4	78	6	13,687
4	78	8	6,429
4	78	11	2,495
4	78	15	2,132
4	78	17	0,852
4	78	18	5,689
4	78	21	0,526
4	78	22	10,987
4	78	23	2,593
4	78	25	0,544
4	78	27	6,487
4	78	28	4,694
4	78	30	9,748
4	78	31	3,481
4	78	32	2,557
4	78	34	1,528
4	78	36	10,249
4	78	43	9,775
4	78	57	5,084
4	78	64	2,819
4	78	69	12,882
4	78	70	3,523
4	78	75	7,707
4	78	80	7,814
4	78	82	6,374
4	78	85	4,238
4	78	88	5,487
4	78	89	0,626
4	78	90	7,965
4	78	92	1,282
4	78	93	0,592
4	78	97	2,48
4	78	100	1,849
4	80	6	5,472
4	80	8	1,681
4	80	11	2,202
4	80	15	0,676
4	80	17	2,365
4	80	18	31,124
4	80	21	4,825
4	80	22	7,656
4	80	23	0,631
4	80	25	2,631
4	80	27	6,565
4	80	28	5,957
4	80	30	1,838
4	80	31	2,285
4	80	32	11,345
4	80	34	1,665
4	80	36	0,632
4	80	43	0,602
4	80	57	3,151
4	80	64	4,108
4	80	69	0,64
4	80	70	1,626
4	80	75	4,175
4	80	78	11,848
4	80	82	1,427
4	80	85	5,14
4	80	88	16,247
4	80	89	7,31
4	80	90	8,201
4	80	92	6,609
4	80	93	5,936
4	80	97	2,526
4	80	100	20,584
4	82	6	2,114
4	82	8	1,476
4	82	11	3,79
4	82	15	0,962
4	82	17	1,003
4	82	18	1,29
4	82	21	11,154
4	82	22	2,571
4	82	23	2,545
4	82	25	7,706
4	82	27	2,106
4	82	28	6,657
4	82	30	5,986
4	82	31	1,09
4	82	32	23,751
4	82	34	1,217
4	82	36	15,948
4	82	43	1,591
4	82	57	9,399
4	82	64	7,993
4	82	69	6,582
4	82	70	0,584
4	82	75	1,203
4	82	78	0,728
4	82	80	9,418
4	82	85	1,996
4	82	88	2,378
4	82	89	4,937
4	82	90	4,528
4	82	92	7,989
4	82	93	1,39
4	82	97	8,892
4	82	100	1,02
4	85	6	11,049
4	85	8	5,513
4	85	11	4,912
4	85	15	17,133
4	85	17	9,731
4	85	18	14,804
4	85	21	6,15
4	85	22	3,955
4	85	23	5,553
4	85	25	1,866
4	85	27	13,655
4	85	28	1,23
4	85	30	1,383
4	85	31	0,931
4	85	32	1,387
4	85	34	3,477
4	85	36	3,144
4	85	43	1,412
4	85	57	2,358
4	85	64	8,259
4	85	69	7,88
4	85	70	7,526
4	85	75	3,652
4	85	78	9,188
4	85	80	4,047
4	85	82	1,116
4	85	88	3,261
4	85	89	0,9
4	85	90	0,649
4	85	92	4,271
4	85	93	3,575
4	85	97	2,092
4	85	100	6,47
4	88	6	9,927
4	88	8	4,069
4	88	11	17,182
4	88	15	18,409
4	88	17	8,446
4	88	18	7,51
4	88	21	3,343
4	88	22	5,591
4	88	23	2,517
4	88	25	11,593
4	88	27	42,362
4	88	28	1,017
4	88	30	12,195
4	88	31	6,259
4	88	32	2,465
4	88	34	6,063
4	88	36	10,781
4	88	43	4,705
4	88	57	5,885
4	88	64	0,511
4	88	69	1,325
4	88	70	12,933
4	88	75	7,56
4	88	78	2,769
4	88	80	5,298
4	88	82	11,026
4	88	85	39,384
4	88	89	4,481
4	88	90	3,06
4	88	92	7,84
4	88	93	10,563
4	88	97	1,593
4	88	100	3,034
4	89	6	10,816
4	89	8	2,333
4	89	11	2,98
4	89	15	1,825
4	89	17	1,644
4	89	18	13,985
4	89	21	0,666
4	89	22	1,701
4	89	23	32,192
4	89	25	8,498
4	89	27	12,98
4	89	28	3,425
4	89	30	17,399
4	89	31	1,51
4	89	32	11,03
4	89	34	7,848
4	89	36	7,343
4	89	43	4,951
4	89	57	3,165
4	89	64	0,942
4	89	69	10,462
4	89	70	1,206
4	89	75	1,339
4	89	78	7,489
4	89	80	1,601
4	89	82	3,159
4	89	85	3,442
4	89	88	22,526
4	89	90	0,845
4	89	92	2,903
4	89	93	2,007
4	89	97	2,953
4	89	100	2,971
4	90	6	2,601
4	90	8	17,16
4	90	11	5,308
4	90	15	9,261
4	90	17	9,22
4	90	18	3,136
4	90	21	2,834
4	90	22	1,52
4	90	23	3,563
4	90	25	3,118
4	90	27	2,345
4	90	28	15,011
4	90	30	9,956
4	90	31	17,113
4	90	32	1,493
4	90	34	3,637
4	90	36	0,827
4	90	43	0,676
4	90	57	2,515
4	90	64	2,24
4	90	69	4,906
4	90	70	0,512
4	90	75	17,572
4	90	78	3,704
4	90	80	2,525
4	90	82	1,529
4	90	85	0,728
4	90	88	14,245
4	90	89	2,079
4	90	92	4,747
4	90	93	9,073
4	90	97	1,469
4	90	100	6,216
4	92	6	17,136
4	92	8	4,866
4	92	11	5,927
4	92	15	7,388
4	92	17	11,745
4	92	18	15,954
4	92	21	2,425
4	92	22	1,376
4	92	23	2,277
4	92	25	0,699
4	92	27	6,561
4	92	28	0,863
4	92	30	2,359
4	92	31	2,538
4	92	32	15,605
4	92	34	15,728
4	92	36	2,07
4	92	43	1,329
4	92	57	1,942
4	92	64	7,236
4	92	69	7,057
4	92	70	1,184
4	92	75	4,152
4	92	78	3,249
4	92	80	11,05
4	92	82	14,887
4	92	85	4,657
4	92	88	0,64
4	92	89	2,606
4	92	90	2,72
4	92	93	2,158
4	92	97	9,412
4	92	100	2,381
4	93	6	8,787
4	93	8	5,388
4	93	11	15,641
4	93	15	1,445
4	93	17	2,972
4	93	18	23,794
4	93	21	1,339
4	93	22	1,824
4	93	23	3,89
4	93	25	3,87
4	93	27	15,284
4	93	28	1,858
4	93	30	8,051
4	93	31	2,822
4	93	32	2,673
4	93	34	5,086
4	93	36	3,205
4	93	43	4,08
4	93	57	1,861
4	93	64	7,551
4	93	69	1,351
4	93	70	1,845
4	93	75	12,72
4	93	78	8,983
4	93	80	9,476
4	93	82	19,379
4	93	85	0,643
4	93	88	5,21
4	93	89	10,845
4	93	90	2,972
4	93	92	2,031
4	93	97	1,122
4	93	100	8,519
4	97	6	32,562
4	97	8	5,245
4	97	11	2,287
4	97	15	5,356
4	97	17	3,853
4	97	18	3,715
4	97	21	3,635
4	97	22	4,968
4	97	23	14,832
4	97	25	2,653
4	97	27	5,748
4	97	28	3,616
4	97	30	4,551
4	97	31	3
4	97	32	0,827
4	97	34	25,832
4	97	36	21,963
4	97	43	20,196
4	97	57	7,597
4	97	64	4,06
4	97	69	15,502
4	97	70	1,919
4	97	75	6,45
4	97	78	11,485
4	97	80	0,714
4	97	82	5,199
4	97	85	8,785
4	97	88	7,944
4	97	89	7,495
4	97	90	2,866
4	97	92	2,901
4	97	93	1,009
4	97	100	11,618
4	100	6	4,903
4	100	8	11,237
4	100	11	2,858
4	100	15	1,031
4	100	17	1,407
4	100	18	3,983
4	100	21	8,045
4	100	22	1,078
4	100	23	0,926
4	100	25	1,085
4	100	27	3,02
4	100	28	10,138
4	100	30	16,331
4	100	31	5,059
4	100	32	12,473
4	100	34	9,429
4	100	36	14,808
4	100	43	8,984
4	100	57	8,237
4	100	64	11,042
4	100	69	3,709
4	100	70	4,634
4	100	75	10,518
4	100	78	3,871
4	100	80	1,928
4	100	82	3,167
4	100	85	6,942
4	100	88	18,397
4	100	89	1,034
4	100	90	0,517
4	100	92	3,581
4	100	93	1,993
4	100	97	19,452
5	2	6	9,383
5	2	7	3,618
5	2	9	0,79
5	2	10	0,738
5	2	22	39,533
5	2	24	8,585
5	2	33	11,729
5	2	47	0,839
5	2	51	15,071
5	2	57	0,829
5	2	59	9,037
5	2	61	3,278
5	2	62	11,573
5	2	63	1,129
5	2	66	1,361
5	2	67	3,397
5	2	72	0,75
5	2	74	1,96
5	2	76	7,697
5	2	77	4,456
5	2	78	1,506
5	2	87	3,408
5	2	95	4,489
5	6	2	2,606
5	6	7	9,01
5	6	9	0,765
5	6	10	6,404
5	6	22	2,043
5	6	24	35,863
5	6	33	2,571
5	6	47	11,841
5	6	51	3,06
5	6	57	2,462
5	6	59	8,916
5	6	61	6,644
5	6	62	7,227
5	6	63	9,538
5	6	66	3,256
5	6	67	0,956
5	6	72	30,734
5	6	74	2,02
5	6	76	1,906
5	6	77	3,669
5	6	78	1,485
5	6	87	4,905
5	6	95	0,915
5	7	2	8,557
5	7	6	5,258
5	7	9	9,266
5	7	10	16,149
5	7	22	4,523
5	7	24	3,675
5	7	33	2,652
5	7	47	1,401
5	7	51	28,465
5	7	57	1,729
5	7	59	19,26
5	7	61	1,959
5	7	62	10,369
5	7	63	0,868
5	7	66	8,964
5	7	67	4,356
5	7	72	16,123
5	7	74	0,961
5	7	76	0,833
5	7	77	11,286
5	7	78	2,087
5	7	87	0,739
5	7	95	5,186
5	9	2	9,904
5	9	6	2,53
5	9	7	7,037
5	9	10	8,382
5	9	22	11,187
5	9	24	9,574
5	9	33	2,538
5	9	47	11,358
5	9	51	10,246
5	9	57	8,99
5	9	59	12,082
5	9	61	1,24
5	9	62	20,157
5	9	63	9,771
5	9	66	5,084
5	9	67	7,628
5	9	72	2,214
5	9	74	3,758
5	9	76	4,594
5	9	77	3,438
5	9	78	22,838
5	9	87	0,918
5	9	95	24,262
5	10	2	20,548
5	10	6	2,72
5	10	7	5,608
5	10	9	1,734
5	10	22	5,616
5	10	24	1,04
5	10	33	1,707
5	10	47	1,175
5	10	51	7,295
5	10	57	2,292
5	10	59	3,881
5	10	61	0,958
5	10	62	5,072
5	10	63	0,506
5	10	66	8,798
5	10	67	2,761
5	10	72	3,503
5	10	74	8,706
5	10	76	7,223
5	10	77	18,254
5	10	78	0,814
5	10	87	8,721
5	10	95	8,346
5	22	2	3,392
5	22	6	3,978
5	22	7	22,357
5	22	9	10,076
5	22	10	12,691
5	22	24	1,862
5	22	33	5,802
5	22	47	6,021
5	22	51	0,937
5	22	57	0,724
5	22	59	4,274
5	22	61	1,776
5	22	62	0,623
5	22	63	2,901
5	22	66	3,968
5	22	67	1,675
5	22	72	2,081
5	22	74	9,461
5	22	76	7,603
5	22	77	1,907
5	22	78	1,953
5	22	87	8,652
5	22	95	2,152
5	24	2	9,232
5	24	6	3,883
5	24	7	2,859
5	24	9	0,629
5	24	10	1,111
5	24	22	1,93
5	24	33	1,884
5	24	47	3,487
5	24	51	26,305
5	24	57	9,981
5	24	59	0,958
5	24	61	5,88
5	24	62	2,534
5	24	63	1,52
5	24	66	10,506
5	24	67	10,643
5	24	72	2,978
5	24	74	4,68
5	24	76	8,172
5	24	77	6,88
5	24	78	36,788
5	24	87	11,703
5	24	95	2,597
5	33	2	2,302
5	33	6	1,312
5	33	7	58,436
5	33	9	20,901
5	33	10	2,218
5	33	22	16,25
5	33	24	7,761
5	33	47	1,564
5	33	51	12,891
5	33	57	0,569
5	33	59	4,012
5	33	61	1,221
5	33	62	12,835
5	33	63	1,461
5	33	66	1,792
5	33	67	10,179
5	33	72	8,467
5	33	74	2,297
5	33	76	2,732
5	33	77	4,557
5	33	78	4,274
5	33	87	3,229
5	33	95	14,568
5	47	2	7,718
5	47	6	6,637
5	47	7	7,223
5	47	9	18,126
5	47	10	3,292
5	47	22	3,747
5	47	24	8,704
5	47	33	8,525
5	47	51	11,502
5	47	57	2,537
5	47	59	6,268
5	47	61	4,341
5	47	62	1,746
5	47	63	0,883
5	47	66	2,311
5	47	67	1,47
5	47	72	7,39
5	47	74	10,796
5	47	76	2,403
5	47	77	10,756
5	47	78	7,944
5	47	87	0,714
5	47	95	1,385
5	51	2	3,573
5	51	6	1,391
5	51	7	3,947
5	51	9	1,024
5	51	10	7,491
5	51	22	3,18
5	51	24	1,975
5	51	33	1,615
5	51	47	2,083
5	51	57	5,034
5	51	59	11,332
5	51	61	6,116
5	51	62	7,376
5	51	63	17,342
5	51	66	4,658
5	51	67	1,963
5	51	72	3,551
5	51	74	2,077
5	51	76	20,33
5	51	77	7,298
5	51	78	6,006
5	51	87	10,52
5	51	95	13,657
5	57	2	4,634
5	57	6	2,939
5	57	7	20,266
5	57	9	0,51
5	57	10	21,161
5	57	22	3,589
5	57	24	9,825
5	57	33	7,499
5	57	47	1,157
5	57	51	1,694
5	57	59	6,49
5	57	61	8,619
5	57	62	13,146
5	57	63	4,816
5	57	66	1,081
5	57	67	3,441
5	57	72	5,498
5	57	74	4,936
5	57	76	3,304
5	57	77	4,084
5	57	78	18,334
5	57	87	3,794
5	57	95	5,271
5	59	2	33,71
5	59	6	10,651
5	59	7	18,424
5	59	9	1,604
5	59	10	5,088
5	59	22	0,829
5	59	24	0,604
5	59	33	2,128
5	59	47	2,593
5	59	51	9,283
5	59	57	0,976
5	59	61	11,361
5	59	62	16,952
5	59	63	9,764
5	59	66	4,4
5	59	67	3,086
5	59	72	5,72
5	59	74	4,068
5	59	76	1,751
5	59	77	11,42
5	59	78	0,819
5	59	87	16,505
5	59	95	0,807
5	61	2	5,812
5	61	6	1,531
5	61	7	7,008
5	61	9	2,264
5	61	10	1,634
5	61	22	3,962
5	61	24	2,983
5	61	33	8,457
5	61	47	17,402
5	61	51	2,567
5	61	57	5,256
5	61	59	0,545
5	61	62	8,852
5	61	63	2,715
5	61	66	1,23
5	61	67	3,179
5	61	72	4,728
5	61	74	12,883
5	61	76	5,449
5	61	77	23,366
5	61	78	3,45
5	61	87	3,368
5	61	95	8,913
5	62	2	3,695
5	62	6	1,206
5	62	7	1,834
5	62	9	4,759
5	62	10	6,382
5	62	22	29,386
5	62	24	1,723
5	62	33	18,224
5	62	47	2,124
5	62	51	2,344
5	62	57	7,308
5	62	59	5,401
5	62	61	11,19
5	62	63	18,655
5	62	66	19,172
5	62	67	0,557
5	62	72	2,13
5	62	74	0,885
5	62	76	9,375
5	62	77	7,634
5	62	78	3,769
5	62	87	0,82
5	62	95	10,525
5	63	2	2,706
5	63	6	1,458
5	63	7	20,861
5	63	9	4,434
5	63	10	2,268
5	63	22	9,917
5	63	24	9,908
5	63	33	0,883
5	63	47	8,4
5	63	51	1,574
5	63	57	13,728
5	63	59	1,06
5	63	61	5,481
5	63	62	4,867
5	63	66	0,676
5	63	67	5,657
5	63	72	1,231
5	63	74	0,821
5	63	76	0,771
5	63	77	3,282
5	63	78	7,358
5	63	87	4,402
5	63	95	1,374
5	66	2	7,224
5	66	6	2,479
5	66	7	1,03
5	66	9	4,289
5	66	10	4,972
5	66	22	7,329
5	66	24	3,825
5	66	33	5,719
5	66	47	2,055
5	66	51	1,555
5	66	57	0,769
5	66	59	8,965
5	66	61	2,211
5	66	62	14,013
5	66	63	0,915
5	66	67	15,396
5	66	72	11,251
5	66	74	0,91
5	66	76	5,721
5	66	77	8,783
5	66	78	3,362
5	66	87	11,492
5	66	95	3,734
5	67	2	3,745
5	67	6	2,071
5	67	7	7,924
5	67	9	1,117
5	67	10	4,998
5	67	22	1,169
5	67	24	12,031
5	67	33	13,117
5	67	47	23,131
5	67	51	0,534
5	67	57	2,746
5	67	59	1,148
5	67	61	33,51
5	67	62	6,64
5	67	63	4,169
5	67	66	5,083
5	67	72	4,093
5	67	74	3,263
5	67	76	0,879
5	67	77	1,583
5	67	78	7,392
5	67	87	3,581
5	67	95	4,812
5	72	2	0,776
5	72	6	21,109
5	72	7	1,168
5	72	9	1,275
5	72	10	4,733
5	72	22	1,034
5	72	24	1,14
5	72	33	3,485
5	72	47	9,019
5	72	51	7,96
5	72	57	14,718
5	72	59	11,932
5	72	61	1,093
5	72	62	3,883
5	72	63	1,599
5	72	66	0,707
5	72	67	3,35
5	72	74	2,383
5	72	76	3,159
5	72	77	11,636
5	72	78	4,217
5	72	87	12,493
5	72	95	5,41
5	74	2	12,202
5	74	6	3,344
5	74	7	10,266
5	74	9	0,814
5	74	10	2,613
5	74	22	6,565
5	74	24	1,229
5	74	33	8,224
5	74	47	3,035
5	74	51	18,248
5	74	57	14,528
5	74	59	0,977
5	74	61	3,088
5	74	62	8,365
5	74	63	0,506
5	74	66	5,505
5	74	67	5,781
5	74	72	1,286
5	74	76	9,098
5	74	77	19,475
5	74	78	2,208
5	74	87	3,692
5	74	95	4,247
5	76	2	1,21
5	76	6	5,982
5	76	7	4,913
5	76	9	4,102
5	76	10	12,473
5	76	22	7,716
5	76	24	5,036
5	76	33	1,03
5	76	47	0,757
5	76	51	0,515
5	76	57	1,382
5	76	59	29,733
5	76	61	1,584
5	76	62	10,854
5	76	63	4,259
5	76	66	15,076
5	76	67	9,19
5	76	72	3,212
5	76	74	8,302
5	76	77	3,595
5	76	78	20,103
5	76	87	4,081
5	76	95	18,402
5	77	2	7,189
5	77	6	1,082
5	77	7	2,513
5	77	9	7,302
5	77	10	4
5	77	22	8,219
5	77	24	2,845
5	77	33	2,137
5	77	47	2,622
5	77	51	5,681
5	77	57	2,93
5	77	59	14,682
5	77	61	19,699
5	77	62	15,398
5	77	63	2,215
5	77	66	2,48
5	77	67	1,309
5	77	72	3,594
5	77	74	6,206
5	77	76	1,9
5	77	78	7,137
5	77	87	2,3
5	77	95	2,287
5	78	2	1,154
5	78	6	1,975
5	78	7	3,956
5	78	9	0,624
5	78	10	2,232
5	78	22	8,592
5	78	24	6,085
5	78	33	1,616
5	78	47	41,175
5	78	51	0,675
5	78	57	3,292
5	78	59	36,945
5	78	61	1,075
5	78	62	1,023
5	78	63	6,288
5	78	66	4,546
5	78	67	9,654
5	78	72	3,934
5	78	74	2,121
5	78	76	14,192
5	78	77	2,707
5	78	87	2,214
5	78	95	3,455
5	87	2	2,31
5	87	6	5,919
5	87	7	4,468
5	87	9	0,608
5	87	10	9,907
5	87	22	0,575
5	87	24	1,122
5	87	33	0,835
5	87	47	23,173
5	87	51	3,007
5	87	57	1,959
5	87	59	2,159
5	87	61	17,908
5	87	62	1,804
5	87	63	0,749
5	87	66	4,689
5	87	67	6,831
5	87	72	1,207
5	87	74	1,54
5	87	76	2,755
5	87	77	10,906
5	87	78	19,659
5	87	95	13,896
5	95	2	19,62
5	95	6	1,003
5	95	7	5,11
5	95	9	1,52
5	95	10	3,005
5	95	22	1,931
5	95	24	5,004
5	95	33	21,04
5	95	47	12,063
5	95	51	9,351
5	95	57	4,061
5	95	59	17,508
5	95	61	0,773
5	95	62	0,951
5	95	63	0,927
5	95	66	17,232
5	95	67	3,241
5	95	72	30,43
5	95	74	9,61
5	95	76	2,475
5	95	77	2,239
5	95	78	1,215
5	95	87	2,925
6	2	16	5,546
6	2	18	3,166
6	2	26	0,686
6	2	29	3,02
6	2	31	6,155
6	2	33	14,847
6	2	43	0,813
6	2	46	8,994
6	2	51	3,624
6	2	53	4,035
6	2	57	18,216
6	2	71	5,491
6	2	75	2,83
6	2	82	5,99
6	2	85	2,336
6	2	91	4,205
6	2	99	1,1
6	16	2	1,854
6	16	18	6,208
6	16	26	2,53
6	16	29	8,288
6	16	31	1,64
6	16	33	4,053
6	16	43	13,381
6	16	46	15,435
6	16	51	7,907
6	16	53	2,01
6	16	57	14,831
6	16	71	1,514
6	16	75	2,746
6	16	82	3,246
6	16	85	0,697
6	16	91	11,566
6	16	99	4,52
6	18	2	4,589
6	18	16	4,464
6	18	26	7,536
6	18	29	3,098
6	18	31	4,774
6	18	33	1,075
6	18	43	0,695
6	18	46	1,629
6	18	51	5,492
6	18	53	23,395
6	18	57	2,462
6	18	71	1,335
6	18	75	0,768
6	18	82	4,499
6	18	85	0,682
6	18	91	10,168
6	18	99	6,423
6	26	2	0,706
6	26	16	5,845
6	26	18	3,244
6	26	29	12,231
6	26	31	2,647
6	26	33	7,491
6	26	43	0,949
6	26	46	0,938
6	26	51	7,941
6	26	53	7,813
6	26	57	4,868
6	26	71	2,473
6	26	75	45,474
6	26	82	0,763
6	26	85	11,181
6	26	91	1,248
6	26	99	4,711
6	29	2	0,634
6	29	16	4,9
6	29	18	33,386
6	29	26	0,546
6	29	31	0,664
6	29	33	1,193
6	29	43	1,147
6	29	46	3,218
6	29	51	1,35
6	29	53	0,856
6	29	57	4,169
6	29	71	1,392
6	29	75	7,007
6	29	82	6,143
6	29	85	1,689
6	29	91	1,078
6	29	99	6
6	31	2	2,487
6	31	16	2,644
6	31	18	3,976
6	31	26	6,258
6	31	29	1,266
6	31	33	5,085
6	31	43	3,267
6	31	46	4,495
6	31	51	4,51
6	31	53	2,056
6	31	57	4,539
6	31	71	5,287
6	31	75	1,9
6	31	82	6,487
6	31	85	0,891
6	31	91	10,174
6	31	99	2,18
6	33	2	13,015
6	33	16	11,055
6	33	18	13,32
6	33	26	2,93
6	33	29	8,242
6	33	31	3,005
6	33	43	4,151
6	33	46	3,641
6	33	51	1,355
6	33	53	1,294
6	33	57	5,036
6	33	71	9,089
6	33	75	5,415
6	33	82	9,321
6	33	85	1,719
6	33	91	5,441
6	33	99	11,227
6	43	2	35,211
6	43	16	11,549
6	43	18	14,771
6	43	26	1,499
6	43	29	3,394
6	43	31	2,026
6	43	33	5,964
6	43	46	5,94
6	43	51	1,818
6	43	53	5,534
6	43	57	4,102
6	43	71	2,206
6	43	75	8,411
6	43	82	11,816
6	43	85	0,544
6	43	91	1,505
6	43	99	8,282
6	46	2	9,173
6	46	16	6,95
6	46	18	3,46
6	46	26	16,403
6	46	29	8,368
6	46	31	3,917
6	46	33	8,244
6	46	43	21,936
6	46	51	4,928
6	46	53	1,941
6	46	57	13,286
6	46	71	1,688
6	46	75	3,645
6	46	82	9,035
6	46	85	2,412
6	46	91	6,355
6	46	99	15,385
6	51	2	1,126
6	51	16	12,715
6	51	18	0,877
6	51	26	2,068
6	51	29	24,634
6	51	31	6,564
6	51	33	9,25
6	51	43	10,439
6	51	46	3,5
6	51	53	2,462
6	51	57	2,016
6	51	71	8,939
6	51	75	4,647
6	51	82	8,426
6	51	85	20,175
6	51	91	2,496
6	51	99	0,624
6	53	2	9,39
6	53	16	9,506
6	53	18	0,67
6	53	26	3,362
6	53	29	2,431
6	53	31	0,854
6	53	33	5,72
6	53	43	5,301
6	53	46	0,59
6	53	51	3,308
6	53	57	2,054
6	53	71	13,774
6	53	75	7,928
6	53	82	2,657
6	53	85	2,241
6	53	91	0,541
6	53	99	9,601
6	57	2	1,515
6	57	16	5,142
6	57	18	0,714
6	57	26	6,819
6	57	29	1,701
6	57	31	14,052
6	57	33	3,55
6	57	43	20,037
6	57	46	2,335
6	57	51	2,867
6	57	53	35,212
6	57	71	3,479
6	57	75	5,195
6	57	82	11,012
6	57	85	3,045
6	57	91	13,02
6	57	99	11,136
6	71	2	6,276
6	71	16	3,1
6	71	18	4,745
6	71	26	1,418
6	71	29	3,365
6	71	31	0,609
6	71	33	5,732
6	71	43	9,059
6	71	46	3,091
6	71	51	4,911
6	71	53	4,851
6	71	57	0,985
6	71	75	5,022
6	71	82	2,538
6	71	85	1,845
6	71	91	0,554
6	71	99	0,881
6	75	2	2,359
6	75	16	6,045
6	75	18	1,687
6	75	26	0,688
6	75	29	8,886
6	75	31	11,996
6	75	33	3,19
6	75	43	15,612
6	75	46	2,078
6	75	51	5,844
6	75	53	4,648
6	75	57	28,342
6	75	71	2,699
6	75	82	18,75
6	75	85	3,609
6	75	91	36,429
6	75	99	8,588
6	82	2	1,085
6	82	16	6,285
6	82	18	0,912
6	82	26	5,093
6	82	29	1,935
6	82	31	11,261
6	82	33	6,471
6	82	43	0,909
6	82	46	2,532
6	82	51	1,149
6	82	53	10,947
6	82	57	14,588
6	82	71	0,852
6	82	75	1,384
6	82	85	14,794
6	82	91	3,523
6	82	99	36,864
6	85	2	2,675
6	85	16	3,913
6	85	18	4,633
6	85	26	6,87
6	85	29	3,352
6	85	31	11,883
6	85	33	11,371
6	85	43	1,038
6	85	46	4,65
6	85	51	1,537
6	85	53	3,488
6	85	57	32,72
6	85	71	15,899
6	85	75	2,42
6	85	82	2,462
6	85	91	2,009
6	85	99	10,496
6	91	2	4,911
6	91	16	6,494
6	91	18	13,506
6	91	26	1,413
6	91	29	1,993
6	91	31	0,982
6	91	33	12,6
6	91	43	8,967
6	91	46	3,253
6	91	51	3,16
6	91	53	7,745
6	91	57	0,689
6	91	71	2,894
6	91	75	12,419
6	91	82	0,582
6	91	85	0,873
6	91	99	7,498
6	99	2	4,51
6	99	16	6,641
6	99	18	7,368
6	99	26	8,86
6	99	29	1,775
6	99	31	5,877
6	99	33	4,342
6	99	43	17,134
6	99	46	15,648
6	99	51	13,782
6	99	53	9,765
6	99	57	0,58
6	99	71	7,03
6	99	75	0,998
6	99	82	4,25
6	99	85	4,549
6	99	91	11,137
7	7	11	5,235
7	7	12	16,554
7	7	18	1,311
7	7	21	2,484
7	7	22	6,683
7	7	23	1,323
7	7	24	6,53
7	7	30	0,758
7	7	37	1,581
7	7	44	7,156
7	7	45	4,695
7	7	51	0,669
7	7	63	10,054
7	7	64	1,268
7	7	65	3,461
7	7	67	13,496
7	7	72	4,83
7	7	74	6,223
7	7	76	9,74
7	7	79	2,136
7	7	82	3,656
7	7	87	0,538
7	7	91	8,531
7	7	95	0,879
7	11	7	1,258
7	11	12	22,026
7	11	18	10,589
7	11	21	0,547
7	11	22	7,165
7	11	23	1,089
7	11	24	0,653
7	11	30	3,168
7	11	37	8,494
7	11	44	3,661
7	11	45	0,575
7	11	51	4,353
7	11	63	3,305
7	11	64	4,593
7	11	65	11,257
7	11	67	0,588
7	11	72	15,041
7	11	74	3,79
7	11	76	1,078
7	11	79	2,327
7	11	82	20,132
7	11	87	4,53
7	11	91	14,579
7	11	95	7,289
7	12	7	5,654
7	12	11	6,122
7	12	18	2,149
7	12	21	3,508
7	12	22	7,236
7	12	23	3,803
7	12	24	2,837
7	12	30	14,019
7	12	37	1,301
7	12	44	2,119
7	12	45	2,211
7	12	51	4,275
7	12	63	8,455
7	12	64	8,293
7	12	65	2,601
7	12	67	2,26
7	12	72	2,182
7	12	74	18,315
7	12	76	0,593
7	12	79	11,278
7	12	82	2,221
7	12	87	4,658
7	12	91	5,277
7	12	95	2,576
7	18	7	0,598
7	18	11	4,311
7	18	12	11,227
7	18	21	3,699
7	18	22	15,541
7	18	23	23,012
7	18	24	6,133
7	18	30	24,09
7	18	37	4,387
7	18	44	5,428
7	18	45	4,645
7	18	51	0,625
7	18	63	1,468
7	18	64	0,816
7	18	65	6,207
7	18	67	1,342
7	18	72	3,787
7	18	74	0,977
7	18	76	2,968
7	18	79	3,984
7	18	82	2,973
7	18	87	4,515
7	18	91	2,699
7	18	95	14,521
7	21	7	1,607
7	21	11	10,356
7	21	12	11,646
7	21	18	21,158
7	21	22	3,812
7	21	23	8,026
7	21	24	2,48
7	21	30	9,894
7	21	37	8,857
7	21	44	0,734
7	21	45	1,923
7	21	51	3,929
7	21	63	6,909
7	21	64	1,535
7	21	65	19,153
7	21	67	4,378
7	21	72	10,958
7	21	74	16,852
7	21	76	2,958
7	21	79	3,982
7	21	82	2,408
7	21	87	3,207
7	21	91	6,454
7	21	95	5,577
7	22	7	7,447
7	22	11	2,779
7	22	12	2,425
7	22	18	7,825
7	22	21	1,931
7	22	23	8,547
7	22	24	5,637
7	22	30	5,768
7	22	37	1,402
7	22	44	2,258
7	22	45	3,299
7	22	51	3,022
7	22	63	1,573
7	22	64	0,934
7	22	65	8,115
7	22	67	4,004
7	22	72	0,978
7	22	74	2,581
7	22	76	5,24
7	22	79	4,588
7	22	82	3,115
7	22	87	7,455
7	22	91	22,524
7	22	95	0,904
7	23	7	16,275
7	23	11	4,923
7	23	12	0,962
7	23	18	6,183
7	23	21	3,377
7	23	22	4,33
7	23	24	3,714
7	23	30	2,639
7	23	37	1,821
7	23	44	0,926
7	23	45	5,859
7	23	51	22,342
7	23	63	3,151
7	23	64	10,672
7	23	65	1,405
7	23	67	0,953
7	23	72	2,393
7	23	74	9,353
7	23	76	1,766
7	23	79	1,916
7	23	82	4,358
7	23	87	8,631
7	23	91	2,599
7	23	95	12,424
7	24	7	4,797
7	24	11	3,837
7	24	12	1,894
7	24	18	8,432
7	24	21	13,945
7	24	22	2,906
7	24	23	5,216
7	24	30	7,109
7	24	37	1,794
7	24	44	6,169
7	24	45	1,955
7	24	51	2,149
7	24	63	1,728
7	24	64	21,232
7	24	65	7,138
7	24	67	0,562
7	24	72	1,11
7	24	74	43,577
7	24	76	1,983
7	24	79	6,372
7	24	82	23,29
7	24	87	33,164
7	24	91	3,007
7	24	95	1,191
7	30	7	9,559
7	30	11	0,839
7	30	12	20,845
7	30	18	1,211
7	30	21	22,799
7	30	22	2,611
7	30	23	6,466
7	30	24	9,532
7	30	37	1,723
7	30	44	0,519
7	30	45	1,082
7	30	51	4,002
7	30	63	26,311
7	30	64	8,752
7	30	65	3,849
7	30	67	1,186
7	30	72	2,137
7	30	74	2,843
7	30	76	6,021
7	30	79	11,258
7	30	82	2,705
7	30	87	21,403
7	30	91	1,906
7	30	95	0,673
7	37	7	4,526
7	37	11	9,612
7	37	12	1,158
7	37	18	2,42
7	37	21	5,218
7	37	22	7,763
7	37	23	3,054
7	37	24	6,184
7	37	30	11,552
7	37	44	5,371
7	37	45	2,099
7	37	51	5,293
7	37	63	7,948
7	37	64	9,227
7	37	65	9,969
7	37	67	3,578
7	37	72	16,035
7	37	74	3,427
7	37	76	4,087
7	37	79	23,418
7	37	82	2,094
7	37	87	0,912
7	37	91	5,566
7	37	95	5,607
7	44	7	2,179
7	44	11	3,596
7	44	12	1,832
7	44	18	1,077
7	44	21	1,765
7	44	22	0,932
7	44	23	1,922
7	44	24	1,871
7	44	30	23,926
7	44	37	0,991
7	44	45	9,234
7	44	51	1,817
7	44	63	2,19
7	44	64	11,379
7	44	65	0,866
7	44	67	2,373
7	44	72	3,587
7	44	74	17,4
7	44	76	8,828
7	44	79	20,617
7	44	82	2,402
7	44	87	3,876
7	44	91	1,955
7	44	95	0,604
7	45	7	1,048
7	45	11	2,076
7	45	12	8,304
7	45	18	2,96
7	45	21	0,744
7	45	22	7,854
7	45	23	1,033
7	45	24	2,498
7	45	30	5,739
7	45	37	6,51
7	45	44	1,476
7	45	51	5,828
7	45	63	5,449
7	45	64	6,925
7	45	65	4,398
7	45	67	2,355
7	45	72	2,51
7	45	74	11,197
7	45	76	1,047
7	45	79	1,394
7	45	82	2,204
7	45	87	4,249
7	45	91	7,677
7	45	95	13,753
7	51	7	8,013
7	51	11	23,896
7	51	12	1,883
7	51	18	33,654
7	51	21	0,972
7	51	22	3,931
7	51	23	19,109
7	51	24	9,771
7	51	30	5,817
7	51	37	5,327
7	51	44	2,698
7	51	45	8,759
7	51	63	0,646
7	51	64	2,635
7	51	65	1,649
7	51	67	10,514
7	51	72	1,821
7	51	74	0,544
7	51	76	6,767
7	51	79	1,428
7	51	82	7,208
7	51	87	2,294
7	51	91	9,193
7	51	95	12,353
7	63	7	11,164
7	63	11	2,02
7	63	12	4,169
7	63	18	9,731
7	63	21	11,416
7	63	22	0,653
7	63	23	1,037
7	63	24	1,818
7	63	30	14,888
7	63	37	3,46
7	63	44	5,89
7	63	45	8,153
7	63	51	1,536
7	63	64	7,797
7	63	65	6,562
7	63	67	5,489
7	63	72	30,23
7	63	74	7,407
7	63	76	4,413
7	63	79	0,692
7	63	82	8,642
7	63	87	0,853
7	63	91	1,739
7	63	95	9,671
7	64	7	1,738
7	64	11	4,013
7	64	12	1,055
7	64	18	0,65
7	64	21	2,856
7	64	22	1,713
7	64	23	8,591
7	64	24	1,248
7	64	30	0,57
7	64	37	3,229
7	64	44	8,521
7	64	45	10,716
7	64	51	15,096
7	64	63	6,256
7	64	65	10,813
7	64	67	1,502
7	64	72	14,493
7	64	74	7,422
7	64	76	15,479
7	64	79	3,384
7	64	82	6,466
7	64	87	8,563
7	64	91	1,944
7	64	95	33,733
7	65	7	0,99
7	65	11	0,786
7	65	12	3,153
7	65	18	4,187
7	65	21	1,236
7	65	22	16,847
7	65	23	10,807
7	65	24	1,173
7	65	30	7,316
7	65	37	14,406
7	65	44	1,573
7	65	45	4,872
7	65	51	1,11
7	65	63	8,836
7	65	64	2,925
7	65	67	1,899
7	65	72	7,041
7	65	74	2,503
7	65	76	5,898
7	65	79	0,557
7	65	82	37,22
7	65	87	5,291
7	65	91	10,982
7	65	95	7,252
7	67	7	6,233
7	67	11	18,456
7	67	12	2,774
7	67	18	7,142
7	67	21	0,84
7	67	22	5,328
7	67	23	5,827
7	67	24	8,085
7	67	30	9,229
7	67	37	8,274
7	67	44	2,587
7	67	45	0,85
7	67	51	9,775
7	67	63	2,264
7	67	64	11,755
7	67	65	3,535
7	67	72	1,556
7	67	74	2,877
7	67	76	1,997
7	67	79	2,619
7	67	82	0,943
7	67	87	1,405
7	67	91	14,897
7	67	95	15,236
7	72	7	13,126
7	72	11	1,225
7	72	12	2,006
7	72	18	7,41
7	72	21	0,537
7	72	22	6,156
7	72	23	3,66
7	72	24	10,39
7	72	30	3,014
7	72	37	2,69
7	72	44	1,303
7	72	45	7,395
7	72	51	17,835
7	72	63	25,721
7	72	64	8,362
7	72	65	2,506
7	72	67	3,953
7	72	74	7,277
7	72	76	4,477
7	72	79	13,229
7	72	82	0,707
7	72	87	2,288
7	72	91	1,467
7	72	95	4,651
7	74	7	11,093
7	74	11	3,789
7	74	12	1,47
7	74	18	2,912
7	74	21	17,187
7	74	22	6,156
7	74	23	6,634
7	74	24	37,38
7	74	30	3,442
7	74	37	4,331
7	74	44	3,484
7	74	45	15,231
7	74	51	5,313
7	74	63	11,146
7	74	64	1,44
7	74	65	10,311
7	74	67	2,027
7	74	72	11,387
7	74	76	9,635
7	74	79	1,246
7	74	82	3,494
7	74	87	2,322
7	74	91	1,845
7	74	95	13,269
7	76	7	5,984
7	76	11	1,059
7	76	12	12,076
7	76	18	4,836
7	76	21	10,815
7	76	22	12,744
7	76	23	1,706
7	76	24	2,203
7	76	30	2,734
7	76	37	1,847
7	76	44	1,621
7	76	45	24,834
7	76	51	1,739
7	76	63	1,945
7	76	64	2,507
7	76	65	2,367
7	76	67	15,561
7	76	72	14,581
7	76	74	0,973
7	76	79	7,866
7	76	82	3,993
7	76	87	1,591
7	76	91	37,207
7	76	95	1,895
7	79	7	35,62
7	79	11	0,636
7	79	12	1,604
7	79	18	10,603
7	79	21	4,856
7	79	22	5,961
7	79	23	6,15
7	79	24	16,715
7	79	30	6,325
7	79	37	3,9
7	79	44	17,821
7	79	45	6,592
7	79	51	2,677
7	79	63	1,551
7	79	64	9,86
7	79	65	5,074
7	79	67	11,423
7	79	72	1,467
7	79	74	4,554
7	79	76	28,589
7	79	82	0,527
7	79	87	1,059
7	79	91	2,935
7	79	95	8,343
7	82	7	6,944
7	82	11	1,763
7	82	12	2,382
7	82	18	6,43
7	82	21	13,457
7	82	22	11,215
7	82	23	0,779
7	82	24	11,47
7	82	30	29,881
7	82	37	18,938
7	82	44	1,826
7	82	45	8,776
7	82	51	7,718
7	82	63	3,023
7	82	64	4,647
7	82	65	37,151
7	82	67	1,063
7	82	72	15,024
7	82	74	15,283
7	82	76	1,404
7	82	79	64,646
7	82	87	13,693
7	82	91	2,343
7	82	95	6,113
7	87	7	3,448
7	87	11	4,986
7	87	12	36,989
7	87	18	12,599
7	87	21	1,323
7	87	22	5,289
7	87	23	4,109
7	87	24	11,275
7	87	30	6,922
7	87	37	1,983
7	87	44	2,664
7	87	45	4,504
7	87	51	0,584
7	87	63	29,472
7	87	64	2,201
7	87	65	1,897
7	87	67	1,351
7	87	72	2,115
7	87	74	5,149
7	87	76	3,287
7	87	79	1,877
7	87	82	8,521
7	87	91	7,177
7	87	95	4,41
7	91	7	22,154
7	91	11	1,503
7	91	12	3,281
7	91	18	3,677
7	91	21	1,43
7	91	22	1,521
7	91	23	9,171
7	91	24	2,052
7	91	30	3,903
7	91	37	2,991
7	91	44	7,665
7	91	45	1,665
7	91	51	0,729
7	91	63	8,058
7	91	64	1,673
7	91	65	0,645
7	91	67	3,763
7	91	72	3,828
7	91	74	8,269
7	91	76	6,895
7	91	79	1,439
7	91	82	7,202
7	91	87	6,079
7	91	95	5,135
7	95	7	1,261
7	95	11	8,641
7	95	12	2,214
7	95	18	2,514
7	95	21	17,028
7	95	22	10,06
7	95	23	18,458
7	95	24	2,212
7	95	30	10,215
7	95	37	5,456
7	95	44	37,444
7	95	45	4,211
7	95	51	10,764
7	95	63	7,746
7	95	64	2,373
7	95	65	2,009
7	95	67	2,713
7	95	72	10,325
7	95	74	4,828
7	95	76	1,076
7	95	79	6,388
7	95	82	1,818
7	95	87	5,312
7	95	91	4,723
8	2	5	4,533
8	2	7	16,302
8	2	29	9,16
8	2	30	9,443
8	2	32	0,66
8	2	33	2,974
8	2	34	15,335
8	2	38	7,053
8	2	39	0,783
8	2	45	1,453
8	2	48	7,017
8	2	54	2,589
8	2	55	7,277
8	2	58	1,485
8	2	59	13,697
8	2	60	4,339
8	2	64	2,921
8	2	65	3,343
8	2	76	4,86
8	2	83	14,892
8	2	86	1,489
8	2	98	6,371
8	2	100	3,999
8	5	2	15,406
8	5	7	9,678
8	5	29	3,209
8	5	30	0,573
8	5	32	29,019
8	5	33	4,432
8	5	34	1,271
8	5	38	5,345
8	5	39	1,321
8	5	45	1,527
8	5	48	0,604
8	5	54	27,488
8	5	55	16,094
8	5	58	1,841
8	5	59	10,533
8	5	60	19,485
8	5	64	4,335
8	5	65	12,13
8	5	76	7,874
8	5	83	6,498
8	5	86	6,146
8	5	98	0,873
8	5	100	20,374
8	7	2	2,266
8	7	5	0,531
8	7	29	6,263
8	7	30	7,175
8	7	32	7,446
8	7	33	2,272
8	7	34	11,213
8	7	38	1,913
8	7	39	7,969
8	7	45	24,929
8	7	48	3,756
8	7	54	1,368
8	7	55	4,861
8	7	58	2,662
8	7	59	0,973
8	7	60	9,607
8	7	64	2,171
8	7	65	2,908
8	7	76	5,215
8	7	83	2,111
8	7	86	8,86
8	7	98	2,181
8	7	100	6,044
8	29	2	2,39
8	29	5	10,495
8	29	7	0,974
8	29	30	4,438
8	29	32	1,349
8	29	33	8,407
8	29	34	2,891
8	29	38	2,701
8	29	39	6,725
8	29	45	2,138
8	29	48	2,462
8	29	54	3,246
8	29	55	12,544
8	29	58	10,806
8	29	59	2,35
8	29	60	14,211
8	29	64	0,749
8	29	65	7,695
8	29	76	2,498
8	29	83	1,182
8	29	86	31,024
8	29	98	1,537
8	29	100	5,309
8	30	2	5,077
8	30	5	19,889
8	30	7	0,953
8	30	29	4,83
8	30	32	11,712
8	30	33	4,372
8	30	34	2,679
8	30	38	1,418
8	30	39	5,763
8	30	45	1,85
8	30	48	2,323
8	30	54	15,627
8	30	55	2,085
8	30	58	3,082
8	30	59	9,8
8	30	60	2,717
8	30	64	2,661
8	30	65	2,045
8	30	76	8,19
8	30	83	5,89
8	30	86	10,047
8	30	98	4,858
8	30	100	16,654
8	32	2	5,027
8	32	5	6,398
8	32	7	8,702
8	32	29	0,601
8	32	30	19,925
8	32	33	7,702
8	32	34	18,887
8	32	38	3,209
8	32	39	0,757
8	32	45	3,748
8	32	48	5,349
8	32	54	0,633
8	32	55	0,963
8	32	58	11,005
8	32	59	5,575
8	32	60	3,478
8	32	64	27,183
8	32	65	1,842
8	32	76	10,156
8	32	83	1,556
8	32	86	1,276
8	32	98	6,887
8	32	100	4,094
8	33	2	1,344
8	33	5	8,072
8	33	7	1,397
8	33	29	4,157
8	33	30	10,547
8	33	32	10,625
8	33	34	0,956
8	33	38	14,428
8	33	39	5,35
8	33	45	1,536
8	33	48	0,863
8	33	54	0,953
8	33	55	2,261
8	33	58	8,04
8	33	59	1,791
8	33	60	0,652
8	33	64	4,124
8	33	65	3,027
8	33	76	2,971
8	33	83	17,155
8	33	86	4,27
8	33	98	0,702
8	33	100	7,609
8	34	2	4,91
8	34	5	7,573
8	34	7	5,212
8	34	29	4,065
8	34	30	6,01
8	34	32	1,92
8	34	33	3,665
8	34	38	14,781
8	34	39	2,931
8	34	45	10,771
8	34	48	1,721
8	34	54	12,668
8	34	55	5,001
8	34	58	17,938
8	34	59	1,973
8	34	60	0,776
8	34	64	1,351
8	34	65	12,707
8	34	76	1,238
8	34	83	12,185
8	34	86	14,226
8	34	98	8,947
8	34	100	2,301
8	38	2	3,67
8	38	5	13,558
8	38	7	0,738
8	38	29	4,854
8	38	30	15,921
8	38	32	0,894
8	38	33	6,593
8	38	34	12,895
8	38	39	4,376
8	38	45	0,539
8	38	48	7,911
8	38	54	12,742
8	38	55	4,515
8	38	58	4,696
8	38	59	4,992
8	38	60	16,441
8	38	64	1,042
8	38	65	2,14
8	38	76	4,39
8	38	83	5,89
8	38	86	1,491
8	38	98	1,981
8	38	100	7,789
8	39	2	2,748
8	39	5	2,811
8	39	7	1,926
8	39	29	2,476
8	39	30	8,934
8	39	32	2,606
8	39	33	2,695
8	39	34	1,16
8	39	38	7,533
8	39	45	17,788
8	39	48	1,916
8	39	54	5,715
8	39	55	5,358
8	39	58	2,804
8	39	59	2,834
8	39	60	0,717
8	39	64	3,198
8	39	65	0,618
8	39	76	2,106
8	39	83	1,921
8	39	86	2,029
8	39	98	2,393
8	39	100	3,5
8	45	2	0,811
8	45	5	2,316
8	45	7	1,538
8	45	29	0,912
8	45	30	5,178
8	45	32	3,132
8	45	33	1,873
8	45	34	3,854
8	45	38	3,428
8	45	39	1,169
8	45	48	3,122
8	45	54	6,603
8	45	55	6,974
8	45	58	1,82
8	45	59	2,192
8	45	60	2,433
8	45	64	7,46
8	45	65	0,813
8	45	76	2,574
8	45	83	6,675
8	45	86	9,425
8	45	98	1,351
8	45	100	1,42
8	48	2	4,574
8	48	5	6,627
8	48	7	15,937
8	48	29	30,503
8	48	30	2,839
8	48	32	2,23
8	48	33	4,939
8	48	34	5,224
8	48	38	17,489
8	48	39	3,691
8	48	45	4,5
8	48	54	0,837
8	48	55	3,13
8	48	58	2,133
8	48	59	6,957
8	48	60	3,985
8	48	64	3,443
8	48	65	3,673
8	48	76	1,398
8	48	83	28,411
8	48	86	4,502
8	48	98	4,303
8	48	100	1,282
8	54	2	5,178
8	54	5	6,934
8	54	7	2,084
8	54	29	11,29
8	54	30	4,597
8	54	32	0,783
8	54	33	1,447
8	54	34	1,108
8	54	38	2,265
8	54	39	23,777
8	54	45	2,382
8	54	48	9,176
8	54	55	1,079
8	54	58	7,083
8	54	59	2,981
8	54	60	13,263
8	54	64	15,325
8	54	65	7,962
8	54	76	1,625
8	54	83	18,214
8	54	86	4,844
8	54	98	1,173
8	54	100	0,787
8	55	2	5,083
8	55	5	10,716
8	55	7	3,952
8	55	29	6,383
8	55	30	2,529
8	55	32	6,84
8	55	33	3,502
8	55	34	9,689
8	55	38	15,332
8	55	39	2,158
8	55	45	7,478
8	55	48	14,126
8	55	54	17,018
8	55	58	1,811
8	55	59	2,844
8	55	60	9,584
8	55	64	3,422
8	55	65	6,383
8	55	76	7,108
8	55	83	2,445
8	55	86	9,797
8	55	98	3,911
8	55	100	1,302
8	58	2	8,034
8	58	5	1,68
8	58	7	1,905
8	58	29	0,664
8	58	30	11,132
8	58	32	3,974
8	58	33	3,973
8	58	34	1,212
8	58	38	14,036
8	58	39	12,813
8	58	45	9,81
8	58	48	3,27
8	58	54	6,254
8	58	55	3,792
8	58	59	10,311
8	58	60	16,563
8	58	64	1,401
8	58	65	3,236
8	58	76	9,342
8	58	83	16,565
8	58	86	3,769
8	58	98	8,006
8	58	100	12,064
8	59	2	4,333
8	59	5	3,393
8	59	7	9,175
8	59	29	1,674
8	59	30	1,573
8	59	32	4,261
8	59	33	5,277
8	59	34	15,62
8	59	38	6,135
8	59	39	2,051
8	59	45	3,034
8	59	48	19,129
8	59	54	13,75
8	59	55	1,936
8	59	58	8,351
8	59	60	1,237
8	59	64	5,821
8	59	65	3,668
8	59	76	2,562
8	59	83	2,142
8	59	86	6,062
8	59	98	8,968
8	59	100	10,949
8	60	2	5,059
8	60	5	4,453
8	60	7	2,727
8	60	29	1,848
8	60	30	9,503
8	60	32	0,583
8	60	33	1,979
8	60	34	0,881
8	60	38	1,708
8	60	39	8,312
8	60	45	1,158
8	60	48	11,839
8	60	54	29,679
8	60	55	4,71
8	60	58	0,581
8	60	59	8,507
8	60	64	24,378
8	60	65	1,673
8	60	76	17,717
8	60	83	4,206
8	60	86	7,425
8	60	98	7,238
8	60	100	4,035
8	64	2	3,707
8	64	5	4,94
8	64	7	0,538
8	64	29	9,311
8	64	30	17,772
8	64	32	9,4
8	64	33	1,445
8	64	34	3,302
8	64	38	1,674
8	64	39	1,915
8	64	45	6,219
8	64	48	10,685
8	64	54	10,456
8	64	55	12,536
8	64	58	12,577
8	64	59	3,295
8	64	60	19,584
8	64	65	4,388
8	64	76	0,944
8	64	83	1,406
8	64	86	6,303
8	64	98	14,582
8	64	100	10,511
8	65	2	3,622
8	65	5	9,698
8	65	7	1,72
8	65	29	1,868
8	65	30	0,881
8	65	32	3,492
8	65	33	0,836
8	65	34	4,904
8	65	38	3,228
8	65	39	0,848
8	65	45	1,294
8	65	48	13,477
8	65	54	4,454
8	65	55	3,958
8	65	58	19,622
8	65	59	4,389
8	65	60	6,442
8	65	64	1,495
8	65	76	8,609
8	65	83	4,462
8	65	86	1,485
8	65	98	1,753
8	65	100	12,615
8	76	2	0,922
8	76	5	9,597
8	76	7	2,571
8	76	29	6,754
8	76	30	7,546
8	76	32	1,825
8	76	33	5,63
8	76	34	5,676
8	76	38	17,441
8	76	39	4,705
8	76	45	3,583
8	76	48	1,919
8	76	54	4,076
8	76	55	7,524
8	76	58	1,84
8	76	59	6,888
8	76	60	2,021
8	76	64	28,538
8	76	65	1,086
8	76	83	5,74
8	76	86	3,49
8	76	98	2,118
8	76	100	4,866
8	83	2	1,394
8	83	5	7,947
8	83	7	1,271
8	83	29	17,829
8	83	30	5,163
8	83	32	4,575
8	83	33	17,41
8	83	34	24,383
8	83	38	1,739
8	83	39	13,023
8	83	45	3,607
8	83	48	1,44
8	83	54	1,877
8	83	55	4,753
8	83	58	15,354
8	83	59	11,095
8	83	60	1,967
8	83	64	4,154
8	83	65	0,531
8	83	76	17,892
8	83	86	4,083
8	83	98	19,071
8	83	100	1,64
8	86	2	5,729
8	86	5	11,973
8	86	7	0,588
8	86	29	8,37
8	86	30	6,279
8	86	32	1,735
8	86	33	5,792
8	86	34	4,67
8	86	38	6,013
8	86	39	1,371
8	86	45	8,932
8	86	48	1,652
8	86	54	17,13
8	86	55	7,386
8	86	58	2,631
8	86	59	1,314
8	86	60	7,319
8	86	64	9,495
8	86	65	11,927
8	86	76	1,634
8	86	83	12,66
8	86	98	8,798
8	86	100	1,269
8	98	2	9,094
8	98	5	0,952
8	98	7	0,977
8	98	29	11,747
8	98	30	2,683
8	98	32	8,132
8	98	33	5,016
8	98	34	16,277
8	98	38	3,427
8	98	39	16,702
8	98	45	1,299
8	98	48	20,505
8	98	54	3,074
8	98	55	1,486
8	98	58	0,721
8	98	59	8,942
8	98	60	4,293
8	98	64	0,773
8	98	65	1,575
8	98	76	6,189
8	98	83	2,535
8	98	86	9,79
8	98	100	12,878
8	100	2	12,667
8	100	5	2,347
8	100	7	0,963
8	100	29	4,239
8	100	30	0,659
8	100	32	1,975
8	100	33	12,878
8	100	34	3,451
8	100	38	1,991
8	100	39	2,512
8	100	45	7,884
8	100	48	1,325
8	100	54	2,418
8	100	55	2,296
8	100	58	8,009
8	100	59	7,103
8	100	60	0,773
8	100	64	2,694
8	100	65	6,419
8	100	76	1,591
8	100	83	2,292
8	100	86	8,043
8	100	98	2,163
9	2	4	1,726
9	2	6	1,292
9	2	7	1,509
9	2	13	3,262
9	2	14	15,073
9	2	22	11,992
9	2	28	0,986
9	2	30	5,052
9	2	35	2,931
9	2	36	5,661
9	2	38	1,115
9	2	52	4,957
9	2	55	2,113
9	2	56	13,278
9	2	58	6,904
9	2	64	0,851
9	2	68	1,36
9	2	73	1,266
9	2	74	1,914
9	2	79	4,965
9	2	81	11,756
9	2	92	11,371
9	2	94	2,562
9	2	95	5,158
9	2	99	2,973
9	4	2	0,748
9	4	6	1,421
9	4	7	15,635
9	4	13	1,69
9	4	14	1,34
9	4	22	11,956
9	4	28	1,942
9	4	30	0,544
9	4	35	7,925
9	4	36	5,793
9	4	38	14,01
9	4	52	8,557
9	4	55	1,335
9	4	56	2,314
9	4	58	17,087
9	4	64	0,612
9	4	68	0,608
9	4	73	2,209
9	4	74	1,861
9	4	79	2,947
9	4	81	2,691
9	4	92	1,554
9	4	94	1,069
9	4	95	14,764
9	4	99	2,064
9	6	2	0,763
9	6	4	10,914
9	6	7	2,184
9	6	13	6,851
9	6	14	1,223
9	6	22	9,7
9	6	28	21,984
9	6	30	5,108
9	6	35	34,775
9	6	36	2,56
9	6	38	2,027
9	6	52	3,76
9	6	55	7,24
9	6	56	12,129
9	6	58	4,883
9	6	64	0,879
9	6	68	0,708
9	6	73	3,635
9	6	74	5,796
9	6	79	2,032
9	6	81	22,267
9	6	92	8,491
9	6	94	2,133
9	6	95	3,076
9	6	99	3,332
9	7	2	11,63
9	7	4	17,628
9	7	6	5,601
9	7	13	2,484
9	7	14	6,337
9	7	22	1,384
9	7	28	22,452
9	7	30	12,958
9	7	35	12,763
9	7	36	1,869
9	7	38	9,989
9	7	52	3,996
9	7	55	3,346
9	7	56	1,056
9	7	58	2,381
9	7	64	1,522
9	7	68	3,094
9	7	73	3,901
9	7	74	1,063
9	7	79	4,155
9	7	81	21,014
9	7	92	0,696
9	7	94	1,117
9	7	95	8,456
9	7	99	4,895
9	13	2	4,996
9	13	4	2,366
9	13	6	13,661
9	13	7	7,629
9	13	14	4,047
9	13	22	1,059
9	13	28	26,282
9	13	30	4,846
9	13	35	4,443
9	13	36	2,9
9	13	38	6,56
9	13	52	3,227
9	13	55	2,754
9	13	56	2,221
9	13	58	18,989
9	13	64	9,47
9	13	68	4,107
9	13	73	7,67
9	13	74	0,754
9	13	79	24,499
9	13	81	1,512
9	13	92	6,987
9	13	94	1,286
9	13	95	2,935
9	13	99	31,455
9	14	2	5,118
9	14	4	5,244
9	14	6	11,613
9	14	7	1,086
9	14	13	8,928
9	14	22	2,137
9	14	28	17,665
9	14	30	2,259
9	14	35	9,87
9	14	36	6,612
9	14	38	8,93
9	14	52	1,266
9	14	55	10,432
9	14	56	0,673
9	14	58	11,861
9	14	64	1,07
9	14	68	20,068
9	14	73	8,973
9	14	74	5,559
9	14	79	19,053
9	14	81	5,221
9	14	92	4,389
9	14	94	6,663
9	14	95	2,32
9	14	99	1,32
9	22	2	13,308
9	22	4	0,501
9	22	6	4,672
9	22	7	4,416
9	22	13	8,341
9	22	14	10,232
9	22	28	3,808
9	22	30	2,592
9	22	35	10,623
9	22	36	3,055
9	22	38	2,715
9	22	52	1,982
9	22	55	2,392
9	22	56	8,064
9	22	58	8,96
9	22	64	1,369
9	22	68	10,984
9	22	73	9,374
9	22	74	5,814
9	22	79	1,179
9	22	81	6,182
9	22	92	1,547
9	22	94	0,848
9	22	95	2,344
9	22	99	1,897
9	28	2	5,327
9	28	4	1,449
9	28	6	12,797
9	28	7	17,542
9	28	13	10,771
9	28	14	5,535
9	28	22	3,047
9	28	30	2,107
9	28	35	2,437
9	28	36	2,603
9	28	38	0,7
9	28	52	1,467
9	28	55	4,314
9	28	56	7,337
9	28	58	7,879
9	28	64	8,117
9	28	68	2,877
9	28	73	11,225
9	28	74	2,679
9	28	79	9,153
9	28	81	37,964
9	28	92	0,539
9	28	94	11,738
9	28	95	0,94
9	28	99	2,259
9	30	2	1,294
9	30	4	0,937
9	30	6	25,921
9	30	7	11,19
9	30	13	4,421
9	30	14	2,457
9	30	22	4,19
9	30	28	9,041
9	30	35	5,189
9	30	36	4,233
9	30	38	29,118
9	30	52	0,679
9	30	55	3,284
9	30	56	27,739
9	30	58	0,968
9	30	64	9,999
9	30	68	3,532
9	30	73	7,727
9	30	74	2,061
9	30	79	9,217
9	30	81	2,536
9	30	92	2,537
9	30	94	4,047
9	30	95	15,485
9	30	99	11,54
9	35	2	1,318
9	35	4	2,901
9	35	6	8,866
9	35	7	3,761
9	35	13	3,63
9	35	14	5,766
9	35	22	1,34
9	35	28	1,599
9	35	30	10,026
9	35	36	2,057
9	35	38	0,557
9	35	52	11,514
9	35	55	9,757
9	35	56	1,462
9	35	58	0,869
9	35	64	7,907
9	35	68	7,512
9	35	73	6,344
9	35	74	4,229
9	35	79	1,773
9	35	81	10,057
9	35	92	0,963
9	35	94	6,192
9	35	95	20,563
9	35	99	5,636
9	36	2	21,705
9	36	4	9,515
9	36	6	5,265
9	36	7	5,87
9	36	13	3,052
9	36	14	4,261
9	36	22	3,979
9	36	28	5,842
9	36	30	5,296
9	36	35	0,916
9	36	38	22,078
9	36	52	2,432
9	36	55	7,648
9	36	56	22,841
9	36	58	5,779
9	36	64	16,927
9	36	68	6,357
9	36	73	6,854
9	36	74	1,402
9	36	79	16,565
9	36	81	7,946
9	36	92	13,414
9	36	94	5,107
9	36	95	2,021
9	36	99	10,711
9	38	2	3,804
9	38	4	4,531
9	38	6	0,814
9	38	7	1,05
9	38	13	5,809
9	38	14	1,216
9	38	22	4,332
9	38	28	20,321
9	38	30	5,006
9	38	35	1,219
9	38	36	4,453
9	38	52	7,857
9	38	55	1,152
9	38	56	6,701
9	38	58	6,1
9	38	64	0,764
9	38	68	5,379
9	38	73	2,527
9	38	74	0,794
9	38	79	32,569
9	38	81	1,886
9	38	92	9
9	38	94	3,545
9	38	95	13,327
9	38	99	3,067
9	52	2	0,755
9	52	4	1,411
9	52	6	3,864
9	52	7	5,408
9	52	13	6,298
9	52	14	8,451
9	52	22	22,021
9	52	28	1,91
9	52	30	6,045
9	52	35	2,398
9	52	36	12,717
9	52	38	3,609
9	52	55	0,831
9	52	56	3,538
9	52	58	1,033
9	52	64	7,407
9	52	68	5,546
9	52	73	0,851
9	52	74	4,632
9	52	79	1,576
9	52	81	0,686
9	52	92	2,012
9	52	94	4,459
9	52	95	5,616
9	52	99	3,411
9	55	2	13,912
9	55	4	25,529
9	55	6	9,061
9	55	7	3,196
9	55	13	4,035
9	55	14	11,006
9	55	22	14,587
9	55	28	9,106
9	55	30	4,717
9	55	35	3,645
9	55	36	15,909
9	55	38	6,924
9	55	52	2,423
9	55	56	3,497
9	55	58	2,876
9	55	64	2,834
9	55	68	6,697
9	55	73	7,544
9	55	74	3,454
9	55	79	1,824
9	55	81	11,14
9	55	92	5,253
9	55	94	1,866
9	55	95	1,423
9	55	99	8,263
9	56	2	5,161
9	56	4	11,018
9	56	6	0,87
9	56	7	2,769
9	56	13	8,303
9	56	14	20,923
9	56	22	17,851
9	56	28	1,427
9	56	30	11,405
9	56	35	2,712
9	56	36	17,964
9	56	38	8,585
9	56	52	1,51
9	56	55	0,527
9	56	58	0,585
9	56	64	6,444
9	56	68	1,555
9	56	73	3,22
9	56	74	2,644
9	56	79	0,737
9	56	81	2,753
9	56	92	10,258
9	56	94	7,952
9	56	95	2,419
9	56	99	4,482
9	58	2	7,118
9	58	4	12,568
9	58	6	1,83
9	58	7	12,953
9	58	13	1,935
9	58	14	2,47
9	58	22	7,762
9	58	28	2,506
9	58	30	2,359
9	58	35	1,185
9	58	36	2,796
9	58	38	8,365
9	58	52	8,506
9	58	55	1,496
9	58	56	0,635
9	58	64	3,12
9	58	68	4,219
9	58	73	0,962
9	58	74	2,879
9	58	79	26,341
9	58	81	11,79
9	58	92	0,628
9	58	94	1,015
9	58	95	22,298
9	58	99	19,303
9	64	2	0,896
9	64	4	18,201
9	64	6	1,743
9	64	7	6,017
9	64	13	14,558
9	64	14	3,442
9	64	22	0,791
9	64	28	0,52
9	64	30	11,657
9	64	35	13,782
9	64	36	3,112
9	64	38	8,764
9	64	52	5,438
9	64	55	5,039
9	64	56	11,578
9	64	58	2,348
9	64	68	4,918
9	64	73	8,175
9	64	74	0,532
9	64	79	2,093
9	64	81	6,517
9	64	92	6,087
9	64	94	3,19
9	64	95	1,662
9	64	99	6,494
9	68	2	1,406
9	68	4	19,957
9	68	6	5,773
9	68	7	9,927
9	68	13	4,209
9	68	14	4,904
9	68	22	0,966
9	68	28	6,881
9	68	30	10,916
9	68	35	7,138
9	68	36	2,873
9	68	38	57,032
9	68	52	3,045
9	68	55	1,256
9	68	56	16,637
9	68	58	14,705
9	68	64	3,603
9	68	73	5,503
9	68	74	3,094
9	68	79	3,517
9	68	81	0,612
9	68	92	16,558
9	68	94	3,572
9	68	95	2,77
9	68	99	2,725
9	73	2	6,32
9	73	4	15,289
9	73	6	3,08
9	73	7	7,567
9	73	13	4,858
9	73	14	1,542
9	73	22	7,357
9	73	28	1,755
9	73	30	1,093
9	73	35	5,066
9	73	36	7,491
9	73	38	5,554
9	73	52	1,439
9	73	55	4,424
9	73	56	4,099
9	73	58	5,818
9	73	64	3,392
9	73	68	3,996
9	73	74	0,775
9	73	79	8,127
9	73	81	12,861
9	73	92	0,981
9	73	94	2,047
9	73	95	7,001
9	73	99	17,981
9	74	2	0,56
9	74	4	16,023
9	74	6	5,595
9	74	7	5,348
9	74	13	2,506
9	74	14	1,796
9	74	22	5,083
9	74	28	0,727
9	74	30	6,269
9	74	35	14,927
9	74	36	4,77
9	74	38	1,948
9	74	52	1,849
9	74	55	1,125
9	74	56	0,561
9	74	58	2,354
9	74	64	15,803
9	74	68	2,015
9	74	73	8,157
9	74	79	0,621
9	74	81	1,335
9	74	92	6,442
9	74	94	6,48
9	74	95	9,202
9	74	99	7,952
9	79	2	2,651
9	79	4	6,322
9	79	6	2,463
9	79	7	1,269
9	79	13	0,608
9	79	14	2,713
9	79	22	6,192
9	79	28	1,145
9	79	30	18,514
9	79	35	0,724
9	79	36	9,503
9	79	38	0,808
9	79	52	2,736
9	79	55	4,245
9	79	56	0,709
9	79	58	5,509
9	79	64	1,05
9	79	68	12,504
9	79	73	2,554
9	79	74	2,696
9	79	81	1,104
9	79	92	1,355
9	79	94	7,14
9	79	95	8,929
9	79	99	1,802
9	81	2	0,902
9	81	4	8,702
9	81	6	18,374
9	81	7	4,881
9	81	13	1,155
9	81	14	3,044
9	81	22	1,609
9	81	28	6,211
9	81	30	6,541
9	81	35	2,068
9	81	36	18,144
9	81	38	5,476
9	81	52	7,218
9	81	55	2,62
9	81	56	1,635
9	81	58	2,99
9	81	64	7,177
9	81	68	1,272
9	81	73	4,976
9	81	74	2,784
9	81	79	1,318
9	81	92	2,8
9	81	94	0,527
9	81	95	2,609
9	81	99	1,404
9	92	2	8,085
9	92	4	2,274
9	92	6	3,881
9	92	7	2,146
9	92	13	1,932
9	92	14	4,696
9	92	22	5,237
9	92	28	10,011
9	92	30	4,768
9	92	35	6,916
9	92	36	3,996
9	92	38	0,543
9	92	52	2,296
9	92	55	1,268
9	92	56	6,556
9	92	58	20,3
9	92	64	1,104
9	92	68	1,799
9	92	73	6,952
9	92	74	1,562
9	92	79	4,044
9	92	81	17,954
9	92	94	4,074
9	92	95	26,931
9	92	99	2,922
9	94	2	2,771
9	94	4	6,572
9	94	6	1,655
9	94	7	3,346
9	94	13	4,398
9	94	14	3,867
9	94	22	3,653
9	94	28	7,573
9	94	30	1,529
9	94	35	20,052
9	94	36	8,123
9	94	38	2,983
9	94	52	3,51
9	94	55	4,915
9	94	56	8,91
9	94	58	3,351
9	94	64	0,867
9	94	68	4
9	94	73	2,666
9	94	74	2,685
9	94	79	4,888
9	94	81	3,232
9	94	92	0,962
9	94	95	0,606
9	94	99	23,727
9	95	2	7,051
9	95	4	1,875
9	95	6	12,098
9	95	7	3,37
9	95	13	11,122
9	95	14	7,339
9	95	22	2,2
9	95	28	6,716
9	95	30	9,013
9	95	35	19,635
9	95	36	1,784
9	95	38	7,666
9	95	52	2,453
9	95	55	1,986
9	95	56	0,782
9	95	58	36,965
9	95	64	2,908
9	95	68	8,231
9	95	73	8,011
9	95	74	1,765
9	95	79	8,987
9	95	81	0,588
9	95	92	2,186
9	95	94	3,027
9	95	99	3,675
9	99	2	12,71
9	99	4	5,156
9	99	6	7,829
9	99	7	1,821
9	99	13	1,739
9	99	14	3,929
9	99	22	4,004
9	99	28	1,614
9	99	30	7,786
9	99	35	2,781
9	99	36	9,096
9	99	38	1,437
9	99	52	8,846
9	99	55	2,494
9	99	56	7,69
9	99	58	7,795
9	99	64	10,607
9	99	68	15,874
9	99	73	3,939
9	99	74	1,114
9	99	79	2,089
9	99	81	2,84
9	99	92	2,428
9	99	94	2,711
9	99	95	22,01
10	10	11	8,45
10	10	14	23,269
10	10	15	10,183
10	10	20	4,183
10	10	37	6,852
10	10	56	0,775
10	10	59	4,632
10	10	66	0,737
10	10	70	2,657
10	10	73	1,255
10	10	74	1,702
10	10	77	2,673
10	10	81	17,908
10	10	100	12,387
10	11	10	13,576
10	11	14	0,892
10	11	15	5,64
10	11	20	0,983
10	11	37	21,859
10	11	56	6,652
10	11	59	12,117
10	11	66	2,023
10	11	70	2,662
10	11	73	21,895
10	11	74	3,307
10	11	77	2,356
10	11	81	11,202
10	11	100	3,294
10	14	10	5,647
10	14	11	2,513
10	14	15	9,714
10	14	20	4,299
10	14	37	2,003
10	14	56	0,793
10	14	59	2,303
10	14	66	5,232
10	14	70	2,729
10	14	73	31,037
10	14	74	4,963
10	14	77	6,158
10	14	81	2,604
10	14	100	2,524
10	15	10	11,921
10	15	11	4,381
10	15	14	7,62
10	15	20	1,606
10	15	37	2,13
10	15	56	3,954
10	15	59	5,414
10	15	66	4,928
10	15	70	4,898
10	15	73	7,258
10	15	74	1,651
10	15	77	47,258
10	15	81	1,253
10	15	100	3,255
10	20	10	3,015
10	20	11	1,703
10	20	14	3,886
10	20	15	6,925
10	20	37	1,728
10	20	56	7,368
10	20	59	0,877
10	20	66	4,263
10	20	70	3,331
10	20	73	4,712
10	20	74	31,258
10	20	77	9,548
10	20	81	1,615
10	20	100	16,631
10	37	10	8,228
10	37	11	2,836
10	37	14	8,273
10	37	15	5,436
10	37	20	18,077
10	37	56	5,985
10	37	59	0,709
10	37	66	3,421
10	37	70	11,773
10	37	73	0,933
10	37	74	0,717
10	37	77	5,051
10	37	81	8,509
10	37	100	0,926
10	56	10	1,609
10	56	11	7,837
10	56	14	3,829
10	56	15	8,976
10	56	20	1,845
10	56	37	3,335
10	56	59	0,65
10	56	66	2,12
10	56	70	2,268
10	56	73	9,819
10	56	74	5,633
10	56	77	16,529
10	56	81	0,985
10	56	100	2,25
10	59	10	28,185
10	59	11	6,941
10	59	14	0,745
10	59	15	1,052
10	59	20	11,138
10	59	37	8,512
10	59	56	2,222
10	59	66	8,584
10	59	70	1,323
10	59	73	4,941
10	59	74	4,798
10	59	77	19,547
10	59	81	8,862
10	59	100	8,623
10	66	10	4,38
10	66	11	1,746
10	66	14	0,96
10	66	15	6,998
10	66	20	5,515
10	66	37	14,66
10	66	56	1,121
10	66	59	0,578
10	66	70	5,283
10	66	73	6,809
10	66	74	0,824
10	66	77	4,284
10	66	81	9,77
10	66	100	3,288
10	70	10	1,51
10	70	11	3,434
10	70	14	4,056
10	70	15	0,524
10	70	20	1,186
10	70	37	5,558
10	70	56	0,878
10	70	59	30,119
10	70	66	1,911
10	70	73	7,81
10	70	74	7,274
10	70	77	11,708
10	70	81	3,884
10	70	100	2,546
10	73	10	5,42
10	73	11	2,533
10	73	14	3,556
10	73	15	16,996
10	73	20	10,242
10	73	37	2,589
10	73	56	8,396
10	73	59	10,988
10	73	66	4,597
10	73	70	9,337
10	73	74	2,921
10	73	77	7,874
10	73	81	7,899
10	73	100	5,285
10	74	10	3,352
10	74	11	3,811
10	74	14	3,37
10	74	15	1,468
10	74	20	2,653
10	74	37	0,59
10	74	56	7,89
10	74	59	1,106
10	74	66	3,61
10	74	70	0,731
10	74	73	1,478
10	74	77	1,195
10	74	81	1,204
10	74	100	9,905
10	77	10	4,663
10	77	11	15,498
10	77	14	11,118
10	77	15	17,218
10	77	20	4,732
10	77	37	25,966
10	77	56	1,043
10	77	59	5,717
10	77	66	1,76
10	77	70	6,999
10	77	73	4,002
10	77	74	5,745
10	77	81	5,182
10	77	100	0,538
10	81	10	6,384
10	81	11	3,748
10	81	14	0,746
10	81	15	2,75
10	81	20	0,752
10	81	37	10,804
10	81	56	7,734
10	81	59	7,563
10	81	66	2,906
10	81	70	2,713
10	81	73	2,483
10	81	74	0,629
10	81	77	1,882
10	81	100	4,748
10	100	10	6,672
10	100	11	2,031
10	100	14	8,409
10	100	15	3,21
10	100	20	2,441
10	100	37	12,07
10	100	56	5,961
10	100	59	4,536
10	100	66	2,399
10	100	70	38,66
10	100	73	9,032
10	100	74	0,671
10	100	77	10,181
10	100	81	1,604

