#num jobs
100
#num machines
10

#jobId machId procTime energyCons
1	4	37,78	236,94
2	9	33,06	107,15
2	8	96,74	756,93
2	4	3,95	24,8
2	3	32,35	54,4
3	10	10,13	41,74
3	9	35,04	113,55
3	5	0,85	1,07
4	5	9,86	12,44
4	6	4,29	12,03
4	7	18,27	229,57
5	8	2,57	20,12
5	6	9,32	26,13
6	9	9,1	29,49
7	7	3,64	45,73
7	4	1,74	10,94
8	8	25,95	203,05
8	5	58,45	73,7
8	4	5,01	31,4
9	8	8,58	67,17
9	4	5,09	31,91
10	6	2,7	7,56
10	4	16,52	103,6
11	9	9,91	32,11
12	2	7,67	67,97
12	4	113,36	711,03
12	6	29,72	83,35
13	10	14,1	58,12
13	7	8,54	107,25
13	3	26,5	44,57
14	9	8,81	28,56
14	6	14,88	41,74
14	5	49,7	62,67
15	10	57,55	237,15
16	7	20,09	252,44
16	8	23,25	181,96
16	10	7,08	29,19
17	9	28,82	93,4
17	4	24,64	154,54
17	1	2,47	19,49
18	2	3,16	28,01
18	7	9,43	118,52
18	10	7,56	31,15
19	2	20,17	178,81
19	1	100,39	791,96
20	10	55,93	230,5
20	9	8,76	28,38
20	4	12,41	77,84
20	2	9,88	87,64
21	2	7,04	62,41
21	5	31,91	40,24
22	5	6,47	8,16
22	7	8,82	110,87
22	8	3,06	23,91
23	3	249,32	419,31
24	1	2,19	17,31
24	2	2,63	23,34
24	3	1,43	2,41
24	4	139,24	873,35
24	8	7,78	60,88
25	5	3,85	4,85
25	6	9,19	25,76
25	10	3,86	15,9
26	7	28,75	361,25
26	10	1,24	5,09
27	2	4,73	41,94
27	9	3,83	12,42
27	10	50,7	208,94
28	5	26,78	33,77
28	6	13,41	37,6
28	7	3,95	49,68
28	8	5,88	46,04
28	10	1,96	8,1
29	7	26,82	337,01
29	3	12,82	21,56
30	4	44,79	280,95
30	9	5,84	18,93
31	10	1,36	5,6
31	8	16,91	132,33
31	6	39,92	111,97
31	3	24,88	41,85
32	6	3,61	10,13
32	1	9,74	76,85
33	6	121,16	339,84
33	2	130,74	1159,25
34	1	14,57	114,91
35	3	16,51	27,77
35	4	61,41	385,14
35	8	1340,38	10488,02
36	6	18,79	52,69
36	5	39,27	49,51
36	4	18,52	116,16
36	1	742,2	5855,04
37	1	5,99	47,28
38	8	10,99	85,99
38	2	89,1	790,02
38	1	96,78	763,48
39	10	331,08	1364,4
39	7	96,1	1207,52
39	6	3,18	8,93
39	5	2,62	3,31
39	4	1,85	11,57
39	3	1,76	2,96
40	4	4598,75	28843,5
40	6	34,66	97,21
41	5	5,23	6,6
41	6	10,99	30,82
41	7	8,34	104,84
42	1	46,52	367
43	2	21,8	193,27
43	6	25,85	72,5
43	8	3,02	23,59
43	9	24,86	80,58
44	6	54,94	154,09
45	10	6,26	25,8
46	1	88	694,18
46	9	7,97	25,84
47	10	0,49	2,01
47	4	9,01	56,53
48	10	5,56	22,93
48	9	59,12	191,62
48	7	1,59	19,94
49	10	39,12	161,2
49	2	194,51	1724,69
49	1	1136,23	8963,44
50	8	16,02	125,32
51	4	6,18	38,77
51	7	3,45	43,32
51	10	8,07	33,25
52	10	4,4	18,14
52	8	99,98	782,34
52	6	13,61	38,16
52	5	13,41	16,91
52	1	59,57	469,93
53	1	2,95	23,23
53	4	13,35	83,72
53	5	10,72	13,52
54	10	3,23	13,31
55	10	4,46	18,4
55	9	8,66	28,06
55	5	3,61	4,56
56	10	5,02	20,7
56	4	30,28	189,93
56	3	5,78	9,71
57	4	11,76	73,75
57	5	9,28	11,7
57	9	16,64	53,92
58	2	1,63	14,45
58	8	4,29	33,59
59	10	10,66	43,93
59	8	75,54	591,04
59	5	10,92	13,77
59	4	21,35	133,9
59	1	3,5	27,59
60	10	2,31	9,54
60	6	19,73	55,33
60	5	9,12	11,5
60	4	1,84	11,54
61	7	5,84	73,36
62	5	4,34	5,48
62	6	1540,64	4321,13
62	7	49,91	627,21
63	6	2,8	7,86
64	3	9,91	16,67
64	1	2,89	22,8
65	4	6,29	39,46
65	7	2,25	28,33
65	8	3,83	29,96
66	2	23,22	205,9
67	2	18,19	161,26
67	7	15,34	192,71
68	10	3,83	15,77
68	2	31,49	279,23
68	1	51,37	405,23
69	8	5,26	41,19
69	7	14,6	183,4
69	6	1,62	4,54
70	3	6,07	10,2
71	6	12,72	35,68
72	7	9,11	114,47
72	1	3,15	24,83
73	7	9,21	115,73
73	4	11,2	70,23
73	3	1,33	2,24
73	1	4,76	37,53
74	2	8,06	71,45
74	3	6,87	11,55
74	4	7,44	46,68
75	3	6,66	11,2
75	9	53,99	174,97
75	10	20,3	83,64
76	9	3,43	11,13
77	1	9,63	75,97
77	5	12,24	15,43
77	10	23,39	96,38
78	5	6,34	8
78	10	14,08	58,02
79	3	1,89	3,18
79	4	13,23	82,99
79	6	12,11	33,96
79	7	3,85	48,38
80	8	19,01	148,73
80	5	4,1	5,17
80	4	54,5	341,84
80	3	9,64	16,2
80	2	3,87	34,32
81	3	3,9	6,56
82	4	22,33	140,05
83	10	2,47	10,18
83	9	4,36	14,13
83	7	29,11	365,8
83	5	30,38	38,3
84	8	2,46	19,22
85	9	41,5	134,51
85	6	11,98	33,61
85	5	5,4	6,81
86	1	21,91	172,88
87	2	37,31	330,81
87	5	10,26	12,94
87	7	30,15	378,83
87	9	0,77	2,5
88	1	7,53	59,39
88	3	26,07	43,85
88	8	8,87	69,37
89	4	6,94	43,55
89	8	113,37	887,11
90	9	14,8	47,96
90	6	1,4	3,91
91	6	12,52	35,11
91	8	1240,45	9706,08
92	7	13,02	163,57
92	10	62,3	256,73
93	10	18,52	76,32
93	8	9,48	74,15
93	5	26,87	33,88
93	3	8,9	14,97
94	1	9,98	78,7
94	2	74,67	662,11
95	10	12,36	50,95
96	1	0,84	6,63
97	1	7,87	62,06
97	2	7,45	66,04
97	9	256,39	831,01
97	10	53,38	219,97
98	7	8,33	104,7
98	1	1,57	12,42
99	2	11,67	103,44
99	6	8,04	22,54
100	10	13,8	56,88

#jobId ddate weight rdate
1	476,305	44	1849,357
2	1005,639	6	1049,284
3	222,092	5	946,488
4	689,816	10	879,205
5	256,151	24	212,209
6	648,648	2	2303,491
7	84,701	7	314,566
8	327,553	38	425,394
9	883,371	13	2078,29
10	638,684	5	472,505
11	745,509	43	2140,153
12	1105,003	10	867,695
13	648,004	28	1048,24
14	475,332	40	267,915
15	901,292	20	1111,826
16	654,778	6	436,9
17	766,265	2	716,735
18	1028,563	9	1668,069
19	330,867	30	297,506
20	141,53	28	244,537
21	1011,764	10	1517,672
22	1159,705	23	2239,471
23	364,866	36	653,151
24	314,214	27	1,289
25	544,621	1	1569,591
26	395,085	35	1203,377
27	442,029	35	457,186
28	167,593	44	2095,692
29	79,832	10	1784,747
30	823,343	12	1548,271
31	702,697	17	1012,948
32	3,275	23	1277,993
33	703,191	26	1834,028
34	1094,125	45	579,823
35	461,908	15	904,102
36	587,773	3	967,884
37	183,172	31	2222,421
38	1055,198	45	1749,857
39	1015,657	37	1688,341
40	359,106	10	2159,747
41	308,912	31	1433,901
42	562,59	28	1573,89
43	225,774	7	1082,692
44	648,204	36	1734,642
45	220,606	47	1046,663
46	928,821	25	1762,225
47	695,589	18	1334,973
48	186,803	35	1280,344
49	738,03	34	1645,854
50	508,176	41	326,092
51	839,559	43	688,17
52	384,243	32	1570,425
53	339,434	36	2149,49
54	863,553	47	723,998
55	1078,867	11	1420,791
56	1037,817	15	1669,182
57	1130,421	48	173,671
58	290,623	18	1677,889
59	994,358	4	244,219
60	1064,942	48	1999,975
61	1038,053	16	1786,051
62	350,973	22	1968,146
63	1022,962	39	2023,581
64	365,721	41	1178,774
65	930,688	13	2014,928
66	465,836	47	566,726
67	594,464	49	1751,281
68	455,376	4	1106,366
69	1007,196	29	1097,871
70	600,181	28	1130,627
71	671,609	4	899,839
72	876,516	27	2001,855
73	739,724	38	1455,788
74	896,081	42	29,711
75	613,478	29	1529,399
76	156,69	42	1070,726
77	106,899	43	1057,044
78	147,003	6	940,957
79	1151,109	15	1165,354
80	302,09	19	1038,411
81	1018,095	19	845,561
82	250,444	6	1739,08
83	907,038	1	108,343
84	836,514	31	1803,079
85	203,454	36	1747,621
86	165,536	41	2034,651
87	578,761	1	1701,01
88	849,088	2	986,564
89	824,356	49	1049,213
90	1125,838	18	1801,67
91	304,559	9	875,267
92	466,613	32	2106,827
93	551,751	45	726,068
94	533,409	21	850,16
95	1000,371	34	891,626
96	283,278	33	2237,952
97	438,99	31	1971,147
98	551,359	36	1797,512
99	421,565	47	338,013
100	409,686	15	1203,031

#machId jobPred jobSucc setupTime
1	17	19	5,284
1	17	24	1,306
1	17	32	21,281
1	17	34	11,454
1	17	36	8,83
1	17	37	7,463
1	17	38	1,859
1	17	42	2,623
1	17	46	2,138
1	17	49	2,745
1	17	52	3,403
1	17	53	18,39
1	17	59	4,687
1	17	64	1,509
1	17	68	1,521
1	17	72	7,862
1	17	73	0,92
1	17	77	1,221
1	17	86	16,788
1	17	88	6,149
1	17	94	6,555
1	17	96	5,518
1	17	97	23,675
1	17	98	24,033
1	19	17	0,945
1	19	24	0,844
1	19	32	9,641
1	19	34	0,623
1	19	36	38,263
1	19	37	0,511
1	19	38	3,618
1	19	42	8,183
1	19	46	0,905
1	19	49	1,258
1	19	52	28,475
1	19	53	30,223
1	19	59	1,328
1	19	64	4,245
1	19	68	21,281
1	19	72	12,799
1	19	73	4,034
1	19	77	2,333
1	19	86	4,986
1	19	88	1,462
1	19	94	0,631
1	19	96	9,547
1	19	97	2,946
1	19	98	1,395
1	24	17	6,662
1	24	19	9,051
1	24	32	3,327
1	24	34	0,916
1	24	36	10,211
1	24	37	12,436
1	24	38	1,491
1	24	42	0,857
1	24	46	3,574
1	24	49	0,714
1	24	52	1,594
1	24	53	5,51
1	24	59	5,39
1	24	64	1,379
1	24	68	8,603
1	24	72	4,744
1	24	73	5,567
1	24	77	2,82
1	24	86	2,625
1	24	88	5,462
1	24	94	0,707
1	24	96	5,204
1	24	97	11,937
1	24	98	2,003
1	32	17	0,7
1	32	19	1,666
1	32	24	0,942
1	32	34	63,418
1	32	36	12,013
1	32	37	6,208
1	32	38	6,297
1	32	42	9,41
1	32	46	6,088
1	32	49	3,724
1	32	52	6,655
1	32	53	5,241
1	32	59	3,475
1	32	64	2,286
1	32	68	9,53
1	32	72	4,375
1	32	73	4,044
1	32	77	11,523
1	32	86	1,457
1	32	88	18,873
1	32	94	2,501
1	32	96	6,565
1	32	97	0,565
1	32	98	0,701
1	34	17	22,899
1	34	19	8,726
1	34	24	6,951
1	34	32	2,836
1	34	36	2,563
1	34	37	17,611
1	34	38	4,958
1	34	42	4,533
1	34	46	15,287
1	34	49	1,764
1	34	52	2,85
1	34	53	2,307
1	34	59	14,243
1	34	64	4,945
1	34	68	14,222
1	34	72	8,976
1	34	73	2,608
1	34	77	3,968
1	34	86	3,716
1	34	88	9,317
1	34	94	9,564
1	34	96	4,891
1	34	97	2,025
1	34	98	1,764
1	36	17	4,614
1	36	19	0,51
1	36	24	7,226
1	36	32	4,229
1	36	34	11,241
1	36	37	1,174
1	36	38	11,079
1	36	42	5,479
1	36	46	6,37
1	36	49	3,259
1	36	52	1,038
1	36	53	1,744
1	36	59	3,258
1	36	64	7,677
1	36	68	3,037
1	36	72	1,705
1	36	73	4,017
1	36	77	1,036
1	36	86	6,6
1	36	88	10,717
1	36	94	19,245
1	36	96	10,96
1	36	97	3,027
1	36	98	2,112
1	37	17	8,994
1	37	19	1,071
1	37	24	10,857
1	37	32	6,401
1	37	34	9,9
1	37	36	3,649
1	37	38	10,545
1	37	42	6,855
1	37	46	1,112
1	37	49	4,603
1	37	52	6,144
1	37	53	40,712
1	37	59	5,545
1	37	64	1,471
1	37	68	0,618
1	37	72	0,753
1	37	73	12,25
1	37	77	1,857
1	37	86	3,614
1	37	88	11,539
1	37	94	1,412
1	37	96	0,99
1	37	97	4,281
1	37	98	24,008
1	38	17	8,422
1	38	19	0,634
1	38	24	2,122
1	38	32	3,535
1	38	34	14,338
1	38	36	1,939
1	38	37	17,242
1	38	42	6,436
1	38	46	4,764
1	38	49	7,683
1	38	52	2,236
1	38	53	12,608
1	38	59	5,692
1	38	64	12,752
1	38	68	5,837
1	38	72	1,809
1	38	73	6,207
1	38	77	16,974
1	38	86	0,763
1	38	88	2,859
1	38	94	1,899
1	38	96	5,412
1	38	97	1,284
1	38	98	3,725
1	42	17	9,088
1	42	19	4,805
1	42	24	4,718
1	42	32	1,509
1	42	34	6,637
1	42	36	2,578
1	42	37	2,947
1	42	38	3,806
1	42	46	1,509
1	42	49	5,361
1	42	52	0,746
1	42	53	6,919
1	42	59	4,006
1	42	64	17,524
1	42	68	5,736
1	42	72	5,626
1	42	73	7,424
1	42	77	3,652
1	42	86	3,087
1	42	88	10,356
1	42	94	4,886
1	42	96	11,023
1	42	97	10,045
1	42	98	2,152
1	46	17	7,443
1	46	19	12,936
1	46	24	0,734
1	46	32	1,294
1	46	34	7,057
1	46	36	1,696
1	46	37	13,033
1	46	38	19,28
1	46	42	7,122
1	46	49	3,372
1	46	52	9,248
1	46	53	5,614
1	46	59	0,919
1	46	64	6,701
1	46	68	2,636
1	46	72	5,772
1	46	73	10,737
1	46	77	3,425
1	46	86	19,5
1	46	88	17,86
1	46	94	4,899
1	46	96	5,159
1	46	97	2,789
1	46	98	20,414
1	49	17	3,539
1	49	19	0,899
1	49	24	11,02
1	49	32	1,942
1	49	34	0,544
1	49	36	1,508
1	49	37	5,161
1	49	38	2,338
1	49	42	4,516
1	49	46	5,951
1	49	52	6,233
1	49	53	14,051
1	49	59	3,316
1	49	64	1,239
1	49	68	6,155
1	49	72	2,292
1	49	73	9,858
1	49	77	2,012
1	49	86	11,574
1	49	88	3,286
1	49	94	7,041
1	49	96	35,024
1	49	97	1,562
1	49	98	14,811
1	52	17	4,729
1	52	19	8,148
1	52	24	8,415
1	52	32	11,998
1	52	34	1,052
1	52	36	0,833
1	52	37	3,858
1	52	38	12,721
1	52	42	22,013
1	52	46	4,238
1	52	49	1,841
1	52	53	16,482
1	52	59	5,183
1	52	64	2,204
1	52	68	20,653
1	52	72	1,402
1	52	73	0,695
1	52	77	3,49
1	52	86	5,792
1	52	88	21,629
1	52	94	2,575
1	52	96	1,951
1	52	97	0,968
1	52	98	9,262
1	53	17	0,732
1	53	19	8,255
1	53	24	1,385
1	53	32	12,244
1	53	34	13,113
1	53	36	10,136
1	53	37	7,962
1	53	38	4,6
1	53	42	5,351
1	53	46	12,074
1	53	49	12,217
1	53	52	0,774
1	53	59	4,361
1	53	64	0,917
1	53	68	7,709
1	53	72	2,321
1	53	73	5,722
1	53	77	7,044
1	53	86	3,762
1	53	88	5,702
1	53	94	1,624
1	53	96	21,156
1	53	97	1,064
1	53	98	0,892
1	59	17	1,993
1	59	19	4,645
1	59	24	6,466
1	59	32	4,867
1	59	34	2,267
1	59	36	1,781
1	59	37	3,604
1	59	38	12,48
1	59	42	0,931
1	59	46	8,632
1	59	49	3,707
1	59	52	3,895
1	59	53	7,319
1	59	64	1,826
1	59	68	0,918
1	59	72	20,452
1	59	73	5,967
1	59	77	1,78
1	59	86	2,331
1	59	88	3,361
1	59	94	2,609
1	59	96	2,802
1	59	97	1,88
1	59	98	1,027
1	64	17	25,85
1	64	19	1,484
1	64	24	11,532
1	64	32	8,45
1	64	34	12,552
1	64	36	0,963
1	64	37	1,37
1	64	38	17,491
1	64	42	8,021
1	64	46	11,259
1	64	49	1,637
1	64	52	9,11
1	64	53	2,734
1	64	59	4,77
1	64	68	4,956
1	64	72	15,706
1	64	73	1,929
1	64	77	0,724
1	64	86	6,185
1	64	88	0,832
1	64	94	1,278
1	64	96	4,606
1	64	97	3,492
1	64	98	0,978
1	68	17	8,306
1	68	19	0,679
1	68	24	2,494
1	68	32	5,536
1	68	34	1,205
1	68	36	0,589
1	68	37	6,851
1	68	38	9,7
1	68	42	4,003
1	68	46	1,003
1	68	49	4,158
1	68	52	11,369
1	68	53	2,03
1	68	59	3,408
1	68	64	19,823
1	68	72	1,374
1	68	73	3,6
1	68	77	0,636
1	68	86	6,676
1	68	88	1,999
1	68	94	11,374
1	68	96	0,795
1	68	97	5,384
1	68	98	8,182
1	72	17	0,911
1	72	19	3,582
1	72	24	37,492
1	72	32	2,509
1	72	34	0,665
1	72	36	6,792
1	72	37	1,258
1	72	38	4,949
1	72	42	3,717
1	72	46	14,079
1	72	49	20,514
1	72	52	4,365
1	72	53	2,33
1	72	59	13,151
1	72	64	7,367
1	72	68	4,896
1	72	73	7,134
1	72	77	2,041
1	72	86	3,678
1	72	88	2,125
1	72	94	3,581
1	72	96	6,433
1	72	97	2,628
1	72	98	5,004
1	73	17	31,866
1	73	19	5,571
1	73	24	11,523
1	73	32	1,698
1	73	34	11,912
1	73	36	5,663
1	73	37	4,236
1	73	38	2,328
1	73	42	2,886
1	73	46	1,654
1	73	49	0,61
1	73	52	10,343
1	73	53	4,344
1	73	59	4,346
1	73	64	3,895
1	73	68	1,368
1	73	72	11,675
1	73	77	21,051
1	73	86	1,715
1	73	88	6,754
1	73	94	0,811
1	73	96	8,31
1	73	97	6,57
1	73	98	5,21
1	77	17	8,498
1	77	19	3,339
1	77	24	1,474
1	77	32	4,923
1	77	34	32,111
1	77	36	2,576
1	77	37	2,445
1	77	38	4,337
1	77	42	10,081
1	77	46	8,347
1	77	49	3,346
1	77	52	0,652
1	77	53	4,21
1	77	59	10,538
1	77	64	1,789
1	77	68	4,617
1	77	72	2,107
1	77	73	1,476
1	77	86	2,721
1	77	88	8,756
1	77	94	8,694
1	77	96	15,396
1	77	97	3,357
1	77	98	5,359
1	86	17	9,465
1	86	19	6,966
1	86	24	16,717
1	86	32	6,592
1	86	34	3,2
1	86	36	6,898
1	86	37	12,37
1	86	38	10,527
1	86	42	13,82
1	86	46	8,647
1	86	49	1,157
1	86	52	9,122
1	86	53	15,788
1	86	59	3,55
1	86	64	4,073
1	86	68	1,843
1	86	72	7,977
1	86	73	19,466
1	86	77	6,384
1	86	88	15,092
1	86	94	9,194
1	86	96	6,443
1	86	97	2,483
1	86	98	2,463
1	88	17	1,109
1	88	19	14,722
1	88	24	14,476
1	88	32	6,555
1	88	34	12,219
1	88	36	0,87
1	88	37	21,025
1	88	38	13,561
1	88	42	4,997
1	88	46	1,231
1	88	49	12,619
1	88	52	0,569
1	88	53	5,335
1	88	59	1,004
1	88	64	10,184
1	88	68	4,485
1	88	72	2,214
1	88	73	3,03
1	88	77	2,722
1	88	86	18,021
1	88	94	3,164
1	88	96	7,842
1	88	97	4,037
1	88	98	15,769
1	94	17	16,316
1	94	19	0,527
1	94	24	9,164
1	94	32	0,917
1	94	34	1,951
1	94	36	2,762
1	94	37	5,998
1	94	38	4,536
1	94	42	2,792
1	94	46	0,917
1	94	49	10,153
1	94	52	10,464
1	94	53	14,815
1	94	59	3,578
1	94	64	4,487
1	94	68	12,869
1	94	72	23,221
1	94	73	3,187
1	94	77	1,753
1	94	86	1,951
1	94	88	3,375
1	94	96	34,513
1	94	97	21,288
1	94	98	3,186
1	96	17	1,084
1	96	19	3,717
1	96	24	4,13
1	96	32	9,592
1	96	34	7,009
1	96	36	5,115
1	96	37	0,811
1	96	38	2,902
1	96	42	7,038
1	96	46	0,756
1	96	49	20,922
1	96	52	3,639
1	96	53	10,553
1	96	59	0,846
1	96	64	6,689
1	96	68	2,387
1	96	72	7,905
1	96	73	1,309
1	96	77	9,301
1	96	86	4,783
1	96	88	7,444
1	96	94	6,049
1	96	97	4,135
1	96	98	7,973
1	97	17	1,322
1	97	19	1,044
1	97	24	13,052
1	97	32	0,96
1	97	34	6,268
1	97	36	5,632
1	97	37	3,094
1	97	38	5,628
1	97	42	3,834
1	97	46	17,74
1	97	49	7,159
1	97	52	1,923
1	97	53	9,357
1	97	59	3,54
1	97	64	5,351
1	97	68	10,394
1	97	72	5,091
1	97	73	1,455
1	97	77	18,05
1	97	86	1,093
1	97	88	2,48
1	97	94	9,784
1	97	96	11,912
1	97	98	1,342
1	98	17	4,608
1	98	19	0,513
1	98	24	6,274
1	98	32	13,857
1	98	34	8,381
1	98	36	12,144
1	98	37	11,065
1	98	38	2,542
1	98	42	2,687
1	98	46	6,101
1	98	49	2,579
1	98	52	7,555
1	98	53	4,07
1	98	59	2,923
1	98	64	1,21
1	98	68	3,089
1	98	72	3,061
1	98	73	2,496
1	98	77	25,703
1	98	86	5,641
1	98	88	5,559
1	98	94	18,481
1	98	96	9,878
1	98	97	6,158
2	12	18	17,241
2	12	19	2,433
2	12	20	7,674
2	12	21	14,733
2	12	24	2,202
2	12	27	3,503
2	12	33	7,388
2	12	38	1,042
2	12	43	4,18
2	12	49	26,226
2	12	58	18,475
2	12	66	7,082
2	12	67	8,675
2	12	68	2,422
2	12	74	24,39
2	12	80	0,503
2	12	87	11,155
2	12	94	4,487
2	12	97	2,413
2	12	99	7,818
2	18	12	2,454
2	18	19	2,664
2	18	20	4,22
2	18	21	9,895
2	18	24	11,579
2	18	27	5,396
2	18	33	9,149
2	18	38	1,153
2	18	43	3,752
2	18	49	8,177
2	18	58	19,959
2	18	66	6,228
2	18	67	1,71
2	18	68	2,734
2	18	74	17,177
2	18	80	11,701
2	18	87	7,353
2	18	94	2,61
2	18	97	3,14
2	18	99	16,913
2	19	12	2,674
2	19	18	4,713
2	19	20	0,792
2	19	21	19,822
2	19	24	1,611
2	19	27	4,853
2	19	33	1,352
2	19	38	1,514
2	19	43	0,827
2	19	49	5,212
2	19	58	1,004
2	19	66	1,841
2	19	67	19,367
2	19	68	6,933
2	19	74	7,052
2	19	80	11,067
2	19	87	20,526
2	19	94	2,076
2	19	97	35,503
2	19	99	5,333
2	20	12	8,412
2	20	18	1,766
2	20	19	5,092
2	20	21	3,83
2	20	24	6,97
2	20	27	1,581
2	20	33	2,767
2	20	38	1,959
2	20	43	16,849
2	20	49	1,896
2	20	58	18,923
2	20	66	1,319
2	20	67	3,935
2	20	68	3,891
2	20	74	13,476
2	20	80	9,516
2	20	87	1,159
2	20	94	0,754
2	20	97	1,632
2	20	99	1,541
2	21	12	4,634
2	21	18	1,983
2	21	19	7,15
2	21	20	1,647
2	21	24	1,498
2	21	27	13,133
2	21	33	1,919
2	21	38	6,17
2	21	43	2,997
2	21	49	1,479
2	21	58	23,962
2	21	66	6,973
2	21	67	8,667
2	21	68	5,22
2	21	74	0,984
2	21	80	8,218
2	21	87	5,878
2	21	94	4,882
2	21	97	9,539
2	21	99	6,018
2	24	12	10,453
2	24	18	5,182
2	24	19	4,242
2	24	20	2,974
2	24	21	2,892
2	24	27	1,77
2	24	33	3,486
2	24	38	4,874
2	24	43	3,623
2	24	49	3,135
2	24	58	5,236
2	24	66	8,103
2	24	67	5,42
2	24	68	5,361
2	24	74	21,728
2	24	80	17,122
2	24	87	2,194
2	24	94	8,183
2	24	97	1,349
2	24	99	10,521
2	27	12	1,825
2	27	18	38,331
2	27	19	3,749
2	27	20	15,943
2	27	21	1,48
2	27	24	3,232
2	27	33	5,903
2	27	38	8,449
2	27	43	15,033
2	27	49	24,393
2	27	58	0,538
2	27	66	6,386
2	27	67	3,282
2	27	68	0,636
2	27	74	13,716
2	27	80	6,655
2	27	87	1,137
2	27	94	13,652
2	27	97	11,749
2	27	99	0,854
2	33	12	5,949
2	33	18	2,851
2	33	19	3,39
2	33	20	8,45
2	33	21	1,051
2	33	24	3,523
2	33	27	1,368
2	33	38	1,435
2	33	43	2,541
2	33	49	2,906
2	33	58	3,457
2	33	66	1,097
2	33	67	0,9
2	33	68	8,356
2	33	74	6,179
2	33	80	1,209
2	33	87	35,637
2	33	94	2,696
2	33	97	4,263
2	33	99	1,302
2	38	12	1,039
2	38	18	4,053
2	38	19	9,593
2	38	20	1,445
2	38	21	0,8
2	38	24	2,393
2	38	27	5,9
2	38	33	7,881
2	38	43	4,127
2	38	49	1,386
2	38	58	2,649
2	38	66	1,14
2	38	67	6,242
2	38	68	1,05
2	38	74	4,677
2	38	80	13,198
2	38	87	2,452
2	38	94	4,394
2	38	97	12,615
2	38	99	1,452
2	43	12	16,154
2	43	18	2,813
2	43	19	11,461
2	43	20	2,52
2	43	21	1,093
2	43	24	17,791
2	43	27	2,187
2	43	33	81,386
2	43	38	1,45
2	43	49	4,134
2	43	58	4,035
2	43	66	7,786
2	43	67	6,176
2	43	68	1,073
2	43	74	20,677
2	43	80	3,394
2	43	87	1,94
2	43	94	3,377
2	43	97	55,011
2	43	99	1,172
2	49	12	1,581
2	49	18	1,795
2	49	19	10,143
2	49	20	5,982
2	49	21	0,665
2	49	24	26,632
2	49	27	4,326
2	49	33	0,637
2	49	38	9,155
2	49	43	4,178
2	49	58	5,882
2	49	66	5,256
2	49	67	6,314
2	49	68	12,311
2	49	74	3,291
2	49	80	8,541
2	49	87	3,253
2	49	94	1,129
2	49	97	6,047
2	49	99	4,389
2	58	12	9,312
2	58	18	5,023
2	58	19	5,683
2	58	20	55,234
2	58	21	6,053
2	58	24	0,818
2	58	27	4,365
2	58	33	2,452
2	58	38	38,919
2	58	43	11,022
2	58	49	16,274
2	58	66	1,013
2	58	67	0,52
2	58	68	20,498
2	58	74	8,673
2	58	80	3,779
2	58	87	4,667
2	58	94	6,565
2	58	97	1,478
2	58	99	16,125
2	66	12	3,653
2	66	18	31,802
2	66	19	1,111
2	66	20	6,749
2	66	21	2,118
2	66	24	15,48
2	66	27	3,419
2	66	33	17,47
2	66	38	4,525
2	66	43	1,67
2	66	49	1,09
2	66	58	5,772
2	66	67	13,44
2	66	68	3,625
2	66	74	0,618
2	66	80	2,358
2	66	87	9,086
2	66	94	17,43
2	66	97	0,603
2	66	99	8,629
2	67	12	1,293
2	67	18	6,919
2	67	19	1,748
2	67	20	1,152
2	67	21	7,378
2	67	24	4,212
2	67	27	1,544
2	67	33	4,08
2	67	38	13,575
2	67	43	1,604
2	67	49	2,86
2	67	58	7,245
2	67	66	2,934
2	67	68	1,452
2	67	74	1,715
2	67	80	8,581
2	67	87	18,037
2	67	94	6,581
2	67	97	3,136
2	67	99	2,428
2	68	12	3,41
2	68	18	1,49
2	68	19	10,099
2	68	20	3,703
2	68	21	8,996
2	68	24	4,839
2	68	27	11,255
2	68	33	12,435
2	68	38	4,858
2	68	43	8,318
2	68	49	2,846
2	68	58	1,63
2	68	66	1,253
2	68	67	4,764
2	68	74	3,913
2	68	80	36,215
2	68	87	1,558
2	68	94	1,473
2	68	97	6,074
2	68	99	1,42
2	74	12	11,74
2	74	18	3,26
2	74	19	22,122
2	74	20	6,54
2	74	21	1,163
2	74	24	2,606
2	74	27	8,82
2	74	33	0,587
2	74	38	11,863
2	74	43	0,527
2	74	49	2,272
2	74	58	1,609
2	74	66	5,111
2	74	67	2,922
2	74	68	0,546
2	74	80	7,591
2	74	87	5,001
2	74	94	0,874
2	74	97	4,953
2	74	99	1,914
2	80	12	2,751
2	80	18	0,943
2	80	19	2,341
2	80	20	5,87
2	80	21	10,01
2	80	24	3,88
2	80	27	4,964
2	80	33	2,149
2	80	38	2,631
2	80	43	0,963
2	80	49	11,993
2	80	58	8,584
2	80	66	5,746
2	80	67	1,151
2	80	68	2,549
2	80	74	15,569
2	80	87	8,311
2	80	94	3,978
2	80	97	1,467
2	80	99	12,682
2	87	12	4,905
2	87	18	1,797
2	87	19	1,014
2	87	20	3,618
2	87	21	17,673
2	87	24	4,47
2	87	27	3,879
2	87	33	0,85
2	87	38	0,611
2	87	43	4,754
2	87	49	1,741
2	87	58	4,101
2	87	66	9,591
2	87	67	15,511
2	87	68	13,349
2	87	74	3,645
2	87	80	3,027
2	87	94	2,057
2	87	97	3,514
2	87	99	4,016
2	94	12	14,701
2	94	18	6,081
2	94	19	6,697
2	94	20	11,721
2	94	21	0,625
2	94	24	4,153
2	94	27	4,409
2	94	33	0,685
2	94	38	0,963
2	94	43	4,518
2	94	49	1,33
2	94	58	2,63
2	94	66	0,652
2	94	67	18,272
2	94	68	1,566
2	94	74	2,249
2	94	80	0,73
2	94	87	0,782
2	94	97	3,502
2	94	99	21,309
2	97	12	2,458
2	97	18	3,694
2	97	19	2,217
2	97	20	9,153
2	97	21	10,176
2	97	24	1,738
2	97	27	17,233
2	97	33	3,355
2	97	38	5,395
2	97	43	10,661
2	97	49	6,628
2	97	58	1,238
2	97	66	4,217
2	97	67	5,745
2	97	68	12,414
2	97	74	0,902
2	97	80	6,104
2	97	87	6,19
2	97	94	4,646
2	97	99	14,841
2	99	12	3,836
2	99	18	10,236
2	99	19	5,164
2	99	20	6,305
2	99	21	5,293
2	99	24	7,643
2	99	27	10,205
2	99	33	4,64
2	99	38	4,014
2	99	43	5,958
2	99	49	1,551
2	99	58	5,541
2	99	66	7,022
2	99	67	1,714
2	99	68	14,336
2	99	74	3,332
2	99	80	4,928
2	99	87	26,923
2	99	94	3,484
2	99	97	7,006
3	2	13	2,182
3	2	23	19,173
3	2	24	0,626
3	2	29	6,33
3	2	31	9,968
3	2	35	0,885
3	2	39	5,497
3	2	56	0,847
3	2	64	13,824
3	2	70	8,298
3	2	73	1,978
3	2	74	5,838
3	2	75	7,667
3	2	79	3,478
3	2	80	4,867
3	2	81	6,471
3	2	88	4,444
3	2	93	1,02
3	13	2	2,466
3	13	23	0,757
3	13	24	1,111
3	13	29	9,939
3	13	31	9,753
3	13	35	9,303
3	13	39	4,514
3	13	56	2,353
3	13	64	21,927
3	13	70	10,135
3	13	73	4,138
3	13	74	0,654
3	13	75	7,024
3	13	79	5,089
3	13	80	15,33
3	13	81	10,763
3	13	88	3,761
3	13	93	14,531
3	23	2	7,188
3	23	13	7,478
3	23	24	1,974
3	23	29	15,925
3	23	31	5,095
3	23	35	7,627
3	23	39	0,81
3	23	56	10,102
3	23	64	8,961
3	23	70	5,584
3	23	73	10,688
3	23	74	14,366
3	23	75	4,734
3	23	79	3,514
3	23	80	2,017
3	23	81	5,057
3	23	88	13,111
3	23	93	34,151
3	24	2	1,444
3	24	13	31,443
3	24	23	2,566
3	24	29	1,174
3	24	31	7,42
3	24	35	3,259
3	24	39	4,282
3	24	56	2,037
3	24	64	3,149
3	24	70	1,797
3	24	73	2,162
3	24	74	5,777
3	24	75	12,106
3	24	79	3,268
3	24	80	11,942
3	24	81	14,151
3	24	88	27,137
3	24	93	4,102
3	29	2	13,215
3	29	13	8,57
3	29	23	2,025
3	29	24	33,647
3	29	31	19,622
3	29	35	43,549
3	29	39	4,492
3	29	56	1,357
3	29	64	0,708
3	29	70	4,732
3	29	73	0,784
3	29	74	2,809
3	29	75	30,493
3	29	79	3,454
3	29	80	14,514
3	29	81	21,31
3	29	88	7,39
3	29	93	7,459
3	31	2	0,916
3	31	13	0,932
3	31	23	0,62
3	31	24	18,831
3	31	29	3,553
3	31	35	2,305
3	31	39	0,663
3	31	56	8,876
3	31	64	4,005
3	31	70	0,791
3	31	73	0,755
3	31	74	3,794
3	31	75	1,75
3	31	79	11,518
3	31	80	4,624
3	31	81	2,947
3	31	88	2,208
3	31	93	24,417
3	35	2	5,44
3	35	13	1,224
3	35	23	1,369
3	35	24	3,941
3	35	29	0,691
3	35	31	4,25
3	35	39	10,95
3	35	56	0,602
3	35	64	0,999
3	35	70	18,916
3	35	73	2,63
3	35	74	3,59
3	35	75	0,632
3	35	79	11,648
3	35	80	24,116
3	35	81	5,692
3	35	88	12,962
3	35	93	7,949
3	39	2	1,719
3	39	13	6,146
3	39	23	3,229
3	39	24	14,041
3	39	29	24,512
3	39	31	4,633
3	39	35	4,169
3	39	56	2,282
3	39	64	1,779
3	39	70	17,855
3	39	73	3,91
3	39	74	1,427
3	39	75	1,234
3	39	79	6,985
3	39	80	17,96
3	39	81	1,558
3	39	88	15,981
3	39	93	1,475
3	56	2	2,328
3	56	13	10,669
3	56	23	2,114
3	56	24	5,388
3	56	29	0,841
3	56	31	3,632
3	56	35	6,117
3	56	39	6,616
3	56	64	5,159
3	56	70	1,147
3	56	73	7,567
3	56	74	18,717
3	56	75	1,171
3	56	79	8,004
3	56	80	5,785
3	56	81	22,068
3	56	88	10,797
3	56	93	0,847
3	64	2	17,674
3	64	13	1,541
3	64	23	31,318
3	64	24	4,317
3	64	29	1,105
3	64	31	4,215
3	64	35	21,298
3	64	39	8,729
3	64	56	2,647
3	64	70	4,445
3	64	73	17,131
3	64	74	3,355
3	64	75	0,69
3	64	79	5,991
3	64	80	0,515
3	64	81	1,39
3	64	88	1,628
3	64	93	1,577
3	70	2	1,143
3	70	13	6,341
3	70	23	5,228
3	70	24	8,322
3	70	29	2,262
3	70	31	3,22
3	70	35	3,683
3	70	39	7,722
3	70	56	4,942
3	70	64	3,38
3	70	73	0,515
3	70	74	6,643
3	70	75	2,435
3	70	79	1,432
3	70	80	4,91
3	70	81	4,247
3	70	88	13,334
3	70	93	4,472
3	73	2	13,873
3	73	13	6,318
3	73	23	1,889
3	73	24	1,768
3	73	29	11,3
3	73	31	3,489
3	73	35	6,857
3	73	39	0,606
3	73	56	15,441
3	73	64	1,392
3	73	70	8,601
3	73	74	4,137
3	73	75	5,927
3	73	79	12,69
3	73	80	4,969
3	73	81	6,741
3	73	88	10,732
3	73	93	3,302
3	74	2	1,72
3	74	13	8,136
3	74	23	4,059
3	74	24	16,026
3	74	29	1,803
3	74	31	0,728
3	74	35	14,623
3	74	39	7,938
3	74	56	3,76
3	74	64	1,408
3	74	70	1,989
3	74	73	4,678
3	74	75	1,196
3	74	79	3,639
3	74	80	3,359
3	74	81	11,5
3	74	88	3,891
3	74	93	1,296
3	75	2	4,139
3	75	13	19,712
3	75	23	24,011
3	75	24	7,763
3	75	29	29,482
3	75	31	3,865
3	75	35	0,653
3	75	39	3,193
3	75	56	6,42
3	75	64	5,377
3	75	70	8,029
3	75	73	13,878
3	75	74	1,951
3	75	79	10,514
3	75	80	6,44
3	75	81	1,864
3	75	88	0,564
3	75	93	1,543
3	79	2	1,28
3	79	13	0,657
3	79	23	33,498
3	79	24	1,81
3	79	29	3,225
3	79	31	0,797
3	79	35	1,646
3	79	39	1,819
3	79	56	5,807
3	79	64	16,19
3	79	70	2,068
3	79	73	11,549
3	79	74	3,68
3	79	75	4,042
3	79	80	21,123
3	79	81	3,191
3	79	88	10,956
3	79	93	5,643
3	80	2	3,033
3	80	13	4,377
3	80	23	2,562
3	80	24	1,909
3	80	29	9,326
3	80	31	3,676
3	80	35	20,718
3	80	39	1,021
3	80	56	1,406
3	80	64	0,789
3	80	70	1,913
3	80	73	4,849
3	80	74	17,065
3	80	75	27,827
3	80	79	6,332
3	80	81	5,221
3	80	88	4,374
3	80	93	7,093
3	81	2	1,299
3	81	13	6,134
3	81	23	1,028
3	81	24	2,878
3	81	29	6,352
3	81	31	12,005
3	81	35	6,588
3	81	39	9,795
3	81	56	0,666
3	81	64	2,774
3	81	70	0,802
3	81	73	3,264
3	81	74	23,245
3	81	75	5,034
3	81	79	11,586
3	81	80	0,721
3	81	88	4,085
3	81	93	1,893
3	88	2	5,549
3	88	13	7,701
3	88	23	4,789
3	88	24	2,107
3	88	29	4,961
3	88	31	27,755
3	88	35	2,472
3	88	39	0,931
3	88	56	2,435
3	88	64	21,032
3	88	70	1,663
3	88	73	2,714
3	88	74	0,966
3	88	75	1,555
3	88	79	13,837
3	88	80	2,536
3	88	81	9,703
3	88	93	0,538
3	93	2	0,91
3	93	13	18,351
3	93	23	2,771
3	93	24	2,911
3	93	29	5,76
3	93	31	3,035
3	93	35	2,071
3	93	39	0,558
3	93	56	1,195
3	93	64	2,99
3	93	70	3,417
3	93	73	4,39
3	93	74	2,753
3	93	75	1,125
3	93	79	13,026
3	93	80	10,956
3	93	81	21,971
3	93	88	6,247
4	1	2	2,174
4	1	7	1,669
4	1	8	2,953
4	1	9	14,279
4	1	10	2,453
4	1	12	0,834
4	1	17	4,694
4	1	20	3,846
4	1	24	12,547
4	1	30	12,639
4	1	35	2,024
4	1	36	1,666
4	1	39	2,327
4	1	40	14,946
4	1	47	1,093
4	1	51	15,563
4	1	53	7,109
4	1	56	0,521
4	1	57	4,25
4	1	59	4,432
4	1	60	2,556
4	1	65	5,051
4	1	73	13,481
4	1	74	4,085
4	1	79	19,043
4	1	80	1,743
4	1	82	17,101
4	1	89	2,436
4	2	1	1,874
4	2	7	4,434
4	2	8	6,447
4	2	9	0,736
4	2	10	3,203
4	2	12	12,998
4	2	17	0,709
4	2	20	5,77
4	2	24	6,009
4	2	30	4,885
4	2	35	4,544
4	2	36	4,509
4	2	39	12,763
4	2	40	2,13
4	2	47	1,018
4	2	51	4,648
4	2	53	1,437
4	2	56	4,039
4	2	57	0,834
4	2	59	1,739
4	2	60	2,531
4	2	65	6,338
4	2	73	6,877
4	2	74	9,7
4	2	79	1,159
4	2	80	1,716
4	2	82	1,907
4	2	89	6,793
4	7	1	2,284
4	7	2	1,336
4	7	8	3,546
4	7	9	15,38
4	7	10	0,926
4	7	12	15,153
4	7	17	2,28
4	7	20	1,928
4	7	24	10,014
4	7	30	5,297
4	7	35	4,493
4	7	36	0,843
4	7	39	2,267
4	7	40	2,141
4	7	47	13,401
4	7	51	6,961
4	7	53	1,326
4	7	56	3,419
4	7	57	2,832
4	7	59	1,699
4	7	60	6,341
4	7	65	1,702
4	7	73	4,354
4	7	74	15,196
4	7	79	6,942
4	7	80	1,161
4	7	82	11,138
4	7	89	4,957
4	8	1	7,546
4	8	2	2,416
4	8	7	3,297
4	8	9	3,529
4	8	10	2,3
4	8	12	0,947
4	8	17	4,317
4	8	20	9,332
4	8	24	7,737
4	8	30	2,569
4	8	35	0,697
4	8	36	20,831
4	8	39	1,455
4	8	40	4,345
4	8	47	4,216
4	8	51	15,831
4	8	53	12,106
4	8	56	5,347
4	8	57	2,661
4	8	59	2,03
4	8	60	15,569
4	8	65	3,551
4	8	73	4,184
4	8	74	7,431
4	8	79	2,361
4	8	80	5,545
4	8	82	3,187
4	8	89	0,54
4	9	1	7,987
4	9	2	1,637
4	9	7	1,888
4	9	8	26,714
4	9	10	1,986
4	9	12	0,588
4	9	17	2,952
4	9	20	11,628
4	9	24	6,971
4	9	30	2,146
4	9	35	16,518
4	9	36	1,853
4	9	39	2,893
4	9	40	4,519
4	9	47	9,102
4	9	51	0,752
4	9	53	2,946
4	9	56	17,709
4	9	57	6,492
4	9	59	7,11
4	9	60	8,562
4	9	65	1,08
4	9	73	0,598
4	9	74	3,022
4	9	79	1,036
4	9	80	1,873
4	9	82	1,131
4	9	89	3,617
4	10	1	2,966
4	10	2	29,626
4	10	7	1,061
4	10	8	1,326
4	10	9	5,603
4	10	12	8,932
4	10	17	1,576
4	10	20	1,821
4	10	24	7,681
4	10	30	4,964
4	10	35	4,417
4	10	36	1,122
4	10	39	3,247
4	10	40	3,807
4	10	47	9,421
4	10	51	3,003
4	10	53	9,559
4	10	56	3,067
4	10	57	16,331
4	10	59	1,664
4	10	60	2,989
4	10	65	2,006
4	10	73	10,154
4	10	74	36,012
4	10	79	4,366
4	10	80	2,207
4	10	82	1,367
4	10	89	5,764
4	12	1	20,058
4	12	2	0,854
4	12	7	26,031
4	12	8	3,755
4	12	9	1,472
4	12	10	2,852
4	12	17	7,975
4	12	20	11,92
4	12	24	9,081
4	12	30	0,743
4	12	35	1,276
4	12	36	25,4
4	12	39	2,834
4	12	40	4,895
4	12	47	9,537
4	12	51	4,441
4	12	53	1,751
4	12	56	6,24
4	12	57	1,444
4	12	59	2,798
4	12	60	3,511
4	12	65	2,556
4	12	73	13,264
4	12	74	2,141
4	12	79	5,618
4	12	80	3,028
4	12	82	26,009
4	12	89	11,776
4	17	1	1,881
4	17	2	3,364
4	17	7	4,879
4	17	8	8,519
4	17	9	5,573
4	17	10	1,407
4	17	12	31,685
4	17	20	2,637
4	17	24	13,57
4	17	30	1,783
4	17	35	2,514
4	17	36	2,318
4	17	39	1,685
4	17	40	8,074
4	17	47	11,951
4	17	51	9,589
4	17	53	4,834
4	17	56	4,234
4	17	57	0,656
4	17	59	7,988
4	17	60	20,465
4	17	65	1,085
4	17	73	4,003
4	17	74	13,852
4	17	79	3,85
4	17	80	0,695
4	17	82	8,744
4	17	89	0,572
4	20	1	5,825
4	20	2	2,56
4	20	7	3,129
4	20	8	0,991
4	20	9	9,777
4	20	10	9,743
4	20	12	6,271
4	20	17	2,47
4	20	24	0,723
4	20	30	4,045
4	20	35	1,498
4	20	36	2,052
4	20	39	9,35
4	20	40	4,901
4	20	47	4,98
4	20	51	4,053
4	20	53	2,433
4	20	56	6,415
4	20	57	4,476
4	20	59	16,629
4	20	60	2,322
4	20	65	4,3
4	20	73	1,251
4	20	74	10,795
4	20	79	8,049
4	20	80	1,467
4	20	82	18,857
4	20	89	9,353
4	24	1	3,629
4	24	2	1,023
4	24	7	1,687
4	24	8	3,809
4	24	9	3,721
4	24	10	3,033
4	24	12	3,418
4	24	17	4,818
4	24	20	27,384
4	24	30	6,413
4	24	35	4,26
4	24	36	1,31
4	24	39	3,687
4	24	40	0,968
4	24	47	3,447
4	24	51	1,553
4	24	53	8,707
4	24	56	15,136
4	24	57	8,743
4	24	59	0,549
4	24	60	6,328
4	24	65	1,097
4	24	73	11,495
4	24	74	26,976
4	24	79	3,686
4	24	80	13
4	24	82	3,554
4	24	89	1,217
4	30	1	14,838
4	30	2	6,882
4	30	7	1,614
4	30	8	9,785
4	30	9	4,241
4	30	10	2,774
4	30	12	0,802
4	30	17	3,555
4	30	20	2,103
4	30	24	3,56
4	30	35	5,535
4	30	36	7,865
4	30	39	1,524
4	30	40	1,244
4	30	47	8,424
4	30	51	9,775
4	30	53	14,81
4	30	56	5,138
4	30	57	1,256
4	30	59	10,838
4	30	60	4,2
4	30	65	23
4	30	73	3,115
4	30	74	7,64
4	30	79	4,932
4	30	80	3,47
4	30	82	2,27
4	30	89	1,314
4	35	1	10,047
4	35	2	12,802
4	35	7	8,525
4	35	8	0,919
4	35	9	2,866
4	35	10	4,12
4	35	12	4,4
4	35	17	0,717
4	35	20	10,204
4	35	24	7,792
4	35	30	7,657
4	35	36	2,713
4	35	39	5,659
4	35	40	13,883
4	35	47	0,955
4	35	51	9,01
4	35	53	0,662
4	35	56	3,556
4	35	57	1,024
4	35	59	0,561
4	35	60	1,742
4	35	65	2,754
4	35	73	1,134
4	35	74	12,383
4	35	79	6,623
4	35	80	29,276
4	35	82	1,67
4	35	89	4,417
4	36	1	5,98
4	36	2	2,196
4	36	7	3,961
4	36	8	15,261
4	36	9	4,599
4	36	10	11,97
4	36	12	8,96
4	36	17	1,691
4	36	20	6,498
4	36	24	1,083
4	36	30	7,147
4	36	35	3,963
4	36	39	14,545
4	36	40	3,139
4	36	47	0,598
4	36	51	9,603
4	36	53	11,18
4	36	56	4,942
4	36	57	7,037
4	36	59	6,688
4	36	60	0,867
4	36	65	5,134
4	36	73	25,651
4	36	74	5,425
4	36	79	16,827
4	36	80	21,43
4	36	82	7,943
4	36	89	0,971
4	39	1	10,705
4	39	2	1,004
4	39	7	6,356
4	39	8	2,687
4	39	9	7,479
4	39	10	2,654
4	39	12	2,551
4	39	17	1,502
4	39	20	16,451
4	39	24	6,802
4	39	30	6,998
4	39	35	9,807
4	39	36	19,566
4	39	40	0,658
4	39	47	1,664
4	39	51	4,014
4	39	53	5,185
4	39	56	27,46
4	39	57	17,308
4	39	59	4,688
4	39	60	6,55
4	39	65	15,423
4	39	73	3,015
4	39	74	4,089
4	39	79	21,133
4	39	80	7,078
4	39	82	1,052
4	39	89	7,252
4	40	1	7,381
4	40	2	28,68
4	40	7	16,494
4	40	8	1,511
4	40	9	1,572
4	40	10	4,869
4	40	12	3,431
4	40	17	7,386
4	40	20	3,252
4	40	24	0,73
4	40	30	18,324
4	40	35	10,974
4	40	36	1,12
4	40	39	17,233
4	40	47	4,272
4	40	51	22,869
4	40	53	4,095
4	40	56	4,155
4	40	57	8,484
4	40	59	1,634
4	40	60	0,632
4	40	65	1,304
4	40	73	16,891
4	40	74	1,151
4	40	79	6,029
4	40	80	3,315
4	40	82	2,774
4	40	89	0,671
4	47	1	0,829
4	47	2	19,219
4	47	7	4,473
4	47	8	0,654
4	47	9	2,399
4	47	10	6,626
4	47	12	4,319
4	47	17	3,679
4	47	20	2,976
4	47	24	3,879
4	47	30	2,706
4	47	35	4,927
4	47	36	3,133
4	47	39	1,987
4	47	40	2,19
4	47	51	11,423
4	47	53	26,004
4	47	56	27,64
4	47	57	4,644
4	47	59	7,381
4	47	60	2,906
4	47	65	10,275
4	47	73	6,897
4	47	74	4,028
4	47	79	0,802
4	47	80	1,531
4	47	82	8,503
4	47	89	14,032
4	51	1	20,848
4	51	2	0,72
4	51	7	0,842
4	51	8	1,972
4	51	9	4,561
4	51	10	3,569
4	51	12	6,947
4	51	17	3,244
4	51	20	1,227
4	51	24	1,662
4	51	30	15,488
4	51	35	1,035
4	51	36	4,135
4	51	39	18,898
4	51	40	2,041
4	51	47	4,55
4	51	53	2,987
4	51	56	2,319
4	51	57	7,918
4	51	59	6,561
4	51	60	3,201
4	51	65	0,748
4	51	73	2,264
4	51	74	2,325
4	51	79	0,97
4	51	80	3,158
4	51	82	2,295
4	51	89	3,533
4	53	1	0,935
4	53	2	0,898
4	53	7	0,968
4	53	8	5,969
4	53	9	12,913
4	53	10	12,959
4	53	12	15,406
4	53	17	12,969
4	53	20	0,951
4	53	24	2,527
4	53	30	18,031
4	53	35	3,243
4	53	36	32,193
4	53	39	7,447
4	53	40	18,404
4	53	47	1,8
4	53	51	1,815
4	53	56	2,223
4	53	57	0,902
4	53	59	2,008
4	53	60	2,558
4	53	65	3,398
4	53	73	2,919
4	53	74	19,327
4	53	79	7,413
4	53	80	17,107
4	53	82	13,044
4	53	89	0,692
4	56	1	23,857
4	56	2	9,856
4	56	7	8,412
4	56	8	2,064
4	56	9	7,689
4	56	10	10,533
4	56	12	9
4	56	17	15,299
4	56	20	5,95
4	56	24	6,531
4	56	30	3,279
4	56	35	13,987
4	56	36	1,296
4	56	39	23,96
4	56	40	5,324
4	56	47	2,462
4	56	51	2,25
4	56	53	3,188
4	56	57	0,902
4	56	59	1,65
4	56	60	5,629
4	56	65	6,135
4	56	73	3,609
4	56	74	2,212
4	56	79	4,26
4	56	80	9,788
4	56	82	9,818
4	56	89	12,666
4	57	1	17,271
4	57	2	12,249
4	57	7	26,575
4	57	8	9,456
4	57	9	3,184
4	57	10	2,588
4	57	12	1,205
4	57	17	1,287
4	57	20	1,556
4	57	24	4,15
4	57	30	3,422
4	57	35	2,453
4	57	36	3,193
4	57	39	0,728
4	57	40	0,512
4	57	47	23,1
4	57	51	1,295
4	57	53	2,587
4	57	56	3,165
4	57	59	3,181
4	57	60	2,139
4	57	65	2,244
4	57	73	0,658
4	57	74	0,855
4	57	79	5,361
4	57	80	2,61
4	57	82	3,945
4	57	89	4,422
4	59	1	8,688
4	59	2	7,24
4	59	7	6,846
4	59	8	15,767
4	59	9	0,979
4	59	10	5,994
4	59	12	2,735
4	59	17	31,389
4	59	20	14,597
4	59	24	0,996
4	59	30	19,498
4	59	35	8,736
4	59	36	7,722
4	59	39	2,257
4	59	40	4,09
4	59	47	12,308
4	59	51	21,065
4	59	53	2,078
4	59	56	3,429
4	59	57	1,768
4	59	60	9,927
4	59	65	2,374
4	59	73	13,664
4	59	74	4,303
4	59	79	3,612
4	59	80	5,748
4	59	82	3,545
4	59	89	8,677
4	60	1	2,513
4	60	2	4,093
4	60	7	6,369
4	60	8	1,104
4	60	9	1,259
4	60	10	7,351
4	60	12	12,839
4	60	17	6,509
4	60	20	3,188
4	60	24	14,506
4	60	30	6,095
4	60	35	39,735
4	60	36	7,519
4	60	39	1,348
4	60	40	11,861
4	60	47	1,664
4	60	51	12,144
4	60	53	0,529
4	60	56	7,624
4	60	57	7,171
4	60	59	5,368
4	60	65	14,81
4	60	73	7,522
4	60	74	5,409
4	60	79	5,595
4	60	80	4,053
4	60	82	15,414
4	60	89	1,718
4	65	1	10,56
4	65	2	8,755
4	65	7	1,609
4	65	8	9,183
4	65	9	10,111
4	65	10	12,587
4	65	12	6,696
4	65	17	40,96
4	65	20	0,834
4	65	24	6,905
4	65	30	10,624
4	65	35	5,656
4	65	36	1,953
4	65	39	6,068
4	65	40	4,548
4	65	47	1,957
4	65	51	1,811
4	65	53	9,383
4	65	56	28,554
4	65	57	2,261
4	65	59	13,975
4	65	60	0,933
4	65	73	15,218
4	65	74	1,044
4	65	79	14,96
4	65	80	5,84
4	65	82	10,654
4	65	89	8,936
4	73	1	5,169
4	73	2	5,445
4	73	7	2,063
4	73	8	5,91
4	73	9	2,532
4	73	10	1,928
4	73	12	2,199
4	73	17	6,663
4	73	20	1,391
4	73	24	0,902
4	73	30	0,673
4	73	35	0,631
4	73	36	2,322
4	73	39	0,748
4	73	40	15,037
4	73	47	4,776
4	73	51	6,442
4	73	53	25,265
4	73	56	2,257
4	73	57	3,767
4	73	59	1,345
4	73	60	11,519
4	73	65	14,651
4	73	74	2,223
4	73	79	1,468
4	73	80	2,621
4	73	82	1,473
4	73	89	6,896
4	74	1	10,002
4	74	2	4,514
4	74	7	9,278
4	74	8	3,098
4	74	9	23,649
4	74	10	5,573
4	74	12	4,071
4	74	17	15,934
4	74	20	4,637
4	74	24	15,26
4	74	30	5,655
4	74	35	1,708
4	74	36	10,258
4	74	39	4,605
4	74	40	3,625
4	74	47	10,273
4	74	51	3,266
4	74	53	2,863
4	74	56	21,333
4	74	57	2,321
4	74	59	3,406
4	74	60	3,59
4	74	65	2,072
4	74	73	25,187
4	74	79	4,343
4	74	80	2,581
4	74	82	10
4	74	89	4,564
4	79	1	2,292
4	79	2	2,904
4	79	7	3,333
4	79	8	1,174
4	79	9	3,731
4	79	10	9,86
4	79	12	1,397
4	79	17	7,758
4	79	20	7,802
4	79	24	10,852
4	79	30	1,639
4	79	35	1,582
4	79	36	5,911
4	79	39	29,946
4	79	40	3,031
4	79	47	1,285
4	79	51	2,684
4	79	53	4,444
4	79	56	16,477
4	79	57	10,332
4	79	59	1,498
4	79	60	1,687
4	79	65	2,265
4	79	73	4,358
4	79	74	16,918
4	79	80	3,66
4	79	82	5,775
4	79	89	31,277
4	80	1	14,336
4	80	2	5,157
4	80	7	15,128
4	80	8	14,997
4	80	9	4,556
4	80	10	2,372
4	80	12	5,826
4	80	17	2,606
4	80	20	13,268
4	80	24	1,317
4	80	30	2,911
4	80	35	3,812
4	80	36	2,948
4	80	39	12,335
4	80	40	1,783
4	80	47	2,849
4	80	51	1,603
4	80	53	28,975
4	80	56	4,732
4	80	57	5,823
4	80	59	2,034
4	80	60	0,924
4	80	65	0,807
4	80	73	8,879
4	80	74	8,525
4	80	79	1,918
4	80	82	0,86
4	80	89	2,981
4	82	1	1,506
4	82	2	1,536
4	82	7	3,976
4	82	8	5,355
4	82	9	4,157
4	82	10	9,743
4	82	12	12,042
4	82	17	0,974
4	82	20	7,229
4	82	24	9,595
4	82	30	4,437
4	82	35	1,782
4	82	36	11,485
4	82	39	4,898
4	82	40	9,711
4	82	47	0,82
4	82	51	3,46
4	82	53	1,218
4	82	56	1,041
4	82	57	3,023
4	82	59	10,729
4	82	60	20,883
4	82	65	7,954
4	82	73	1,928
4	82	74	8,09
4	82	79	5,776
4	82	80	1,427
4	82	89	9,909
4	89	1	0,97
4	89	2	3,854
4	89	7	0,826
4	89	8	7,372
4	89	9	1,122
4	89	10	3,377
4	89	12	14,491
4	89	17	4,426
4	89	20	17,226
4	89	24	1,245
4	89	30	0,794
4	89	35	1,14
4	89	36	4,791
4	89	39	6,61
4	89	40	3,654
4	89	47	0,929
4	89	51	13,009
4	89	53	1,378
4	89	56	12,076
4	89	57	5,361
4	89	59	13,455
4	89	60	9,216
4	89	65	4,641
4	89	73	10,906
4	89	74	1,165
4	89	79	11,103
4	89	80	2,287
4	89	82	1,101
5	3	4	1,845
5	3	8	1,415
5	3	14	4,638
5	3	21	66,829
5	3	22	4,095
5	3	25	2,478
5	3	28	7,304
5	3	36	4,612
5	3	39	5,156
5	3	41	0,743
5	3	52	4,914
5	3	53	3,093
5	3	55	36,199
5	3	57	0,769
5	3	59	3,899
5	3	60	7,863
5	3	62	12,2
5	3	77	4,8
5	3	78	4,528
5	3	80	1,117
5	3	83	4,559
5	3	85	7,165
5	3	87	8,395
5	3	93	1,608
5	4	3	7,469
5	4	8	3,717
5	4	14	10,897
5	4	21	1,768
5	4	22	1,51
5	4	25	2,021
5	4	28	4,142
5	4	36	2,87
5	4	39	6,98
5	4	41	0,911
5	4	52	1,748
5	4	53	8,201
5	4	55	3,143
5	4	57	0,576
5	4	59	2,07
5	4	60	8,251
5	4	62	5,467
5	4	77	4,358
5	4	78	5,968
5	4	80	1,519
5	4	83	1,571
5	4	85	1,255
5	4	87	1,036
5	4	93	12,504
5	8	3	5,736
5	8	4	3,693
5	8	14	10,617
5	8	21	1,446
5	8	22	11,364
5	8	25	3,315
5	8	28	5,042
5	8	36	0,635
5	8	39	17,306
5	8	41	1,438
5	8	52	2,333
5	8	53	9,626
5	8	55	1,25
5	8	57	1,199
5	8	59	0,988
5	8	60	1,23
5	8	62	11,034
5	8	77	27,105
5	8	78	10,412
5	8	80	2,247
5	8	83	4,52
5	8	85	0,74
5	8	87	4,708
5	8	93	7,957
5	14	3	1,944
5	14	4	15,739
5	14	8	1,682
5	14	21	3,682
5	14	22	4,167
5	14	25	2,501
5	14	28	8,734
5	14	36	3,259
5	14	39	1,011
5	14	41	2,428
5	14	52	6,318
5	14	53	1,066
5	14	55	12,887
5	14	57	2,331
5	14	59	3,532
5	14	60	1,783
5	14	62	0,834
5	14	77	7,59
5	14	78	26,054
5	14	80	10,867
5	14	83	11,571
5	14	85	4,207
5	14	87	33,14
5	14	93	19,306
5	21	3	5,941
5	21	4	2,509
5	21	8	8,283
5	21	14	15,684
5	21	22	1,153
5	21	25	0,913
5	21	28	9,074
5	21	36	7,605
5	21	39	4,138
5	21	41	23,922
5	21	52	4,377
5	21	53	23,903
5	21	55	4,944
5	21	57	3,559
5	21	59	5,055
5	21	60	6,294
5	21	62	4,406
5	21	77	6,417
5	21	78	0,93
5	21	80	2,82
5	21	83	6,44
5	21	85	8,646
5	21	87	1,097
5	21	93	71,978
5	22	3	1,247
5	22	4	6,161
5	22	8	2,23
5	22	14	9,805
5	22	21	1,218
5	22	25	5,678
5	22	28	0,64
5	22	36	6,049
5	22	39	6,259
5	22	41	1,948
5	22	52	4,569
5	22	53	0,606
5	22	55	12,873
5	22	57	4,846
5	22	59	9,016
5	22	60	10,059
5	22	62	4,67
5	22	77	6,789
5	22	78	2,824
5	22	80	2,853
5	22	83	1,628
5	22	85	1,714
5	22	87	3,829
5	22	93	5,343
5	25	3	14,375
5	25	4	0,795
5	25	8	11,676
5	25	14	1,386
5	25	21	3,029
5	25	22	14,456
5	25	28	1,762
5	25	36	2,627
5	25	39	5,56
5	25	41	7,033
5	25	52	3,698
5	25	53	9,42
5	25	55	1,038
5	25	57	5,553
5	25	59	1,558
5	25	60	23,788
5	25	62	9,411
5	25	77	0,964
5	25	78	1,845
5	25	80	5,937
5	25	83	5,645
5	25	85	9,76
5	25	87	25,179
5	25	93	4,859
5	28	3	1,901
5	28	4	0,957
5	28	8	3,797
5	28	14	1,035
5	28	21	11,356
5	28	22	5,089
5	28	25	5,92
5	28	36	5,181
5	28	39	1,968
5	28	41	1,224
5	28	52	8,068
5	28	53	6,061
5	28	55	4,507
5	28	57	6,787
5	28	59	6,691
5	28	60	9,694
5	28	62	18,089
5	28	77	8,16
5	28	78	2,115
5	28	80	2,303
5	28	83	15,278
5	28	85	2,481
5	28	87	5,401
5	28	93	7,268
5	36	3	2,867
5	36	4	14,612
5	36	8	2,537
5	36	14	6,282
5	36	21	7,889
5	36	22	10,019
5	36	25	6,224
5	36	28	9,059
5	36	39	4,248
5	36	41	3,539
5	36	52	3,784
5	36	53	9,041
5	36	55	13,173
5	36	57	2,391
5	36	59	12,864
5	36	60	12,507
5	36	62	6,84
5	36	77	1,472
5	36	78	8,355
5	36	80	2,76
5	36	83	5,328
5	36	85	1,073
5	36	87	11,723
5	36	93	11,248
5	39	3	13,088
5	39	4	3,694
5	39	8	10,953
5	39	14	22,184
5	39	21	38,764
5	39	22	17,81
5	39	25	0,737
5	39	28	1,558
5	39	36	8,982
5	39	41	3,379
5	39	52	3,373
5	39	53	3,781
5	39	55	5,141
5	39	57	10,569
5	39	59	6,246
5	39	60	8,247
5	39	62	10,432
5	39	77	1,759
5	39	78	2,052
5	39	80	3,58
5	39	83	2,368
5	39	85	15,036
5	39	87	0,739
5	39	93	4,998
5	41	3	4,387
5	41	4	12,156
5	41	8	9,635
5	41	14	16,558
5	41	21	6,63
5	41	22	1,132
5	41	25	4,074
5	41	28	24,433
5	41	36	5,231
5	41	39	11,664
5	41	52	2,81
5	41	53	9,331
5	41	55	1,135
5	41	57	0,997
5	41	59	22,558
5	41	60	3,982
5	41	62	2,215
5	41	77	2,12
5	41	78	2,325
5	41	80	13,628
5	41	83	0,708
5	41	85	1,046
5	41	87	0,913
5	41	93	14,482
5	52	3	5,371
5	52	4	12,27
5	52	8	11,07
5	52	14	6,89
5	52	21	2,344
5	52	22	1,642
5	52	25	2,971
5	52	28	0,713
5	52	36	3,871
5	52	39	7,985
5	52	41	18,064
5	52	53	5,098
5	52	55	3,05
5	52	57	0,732
5	52	59	2,605
5	52	60	4,4
5	52	62	1,275
5	52	77	2,212
5	52	78	1,419
5	52	80	0,796
5	52	83	1,182
5	52	85	2,265
5	52	87	1,995
5	52	93	40,326
5	53	3	1,466
5	53	4	12,442
5	53	8	7,364
5	53	14	1,41
5	53	21	4,253
5	53	22	3,381
5	53	25	3,581
5	53	28	8,834
5	53	36	8,999
5	53	39	5,962
5	53	41	9,813
5	53	52	4,156
5	53	55	1,502
5	53	57	5,083
5	53	59	1,204
5	53	60	14,201
5	53	62	4,222
5	53	77	25,769
5	53	78	5,553
5	53	80	28,885
5	53	83	11,288
5	53	85	3,425
5	53	87	2,229
5	53	93	2,998
5	55	3	3,392
5	55	4	1,988
5	55	8	4,39
5	55	14	1,512
5	55	21	23,47
5	55	22	6,935
5	55	25	6,514
5	55	28	0,8
5	55	36	10,922
5	55	39	12,035
5	55	41	5,033
5	55	52	1,945
5	55	53	4,618
5	55	57	4,718
5	55	59	7,695
5	55	60	4,317
5	55	62	5,079
5	55	77	2,854
5	55	78	2,499
5	55	80	8,27
5	55	83	14,67
5	55	85	14,55
5	55	87	26,716
5	55	93	2,146
5	57	3	0,707
5	57	4	5,73
5	57	8	11,954
5	57	14	0,654
5	57	21	1,778
5	57	22	1,759
5	57	25	1,007
5	57	28	2,579
5	57	36	5,475
5	57	39	1,759
5	57	41	0,724
5	57	52	6,145
5	57	53	3,501
5	57	55	3,841
5	57	59	41,652
5	57	60	1,261
5	57	62	3,672
5	57	77	6,687
5	57	78	3,703
5	57	80	5,773
5	57	83	19,183
5	57	85	3,919
5	57	87	19,737
5	57	93	9,185
5	59	3	5,967
5	59	4	15,855
5	59	8	0,518
5	59	14	3,313
5	59	21	11,329
5	59	22	7,134
5	59	25	5,002
5	59	28	4,568
5	59	36	45,388
5	59	39	2,947
5	59	41	10,056
5	59	52	4,056
5	59	53	5,708
5	59	55	8,097
5	59	57	15,821
5	59	60	7,757
5	59	62	1,777
5	59	77	38,109
5	59	78	10,39
5	59	80	2,493
5	59	83	7,074
5	59	85	3,33
5	59	87	7,355
5	59	93	39,155
5	60	3	2,543
5	60	4	1,576
5	60	8	5,276
5	60	14	6,051
5	60	21	4,368
5	60	22	1,418
5	60	25	11,798
5	60	28	8,33
5	60	36	1,828
5	60	39	6,478
5	60	41	3,463
5	60	52	6,741
5	60	53	5,466
5	60	55	2,56
5	60	57	6,791
5	60	59	4,342
5	60	62	6,695
5	60	77	13,994
5	60	78	2,207
5	60	80	15,239
5	60	83	3,254
5	60	85	4,457
5	60	87	1,773
5	60	93	0,535
5	62	3	2,137
5	62	4	2,311
5	62	8	1,009
5	62	14	1,151
5	62	21	2,534
5	62	22	3,92
5	62	25	3,844
5	62	28	13,113
5	62	36	1,784
5	62	39	6,932
5	62	41	2,475
5	62	52	1,138
5	62	53	2,392
5	62	55	1,268
5	62	57	38,184
5	62	59	3,436
5	62	60	4,321
5	62	77	4,756
5	62	78	7,086
5	62	80	9,007
5	62	83	0,969
5	62	85	5,941
5	62	87	1,711
5	62	93	28,229
5	77	3	5,21
5	77	4	13,687
5	77	8	2,322
5	77	14	1,575
5	77	21	15,125
5	77	22	1,69
5	77	25	2,661
5	77	28	10,441
5	77	36	1,298
5	77	39	5,189
5	77	41	2,37
5	77	52	11,641
5	77	53	4,651
5	77	55	5,138
5	77	57	1,617
5	77	59	2,845
5	77	60	1,918
5	77	62	3,294
5	77	78	7,016
5	77	80	2,729
5	77	83	6,362
5	77	85	8,328
5	77	87	10,147
5	77	93	12,923
5	78	3	2,165
5	78	4	5,304
5	78	8	2,197
5	78	14	2,23
5	78	21	1,26
5	78	22	3,162
5	78	25	9,636
5	78	28	2,155
5	78	36	3,109
5	78	39	6,336
5	78	41	8,308
5	78	52	0,841
5	78	53	4,348
5	78	55	27,899
5	78	57	4,124
5	78	59	3,282
5	78	60	5,678
5	78	62	21,168
5	78	77	10,556
5	78	80	1,6
5	78	83	2,362
5	78	85	13,426
5	78	87	1,148
5	78	93	2,854
5	80	3	10,535
5	80	4	5,245
5	80	8	2,029
5	80	14	1,685
5	80	21	10,368
5	80	22	12,306
5	80	25	3,035
5	80	28	12,398
5	80	36	2,267
5	80	39	1,742
5	80	41	57,956
5	80	52	7,203
5	80	53	5,028
5	80	55	3,996
5	80	57	16,114
5	80	59	4,595
5	80	60	0,907
5	80	62	3,209
5	80	77	2,574
5	80	78	3,168
5	80	83	3,533
5	80	85	4,314
5	80	87	1,226
5	80	93	4,382
5	83	3	1,65
5	83	4	7,867
5	83	8	2,585
5	83	14	7,159
5	83	21	4,809
5	83	22	4,399
5	83	25	6,243
5	83	28	4,884
5	83	36	3,445
5	83	39	9,034
5	83	41	6,829
5	83	52	16,422
5	83	53	2,96
5	83	55	8,269
5	83	57	3,805
5	83	59	2,158
5	83	60	2,133
5	83	62	4,243
5	83	77	2,714
5	83	78	6,515
5	83	80	5,667
5	83	85	7,565
5	83	87	10,953
5	83	93	11,995
5	85	3	19,283
5	85	4	3,903
5	85	8	5,215
5	85	14	4,993
5	85	21	7,747
5	85	22	54,879
5	85	25	3,721
5	85	28	3,412
5	85	36	15,789
5	85	39	1,823
5	85	41	0,602
5	85	52	3,464
5	85	53	1,903
5	85	55	4,067
5	85	57	14,792
5	85	59	1,146
5	85	60	12,247
5	85	62	5,045
5	85	77	2,847
5	85	78	6,331
5	85	80	7,138
5	85	83	5,068
5	85	87	1,44
5	85	93	3,715
5	87	3	1,134
5	87	4	1,85
5	87	8	7,121
5	87	14	14,231
5	87	21	2,635
5	87	22	0,564
5	87	25	19,385
5	87	28	6,934
5	87	36	6,698
5	87	39	8,42
5	87	41	6,022
5	87	52	3,062
5	87	53	6,361
5	87	55	7,507
5	87	57	7,516
5	87	59	1,032
5	87	60	3,655
5	87	62	0,686
5	87	77	5,089
5	87	78	9,005
5	87	80	17,444
5	87	83	3,116
5	87	85	0,559
5	87	93	13,86
5	93	3	1,929
5	93	4	13,934
5	93	8	2,439
5	93	14	9,684
5	93	21	5,732
5	93	22	14,066
5	93	25	8,523
5	93	28	24,344
5	93	36	1,12
5	93	39	2,054
5	93	41	3,039
5	93	52	3,028
5	93	53	9,069
5	93	55	7,059
5	93	57	2,618
5	93	59	13,401
5	93	60	4,244
5	93	62	12,951
5	93	77	24,691
5	93	78	13,303
5	93	80	2,165
5	93	83	2,527
5	93	85	7,038
5	93	87	6,425
6	4	5	15,113
6	4	10	0,694
6	4	12	7,452
6	4	14	15,194
6	4	25	2,08
6	4	28	11,746
6	4	31	1,315
6	4	32	0,959
6	4	33	3,767
6	4	36	10,348
6	4	39	15,7
6	4	40	4,205
6	4	41	19,878
6	4	43	5,977
6	4	44	3,731
6	4	52	3,34
6	4	60	7,274
6	4	62	11,369
6	4	63	1,652
6	4	69	30,67
6	4	71	4,532
6	4	79	10,834
6	4	85	6,032
6	4	90	3,985
6	4	91	4,869
6	4	99	9,378
6	5	4	6,433
6	5	10	1,906
6	5	12	3,566
6	5	14	1,897
6	5	25	3,072
6	5	28	0,66
6	5	31	3,233
6	5	32	2,122
6	5	33	1,736
6	5	36	1,585
6	5	39	1,795
6	5	40	10,165
6	5	41	0,855
6	5	43	0,546
6	5	44	1,494
6	5	52	1,696
6	5	60	2,904
6	5	62	6,558
6	5	63	2,499
6	5	69	25,592
6	5	71	4,006
6	5	79	1,159
6	5	85	2,993
6	5	90	9,255
6	5	91	6,659
6	5	99	0,575
6	10	4	8,537
6	10	5	2,178
6	10	12	4,525
6	10	14	19,87
6	10	25	3,213
6	10	28	14,257
6	10	31	21,959
6	10	32	8,659
6	10	33	13,474
6	10	36	2,367
6	10	39	7,399
6	10	40	2,243
6	10	41	1,715
6	10	43	1,357
6	10	44	4,788
6	10	52	2,959
6	10	60	3,179
6	10	62	8,709
6	10	63	6,52
6	10	69	11,975
6	10	71	12,928
6	10	79	3,288
6	10	85	0,643
6	10	90	3,215
6	10	91	20,607
6	10	99	1,719
6	12	4	5,272
6	12	5	1,466
6	12	10	8,698
6	12	14	1,229
6	12	25	5,14
6	12	28	5,249
6	12	31	11,284
6	12	32	5,416
6	12	33	8,787
6	12	36	10,441
6	12	39	0,692
6	12	40	4,432
6	12	41	34,141
6	12	43	2,167
6	12	44	0,828
6	12	52	3,26
6	12	60	7,761
6	12	62	7,935
6	12	63	1,479
6	12	69	5,137
6	12	71	1,685
6	12	79	0,659
6	12	85	2,347
6	12	90	3,596
6	12	91	5,022
6	12	99	0,982
6	14	4	4,228
6	14	5	8,207
6	14	10	1,195
6	14	12	3,01
6	14	25	7,535
6	14	28	0,525
6	14	31	1,699
6	14	32	8,521
6	14	33	12,595
6	14	36	3,903
6	14	39	12,659
6	14	40	2,898
6	14	41	6,739
6	14	43	4,91
6	14	44	5,26
6	14	52	4,369
6	14	60	1,786
6	14	62	8,241
6	14	63	11,892
6	14	69	6,161
6	14	71	0,649
6	14	79	24,471
6	14	85	9,426
6	14	90	0,907
6	14	91	1,556
6	14	99	5,16
6	25	4	2,433
6	25	5	6,504
6	25	10	2,351
6	25	12	1,763
6	25	14	9,278
6	25	28	1,541
6	25	31	5,108
6	25	32	0,782
6	25	33	5,664
6	25	36	3,245
6	25	39	1,657
6	25	40	2,716
6	25	41	1,445
6	25	43	3,909
6	25	44	1,436
6	25	52	13,381
6	25	60	2,163
6	25	62	42,361
6	25	63	1,835
6	25	69	9,319
6	25	71	6,231
6	25	79	0,834
6	25	85	6,205
6	25	90	5,176
6	25	91	7,619
6	25	99	2,795
6	28	4	9,564
6	28	5	4,725
6	28	10	3,168
6	28	12	1,659
6	28	14	0,655
6	28	25	7,94
6	28	31	3,561
6	28	32	5,771
6	28	33	7,61
6	28	36	1,092
6	28	39	14,558
6	28	40	3,093
6	28	41	5,073
6	28	43	3,444
6	28	44	6,553
6	28	52	1,635
6	28	60	2,085
6	28	62	5,642
6	28	63	1,991
6	28	69	1,076
6	28	71	1,614
6	28	79	2,68
6	28	85	0,606
6	28	90	2,343
6	28	91	4,178
6	28	99	2,962
6	31	4	6,302
6	31	5	5,625
6	31	10	1,496
6	31	12	1,172
6	31	14	1,588
6	31	25	3,355
6	31	28	1,151
6	31	32	16,509
6	31	33	1,6
6	31	36	4,867
6	31	39	3,87
6	31	40	0,671
6	31	41	7,445
6	31	43	3,553
6	31	44	2,653
6	31	52	5,31
6	31	60	0,616
6	31	62	9,014
6	31	63	9,35
6	31	69	4,886
6	31	71	1,681
6	31	79	3,626
6	31	85	2,49
6	31	90	1,81
6	31	91	21,274
6	31	99	6,67
6	32	4	1,946
6	32	5	7,193
6	32	10	1,021
6	32	12	0,767
6	32	14	6,564
6	32	25	3,689
6	32	28	4,952
6	32	31	5,944
6	32	33	4,862
6	32	36	2,161
6	32	39	2,809
6	32	40	1,676
6	32	41	0,775
6	32	43	13,078
6	32	44	10,99
6	32	52	7,765
6	32	60	14,798
6	32	62	6,257
6	32	63	2,828
6	32	69	0,697
6	32	71	9,87
6	32	79	4,304
6	32	85	14,031
6	32	90	4,406
6	32	91	0,873
6	32	99	1,438
6	33	4	25,866
6	33	5	2,027
6	33	10	9,073
6	33	12	1,097
6	33	14	4,813
6	33	25	2,368
6	33	28	7,82
6	33	31	7,67
6	33	32	13,989
6	33	36	7,912
6	33	39	8,671
6	33	40	4,8
6	33	41	13,927
6	33	43	1,933
6	33	44	3,946
6	33	52	19,307
6	33	60	5,077
6	33	62	1,116
6	33	63	8,165
6	33	69	2,275
6	33	71	4,397
6	33	79	10,779
6	33	85	1,246
6	33	90	0,693
6	33	91	1,078
6	33	99	13,691
6	36	4	3,443
6	36	5	3,367
6	36	10	9,489
6	36	12	21,038
6	36	14	2,68
6	36	25	6,494
6	36	28	0,981
6	36	31	3,055
6	36	32	2,018
6	36	33	11,018
6	36	39	2,328
6	36	40	3,527
6	36	41	0,916
6	36	43	9,688
6	36	44	3,322
6	36	52	1,24
6	36	60	1,779
6	36	62	2,205
6	36	63	1,332
6	36	69	9,621
6	36	71	11,155
6	36	79	3,794
6	36	85	2,136
6	36	90	6,926
6	36	91	1,611
6	36	99	2,347
6	39	4	1,111
6	39	5	1,777
6	39	10	10,058
6	39	12	0,506
6	39	14	4,694
6	39	25	16,968
6	39	28	8,337
6	39	31	1,901
6	39	32	2,694
6	39	33	0,626
6	39	36	2,811
6	39	40	2,15
6	39	41	4,218
6	39	43	5,315
6	39	44	1,042
6	39	52	1,303
6	39	60	3,362
6	39	62	3,456
6	39	63	1,941
6	39	69	4,644
6	39	71	0,671
6	39	79	13,415
6	39	85	0,61
6	39	90	13,889
6	39	91	1,385
6	39	99	1,647
6	40	4	11,555
6	40	5	5,904
6	40	10	4,601
6	40	12	28,809
6	40	14	33,177
6	40	25	15,69
6	40	28	4,215
6	40	31	1,868
6	40	32	7,562
6	40	33	3,318
6	40	36	4,516
6	40	39	1,571
6	40	41	4,766
6	40	43	2,571
6	40	44	14,801
6	40	52	4,803
6	40	60	0,907
6	40	62	7,201
6	40	63	4,883
6	40	69	14,687
6	40	71	10,383
6	40	79	5,434
6	40	85	12,527
6	40	90	7,646
6	40	91	5,524
6	40	99	3,525
6	41	4	6,177
6	41	5	6,05
6	41	10	14,264
6	41	12	1,387
6	41	14	5
6	41	25	1,115
6	41	28	8,983
6	41	31	1,631
6	41	32	7,356
6	41	33	0,679
6	41	36	14,87
6	41	39	7,83
6	41	40	12,288
6	41	43	7,416
6	41	44	2,806
6	41	52	0,939
6	41	60	0,6
6	41	62	3,504
6	41	63	2,996
6	41	69	3,638
6	41	71	5,262
6	41	79	10,151
6	41	85	3,337
6	41	90	20,475
6	41	91	3,54
6	41	99	17,079
6	43	4	2,246
6	43	5	3,716
6	43	10	17,734
6	43	12	4,765
6	43	14	2,818
6	43	25	1,162
6	43	28	1,912
6	43	31	4,646
6	43	32	3,605
6	43	33	1,219
6	43	36	3,853
6	43	39	3,353
6	43	40	1,932
6	43	41	5,566
6	43	44	4,363
6	43	52	4,244
6	43	60	8,757
6	43	62	2,552
6	43	63	8,439
6	43	69	4,115
6	43	71	8,702
6	43	79	1,352
6	43	85	2,592
6	43	90	2,207
6	43	91	4,482
6	43	99	5,282
6	44	4	1,016
6	44	5	1,988
6	44	10	0,694
6	44	12	2,922
6	44	14	0,661
6	44	25	17,542
6	44	28	8,257
6	44	31	1,093
6	44	32	1,699
6	44	33	10,936
6	44	36	2,365
6	44	39	6,366
6	44	40	3,191
6	44	41	1,337
6	44	43	19,293
6	44	52	2,472
6	44	60	1,165
6	44	62	0,688
6	44	63	1,291
6	44	69	4,801
6	44	71	3,976
6	44	79	7,621
6	44	85	0,862
6	44	90	5,635
6	44	91	11,206
6	44	99	7,129
6	52	4	4,922
6	52	5	2,927
6	52	10	13,194
6	52	12	2,831
6	52	14	11,088
6	52	25	8,992
6	52	28	3,394
6	52	31	4,766
6	52	32	20,426
6	52	33	7,638
6	52	36	3,399
6	52	39	1,275
6	52	40	6,806
6	52	41	3,208
6	52	43	3,941
6	52	44	3,85
6	52	60	0,598
6	52	62	5,287
6	52	63	4,096
6	52	69	2,907
6	52	71	1,883
6	52	79	17,941
6	52	85	43,842
6	52	90	6,078
6	52	91	20,785
6	52	99	3,072
6	60	4	7,512
6	60	5	1,366
6	60	10	11,225
6	60	12	0,701
6	60	14	3,213
6	60	25	4,37
6	60	28	5,776
6	60	31	2,462
6	60	32	1,913
6	60	33	3,476
6	60	36	4,456
6	60	39	3,254
6	60	40	1,194
6	60	41	4,685
6	60	43	25,858
6	60	44	18,329
6	60	52	3,645
6	60	62	10,583
6	60	63	5,539
6	60	69	2,501
6	60	71	2,339
6	60	79	21,75
6	60	85	0,861
6	60	90	9,658
6	60	91	0,969
6	60	99	0,642
6	62	4	2,275
6	62	5	3,825
6	62	10	6,737
6	62	12	2,989
6	62	14	2,451
6	62	25	2,387
6	62	28	4,471
6	62	31	5,362
6	62	32	3,502
6	62	33	0,905
6	62	36	0,951
6	62	39	2,744
6	62	40	3,264
6	62	41	9,198
6	62	43	18,544
6	62	44	1,677
6	62	52	1,103
6	62	60	4,145
6	62	63	0,696
6	62	69	2,319
6	62	71	7,764
6	62	79	2,778
6	62	85	9,642
6	62	90	2,133
6	62	91	2,721
6	62	99	2,68
6	63	4	13,818
6	63	5	4,141
6	63	10	3,375
6	63	12	19,727
6	63	14	4,698
6	63	25	1,436
6	63	28	5,033
6	63	31	1,376
6	63	32	2,082
6	63	33	0,958
6	63	36	0,852
6	63	39	3,535
6	63	40	3,58
6	63	41	6,15
6	63	43	2,927
6	63	44	12,668
6	63	52	3,722
6	63	60	1,221
6	63	62	13,974
6	63	69	2,261
6	63	71	4,575
6	63	79	8,617
6	63	85	0,749
6	63	90	25,726
6	63	91	4,952
6	63	99	0,894
6	69	4	5,482
6	69	5	6,777
6	69	10	3,834
6	69	12	0,921
6	69	14	3,246
6	69	25	7,063
6	69	28	2,389
6	69	31	0,956
6	69	32	1,388
6	69	33	2,027
6	69	36	5,845
6	69	39	3,572
6	69	40	0,674
6	69	41	10,923
6	69	43	10,937
6	69	44	1,326
6	69	52	3,083
6	69	60	6,944
6	69	62	9,711
6	69	63	9,025
6	69	71	14,677
6	69	79	5,79
6	69	85	5,01
6	69	90	2,122
6	69	91	8,098
6	69	99	2,903
6	71	4	13,119
6	71	5	10,923
6	71	10	19,792
6	71	12	0,877
6	71	14	9,327
6	71	25	9,172
6	71	28	1,129
6	71	31	7,436
6	71	32	1,784
6	71	33	2,43
6	71	36	1,402
6	71	39	3,068
6	71	40	3,934
6	71	41	2,175
6	71	43	5,776
6	71	44	13,375
6	71	52	8,881
6	71	60	2,926
6	71	62	5,571
6	71	63	1,142
6	71	69	20,873
6	71	79	4,329
6	71	85	14,531
6	71	90	1,396
6	71	91	23,619
6	71	99	18,44
6	79	4	5,358
6	79	5	3,989
6	79	10	3,453
6	79	12	0,768
6	79	14	5,327
6	79	25	25,337
6	79	28	5,351
6	79	31	4,421
6	79	32	0,988
6	79	33	2,227
6	79	36	14,912
6	79	39	1,5
6	79	40	3,94
6	79	41	0,721
6	79	43	0,547
6	79	44	3,19
6	79	52	8,095
6	79	60	2,97
6	79	62	0,76
6	79	63	1,471
6	79	69	1,151
6	79	71	2,991
6	79	85	1,762
6	79	90	12,199
6	79	91	10,947
6	79	99	0,605
6	85	4	1,153
6	85	5	10,292
6	85	10	0,823
6	85	12	3,723
6	85	14	11,702
6	85	25	9,248
6	85	28	2,583
6	85	31	3,035
6	85	32	3,915
6	85	33	4,879
6	85	36	20,245
6	85	39	17,522
6	85	40	30,309
6	85	41	8,771
6	85	43	0,934
6	85	44	2,41
6	85	52	1,304
6	85	60	1,088
6	85	62	2,871
6	85	63	4,052
6	85	69	0,528
6	85	71	12,282
6	85	79	4,917
6	85	90	16,947
6	85	91	0,615
6	85	99	5,736
6	90	4	0,581
6	90	5	14,35
6	90	10	21,291
6	90	12	1,987
6	90	14	8,217
6	90	25	3,303
6	90	28	5,992
6	90	31	2,265
6	90	32	6,428
6	90	33	0,837
6	90	36	4,295
6	90	39	6,13
6	90	40	7,494
6	90	41	0,655
6	90	43	41,309
6	90	44	0,77
6	90	52	2,95
6	90	60	3,603
6	90	62	6,314
6	90	63	13,439
6	90	69	14,314
6	90	71	10,24
6	90	79	2,299
6	90	85	5,191
6	90	91	6,759
6	90	99	10,067
6	91	4	3,11
6	91	5	2,906
6	91	10	8,48
6	91	12	11,485
6	91	14	1,727
6	91	25	1,305
6	91	28	2,618
6	91	31	4,486
6	91	32	14,405
6	91	33	1,279
6	91	36	6,417
6	91	39	3,57
6	91	40	1,611
6	91	41	29,069
6	91	43	1,499
6	91	44	3
6	91	52	4,337
6	91	60	2,082
6	91	62	0,967
6	91	63	0,546
6	91	69	7,638
6	91	71	15,8
6	91	79	1,693
6	91	85	2,488
6	91	90	3,979
6	91	99	2,597
6	99	4	0,564
6	99	5	11,394
6	99	10	11,916
6	99	12	10,983
6	99	14	6,337
6	99	25	0,764
6	99	28	11,189
6	99	31	17,342
6	99	32	4,453
6	99	33	1,044
6	99	36	4,47
6	99	39	3,113
6	99	40	0,639
6	99	41	21,02
6	99	43	7,217
6	99	44	2,077
6	99	52	4,195
6	99	60	11,182
6	99	62	7,771
6	99	63	1,894
6	99	69	5,407
6	99	71	3,01
6	99	79	5,837
6	99	85	12,104
6	99	90	3,728
6	99	91	0,534
7	4	7	2,352
7	4	13	6,172
7	4	16	2,657
7	4	18	3,416
7	4	22	1,994
7	4	26	0,805
7	4	28	12,52
7	4	29	15,016
7	4	39	3,859
7	4	41	0,744
7	4	48	1,721
7	4	51	14,403
7	4	61	8,527
7	4	62	3,037
7	4	65	13,407
7	4	67	2,97
7	4	69	3,878
7	4	72	4,232
7	4	73	5,423
7	4	79	3,908
7	4	83	3,298
7	4	87	6,268
7	4	92	1,722
7	4	98	7,99
7	7	4	5,856
7	7	13	3,766
7	7	16	4,307
7	7	18	11,074
7	7	22	18,585
7	7	26	1,301
7	7	28	4,103
7	7	29	1,925
7	7	39	6,492
7	7	41	7,766
7	7	48	9,13
7	7	51	0,651
7	7	61	6,926
7	7	62	2,383
7	7	65	5,237
7	7	67	0,764
7	7	69	0,819
7	7	72	13,909
7	7	73	5,657
7	7	79	6,435
7	7	83	3,149
7	7	87	7,516
7	7	92	10,071
7	7	98	3,149
7	13	4	13,393
7	13	7	15,471
7	13	16	4,011
7	13	18	5,255
7	13	22	1,791
7	13	26	6,042
7	13	28	0,584
7	13	29	4,372
7	13	39	2,699
7	13	41	4,13
7	13	48	0,602
7	13	51	5,476
7	13	61	2,09
7	13	62	2,133
7	13	65	4,917
7	13	67	7,545
7	13	69	9,717
7	13	72	1,752
7	13	73	3,477
7	13	79	0,989
7	13	83	3,786
7	13	87	3,526
7	13	92	3,609
7	13	98	1,262
7	16	4	15,412
7	16	7	12,776
7	16	13	3,657
7	16	18	4,024
7	16	22	12,24
7	16	26	0,724
7	16	28	10,605
7	16	29	10,26
7	16	39	1,878
7	16	41	4,629
7	16	48	4,735
7	16	51	1,629
7	16	61	4,224
7	16	62	0,525
7	16	65	1,488
7	16	67	1,43
7	16	69	3,639
7	16	72	3,757
7	16	73	20,437
7	16	79	2,573
7	16	83	2,658
7	16	87	2,153
7	16	92	7,568
7	16	98	1,407
7	18	4	7,793
7	18	7	3,676
7	18	13	10,091
7	18	16	1,108
7	18	22	15,093
7	18	26	8,104
7	18	28	16,682
7	18	29	1,17
7	18	39	1,419
7	18	41	3,943
7	18	48	8,942
7	18	51	3,625
7	18	61	4,958
7	18	62	13,619
7	18	65	1,156
7	18	67	12,909
7	18	69	2,836
7	18	72	8,973
7	18	73	4,129
7	18	79	1,177
7	18	83	4,452
7	18	87	4,868
7	18	92	8,483
7	18	98	18,16
7	22	4	10,014
7	22	7	18,81
7	22	13	7,787
7	22	16	3,973
7	22	18	5,632
7	22	26	0,56
7	22	28	0,686
7	22	29	3,42
7	22	39	3,428
7	22	41	5,363
7	22	48	1,807
7	22	51	3,812
7	22	61	45,655
7	22	62	7,157
7	22	65	10,38
7	22	67	37,614
7	22	69	7,858
7	22	72	10,252
7	22	73	1,332
7	22	79	5,416
7	22	83	2,428
7	22	87	4,716
7	22	92	5,415
7	22	98	4,122
7	26	4	4,363
7	26	7	2,059
7	26	13	10,073
7	26	16	1,227
7	26	18	13,036
7	26	22	5,573
7	26	28	2,162
7	26	29	4,905
7	26	39	7,435
7	26	41	3,478
7	26	48	7,062
7	26	51	6,851
7	26	61	11,496
7	26	62	12,076
7	26	65	3,799
7	26	67	25,631
7	26	69	3,952
7	26	72	2,801
7	26	73	4,514
7	26	79	2,927
7	26	83	3,411
7	26	87	15,596
7	26	92	7,017
7	26	98	1,234
7	28	4	12,219
7	28	7	0,955
7	28	13	5,01
7	28	16	2,676
7	28	18	0,786
7	28	22	4,079
7	28	26	16,829
7	28	29	2,974
7	28	39	3,344
7	28	41	2,461
7	28	48	2,218
7	28	51	2,553
7	28	61	4,158
7	28	62	0,945
7	28	65	7,639
7	28	67	3,812
7	28	69	0,819
7	28	72	19,853
7	28	73	5,414
7	28	79	3,935
7	28	83	2,775
7	28	87	0,687
7	28	92	1,653
7	28	98	0,575
7	29	4	6,029
7	29	7	2,888
7	29	13	4,438
7	29	16	3,361
7	29	18	3,142
7	29	22	2,076
7	29	26	15,199
7	29	28	1,456
7	29	39	6,641
7	29	41	5,051
7	29	48	2,983
7	29	51	5,959
7	29	61	1,123
7	29	62	2,039
7	29	65	3,533
7	29	67	11,27
7	29	69	3,94
7	29	72	0,866
7	29	73	5,006
7	29	79	4,539
7	29	83	8,924
7	29	87	2,983
7	29	92	28,312
7	29	98	5,199
7	39	4	2,464
7	39	7	8,203
7	39	13	1,587
7	39	16	7,982
7	39	18	0,966
7	39	22	44,296
7	39	26	2,33
7	39	28	24,488
7	39	29	1,787
7	39	41	5,788
7	39	48	5,22
7	39	51	5,415
7	39	61	17,344
7	39	62	30,103
7	39	65	2,028
7	39	67	1,609
7	39	69	2,093
7	39	72	4,318
7	39	73	1,543
7	39	79	5,044
7	39	83	2,092
7	39	87	16,503
7	39	92	2,834
7	39	98	1,929
7	41	4	5,339
7	41	7	2,594
7	41	13	9,243
7	41	16	1,261
7	41	18	2,49
7	41	22	10,327
7	41	26	2,242
7	41	28	8,866
7	41	29	57,169
7	41	39	3,546
7	41	48	1,084
7	41	51	2,362
7	41	61	20,223
7	41	62	6,725
7	41	65	1,925
7	41	67	22,846
7	41	69	10,037
7	41	72	1,932
7	41	73	8,919
7	41	79	18,83
7	41	83	3,392
7	41	87	1,86
7	41	92	2,279
7	41	98	16,895
7	48	4	2,351
7	48	7	3,015
7	48	13	3,358
7	48	16	0,821
7	48	18	5,712
7	48	22	4,529
7	48	26	27,045
7	48	28	15,767
7	48	29	3,835
7	48	39	2,776
7	48	41	6,971
7	48	51	1,906
7	48	61	2,675
7	48	62	2,684
7	48	65	1,807
7	48	67	11,333
7	48	69	4,096
7	48	72	1,875
7	48	73	11,616
7	48	79	7,141
7	48	83	8,857
7	48	87	8,346
7	48	92	1,688
7	48	98	6,09
7	51	4	3,635
7	51	7	2,423
7	51	13	0,879
7	51	16	6,626
7	51	18	7,281
7	51	22	8,347
7	51	26	1,42
7	51	28	16,511
7	51	29	2,94
7	51	39	13,98
7	51	41	3,195
7	51	48	2,021
7	51	61	0,642
7	51	62	7,15
7	51	65	6,788
7	51	67	0,962
7	51	69	1,61
7	51	72	2,559
7	51	73	1,951
7	51	79	4,015
7	51	83	6,665
7	51	87	5,785
7	51	92	1,35
7	51	98	1,398
7	61	4	1,501
7	61	7	1,717
7	61	13	7,013
7	61	16	3,326
7	61	18	13,637
7	61	22	4,794
7	61	26	9,431
7	61	28	1,732
7	61	29	0,526
7	61	39	3,311
7	61	41	32,811
7	61	48	11,066
7	61	51	4,366
7	61	62	34,15
7	61	65	49,82
7	61	67	3,444
7	61	69	13,026
7	61	72	3,426
7	61	73	3,9
7	61	79	0,914
7	61	83	1,258
7	61	87	1,689
7	61	92	8,108
7	61	98	1,844
7	62	4	1,333
7	62	7	8,559
7	62	13	7,278
7	62	16	3,974
7	62	18	11,487
7	62	22	7,767
7	62	26	29,631
7	62	28	10,967
7	62	29	2,576
7	62	39	1,461
7	62	41	6,612
7	62	48	5,189
7	62	51	15,45
7	62	61	4,191
7	62	65	6,247
7	62	67	2,877
7	62	69	6,653
7	62	72	14,294
7	62	73	8,166
7	62	79	1,916
7	62	83	8,825
7	62	87	1,386
7	62	92	1,312
7	62	98	1,881
7	65	4	6,586
7	65	7	1,577
7	65	13	2,182
7	65	16	16,887
7	65	18	0,555
7	65	22	2,043
7	65	26	0,746
7	65	28	7,211
7	65	29	8,748
7	65	39	1,27
7	65	41	3,973
7	65	48	6,591
7	65	51	3,095
7	65	61	9,603
7	65	62	0,81
7	65	67	0,516
7	65	69	22,28
7	65	72	11,418
7	65	73	1,357
7	65	79	9,988
7	65	83	4,047
7	65	87	3,36
7	65	92	0,533
7	65	98	2,39
7	67	4	3,194
7	67	7	5,44
7	67	13	1,321
7	67	16	2,424
7	67	18	1,326
7	67	22	8,329
7	67	26	13,26
7	67	28	13,216
7	67	29	5,704
7	67	39	4,817
7	67	41	1,226
7	67	48	2,951
7	67	51	11,646
7	67	61	1,1
7	67	62	0,518
7	67	65	0,81
7	67	69	4,659
7	67	72	1,612
7	67	73	6,169
7	67	79	4,22
7	67	83	3,476
7	67	87	7,217
7	67	92	4,192
7	67	98	1,152
7	69	4	0,958
7	69	7	4,596
7	69	13	1,601
7	69	16	6,722
7	69	18	2,257
7	69	22	6,366
7	69	26	4,782
7	69	28	2,007
7	69	29	0,843
7	69	39	15,865
7	69	41	1,44
7	69	48	1,388
7	69	51	1,209
7	69	61	14,99
7	69	62	1,451
7	69	65	0,713
7	69	67	0,635
7	69	72	3,526
7	69	73	0,543
7	69	79	3,949
7	69	83	2,658
7	69	87	1,285
7	69	92	12,441
7	69	98	9,332
7	72	4	2,822
7	72	7	22,837
7	72	13	3,688
7	72	16	22,468
7	72	18	3,949
7	72	22	2,161
7	72	26	0,855
7	72	28	3,018
7	72	29	0,606
7	72	39	26,022
7	72	41	2,983
7	72	48	5,69
7	72	51	6,002
7	72	61	4,99
7	72	62	2,632
7	72	65	1,915
7	72	67	3,683
7	72	69	1,601
7	72	73	2,992
7	72	79	0,756
7	72	83	0,583
7	72	87	15,941
7	72	92	3,292
7	72	98	4,248
7	73	4	2,292
7	73	7	5,008
7	73	13	4,459
7	73	16	2,128
7	73	18	4,055
7	73	22	9,106
7	73	26	6,925
7	73	28	2,38
7	73	29	1,668
7	73	39	4,599
7	73	41	19,15
7	73	48	5,285
7	73	51	1,124
7	73	61	4,83
7	73	62	18,826
7	73	65	40,922
7	73	67	12,504
7	73	69	1,867
7	73	72	0,618
7	73	79	1,207
7	73	83	0,587
7	73	87	5,726
7	73	92	12,713
7	73	98	1,151
7	79	4	4,45
7	79	7	3,138
7	79	13	26,702
7	79	16	2,048
7	79	18	5,881
7	79	22	5,548
7	79	26	6,992
7	79	28	4,849
7	79	29	5,267
7	79	39	1,822
7	79	41	1,917
7	79	48	12,597
7	79	51	4,384
7	79	61	9,05
7	79	62	6,992
7	79	65	4,43
7	79	67	0,878
7	79	69	0,776
7	79	72	6,253
7	79	73	1,326
7	79	83	1,105
7	79	87	4,508
7	79	92	17,355
7	79	98	4,757
7	83	4	1,401
7	83	7	1,851
7	83	13	8,379
7	83	16	2,639
7	83	18	1,444
7	83	22	2,164
7	83	26	17,724
7	83	28	2,533
7	83	29	6,752
7	83	39	2,11
7	83	41	6,402
7	83	48	10,322
7	83	51	4,406
7	83	61	1,779
7	83	62	6,352
7	83	65	8,199
7	83	67	9,009
7	83	69	1,013
7	83	72	5,01
7	83	73	3,297
7	83	79	6,542
7	83	87	8,576
7	83	92	21,099
7	83	98	1,857
7	87	4	15,899
7	87	7	1,533
7	87	13	4,781
7	87	16	6,743
7	87	18	2,772
7	87	22	7,588
7	87	26	5,379
7	87	28	7,433
7	87	29	25,797
7	87	39	14,848
7	87	41	15,404
7	87	48	2,288
7	87	51	0,753
7	87	61	0,723
7	87	62	13,041
7	87	65	3,216
7	87	67	11,236
7	87	69	0,973
7	87	72	11,651
7	87	73	1,498
7	87	79	9,489
7	87	83	1,589
7	87	92	5,342
7	87	98	7,175
7	92	4	50,051
7	92	7	19,56
7	92	13	5,158
7	92	16	1,655
7	92	18	3,241
7	92	22	3,646
7	92	26	9,82
7	92	28	6,464
7	92	29	4,089
7	92	39	11,758
7	92	41	1,968
7	92	48	2,374
7	92	51	3,163
7	92	61	7,249
7	92	62	5,662
7	92	65	9,821
7	92	67	2,38
7	92	69	19,607
7	92	72	18,022
7	92	73	3,986
7	92	79	15,618
7	92	83	5,239
7	92	87	10,495
7	92	98	1,268
7	98	4	15,55
7	98	7	1,727
7	98	13	12,629
7	98	16	1,018
7	98	18	2,584
7	98	22	0,574
7	98	26	0,762
7	98	28	4,65
7	98	29	0,507
7	98	39	2,111
7	98	41	9,059
7	98	48	4,538
7	98	51	1,724
7	98	61	5,093
7	98	62	1,446
7	98	65	14,98
7	98	67	11,286
7	98	69	3,608
7	98	72	3,224
7	98	73	3,919
7	98	79	5,868
7	98	83	18,546
7	98	87	26,322
7	98	92	0,746
8	2	5	3,553
8	2	8	0,752
8	2	9	2,911
8	2	16	2,38
8	2	22	1,763
8	2	24	7,399
8	2	28	6,479
8	2	31	1,061
8	2	35	2,598
8	2	38	8,676
8	2	43	3,426
8	2	50	3,318
8	2	52	6,305
8	2	58	4,01
8	2	59	3,766
8	2	65	4,434
8	2	69	7,563
8	2	80	12,086
8	2	84	1,688
8	2	88	3,388
8	2	89	2,707
8	2	91	6,67
8	2	93	1,62
8	5	2	3,532
8	5	8	5,43
8	5	9	3,186
8	5	16	1,166
8	5	22	6,428
8	5	24	3,031
8	5	28	0,87
8	5	31	5,258
8	5	35	0,901
8	5	38	1,747
8	5	43	3,307
8	5	50	20,197
8	5	52	13,058
8	5	58	11,118
8	5	59	0,969
8	5	65	32,933
8	5	69	16,336
8	5	80	8,598
8	5	84	4,302
8	5	88	3,458
8	5	89	1,775
8	5	91	11,667
8	5	93	0,576
8	8	2	1,224
8	8	5	1,812
8	8	9	11,327
8	8	16	3,971
8	8	22	19,566
8	8	24	11,982
8	8	28	35,948
8	8	31	14,589
8	8	35	4,823
8	8	38	9,449
8	8	43	0,577
8	8	50	3,521
8	8	52	7,598
8	8	58	29,38
8	8	59	1,434
8	8	65	2,5
8	8	69	7,345
8	8	80	67,389
8	8	84	8,459
8	8	88	6,68
8	8	89	2,112
8	8	91	2,772
8	8	93	10,297
8	9	2	5,467
8	9	5	13,114
8	9	8	4,833
8	9	16	2,399
8	9	22	2,036
8	9	24	10,164
8	9	28	3,417
8	9	31	2,247
8	9	35	6,528
8	9	38	21,466
8	9	43	1,519
8	9	50	2,143
8	9	52	3,316
8	9	58	4,124
8	9	59	3,154
8	9	65	3,609
8	9	69	1,046
8	9	80	14,759
8	9	84	5,005
8	9	88	9,207
8	9	89	5,264
8	9	91	2,954
8	9	93	9,724
8	16	2	4,875
8	16	5	3,787
8	16	8	3,765
8	16	9	4,613
8	16	22	3,793
8	16	24	14,085
8	16	28	6,534
8	16	31	1,814
8	16	35	28,877
8	16	38	16,002
8	16	43	1,765
8	16	50	3,727
8	16	52	4,111
8	16	58	11,976
8	16	59	3,357
8	16	65	0,588
8	16	69	4,374
8	16	80	0,697
8	16	84	5,715
8	16	88	3,889
8	16	89	3,433
8	16	91	6,164
8	16	93	17,892
8	22	2	3,721
8	22	5	3,212
8	22	8	2,804
8	22	9	8,02
8	22	16	1,904
8	22	24	12,887
8	22	28	8,274
8	22	31	12,204
8	22	35	3,489
8	22	38	1,644
8	22	43	0,904
8	22	50	16,521
8	22	52	6,152
8	22	58	13,234
8	22	59	3,796
8	22	65	7,227
8	22	69	4,458
8	22	80	1,123
8	22	84	21,109
8	22	88	4,296
8	22	89	13,598
8	22	91	8,073
8	22	93	2,371
8	24	2	3,5
8	24	5	12,408
8	24	8	11,69
8	24	9	4,331
8	24	16	14,912
8	24	22	14,123
8	24	28	7,383
8	24	31	1,342
8	24	35	4,038
8	24	38	4,61
8	24	43	4,223
8	24	50	9,399
8	24	52	1,803
8	24	58	1,119
8	24	59	3,218
8	24	65	21,64
8	24	69	8,727
8	24	80	3,26
8	24	84	2,7
8	24	88	1,027
8	24	89	2,055
8	24	91	5,614
8	24	93	1,33
8	28	2	3,026
8	28	5	11,626
8	28	8	1,08
8	28	9	2,384
8	28	16	1,131
8	28	22	9,41
8	28	24	0,638
8	28	31	15,933
8	28	35	2,165
8	28	38	9,605
8	28	43	5,351
8	28	50	1,235
8	28	52	1,694
8	28	58	1,654
8	28	59	12,727
8	28	65	6,226
8	28	69	6,914
8	28	80	25,92
8	28	84	2,877
8	28	88	3,21
8	28	89	10,238
8	28	91	16,1
8	28	93	4,653
8	31	2	1,591
8	31	5	8,478
8	31	8	5,429
8	31	9	5,191
8	31	16	0,701
8	31	22	11,482
8	31	24	1,373
8	31	28	2,047
8	31	35	2,456
8	31	38	4,89
8	31	43	2,959
8	31	50	4,581
8	31	52	19,049
8	31	58	0,59
8	31	59	26,688
8	31	65	8,527
8	31	69	2,48
8	31	80	0,94
8	31	84	1,11
8	31	88	0,784
8	31	89	12,012
8	31	91	5,068
8	31	93	2,394
8	35	2	13,992
8	35	5	2,169
8	35	8	2,287
8	35	9	6,703
8	35	16	17,001
8	35	22	0,907
8	35	24	0,529
8	35	28	1,516
8	35	31	3,072
8	35	38	19,727
8	35	43	7,449
8	35	50	8,734
8	35	52	2,655
8	35	58	3,486
8	35	59	4,385
8	35	65	12,669
8	35	69	4,125
8	35	80	2,694
8	35	84	0,535
8	35	88	7,626
8	35	89	2,05
8	35	91	26,768
8	35	93	4,612
8	38	2	15,558
8	38	5	2,231
8	38	8	18,941
8	38	9	2,628
8	38	16	6,243
8	38	22	9,715
8	38	24	0,74
8	38	28	0,632
8	38	31	6,645
8	38	35	13,839
8	38	43	4,19
8	38	50	0,656
8	38	52	2,343
8	38	58	2,667
8	38	59	6,88
8	38	65	2,154
8	38	69	1,226
8	38	80	4,023
8	38	84	10,737
8	38	88	1,047
8	38	89	16,315
8	38	91	21,985
8	38	93	6,785
8	43	2	5,089
8	43	5	2,277
8	43	8	4,056
8	43	9	3,62
8	43	16	6,412
8	43	22	6,612
8	43	24	2,186
8	43	28	1,613
8	43	31	7,252
8	43	35	3,125
8	43	38	4,178
8	43	50	3,506
8	43	52	8,337
8	43	58	9,539
8	43	59	15,032
8	43	65	3,684
8	43	69	0,71
8	43	80	1,755
8	43	84	2,954
8	43	88	0,996
8	43	89	0,508
8	43	91	4,824
8	43	93	0,887
8	50	2	6,929
8	50	5	1,445
8	50	8	3,455
8	50	9	2,45
8	50	16	14,93
8	50	22	3,221
8	50	24	18,272
8	50	28	2,467
8	50	31	9,64
8	50	35	0,875
8	50	38	4,638
8	50	43	22,518
8	50	52	2,562
8	50	58	29,59
8	50	59	2,888
8	50	65	2,521
8	50	69	1,853
8	50	80	0,703
8	50	84	3,065
8	50	88	21,069
8	50	89	0,717
8	50	91	36,843
8	50	93	1,182
8	52	2	0,786
8	52	5	12,578
8	52	8	6,238
8	52	9	14,315
8	52	16	8,049
8	52	22	21,228
8	52	24	16,523
8	52	28	14,878
8	52	31	20,84
8	52	35	3,25
8	52	38	8,869
8	52	43	7,852
8	52	50	4,56
8	52	58	2,548
8	52	59	2,25
8	52	65	3,086
8	52	69	4,984
8	52	80	6,422
8	52	84	2,796
8	52	88	3,456
8	52	89	5,106
8	52	91	8,594
8	52	93	14,977
8	58	2	8,291
8	58	5	6,395
8	58	8	9,005
8	58	9	1,085
8	58	16	5,803
8	58	22	5,71
8	58	24	5,409
8	58	28	20,117
8	58	31	4,047
8	58	35	16,98
8	58	38	17,622
8	58	43	0,859
8	58	50	8,406
8	58	52	3,57
8	58	59	3,021
8	58	65	7,364
8	58	69	4,755
8	58	80	3,137
8	58	84	12,655
8	58	88	0,666
8	58	89	2,924
8	58	91	2,661
8	58	93	0,775
8	59	2	6,7
8	59	5	1,009
8	59	8	39,775
8	59	9	10,01
8	59	16	20,335
8	59	22	1,541
8	59	24	1,708
8	59	28	7,695
8	59	31	10,421
8	59	35	14,48
8	59	38	13,865
8	59	43	1,236
8	59	50	4,466
8	59	52	14,622
8	59	58	1,268
8	59	65	6,482
8	59	69	1,675
8	59	80	0,718
8	59	84	2,127
8	59	88	2,421
8	59	89	1,62
8	59	91	6,933
8	59	93	14,303
8	65	2	1,223
8	65	5	4,524
8	65	8	4,97
8	65	9	1,387
8	65	16	0,668
8	65	22	9,182
8	65	24	6,795
8	65	28	16,412
8	65	31	2,243
8	65	35	1,094
8	65	38	1,719
8	65	43	0,623
8	65	50	4,218
8	65	52	0,596
8	65	58	3,522
8	65	59	2,23
8	65	69	29,17
8	65	80	0,604
8	65	84	1,547
8	65	88	0,572
8	65	89	12,317
8	65	91	9,753
8	65	93	8,468
8	69	2	4,524
8	69	5	20,538
8	69	8	11,754
8	69	9	4,547
8	69	16	2,144
8	69	22	18,901
8	69	24	1,165
8	69	28	37,845
8	69	31	0,564
8	69	35	3,655
8	69	38	1,885
8	69	43	10,935
8	69	50	17,15
8	69	52	3,046
8	69	58	2,443
8	69	59	5,35
8	69	65	3,696
8	69	80	1,118
8	69	84	0,861
8	69	88	15,757
8	69	89	29,742
8	69	91	9,362
8	69	93	32,054
8	80	2	3,365
8	80	5	6,39
8	80	8	8,45
8	80	9	13,902
8	80	16	10,669
8	80	22	5,966
8	80	24	1,376
8	80	28	15,9
8	80	31	3,579
8	80	35	1,498
8	80	38	13,559
8	80	43	10,461
8	80	50	0,865
8	80	52	2,858
8	80	58	2,321
8	80	59	11,528
8	80	65	0,506
8	80	69	2,768
8	80	84	10,458
8	80	88	7,261
8	80	89	10,11
8	80	91	5,925
8	80	93	18,923
8	84	2	1,641
8	84	5	0,869
8	84	8	10,636
8	84	9	1,046
8	84	16	23,215
8	84	22	2,206
8	84	24	6,636
8	84	28	1,526
8	84	31	1,632
8	84	35	0,761
8	84	38	22,391
8	84	43	8,654
8	84	50	1,967
8	84	52	1,21
8	84	58	3,706
8	84	59	0,807
8	84	65	4,121
8	84	69	4,057
8	84	80	3,161
8	84	88	1,4
8	84	89	3,914
8	84	91	1,12
8	84	93	0,579
8	88	2	15,466
8	88	5	13,26
8	88	8	9,132
8	88	9	1,496
8	88	16	1,277
8	88	22	0,831
8	88	24	7,179
8	88	28	11,255
8	88	31	2,396
8	88	35	6,893
8	88	38	8,227
8	88	43	5,676
8	88	50	0,765
8	88	52	7,169
8	88	58	5,602
8	88	59	22,171
8	88	65	5,861
8	88	69	19,029
8	88	80	1,959
8	88	84	1,336
8	88	89	3,552
8	88	91	10,998
8	88	93	4,046
8	89	2	6,699
8	89	5	0,741
8	89	8	22,604
8	89	9	17,535
8	89	16	12,065
8	89	22	0,563
8	89	24	2,598
8	89	28	0,963
8	89	31	2,307
8	89	35	1,399
8	89	38	10,656
8	89	43	0,6
8	89	50	8,317
8	89	52	14,847
8	89	58	2,016
8	89	59	12,535
8	89	65	1,454
8	89	69	1,486
8	89	80	1,192
8	89	84	8,185
8	89	88	1,786
8	89	91	9,564
8	89	93	4,297
8	91	2	8,522
8	91	5	1,687
8	91	8	2,539
8	91	9	1,712
8	91	16	1,231
8	91	22	1,511
8	91	24	8,233
8	91	28	1,417
8	91	31	1,031
8	91	35	2,84
8	91	38	0,921
8	91	43	9,053
8	91	50	13,425
8	91	52	7,273
8	91	58	7,366
8	91	59	2,104
8	91	65	10,959
8	91	69	4,015
8	91	80	1,659
8	91	84	10,818
8	91	88	0,733
8	91	89	24,001
8	91	93	2,642
8	93	2	3,071
8	93	5	8,351
8	93	8	1,555
8	93	9	3,094
8	93	16	16,369
8	93	22	3,617
8	93	24	4,837
8	93	28	7,4
8	93	31	12,341
8	93	35	2,932
8	93	38	13,79
8	93	43	2,189
8	93	50	2,793
8	93	52	13,909
8	93	58	7,858
8	93	59	2,058
8	93	65	2,099
8	93	69	9,661
8	93	80	4,425
8	93	84	2,992
8	93	88	15,328
8	93	89	10,706
8	93	91	2,147
9	2	3	2,264
9	2	6	8,909
9	2	11	8,263
9	2	14	1,617
9	2	17	4,521
9	2	20	7,928
9	2	27	2,658
9	2	30	1,584
9	2	43	0,544
9	2	46	2,247
9	2	48	2,902
9	2	55	2,868
9	2	57	3,682
9	2	75	1,785
9	2	76	24,829
9	2	83	1,507
9	2	85	1,668
9	2	87	38,882
9	2	90	1,16
9	2	97	8,096
9	3	2	0,678
9	3	6	21,486
9	3	11	24,867
9	3	14	7,313
9	3	17	0,505
9	3	20	0,998
9	3	27	6,723
9	3	30	1,848
9	3	43	2,639
9	3	46	6,47
9	3	48	1,537
9	3	55	3,988
9	3	57	1,765
9	3	75	0,99
9	3	76	15,457
9	3	83	3,099
9	3	85	7,658
9	3	87	1,559
9	3	90	1,091
9	3	97	0,651
9	6	2	1,286
9	6	3	1,531
9	6	11	7,365
9	6	14	6,572
9	6	17	4,84
9	6	20	13,494
9	6	27	26
9	6	30	7,074
9	6	43	2,782
9	6	46	1,691
9	6	48	1,28
9	6	55	4,945
9	6	57	0,679
9	6	75	6,617
9	6	76	12,842
9	6	83	1,111
9	6	85	8,152
9	6	87	8,979
9	6	90	11,237
9	6	97	0,644
9	11	2	8,305
9	11	3	0,613
9	11	6	1,008
9	11	14	3,299
9	11	17	7,998
9	11	20	1,696
9	11	27	8,352
9	11	30	0,943
9	11	43	1,695
9	11	46	4,645
9	11	48	1,276
9	11	55	2,224
9	11	57	6,814
9	11	75	5,879
9	11	76	0,824
9	11	83	1,59
9	11	85	1,737
9	11	87	10,995
9	11	90	1,136
9	11	97	17,796
9	14	2	2,5
9	14	3	4,589
9	14	6	4,075
9	14	11	6,228
9	14	17	2,889
9	14	20	1,869
9	14	27	3,121
9	14	30	2,254
9	14	43	6,762
9	14	46	3,872
9	14	48	3,384
9	14	55	10,858
9	14	57	25,036
9	14	75	6,704
9	14	76	6,007
9	14	83	13,979
9	14	85	1,783
9	14	87	6,963
9	14	90	13,559
9	14	97	3,159
9	17	2	12,357
9	17	3	1,591
9	17	6	0,688
9	17	11	0,782
9	17	14	4,415
9	17	20	4,608
9	17	27	21,623
9	17	30	5,561
9	17	43	19,387
9	17	46	8,206
9	17	48	5,207
9	17	55	6,526
9	17	57	13,005
9	17	75	4,043
9	17	76	2,904
9	17	83	3,796
9	17	85	9,03
9	17	87	7,999
9	17	90	6,897
9	17	97	3,617
9	20	2	7,661
9	20	3	3,78
9	20	6	2,948
9	20	11	10,578
9	20	14	16,717
9	20	17	3,408
9	20	27	10,722
9	20	30	12,511
9	20	43	6,968
9	20	46	3,477
9	20	48	0,614
9	20	55	10,275
9	20	57	0,732
9	20	75	1,598
9	20	76	5,855
9	20	83	9,081
9	20	85	5,917
9	20	87	48,464
9	20	90	1,901
9	20	97	1,097
9	27	2	6,021
9	27	3	17,8
9	27	6	4,37
9	27	11	2,303
9	27	14	1,423
9	27	17	3,233
9	27	20	1,134
9	27	30	3,843
9	27	43	7,092
9	27	46	0,985
9	27	48	8,474
9	27	55	2,069
9	27	57	3,873
9	27	75	1,773
9	27	76	6,907
9	27	83	19,993
9	27	85	5,762
9	27	87	22,315
9	27	90	2,082
9	27	97	0,982
9	30	2	1,256
9	30	3	9,256
9	30	6	1,22
9	30	11	2,448
9	30	14	10,051
9	30	17	3,162
9	30	20	3,659
9	30	27	1,628
9	30	43	2,867
9	30	46	6,73
9	30	48	3,377
9	30	55	3,465
9	30	57	5,567
9	30	75	2,852
9	30	76	13,345
9	30	83	2,184
9	30	85	9,092
9	30	87	10,384
9	30	90	1,082
9	30	97	2,254
9	43	2	7,257
9	43	3	8,717
9	43	6	3,329
9	43	11	7,696
9	43	14	2,351
9	43	17	0,834
9	43	20	0,591
9	43	27	0,563
9	43	30	6,795
9	43	46	4,003
9	43	48	3,875
9	43	55	14,212
9	43	57	1,732
9	43	75	5,593
9	43	76	2,803
9	43	83	6,251
9	43	85	2,07
9	43	87	10,3
9	43	90	22,019
9	43	97	21,992
9	46	2	4,61
9	46	3	2,762
9	46	6	27,416
9	46	11	29,846
9	46	14	6,492
9	46	17	32,174
9	46	20	7,666
9	46	27	1,617
9	46	30	4,836
9	46	43	46,879
9	46	48	28,99
9	46	55	1,077
9	46	57	5,348
9	46	75	3,993
9	46	76	8,993
9	46	83	3,758
9	46	85	3,76
9	46	87	2,942
9	46	90	2,666
9	46	97	9,36
9	48	2	3,279
9	48	3	1,172
9	48	6	4,833
9	48	11	3,81
9	48	14	11,015
9	48	17	3,58
9	48	20	1,824
9	48	27	0,665
9	48	30	9,913
9	48	43	0,937
9	48	46	0,91
9	48	55	3,506
9	48	57	20,501
9	48	75	2,006
9	48	76	0,657
9	48	83	7,241
9	48	85	1,792
9	48	87	5,942
9	48	90	10,767
9	48	97	1,815
9	55	2	3,677
9	55	3	1,473
9	55	6	5,749
9	55	11	1,944
9	55	14	3,535
9	55	17	8,666
9	55	20	1,402
9	55	27	5,426
9	55	30	28,381
9	55	43	31,96
9	55	46	7,414
9	55	48	11,08
9	55	57	1,022
9	55	75	8,55
9	55	76	2,6
9	55	83	8,662
9	55	85	2,958
9	55	87	6,369
9	55	90	10,639
9	55	97	0,537
9	57	2	2,41
9	57	3	11,04
9	57	6	13,049
9	57	11	1,381
9	57	14	8,504
9	57	17	5,56
9	57	20	1,504
9	57	27	17,297
9	57	30	9,189
9	57	43	13,787
9	57	46	7,998
9	57	48	1,587
9	57	55	0,631
9	57	75	3,138
9	57	76	0,76
9	57	83	5,49
9	57	85	4,284
9	57	87	7,577
9	57	90	2,957
9	57	97	2,619
9	75	2	23,859
9	75	3	1,252
9	75	6	12,141
9	75	11	3,974
9	75	14	4,488
9	75	17	7,155
9	75	20	4,986
9	75	27	8,343
9	75	30	4,993
9	75	43	1,857
9	75	46	5,087
9	75	48	4,004
9	75	55	5,904
9	75	57	10,761
9	75	76	4,309
9	75	83	13,375
9	75	85	6,311
9	75	87	4,501
9	75	90	1,845
9	75	97	1,157
9	76	2	6,388
9	76	3	1,668
9	76	6	3,582
9	76	11	30,836
9	76	14	9,05
9	76	17	3,374
9	76	20	2,932
9	76	27	5,423
9	76	30	8,786
9	76	43	4,259
9	76	46	5,796
9	76	48	6,53
9	76	55	4,573
9	76	57	1,764
9	76	75	0,533
9	76	83	7,843
9	76	85	8,3
9	76	87	1,123
9	76	90	2,017
9	76	97	1,689
9	83	2	0,873
9	83	3	13,644
9	83	6	5,035
9	83	11	10,996
9	83	14	1,391
9	83	17	8,135
9	83	20	5,293
9	83	27	26,209
9	83	30	5,242
9	83	43	1,209
9	83	46	4,643
9	83	48	23,526
9	83	55	0,735
9	83	57	8,844
9	83	75	3,83
9	83	76	2,287
9	83	85	2,447
9	83	87	8,119
9	83	90	16,848
9	83	97	32,644
9	85	2	6,739
9	85	3	6,602
9	85	6	4,464
9	85	11	15,075
9	85	14	6,545
9	85	17	8,734
9	85	20	7,378
9	85	27	2,873
9	85	30	13,326
9	85	43	7,151
9	85	46	5,802
9	85	48	5,972
9	85	55	7,46
9	85	57	3,449
9	85	75	5,324
9	85	76	15,252
9	85	83	6,6
9	85	87	2,155
9	85	90	4,468
9	85	97	0,562
9	87	2	0,605
9	87	3	0,881
9	87	6	4,256
9	87	11	1,938
9	87	14	2,112
9	87	17	13,458
9	87	20	1,929
9	87	27	4,735
9	87	30	4,437
9	87	43	2,54
9	87	46	5,412
9	87	48	11,787
9	87	55	2,976
9	87	57	17,916
9	87	75	0,51
9	87	76	3,126
9	87	83	2,837
9	87	85	5,808
9	87	90	0,687
9	87	97	3,342
9	90	2	5,124
9	90	3	7,454
9	90	6	2,693
9	90	11	3,439
9	90	14	3,718
9	90	17	13,6
9	90	20	6,182
9	90	27	3,835
9	90	30	4,158
9	90	43	10,393
9	90	46	8,463
9	90	48	0,684
9	90	55	3,844
9	90	57	1,798
9	90	75	8,378
9	90	76	4,669
9	90	83	2,868
9	90	85	1,355
9	90	87	1,963
9	90	97	1,111
9	97	2	7,225
9	97	3	2,255
9	97	6	0,914
9	97	11	2,381
9	97	14	1,648
9	97	17	9,639
9	97	20	6,062
9	97	27	2,198
9	97	30	2,812
9	97	43	2,295
9	97	46	1,232
9	97	48	5,029
9	97	55	1,507
9	97	57	3,274
9	97	75	1,371
9	97	76	11,301
9	97	83	4,549
9	97	85	7,19
9	97	87	1,936
9	97	90	1,861
10	3	13	6,561
10	3	15	3,209
10	3	16	3,95
10	3	18	3,666
10	3	20	0,631
10	3	25	12,126
10	3	26	10,842
10	3	27	14,19
10	3	28	0,923
10	3	31	1,236
10	3	39	1,912
10	3	45	14,625
10	3	47	7,307
10	3	48	13,786
10	3	49	2,667
10	3	51	10,491
10	3	52	1,568
10	3	54	7,853
10	3	55	3,668
10	3	56	7,789
10	3	59	3,083
10	3	60	2,555
10	3	68	3,235
10	3	75	4,924
10	3	77	14,434
10	3	78	0,706
10	3	83	5,686
10	3	92	5,551
10	3	93	2,147
10	3	95	4,469
10	3	97	1,934
10	3	100	0,513
10	13	3	2,267
10	13	15	6,462
10	13	16	0,525
10	13	18	3,502
10	13	20	3,023
10	13	25	13,316
10	13	26	6,213
10	13	27	4,893
10	13	28	12,579
10	13	31	18,186
10	13	39	1,166
10	13	45	0,553
10	13	47	12,376
10	13	48	7,375
10	13	49	11,171
10	13	51	10,431
10	13	52	0,85
10	13	54	9,149
10	13	55	2,859
10	13	56	9,504
10	13	59	3,348
10	13	60	9,076
10	13	68	0,98
10	13	75	0,865
10	13	77	14,844
10	13	78	1,593
10	13	83	6,664
10	13	92	8,518
10	13	93	1,924
10	13	95	4,408
10	13	97	1,895
10	13	100	14,209
10	15	3	2,15
10	15	13	1,065
10	15	16	0,894
10	15	18	2,75
10	15	20	2,5
10	15	25	1,023
10	15	26	14,711
10	15	27	1,231
10	15	28	20,065
10	15	31	0,975
10	15	39	4,144
10	15	45	1,13
10	15	47	7,292
10	15	48	16,084
10	15	49	6,825
10	15	51	8,225
10	15	52	3,423
10	15	54	2,124
10	15	55	2,661
10	15	56	2,801
10	15	59	4,099
10	15	60	10,933
10	15	68	3,364
10	15	75	7,453
10	15	77	2,498
10	15	78	0,681
10	15	83	2,82
10	15	92	1,819
10	15	93	36,317
10	15	95	4,247
10	15	97	4,057
10	15	100	0,573
10	16	3	1,916
10	16	13	3,231
10	16	15	1,864
10	16	18	1,077
10	16	20	17,994
10	16	25	4,738
10	16	26	11,726
10	16	27	1,388
10	16	28	3,925
10	16	31	5,717
10	16	39	8,946
10	16	45	6,008
10	16	47	11,883
10	16	48	33,005
10	16	49	3,129
10	16	51	0,672
10	16	52	4,15
10	16	54	3,891
10	16	55	4,907
10	16	56	4,597
10	16	59	24,48
10	16	60	0,545
10	16	68	2,792
10	16	75	8,226
10	16	77	3,152
10	16	78	3,663
10	16	83	10,549
10	16	92	8,279
10	16	93	4,275
10	16	95	27,294
10	16	97	1,409
10	16	100	7,21
10	18	3	4,873
10	18	13	4,332
10	18	15	21,089
10	18	16	1,739
10	18	20	6,386
10	18	25	6,004
10	18	26	9,448
10	18	27	1,629
10	18	28	17,641
10	18	31	3,326
10	18	39	0,521
10	18	45	1,952
10	18	47	5,324
10	18	48	9,657
10	18	49	14,077
10	18	51	0,533
10	18	52	2,16
10	18	54	1,871
10	18	55	8,05
10	18	56	5,86
10	18	59	4,711
10	18	60	6,555
10	18	68	9,663
10	18	75	6,487
10	18	77	6,755
10	18	78	5,883
10	18	83	15,221
10	18	92	4,215
10	18	93	1,988
10	18	95	19,528
10	18	97	0,908
10	18	100	7,347
10	20	3	3,643
10	20	13	4,855
10	20	15	6,066
10	20	16	13,775
10	20	18	9,933
10	20	25	1,129
10	20	26	0,879
10	20	27	2,24
10	20	28	2,999
10	20	31	0,608
10	20	39	2,879
10	20	45	8,526
10	20	47	0,625
10	20	48	5,988
10	20	49	2,138
10	20	51	3,735
10	20	52	1,354
10	20	54	18,139
10	20	55	3,173
10	20	56	0,571
10	20	59	4,027
10	20	60	18,344
10	20	68	17,925
10	20	75	8,486
10	20	77	1,409
10	20	78	5,161
10	20	83	4,293
10	20	92	2,593
10	20	93	1,788
10	20	95	2,029
10	20	97	7,383
10	20	100	3,888
10	25	3	3,661
10	25	13	0,545
10	25	15	16,481
10	25	16	2,113
10	25	18	1,283
10	25	20	0,814
10	25	26	2,63
10	25	27	2,272
10	25	28	6,547
10	25	31	1,318
10	25	39	1,135
10	25	45	4,527
10	25	47	6,611
10	25	48	5,826
10	25	49	1,272
10	25	51	6,304
10	25	52	3,607
10	25	54	5,411
10	25	55	2,63
10	25	56	3,853
10	25	59	0,731
10	25	60	9,52
10	25	68	1,122
10	25	75	11,63
10	25	77	0,753
10	25	78	5,127
10	25	83	3,74
10	25	92	0,545
10	25	93	5,328
10	25	95	3,541
10	25	97	11,21
10	25	100	11,861
10	26	3	0,678
10	26	13	0,649
10	26	15	1,317
10	26	16	2,957
10	26	18	9,478
10	26	20	16,013
10	26	25	8,119
10	26	27	12,75
10	26	28	16,316
10	26	31	0,577
10	26	39	1,88
10	26	45	3,66
10	26	47	10,279
10	26	48	2,125
10	26	49	1,942
10	26	51	12,864
10	26	52	8,012
10	26	54	9,545
10	26	55	11,059
10	26	56	2,786
10	26	59	1,657
10	26	60	6,815
10	26	68	5,365
10	26	75	1,575
10	26	77	1,425
10	26	78	1,934
10	26	83	1,583
10	26	92	1,17
10	26	93	8,11
10	26	95	7,264
10	26	97	1,557
10	26	100	8,731
10	27	3	5,106
10	27	13	9,963
10	27	15	15,185
10	27	16	23,425
10	27	18	9,384
10	27	20	3,119
10	27	25	4,477
10	27	26	2,848
10	27	28	4,167
10	27	31	1,289
10	27	39	0,867
10	27	45	6,622
10	27	47	2,616
10	27	48	1,719
10	27	49	6,332
10	27	51	3,543
10	27	52	10,269
10	27	54	3,762
10	27	55	6,883
10	27	56	25,368
10	27	59	6,548
10	27	60	16,783
10	27	68	14,092
10	27	75	2,708
10	27	77	8,324
10	27	78	31,323
10	27	83	17,124
10	27	92	3,451
10	27	93	3,397
10	27	95	23,419
10	27	97	7,97
10	27	100	17,938
10	28	3	27,741
10	28	13	11,652
10	28	15	26,5
10	28	16	6,568
10	28	18	3,306
10	28	20	20,109
10	28	25	1,948
10	28	26	5,102
10	28	27	5,704
10	28	31	39,247
10	28	39	13,502
10	28	45	1,679
10	28	47	9,021
10	28	48	1,041
10	28	49	16,288
10	28	51	4,315
10	28	52	7,702
10	28	54	9,729
10	28	55	5,851
10	28	56	2,659
10	28	59	7,423
10	28	60	3,282
10	28	68	1,674
10	28	75	1,456
10	28	77	9,399
10	28	78	2,946
10	28	83	1,949
10	28	92	0,657
10	28	93	0,811
10	28	95	5,007
10	28	97	8,387
10	28	100	6,882
10	31	3	3,387
10	31	13	7,316
10	31	15	1,012
10	31	16	2,028
10	31	18	5,163
10	31	20	5,342
10	31	25	1,868
10	31	26	3,924
10	31	27	13,568
10	31	28	4,885
10	31	39	6,334
10	31	45	1,623
10	31	47	29,479
10	31	48	5,347
10	31	49	3,813
10	31	51	1,397
10	31	52	7,684
10	31	54	5,754
10	31	55	2,471
10	31	56	3,615
10	31	59	12,21
10	31	60	2,153
10	31	68	0,903
10	31	75	1,249
10	31	77	7,817
10	31	78	0,75
10	31	83	9,378
10	31	92	8,498
10	31	93	2,726
10	31	95	1,959
10	31	97	2,789
10	31	100	1,319
10	39	3	18,204
10	39	13	9,211
10	39	15	5,197
10	39	16	3,889
10	39	18	1,284
10	39	20	20,72
10	39	25	3,312
10	39	26	32,836
10	39	27	2,477
10	39	28	7,531
10	39	31	2,858
10	39	45	5,505
10	39	47	2,08
10	39	48	2,697
10	39	49	7,431
10	39	51	4,483
10	39	52	5,996
10	39	54	1,719
10	39	55	8,761
10	39	56	2,496
10	39	59	2,655
10	39	60	0,705
10	39	68	14,934
10	39	75	2,755
10	39	77	6,353
10	39	78	2,816
10	39	83	1,119
10	39	92	10,459
10	39	93	5,842
10	39	95	22,652
10	39	97	3,881
10	39	100	1,969
10	45	3	1,523
10	45	13	2,075
10	45	15	11,508
10	45	16	7,102
10	45	18	3,22
10	45	20	2,717
10	45	25	18,578
10	45	26	19,699
10	45	27	4,615
10	45	28	0,632
10	45	31	3,597
10	45	39	17,244
10	45	47	2,27
10	45	48	2,067
10	45	49	19,029
10	45	51	3,965
10	45	52	12,473
10	45	54	16,2
10	45	55	5,9
10	45	56	3,748
10	45	59	1,08
10	45	60	2,042
10	45	68	1,318
10	45	75	0,591
10	45	77	24,418
10	45	78	1,56
10	45	83	8,898
10	45	92	16,621
10	45	93	29,611
10	45	95	0,645
10	45	97	12,737
10	45	100	3,778
10	47	3	2,524
10	47	13	3,147
10	47	15	5,299
10	47	16	8,875
10	47	18	5,567
10	47	20	10,227
10	47	25	5,961
10	47	26	0,519
10	47	27	1,885
10	47	28	12,565
10	47	31	3,519
10	47	39	9,097
10	47	45	8,662
10	47	48	0,523
10	47	49	0,535
10	47	51	6,502
10	47	52	4,346
10	47	54	0,592
10	47	55	1,572
10	47	56	4,803
10	47	59	10,539
10	47	60	10,629
10	47	68	4,523
10	47	75	6,988
10	47	77	1,086
10	47	78	3,019
10	47	83	28,612
10	47	92	2,961
10	47	93	0,633
10	47	95	4,372
10	47	97	20,793
10	47	100	4,148
10	48	3	11,651
10	48	13	26,423
10	48	15	5,392
10	48	16	4,698
10	48	18	5,568
10	48	20	4,858
10	48	25	1,905
10	48	26	0,609
10	48	27	17,823
10	48	28	3,337
10	48	31	4,073
10	48	39	2,206
10	48	45	1,038
10	48	47	2,583
10	48	49	2,06
10	48	51	0,799
10	48	52	1,723
10	48	54	3,458
10	48	55	3,948
10	48	56	9,913
10	48	59	9,375
10	48	60	1,287
10	48	68	4,85
10	48	75	0,666
10	48	77	10,867
10	48	78	0,63
10	48	83	11,768
10	48	92	2,19
10	48	93	2,295
10	48	95	0,856
10	48	97	2,746
10	48	100	1,829
10	49	3	9,901
10	49	13	4,699
10	49	15	1
10	49	16	11,631
10	49	18	10,625
10	49	20	15,365
10	49	25	9,417
10	49	26	12,82
10	49	27	7,9
10	49	28	4,404
10	49	31	5,002
10	49	39	7,667
10	49	45	10,047
10	49	47	6,948
10	49	48	3,827
10	49	51	1,095
10	49	52	6,966
10	49	54	2,66
10	49	55	1,043
10	49	56	3,542
10	49	59	2,803
10	49	60	4,502
10	49	68	13,424
10	49	75	1,312
10	49	77	7,22
10	49	78	1,077
10	49	83	7,167
10	49	92	3,895
10	49	93	2,164
10	49	95	2,861
10	49	97	3,092
10	49	100	21,711
10	51	3	12,008
10	51	13	14,478
10	51	15	10,385
10	51	16	3,014
10	51	18	3,065
10	51	20	7,647
10	51	25	1,719
10	51	26	4,687
10	51	27	2,85
10	51	28	1,759
10	51	31	12,732
10	51	39	14,241
10	51	45	6,591
10	51	47	2,401
10	51	48	4,571
10	51	49	3,19
10	51	52	6,372
10	51	54	0,685
10	51	55	9,692
10	51	56	2,638
10	51	59	1,882
10	51	60	1,432
10	51	68	3,737
10	51	75	13,156
10	51	77	5,461
10	51	78	2,013
10	51	83	8,108
10	51	92	26,982
10	51	93	3,577
10	51	95	0,518
10	51	97	0,558
10	51	100	2,668
10	52	3	2,82
10	52	13	2,425
10	52	15	9,645
10	52	16	2,585
10	52	18	1,78
10	52	20	6,092
10	52	25	3,371
10	52	26	0,908
10	52	27	3,024
10	52	28	3,185
10	52	31	5,399
10	52	39	6,752
10	52	45	7,104
10	52	47	1,218
10	52	48	4,041
10	52	49	3,048
10	52	51	16,357
10	52	54	5,688
10	52	55	1,792
10	52	56	6,403
10	52	59	16,211
10	52	60	6,055
10	52	68	4,03
10	52	75	13,083
10	52	77	2,456
10	52	78	1,654
10	52	83	0,517
10	52	92	21,849
10	52	93	6,295
10	52	95	11,8
10	52	97	11,709
10	52	100	3,27
10	54	3	3,777
10	54	13	7,272
10	54	15	2,737
10	54	16	17,286
10	54	18	1,748
10	54	20	2,93
10	54	25	16,352
10	54	26	0,879
10	54	27	12,982
10	54	28	1,126
10	54	31	5,158
10	54	39	11,042
10	54	45	6,458
10	54	47	4,239
10	54	48	4,212
10	54	49	8,939
10	54	51	24,863
10	54	52	3,88
10	54	55	6,716
10	54	56	1,363
10	54	59	16,87
10	54	60	19,164
10	54	68	7,124
10	54	75	13,149
10	54	77	7,121
10	54	78	1,483
10	54	83	9,726
10	54	92	13,598
10	54	93	22,217
10	54	95	1,324
10	54	97	3,738
10	54	100	4,819
10	55	3	0,54
10	55	13	1,963
10	55	15	2,416
10	55	16	6,57
10	55	18	4,196
10	55	20	7,152
10	55	25	2,222
10	55	26	1,591
10	55	27	17,038
10	55	28	8,998
10	55	31	3,662
10	55	39	1,84
10	55	45	2,36
10	55	47	7,675
10	55	48	17,985
10	55	49	16,074
10	55	51	5,953
10	55	52	1,84
10	55	54	4,454
10	55	56	5,408
10	55	59	12,59
10	55	60	7,796
10	55	68	1,013
10	55	75	20,766
10	55	77	6,224
10	55	78	5,686
10	55	83	7,459
10	55	92	1,445
10	55	93	1,207
10	55	95	3,816
10	55	97	6,883
10	55	100	12,089
10	56	3	10,877
10	56	13	9,389
10	56	15	3,117
10	56	16	3,201
10	56	18	0,628
10	56	20	1,055
10	56	25	11,268
10	56	26	1,059
10	56	27	2,22
10	56	28	1,732
10	56	31	0,568
10	56	39	8,454
10	56	45	1,581
10	56	47	1,819
10	56	48	6,923
10	56	49	5,961
10	56	51	4,542
10	56	52	1,836
10	56	54	7,307
10	56	55	26,701
10	56	59	11,807
10	56	60	10,368
10	56	68	4,059
10	56	75	5,814
10	56	77	19,223
10	56	78	9,772
10	56	83	5,762
10	56	92	12,245
10	56	93	4,186
10	56	95	8,376
10	56	97	5,994
10	56	100	1,177
10	59	3	11,796
10	59	13	4,875
10	59	15	20,135
10	59	16	1,144
10	59	18	3,059
10	59	20	11,651
10	59	25	2,178
10	59	26	5,191
10	59	27	1,424
10	59	28	4,534
10	59	31	7,799
10	59	39	3,701
10	59	45	32,443
10	59	47	2,99
10	59	48	2,291
10	59	49	1,509
10	59	51	7,105
10	59	52	3,131
10	59	54	4,968
10	59	55	53,681
10	59	56	4,659
10	59	60	19,116
10	59	68	2,532
10	59	75	4,078
10	59	77	1,48
10	59	78	3,792
10	59	83	3,363
10	59	92	9,52
10	59	93	5,698
10	59	95	0,501
10	59	97	13,121
10	59	100	22,004
10	60	3	1,954
10	60	13	4,544
10	60	15	1,253
10	60	16	4,708
10	60	18	2,182
10	60	20	4,405
10	60	25	2,876
10	60	26	0,746
10	60	27	43,169
10	60	28	9,679
10	60	31	15,93
10	60	39	4,502
10	60	45	4,538
10	60	47	10,757
10	60	48	5,982
10	60	49	10,836
10	60	51	5,442
10	60	52	21,923
10	60	54	1,27
10	60	55	11,412
10	60	56	1,23
10	60	59	0,993
10	60	68	5,297
10	60	75	1,657
10	60	77	1,311
10	60	78	4,12
10	60	83	2,934
10	60	92	1
10	60	93	3,355
10	60	95	3,714
10	60	97	2,554
10	60	100	15,528
10	68	3	32,545
10	68	13	5,382
10	68	15	2,275
10	68	16	1,7
10	68	18	4,988
10	68	20	4,257
10	68	25	7,929
10	68	26	0,639
10	68	27	6,25
10	68	28	1,867
10	68	31	0,706
10	68	39	0,57
10	68	45	11,772
10	68	47	28,706
10	68	48	0,897
10	68	49	7,598
10	68	51	0,519
10	68	52	5,686
10	68	54	0,681
10	68	55	0,95
10	68	56	3,922
10	68	59	16,877
10	68	60	11,635
10	68	75	7,279
10	68	77	13,926
10	68	78	6,56
10	68	83	18,473
10	68	92	7,567
10	68	93	1,177
10	68	95	5,15
10	68	97	6,809
10	68	100	3,361
10	75	3	0,793
10	75	13	47,749
10	75	15	2,572
10	75	16	12,667
10	75	18	3,11
10	75	20	4,263
10	75	25	3,454
10	75	26	3,294
10	75	27	11,55
10	75	28	2,658
10	75	31	13,642
10	75	39	0,611
10	75	45	6,101
10	75	47	2,626
10	75	48	1,781
10	75	49	10,411
10	75	51	5,534
10	75	52	4,836
10	75	54	1,008
10	75	55	1,474
10	75	56	6,863
10	75	59	4,018
10	75	60	3,87
10	75	68	1,876
10	75	77	17,727
10	75	78	14,36
10	75	83	6,48
10	75	92	1,215
10	75	93	4,457
10	75	95	8,623
10	75	97	2,093
10	75	100	6,391
10	77	3	16,564
10	77	13	3,702
10	77	15	13,022
10	77	16	6,763
10	77	18	2,678
10	77	20	12,046
10	77	25	3,143
10	77	26	5,496
10	77	27	8,099
10	77	28	8,817
10	77	31	3,716
10	77	39	10,917
10	77	45	9,616
10	77	47	9,987
10	77	48	5
10	77	49	0,783
10	77	51	1,36
10	77	52	2,259
10	77	54	1,908
10	77	55	10,897
10	77	56	1,284
10	77	59	11,474
10	77	60	0,624
10	77	68	10,301
10	77	75	2,892
10	77	78	6,003
10	77	83	3,358
10	77	92	5,572
10	77	93	1,591
10	77	95	7,595
10	77	97	2,309
10	77	100	26,658
10	78	3	23,3
10	78	13	18,231
10	78	15	4,8
10	78	16	7,93
10	78	18	9,745
10	78	20	2,192
10	78	25	9,879
10	78	26	7,201
10	78	27	4,738
10	78	28	9,519
10	78	31	1,586
10	78	39	1,038
10	78	45	11,216
10	78	47	2,128
10	78	48	0,571
10	78	49	5,099
10	78	51	3,136
10	78	52	6,683
10	78	54	1,049
10	78	55	1,391
10	78	56	0,893
10	78	59	11,348
10	78	60	24,262
10	78	68	4,142
10	78	75	0,69
10	78	77	38,099
10	78	83	8,203
10	78	92	2,742
10	78	93	2,08
10	78	95	1,158
10	78	97	13,568
10	78	100	42,149
10	83	3	2,855
10	83	13	7,308
10	83	15	4,689
10	83	16	6,509
10	83	18	20,53
10	83	20	7,076
10	83	25	5,323
10	83	26	17,805
10	83	27	4,46
10	83	28	3,968
10	83	31	2,47
10	83	39	12,958
10	83	45	27,415
10	83	47	3,453
10	83	48	8,314
10	83	49	2,643
10	83	51	5,924
10	83	52	1,309
10	83	54	10,513
10	83	55	3,865
10	83	56	2,451
10	83	59	1,841
10	83	60	4,752
10	83	68	24,082
10	83	75	1,037
10	83	77	0,672
10	83	78	8,616
10	83	92	1,624
10	83	93	9,447
10	83	95	4,309
10	83	97	5,657
10	83	100	17,471
10	92	3	2,039
10	92	13	19,538
10	92	15	3,907
10	92	16	4,363
10	92	18	10,371
10	92	20	8,545
10	92	25	1,463
10	92	26	6,036
10	92	27	1,326
10	92	28	23,831
10	92	31	5,308
10	92	39	1,023
10	92	45	1,396
10	92	47	4,663
10	92	48	4,389
10	92	49	3,412
10	92	51	3,151
10	92	52	15,583
10	92	54	10,659
10	92	55	1,62
10	92	56	2,361
10	92	59	9,871
10	92	60	1,618
10	92	68	9,944
10	92	75	15,215
10	92	77	2,213
10	92	78	5,906
10	92	83	8,943
10	92	93	8,33
10	92	95	0,944
10	92	97	1,022
10	92	100	0,507
10	93	3	0,712
10	93	13	5,653
10	93	15	9,866
10	93	16	3,178
10	93	18	5,302
10	93	20	6,52
10	93	25	15,87
10	93	26	4,213
10	93	27	3,048
10	93	28	3,049
10	93	31	9,02
10	93	39	1,037
10	93	45	1,114
10	93	47	20,571
10	93	48	6,53
10	93	49	3,102
10	93	51	4,601
10	93	52	2,142
10	93	54	5,63
10	93	55	2,232
10	93	56	14,619
10	93	59	2,107
10	93	60	2,666
10	93	68	5,896
10	93	75	9,29
10	93	77	15,6
10	93	78	11,664
10	93	83	0,506
10	93	92	18,48
10	93	95	1,559
10	93	97	24,548
10	93	100	8,523
10	95	3	1,157
10	95	13	4,673
10	95	15	4,663
10	95	16	2,855
10	95	18	1,561
10	95	20	2,558
10	95	25	2,58
10	95	26	0,886
10	95	27	8,777
10	95	28	9,08
10	95	31	32,093
10	95	39	1,861
10	95	45	0,641
10	95	47	1,762
10	95	48	2,687
10	95	49	0,541
10	95	51	1,144
10	95	52	0,531
10	95	54	1,592
10	95	55	3,507
10	95	56	9,175
10	95	59	3,866
10	95	60	3,964
10	95	68	1,318
10	95	75	1,25
10	95	77	6,575
10	95	78	0,855
10	95	83	7,11
10	95	92	2,927
10	95	93	12,395
10	95	97	1,237
10	95	100	4,677
10	97	3	3,157
10	97	13	9,625
10	97	15	23,337
10	97	16	1,763
10	97	18	5,34
10	97	20	8,567
10	97	25	2,294
10	97	26	2,204
10	97	27	6,582
10	97	28	2,173
10	97	31	1,672
10	97	39	55,95
10	97	45	14,251
10	97	47	3,143
10	97	48	12,595
10	97	49	2,513
10	97	51	4,573
10	97	52	0,865
10	97	54	2,469
10	97	55	55,653
10	97	56	5,266
10	97	59	3,183
10	97	60	3,987
10	97	68	1,01
10	97	75	4,546
10	97	77	0,874
10	97	78	7,091
10	97	83	1,229
10	97	92	2,078
10	97	93	11,463
10	97	95	18,363
10	97	100	1,466
10	100	3	0,611
10	100	13	3,438
10	100	15	7,461
10	100	16	6,001
10	100	18	2,003
10	100	20	24,506
10	100	25	6,412
10	100	26	3,489
10	100	27	4,801
10	100	28	13,07
10	100	31	6,055
10	100	39	1,275
10	100	45	0,532
10	100	47	21,485
10	100	48	5,108
10	100	49	12,572
10	100	51	3,892
10	100	52	7,616
10	100	54	2,7
10	100	55	13,574
10	100	56	2,489
10	100	59	6,295
10	100	60	0,552
10	100	68	7,332
10	100	75	4,077
10	100	77	9,837
10	100	78	18,344
10	100	83	2,093
10	100	92	9,775
10	100	93	1,324
10	100	95	1,039
10	100	97	7,17

