#num jobs
100
#num machines
10

#jobId machId procTime energyCons
1	10	18,16	248,43
1	8	19,41	20,79
1	3	9,73	100,77
1	2	193,61	1208,95
2	3	0,88	9,11
3	9	6,48	76,59
3	8	9,95	10,66
3	1	4,66	32,01
4	10	0,47	6,36
4	8	9,58	10,26
4	6	2,41	32,82
4	2	46,7	291,6
5	1	8,17	56,17
6	8	7,52	8,06
6	9	3,84	45,43
6	10	57,92	792,51
7	6	413,22	5637,93
7	7	5,03	26,43
8	2	13,23	82,6
9	1	8,76	60,22
9	4	3,93	20,06
9	5	10,21	64,18
9	6	10,14	138,28
9	8	4,15	4,44
9	9	27,74	327,94
10	9	3,05	36,11
10	3	6,45	66,87
11	7	9,19	48,27
11	8	0,71	0,76
12	10	54,91	751,31
12	5	7,08	44,52
13	2	38,39	239,68
14	9	3,2	37,87
14	3	45,11	467,43
15	6	267,7	3652,54
15	8	2,82	3,02
16	1	3,91	26,88
16	5	3,59	22,56
16	7	22,59	118,67
17	10	4,86	66,48
17	7	12,34	64,83
17	2	9,94	62,05
18	9	3,85	45,45
19	10	30,48	417,01
20	2	77,72	485,31
21	8	0,99	1,06
21	4	2,67	13,65
22	6	17,09	233,12
22	5	24,85	156,15
23	2	12,44	77,66
24	8	45,56	48,8
24	1	8,93	61,38
25	2	2,68	16,75
25	5	7,22	45,39
25	9	11,43	135,05
26	10	3,84	52,6
26	7	7,64	40,12
26	5	23,88	150,05
26	4	84,35	430,47
26	3	2,82	29,22
26	2	6,77	42,26
26	1	2,85	19,62
27	1	15,89	109,22
27	2	2,73	17,06
27	4	4,48	22,87
27	8	19,36	20,73
28	8	892,59	956,05
28	6	1,38	18,84
28	2	143,08	893,44
28	1	0,52	3,58
29	1	18,14	124,66
29	2	781,49	4879,78
29	6	66,98	913,87
30	1	1,41	9,72
30	2	14,82	92,56
30	7	9,07	47,64
30	8	1,45	1,55
30	9	40,38	477,32
31	1	3,59	24,69
31	3	6,02	62,35
31	6	85,86	1171,51
31	10	2,37	32,47
32	2	4,46	27,84
33	6	6,99	95,34
34	8	22,88	24,5
34	6	2,29	31,21
35	10	12,14	166,1
35	7	13,97	73,37
35	4	5,78	29,52
36	9	4,39	51,95
36	6	9,83	134,11
36	1	5,97	41,03
37	10	17,87	244,51
37	7	17,21	90,39
37	2	9,65	60,27
37	1	19,54	134,29
38	4	60	306,19
38	10	54,81	749,92
39	2	24279,82	151608,83
40	1	4,88	33,57
41	1	9,75	67,04
41	3	5,59	57,92
41	4	13,41	68,41
41	5	35,71	224,41
41	8	15,35	16,44
42	9	6,77	79,97
42	7	5,39	28,33
43	1	12,81	88,04
43	2	157,98	986,44
43	5	36,74	230,86
44	2	12,8	79,9
44	3	2,16	22,4
45	4	30,11	153,63
45	3	11,34	117,54
45	1	4,33	29,79
46	3	4,5	46,62
47	5	2,18	13,7
48	3	63,52	658,18
49	8	6,23	6,67
50	3	2,97	30,78
50	4	14,47	73,82
51	10	4,27	58,48
51	8	11,6	12,42
51	7	35,73	187,67
52	1	158,5	1089,5
52	8	107,17	114,79
52	10	11,53	157,7
53	7	36,34	190,89
53	5	118,06	741,93
53	2	10,29	64,25
54	1	0,84	5,78
55	8	21,1	22,6
55	4	16,93	86,39
55	2	28,6	178,59
56	7	3,56	18,7
56	9	3,36	39,66
57	1	7,59	52,17
57	4	42,74	218,1
57	6	12,93	176,4
58	6	5,27	71,84
58	4	0,94	4,8
58	3	17,54	181,78
59	10	4,96	67,91
59	9	11	129,99
59	7	7,93	41,66
59	5	5,38	33,82
59	4	139,92	714,02
59	3	2,98	30,93
60	10	21,04	287,86
60	6	3,58	48,81
60	5	8629,12	54228,32
60	3	6,99	72,4
61	8	5,14	5,51
62	2	5,23	32,65
62	10	5,44	74,37
63	2	7,89	49,27
63	7	23,31	122,45
64	5	5,42	34,05
64	10	203,18	2779,96
65	10	25,56	349,68
65	9	11,09	131,03
65	5	15,6	98,01
65	3	180,2	1867,08
65	2	0,88	5,46
66	1	1,53	10,53
67	4	2,52	12,87
67	8	5,01	5,36
68	2	10,69	66,77
69	10	2,39	32,71
69	3	81,62	845,68
70	8	13,64	14,61
71	9	64,78	765,7
72	10	8,75	119,73
72	9	2,72	32,2
72	2	0,18	1,13
72	1	21,37	146,89
73	3	-0,08	-0,87
73	7	8,86	46,53
73	8	2,07	2,22
73	9	3,89	45,93
74	7	102,89	540,44
74	4	5,27	26,91
75	5	36,82	231,37
75	8	64,47	69,05
76	6	1,44	19,65
77	2	9,75	60,89
77	8	12,1	12,96
78	10	8,43	115,31
78	8	5,22	5,59
79	6	12,54	171,04
79	5	4,28	26,9
79	1	5,34	36,69
80	2	7,14	44,61
80	6	14,6	199,24
81	3	11,57	119,84
82	9	2,48	29,27
82	6	9,56	130,39
82	5	8,44	53,07
82	3	3,24	33,59
83	6	314,33	4288,76
84	2	1,86	11,62
84	4	14,41	73,55
84	6	2,91	39,67
85	4	0,73	3,74
86	5	1,26	7,95
86	4	1,95	9,95
86	3	6,55	67,88
87	10	5,67	77,61
87	7	108,33	568,99
87	2	3,99	24,94
88	1	6,89	47,39
88	2	10,7	66,84
88	6	3,94	53,74
89	8	2,13	2,28
89	6	7,45	101,6
89	4	74,39	379,62
90	7	2,19	11,48
90	6	6,8	92,73
90	2	45,89	286,56
91	6	43,12	588,37
92	4	119,21	608,35
92	5	3,89	24,46
93	6	74,62	1018,08
93	4	80,22	409,38
93	3	469,73	4866,95
94	4	-0,02	-0,11
94	3	14,54	150,65
95	1	2,67	18,38
96	2	16,95	105,84
97	10	16,12	220,6
97	6	2,64	35,97
97	3	22,01	228,07
97	1	27,09	186,23
98	1	2,31	15,91
98	3	22,44	232,53
99	1	56,58	388,89
100	1	10,89	74,86
100	2	17,02	106,26
100	8	6,37	6,83

#jobId ddate weight rdate
1	2044,196	16	1445,093
2	1989,462	43	1589,362
3	1690,569	20	3209,3
4	1846,197	33	3310,745
5	2058,724	17	1448,501
6	1627,767	37	4755,23
7	1954,473	1	5747,57
8	1756,562	45	2923,064
9	1855,872	25	669,145
10	1273,098	17	884,819
11	1825,115	44	468,417
12	1254,625	49	620,986
13	1857,201	47	1433,105
14	1625,965	44	4459,439
15	1426,422	42	5726,518
16	2042,026	24	3663,87
17	1808,503	31	4650,321
18	1344,759	20	737,259
19	1689,288	37	2013,44
20	1575,671	8	935,131
21	1549,599	20	2922,293
22	1293,578	25	147,575
23	1879,8	7	5628,691
24	1530,111	29	4194,242
25	1905,577	11	2299,553
26	1336,119	26	2310,975
27	1290,334	24	4497,206
28	1272,148	18	2052,453
29	1835,583	47	3362,492
30	1646,212	38	2757,645
31	1445,714	5	1970,712
32	1894,677	13	534,56
33	1653,1	48	929,909
34	1540,703	33	1135,578
35	1514,115	4	1948,742
36	1277,264	36	1874,561
37	1396,487	47	2472,185
38	1432,273	19	1997,356
39	1802,196	8	1942,161
40	1284,304	22	2006,254
41	1687,371	25	1635,119
42	1560,057	19	590,78
43	1646,368	15	76,297
44	2035,957	12	3581,412
45	1702,657	29	4047,705
46	1924,401	1	4106,516
47	1468,447	13	3908,229
48	1427,697	3	1748,075
49	1915,113	49	94,088
50	1822,925	38	647,37
51	1338,248	40	2581,577
52	1670,572	45	4773,608
53	1380,692	12	5478,69
54	1819,037	16	3216,556
55	1596,204	40	1323,997
56	1831,73	32	3907,594
57	1911,042	31	4944,846
58	1352,365	33	4511,28
59	1399,695	49	1817,716
60	1612,288	5	3314,888
61	1564,372	45	4564,389
62	1696,146	9	4883,965
63	1593,977	43	224,598
64	1794,514	38	3805,963
65	1892,352	6	3346,156
66	2027,197	4	4620,74
67	1442,159	17	583,683
68	1532,019	13	5183,465
69	1351,026	33	5701,462
70	1360,865	25	1896,138
71	2016,304	19	4179,117
72	1365,957	38	1782,658
73	1581,395	19	5100,69
74	1770,236	32	1664,272
75	1882,324	10	815,699
76	1958,362	10	2020,38
77	1701,009	26	1407,771
78	1994,811	24	1190,899
79	1858,661	44	226,47
80	1775,261	43	2415,838
81	1661,424	35	1631,781
82	1545,559	46	4247,754
83	1566,391	14	3684,764
84	1534,276	45	3120,614
85	1812,068	40	3503,749
86	1829,214	37	3348,15
87	1294,908	32	1548,935
88	1629,412	5	3419,278
89	2065,621	26	150,447
90	1990,473	14	2351,357
91	1967,422	23	4443,219
92	1679,749	1	761,685
93	2007,852	21	2357,35
94	1458,923	35	2743,796
95	2014,62	35	1167,13
96	1739,663	30	1279,206
97	1787,46	23	206,13
98	1359,124	8	3362,477
99	1428,876	34	224,081
100	1762,972	35	2159,857

#machId jobPred jobSucc setupTime
1	3	5	1,031
1	3	9	8,856
1	3	16	16,767
1	3	24	11,999
1	3	26	8,442
1	3	27	1,431
1	3	28	1,959
1	3	29	2,155
1	3	30	4,142
1	3	31	15,807
1	3	36	3,283
1	3	37	1,825
1	3	40	2,288
1	3	41	10,888
1	3	43	5,745
1	3	45	4,468
1	3	52	2,641
1	3	54	5,473
1	3	57	15,995
1	3	66	8,246
1	3	72	2,41
1	3	79	1,864
1	3	88	8,727
1	3	95	2,492
1	3	97	0,592
1	3	98	2,073
1	3	99	8,385
1	3	100	0,743
1	5	3	4,445
1	5	9	3,769
1	5	16	2,934
1	5	24	2,398
1	5	26	4,267
1	5	27	1,389
1	5	28	4,036
1	5	29	6,836
1	5	30	3,403
1	5	31	0,634
1	5	36	1,156
1	5	37	3,455
1	5	40	16,412
1	5	41	3,819
1	5	43	1,272
1	5	45	1,338
1	5	52	5,48
1	5	54	3,869
1	5	57	14,075
1	5	66	3,569
1	5	72	2,622
1	5	79	144,669
1	5	88	8,393
1	5	95	1,024
1	5	97	1,669
1	5	98	2,301
1	5	99	10,687
1	5	100	6,23
1	9	3	1,489
1	9	5	9,102
1	9	16	17,042
1	9	24	1,863
1	9	26	1,2
1	9	27	0,569
1	9	28	11,245
1	9	29	2,048
1	9	30	7,264
1	9	31	3,821
1	9	36	7,873
1	9	37	6,204
1	9	40	1,466
1	9	41	4,837
1	9	43	4,704
1	9	45	6,545
1	9	52	1,67
1	9	54	1,441
1	9	57	2,207
1	9	66	30,668
1	9	72	6,266
1	9	79	2,984
1	9	88	7,206
1	9	95	13,621
1	9	97	12,319
1	9	98	16,729
1	9	99	10,311
1	9	100	0,843
1	16	3	3,568
1	16	5	17,89
1	16	9	0,582
1	16	24	1,349
1	16	26	0,592
1	16	27	3,706
1	16	28	1,565
1	16	29	1,037
1	16	30	1,2
1	16	31	5,779
1	16	36	5,074
1	16	37	4,615
1	16	40	11,692
1	16	41	1,448
1	16	43	5,612
1	16	45	4,465
1	16	52	5,767
1	16	54	3,252
1	16	57	3,202
1	16	66	8,526
1	16	72	1,518
1	16	79	0,797
1	16	88	0,56
1	16	95	6,84
1	16	97	10,602
1	16	98	5,469
1	16	99	9,23
1	16	100	6,982
1	24	3	0,668
1	24	5	2,828
1	24	9	0,705
1	24	16	69,802
1	24	26	1,54
1	24	27	5,001
1	24	28	0,649
1	24	29	25,795
1	24	30	17,88
1	24	31	1,899
1	24	36	4,446
1	24	37	7,354
1	24	40	0,581
1	24	41	9,779
1	24	43	2,881
1	24	45	0,668
1	24	52	1,969
1	24	54	7,054
1	24	57	3,685
1	24	66	3,302
1	24	72	8,987
1	24	79	10,838
1	24	88	1,464
1	24	95	3,368
1	24	97	5,36
1	24	98	1,612
1	24	99	3,576
1	24	100	2,867
1	26	3	4,628
1	26	5	2,517
1	26	9	8,149
1	26	16	7,733
1	26	24	5,671
1	26	27	0,613
1	26	28	7,276
1	26	29	14,069
1	26	30	8,978
1	26	31	0,626
1	26	36	7,26
1	26	37	21,784
1	26	40	2,564
1	26	41	3,875
1	26	43	1,696
1	26	45	4,553
1	26	52	1,553
1	26	54	6,253
1	26	57	1,137
1	26	66	15,048
1	26	72	2,152
1	26	79	9,132
1	26	88	3,207
1	26	95	8,342
1	26	97	2,957
1	26	98	11,326
1	26	99	12,518
1	26	100	10,414
1	27	3	2,123
1	27	5	39,221
1	27	9	4,313
1	27	16	5,461
1	27	24	0,977
1	27	26	2,558
1	27	28	1,5
1	27	29	3,275
1	27	30	6,992
1	27	31	2,153
1	27	36	4,915
1	27	37	1,769
1	27	40	5,81
1	27	41	8,133
1	27	43	5,414
1	27	45	4,162
1	27	52	2,923
1	27	54	21,129
1	27	57	1,033
1	27	66	2,513
1	27	72	3,764
1	27	79	4,03
1	27	88	5,578
1	27	95	5,626
1	27	97	2,246
1	27	98	1,439
1	27	99	5,069
1	27	100	6,502
1	28	3	4,302
1	28	5	8,955
1	28	9	13,517
1	28	16	5,531
1	28	24	1,59
1	28	26	1,437
1	28	27	7,677
1	28	29	5,378
1	28	30	14,767
1	28	31	1,754
1	28	36	16,96
1	28	37	10,155
1	28	40	0,992
1	28	41	2,028
1	28	43	4,505
1	28	45	9,715
1	28	52	9,37
1	28	54	15,015
1	28	57	8,719
1	28	66	8,82
1	28	72	0,508
1	28	79	4,765
1	28	88	0,838
1	28	95	25,486
1	28	97	5,303
1	28	98	8,475
1	28	99	19,469
1	28	100	17,245
1	29	3	9,398
1	29	5	7,833
1	29	9	10,488
1	29	16	14,158
1	29	24	1,488
1	29	26	19,973
1	29	27	0,997
1	29	28	3,249
1	29	30	12,084
1	29	31	20,017
1	29	36	20,153
1	29	37	2,647
1	29	40	0,879
1	29	41	11,703
1	29	43	0,972
1	29	45	2,078
1	29	52	1,488
1	29	54	7,829
1	29	57	9,255
1	29	66	5,167
1	29	72	1,503
1	29	79	3,936
1	29	88	15,702
1	29	95	1,643
1	29	97	5,778
1	29	98	0,976
1	29	99	8,47
1	29	100	0,804
1	30	3	0,776
1	30	5	9,011
1	30	9	2,592
1	30	16	2,158
1	30	24	7,44
1	30	26	3,739
1	30	27	2,886
1	30	28	5,989
1	30	29	2,095
1	30	31	7,197
1	30	36	7,527
1	30	37	2,49
1	30	40	9,115
1	30	41	14,536
1	30	43	8,915
1	30	45	2,686
1	30	52	11,434
1	30	54	2,666
1	30	57	1,394
1	30	66	4,466
1	30	72	16,317
1	30	79	3,283
1	30	88	15,673
1	30	95	1,328
1	30	97	7,866
1	30	98	12,64
1	30	99	3,061
1	30	100	14,747
1	31	3	1,637
1	31	5	0,929
1	31	9	4,155
1	31	16	4,946
1	31	24	4,782
1	31	26	2,844
1	31	27	7,08
1	31	28	9,238
1	31	29	5,724
1	31	30	11,587
1	31	36	10,749
1	31	37	9,747
1	31	40	1,721
1	31	41	0,576
1	31	43	2,141
1	31	45	7,917
1	31	52	1,761
1	31	54	0,985
1	31	57	6,234
1	31	66	2,439
1	31	72	5,583
1	31	79	4,39
1	31	88	6,409
1	31	95	15,228
1	31	97	3,064
1	31	98	0,626
1	31	99	3,722
1	31	100	0,516
1	36	3	2,166
1	36	5	8,996
1	36	9	4,477
1	36	16	2,509
1	36	24	5,916
1	36	26	0,685
1	36	27	2,103
1	36	28	14,701
1	36	29	5,673
1	36	30	22,036
1	36	31	8,71
1	36	37	1,206
1	36	40	3,249
1	36	41	1,948
1	36	43	6,938
1	36	45	1,103
1	36	52	4,322
1	36	54	10,869
1	36	57	9,025
1	36	66	13,367
1	36	72	4,507
1	36	79	19,728
1	36	88	12,551
1	36	95	1,186
1	36	97	3,531
1	36	98	12,653
1	36	99	3,094
1	36	100	1,487
1	37	3	1,562
1	37	5	9,43
1	37	9	7,405
1	37	16	1,415
1	37	24	7,199
1	37	26	7,026
1	37	27	12,138
1	37	28	2,403
1	37	29	5,204
1	37	30	4,118
1	37	31	2,235
1	37	36	3,658
1	37	40	4,495
1	37	41	4,441
1	37	43	3,168
1	37	45	4,189
1	37	52	34,637
1	37	54	1,393
1	37	57	2,726
1	37	66	20,777
1	37	72	4,464
1	37	79	1,417
1	37	88	0,729
1	37	95	11,156
1	37	97	6,582
1	37	98	3,508
1	37	99	4,599
1	37	100	8,892
1	40	3	0,643
1	40	5	2,948
1	40	9	12,5
1	40	16	25,81
1	40	24	6,937
1	40	26	1,099
1	40	27	3,407
1	40	28	1,334
1	40	29	2,818
1	40	30	5,291
1	40	31	1,157
1	40	36	6,065
1	40	37	7,574
1	40	41	0,846
1	40	43	7,165
1	40	45	24,127
1	40	52	0,613
1	40	54	2,258
1	40	57	6,259
1	40	66	2,243
1	40	72	5,771
1	40	79	0,609
1	40	88	15,903
1	40	95	3,733
1	40	97	1,98
1	40	98	7,948
1	40	99	4,363
1	40	100	9,599
1	41	3	4,154
1	41	5	3,748
1	41	9	3,03
1	41	16	13,815
1	41	24	1,813
1	41	26	0,769
1	41	27	7,648
1	41	28	16,856
1	41	29	0,853
1	41	30	0,94
1	41	31	7,766
1	41	36	5,266
1	41	37	1,734
1	41	40	8,775
1	41	43	7,083
1	41	45	3,356
1	41	52	3,862
1	41	54	8,208
1	41	57	2,852
1	41	66	7,456
1	41	72	7,188
1	41	79	6,198
1	41	88	7,664
1	41	95	20,246
1	41	97	17,085
1	41	98	1,167
1	41	99	43,899
1	41	100	5,173
1	43	3	2,398
1	43	5	0,538
1	43	9	1,79
1	43	16	5,325
1	43	24	9,536
1	43	26	7,499
1	43	27	1,581
1	43	28	1,674
1	43	29	9,766
1	43	30	11,599
1	43	31	1,291
1	43	36	1,916
1	43	37	3,703
1	43	40	14,959
1	43	41	6,796
1	43	45	19,508
1	43	52	3,507
1	43	54	4,015
1	43	57	0,807
1	43	66	3,485
1	43	72	1,535
1	43	79	17,544
1	43	88	5,257
1	43	95	1,28
1	43	97	27,813
1	43	98	1,751
1	43	99	3,361
1	43	100	5,234
1	45	3	2,186
1	45	5	4,719
1	45	9	1,36
1	45	16	8,685
1	45	24	1,402
1	45	26	2,418
1	45	27	7,073
1	45	28	18,964
1	45	29	0,627
1	45	30	9,528
1	45	31	16,204
1	45	36	2,843
1	45	37	2,467
1	45	40	4,635
1	45	41	1,665
1	45	43	9,813
1	45	52	3,832
1	45	54	5,366
1	45	57	1,664
1	45	66	4,19
1	45	72	3,785
1	45	79	3,823
1	45	88	17,377
1	45	95	0,975
1	45	97	1,507
1	45	98	4,655
1	45	99	10,484
1	45	100	4,593
1	52	3	8,044
1	52	5	3,957
1	52	9	4,87
1	52	16	1,615
1	52	24	7,465
1	52	26	7,36
1	52	27	8,857
1	52	28	12,842
1	52	29	7,776
1	52	30	4,086
1	52	31	1,478
1	52	36	2,269
1	52	37	0,761
1	52	40	3,12
1	52	41	12,725
1	52	43	0,511
1	52	45	4,399
1	52	54	1,993
1	52	57	1,57
1	52	66	5,061
1	52	72	2,935
1	52	79	2,988
1	52	88	2,278
1	52	95	12,851
1	52	97	2,197
1	52	98	4,105
1	52	99	1,455
1	52	100	4,093
1	54	3	0,724
1	54	5	23,022
1	54	9	10,644
1	54	16	13,91
1	54	24	4,076
1	54	26	1,363
1	54	27	7,969
1	54	28	1,652
1	54	29	1,198
1	54	30	0,548
1	54	31	15,423
1	54	36	0,734
1	54	37	0,604
1	54	40	9,409
1	54	41	1,155
1	54	43	6,402
1	54	45	3,832
1	54	52	11,079
1	54	57	4,391
1	54	66	3,537
1	54	72	10,116
1	54	79	24,845
1	54	88	2,272
1	54	95	4,02
1	54	97	21,282
1	54	98	0,558
1	54	99	1,324
1	54	100	4,831
1	57	3	1,057
1	57	5	6,165
1	57	9	2,841
1	57	16	36,431
1	57	24	1,964
1	57	26	3,044
1	57	27	1,459
1	57	28	8,261
1	57	29	10,088
1	57	30	6,699
1	57	31	12,014
1	57	36	2,737
1	57	37	7,53
1	57	40	8,673
1	57	41	12,139
1	57	43	1,77
1	57	45	2,03
1	57	52	18,218
1	57	54	2,202
1	57	66	13,135
1	57	72	2,166
1	57	79	1,398
1	57	88	6,754
1	57	95	1,112
1	57	97	4,251
1	57	98	1,223
1	57	99	2,771
1	57	100	2,913
1	66	3	0,555
1	66	5	17,374
1	66	9	3,442
1	66	16	8,562
1	66	24	5,394
1	66	26	7,172
1	66	27	1,803
1	66	28	19,17
1	66	29	14,985
1	66	30	3,153
1	66	31	4,262
1	66	36	2,493
1	66	37	3,298
1	66	40	3,171
1	66	41	5,47
1	66	43	1,089
1	66	45	2,122
1	66	52	1,348
1	66	54	12,007
1	66	57	1,805
1	66	72	5,792
1	66	79	14,675
1	66	88	11,548
1	66	95	5,457
1	66	97	11,688
1	66	98	3,839
1	66	99	4,372
1	66	100	20,541
1	72	3	2,827
1	72	5	3,663
1	72	9	7,861
1	72	16	17,49
1	72	24	10,657
1	72	26	2,308
1	72	27	3,636
1	72	28	1,46
1	72	29	10,493
1	72	30	13,306
1	72	31	20,043
1	72	36	2,663
1	72	37	2,962
1	72	40	1,806
1	72	41	3,228
1	72	43	11,967
1	72	45	4,733
1	72	52	2,155
1	72	54	5,588
1	72	57	3,592
1	72	66	7,356
1	72	79	16,255
1	72	88	2,259
1	72	95	4,035
1	72	97	18,768
1	72	98	4,235
1	72	99	32,125
1	72	100	1,728
1	79	3	3,563
1	79	5	1,055
1	79	9	4,019
1	79	16	2,753
1	79	24	4,091
1	79	26	1,642
1	79	27	0,874
1	79	28	2,206
1	79	29	9,878
1	79	30	1,445
1	79	31	6,35
1	79	36	5,056
1	79	37	0,515
1	79	40	4,777
1	79	41	2,451
1	79	43	3,32
1	79	45	9,45
1	79	52	6,725
1	79	54	6,48
1	79	57	3,768
1	79	66	10,851
1	79	72	0,67
1	79	88	6,775
1	79	95	3,739
1	79	97	2,547
1	79	98	4,04
1	79	99	17,247
1	79	100	1,283
1	88	3	0,724
1	88	5	1,996
1	88	9	15,67
1	88	16	7,846
1	88	24	4,196
1	88	26	6,621
1	88	27	3,3
1	88	28	3,392
1	88	29	4,423
1	88	30	21,155
1	88	31	9,5
1	88	36	11,085
1	88	37	2,086
1	88	40	4,228
1	88	41	1,09
1	88	43	4,445
1	88	45	2,798
1	88	52	20,537
1	88	54	18,651
1	88	57	2,701
1	88	66	1,509
1	88	72	14,398
1	88	79	2,983
1	88	95	4,022
1	88	97	0,588
1	88	98	4,584
1	88	99	3,895
1	88	100	10,746
1	95	3	8,854
1	95	5	4,503
1	95	9	0,724
1	95	16	9,743
1	95	24	1,977
1	95	26	1,976
1	95	27	2,585
1	95	28	6,789
1	95	29	5,342
1	95	30	5,322
1	95	31	2,242
1	95	36	5,746
1	95	37	1,626
1	95	40	12,228
1	95	41	11,847
1	95	43	14,88
1	95	45	1,921
1	95	52	2,368
1	95	54	1,448
1	95	57	2,061
1	95	66	2,731
1	95	72	6,935
1	95	79	5,933
1	95	88	7,795
1	95	97	1,635
1	95	98	3,635
1	95	99	10,145
1	95	100	5,507
1	97	3	6,605
1	97	5	0,834
1	97	9	31,837
1	97	16	2,157
1	97	24	3,211
1	97	26	1,135
1	97	27	0,839
1	97	28	6,736
1	97	29	3,407
1	97	30	2,56
1	97	31	1,942
1	97	36	9,156
1	97	37	8,037
1	97	40	0,783
1	97	41	0,817
1	97	43	1,384
1	97	45	4,266
1	97	52	0,574
1	97	54	0,617
1	97	57	2,725
1	97	66	4,513
1	97	72	6,94
1	97	79	0,582
1	97	88	5,624
1	97	95	0,629
1	97	98	3,131
1	97	99	11,924
1	97	100	5,843
1	98	3	2,799
1	98	5	12,223
1	98	9	4,313
1	98	16	7,126
1	98	24	1,229
1	98	26	8,197
1	98	27	28,29
1	98	28	4,047
1	98	29	15,936
1	98	30	26,669
1	98	31	12,21
1	98	36	0,752
1	98	37	5,587
1	98	40	1,272
1	98	41	7,88
1	98	43	1,767
1	98	45	10,917
1	98	52	7,295
1	98	54	10,018
1	98	57	2,325
1	98	66	2,001
1	98	72	1,773
1	98	79	8,481
1	98	88	1,78
1	98	95	3,918
1	98	97	6,187
1	98	99	1,169
1	98	100	2,153
1	99	3	20,165
1	99	5	1,651
1	99	9	24,021
1	99	16	5,07
1	99	24	11,33
1	99	26	9,622
1	99	27	17,02
1	99	28	19,366
1	99	29	1,998
1	99	30	0,827
1	99	31	1,859
1	99	36	4,256
1	99	37	6,33
1	99	40	6,525
1	99	41	22,234
1	99	43	2,271
1	99	45	6,031
1	99	52	0,883
1	99	54	2,857
1	99	57	3,668
1	99	66	11,12
1	99	72	1,224
1	99	79	1,628
1	99	88	3,991
1	99	95	7,059
1	99	97	0,934
1	99	98	2,054
1	99	100	7,088
1	100	3	1,187
1	100	5	47,906
1	100	9	15,602
1	100	16	5,125
1	100	24	0,825
1	100	26	3,937
1	100	27	3,128
1	100	28	0,6
1	100	29	1,236
1	100	30	6,106
1	100	31	20,223
1	100	36	3,538
1	100	37	2,164
1	100	40	3,348
1	100	41	10,249
1	100	43	2,168
1	100	45	1,061
1	100	52	0,867
1	100	54	6,381
1	100	57	8,793
1	100	66	1,172
1	100	72	2,839
1	100	79	6,522
1	100	88	6,05
1	100	95	2,017
1	100	97	3,481
1	100	98	1,487
1	100	99	16,125
2	1	4	1,37
2	1	8	23,41
2	1	13	0,839
2	1	17	1,305
2	1	20	0,534
2	1	23	0,726
2	1	25	7,22
2	1	26	19,834
2	1	27	5,985
2	1	28	3,495
2	1	29	8,107
2	1	30	12,668
2	1	32	0,595
2	1	37	3,807
2	1	39	2,504
2	1	43	6,557
2	1	44	2,255
2	1	53	6,006
2	1	55	1,946
2	1	62	2,448
2	1	63	0,698
2	1	65	15,398
2	1	68	2,32
2	1	72	1,916
2	1	77	4,673
2	1	80	1,992
2	1	84	7,867
2	1	87	2,446
2	1	88	5,716
2	1	90	2,047
2	1	96	3,404
2	1	100	0,602
2	4	1	27,663
2	4	8	15,176
2	4	13	5,908
2	4	17	7,126
2	4	20	22,13
2	4	23	8,234
2	4	25	5,605
2	4	26	6,445
2	4	27	2,045
2	4	28	9,926
2	4	29	1,418
2	4	30	1,91
2	4	32	7,954
2	4	37	5,165
2	4	39	1,999
2	4	43	11,401
2	4	44	0,511
2	4	53	0,693
2	4	55	4,728
2	4	62	3,137
2	4	63	10,182
2	4	65	18,247
2	4	68	3,318
2	4	72	0,731
2	4	77	3,097
2	4	80	2,671
2	4	84	0,554
2	4	87	3,755
2	4	88	12,085
2	4	90	17,777
2	4	96	1,761
2	4	100	13,695
2	8	1	2,654
2	8	4	7,585
2	8	13	10,426
2	8	17	0,729
2	8	20	0,863
2	8	23	0,53
2	8	25	10,443
2	8	26	8,046
2	8	27	18,404
2	8	28	10,808
2	8	29	3,212
2	8	30	1,806
2	8	32	12,127
2	8	37	2,78
2	8	39	6,148
2	8	43	4,836
2	8	44	1,878
2	8	53	1,877
2	8	55	13,277
2	8	62	18,319
2	8	63	6,119
2	8	65	14,331
2	8	68	1,694
2	8	72	3,384
2	8	77	0,724
2	8	80	7,25
2	8	84	6,554
2	8	87	11,743
2	8	88	2,4
2	8	90	3,644
2	8	96	1,11
2	8	100	0,756
2	13	1	4,388
2	13	4	10,557
2	13	8	3,776
2	13	17	2,108
2	13	20	12,905
2	13	23	18,042
2	13	25	28,122
2	13	26	5,576
2	13	27	3,277
2	13	28	7,778
2	13	29	0,796
2	13	30	6,733
2	13	32	11,821
2	13	37	5,534
2	13	39	2,52
2	13	43	10,58
2	13	44	5,663
2	13	53	3,843
2	13	55	5,391
2	13	62	8,007
2	13	63	4,799
2	13	65	4,618
2	13	68	3,091
2	13	72	3,968
2	13	77	2,566
2	13	80	5,717
2	13	84	5,087
2	13	87	2,141
2	13	88	0,57
2	13	90	2,168
2	13	96	2,025
2	13	100	13,318
2	17	1	0,933
2	17	4	1,303
2	17	8	9,849
2	17	13	12,809
2	17	20	3,613
2	17	23	2,395
2	17	25	5,933
2	17	26	4,691
2	17	27	2,489
2	17	28	6,378
2	17	29	2,656
2	17	30	9,567
2	17	32	2,553
2	17	37	4,395
2	17	39	0,645
2	17	43	20,253
2	17	44	5,976
2	17	53	6,993
2	17	55	22,758
2	17	62	2,007
2	17	63	1,132
2	17	65	4,448
2	17	68	15,786
2	17	72	8,258
2	17	77	3,083
2	17	80	2,972
2	17	84	6,358
2	17	87	5,764
2	17	88	9,864
2	17	90	0,984
2	17	96	5,214
2	17	100	0,933
2	20	1	5,141
2	20	4	17,052
2	20	8	1,877
2	20	13	9,252
2	20	17	2,478
2	20	23	1,814
2	20	25	2,957
2	20	26	4,049
2	20	27	2,882
2	20	28	2,4
2	20	29	7,167
2	20	30	5,622
2	20	32	26,36
2	20	37	37,383
2	20	39	26,256
2	20	43	6,766
2	20	44	3,497
2	20	53	4,063
2	20	55	9,371
2	20	62	13,266
2	20	63	8,347
2	20	65	3,185
2	20	68	2,694
2	20	72	11,368
2	20	77	2,22
2	20	80	2,809
2	20	84	14,527
2	20	87	7,112
2	20	88	3,782
2	20	90	0,8
2	20	96	8,389
2	20	100	2,16
2	23	1	8,193
2	23	4	3,34
2	23	8	2,19
2	23	13	10,693
2	23	17	4,581
2	23	20	8,77
2	23	25	12,686
2	23	26	8,229
2	23	27	6,22
2	23	28	18,797
2	23	29	1,665
2	23	30	0,592
2	23	32	3,729
2	23	37	3,424
2	23	39	6,466
2	23	43	14,134
2	23	44	12,135
2	23	53	4,34
2	23	55	3,058
2	23	62	9,383
2	23	63	6,597
2	23	65	6,394
2	23	68	10,347
2	23	72	3,674
2	23	77	1,164
2	23	80	1,124
2	23	84	5,891
2	23	87	5,179
2	23	88	2,3
2	23	90	9,472
2	23	96	1,667
2	23	100	41,141
2	25	1	8,874
2	25	4	7,586
2	25	8	12,226
2	25	13	10,655
2	25	17	1,421
2	25	20	11,191
2	25	23	11,848
2	25	26	0,693
2	25	27	7,985
2	25	28	10,197
2	25	29	0,604
2	25	30	5,137
2	25	32	0,809
2	25	37	8,447
2	25	39	10,711
2	25	43	3,955
2	25	44	7,434
2	25	53	4,059
2	25	55	3,369
2	25	62	1,909
2	25	63	0,698
2	25	65	6,355
2	25	68	17,687
2	25	72	3,171
2	25	77	4,576
2	25	80	3,028
2	25	84	0,99
2	25	87	3,03
2	25	88	0,566
2	25	90	1,603
2	25	96	21,26
2	25	100	1,737
2	26	1	10,383
2	26	4	9,698
2	26	8	2,421
2	26	13	15,906
2	26	17	1,022
2	26	20	8,687
2	26	23	3,701
2	26	25	1,381
2	26	27	13,057
2	26	28	2,398
2	26	29	2,506
2	26	30	6,872
2	26	32	13,589
2	26	37	1,851
2	26	39	0,555
2	26	43	3,788
2	26	44	13,055
2	26	53	4,592
2	26	55	2,26
2	26	62	1,751
2	26	63	4,847
2	26	65	9,233
2	26	68	3,711
2	26	72	1,926
2	26	77	4,005
2	26	80	7,806
2	26	84	7,502
2	26	87	1,472
2	26	88	3,258
2	26	90	7,565
2	26	96	5,31
2	26	100	4,578
2	27	1	19,293
2	27	4	0,844
2	27	8	7,485
2	27	13	7,488
2	27	17	0,672
2	27	20	10,588
2	27	23	10,536
2	27	25	0,821
2	27	26	5,162
2	27	28	2,533
2	27	29	15,675
2	27	30	2,639
2	27	32	0,516
2	27	37	3,938
2	27	39	0,964
2	27	43	1,321
2	27	44	2,572
2	27	53	8,312
2	27	55	3,021
2	27	62	0,929
2	27	63	4,271
2	27	65	7,097
2	27	68	0,627
2	27	72	3,284
2	27	77	1,915
2	27	80	17,353
2	27	84	10,533
2	27	87	4,866
2	27	88	3,262
2	27	90	2,195
2	27	96	10,766
2	27	100	50,357
2	28	1	3,604
2	28	4	1,379
2	28	8	1,992
2	28	13	0,938
2	28	17	2,935
2	28	20	2,531
2	28	23	0,747
2	28	25	0,542
2	28	26	14,94
2	28	27	8,652
2	28	29	9,238
2	28	30	5,531
2	28	32	9,132
2	28	37	2,6
2	28	39	7,162
2	28	43	2,9
2	28	44	6,273
2	28	53	7,321
2	28	55	4,859
2	28	62	1,492
2	28	63	1,561
2	28	65	9,231
2	28	68	3,281
2	28	72	1,49
2	28	77	0,624
2	28	80	4,283
2	28	84	21,834
2	28	87	4,866
2	28	88	10,401
2	28	90	7,908
2	28	96	0,594
2	28	100	15,921
2	29	1	9,144
2	29	4	6,15
2	29	8	4,293
2	29	13	8,821
2	29	17	13,545
2	29	20	6,325
2	29	23	1,876
2	29	25	1,733
2	29	26	2,91
2	29	27	2,56
2	29	28	1,559
2	29	30	10,441
2	29	32	10,581
2	29	37	9,963
2	29	39	1,528
2	29	43	13,03
2	29	44	3,358
2	29	53	15,497
2	29	55	6,19
2	29	62	7,457
2	29	63	1,698
2	29	65	13,77
2	29	68	4,674
2	29	72	1,713
2	29	77	2,758
2	29	80	2,889
2	29	84	3,5
2	29	87	4,385
2	29	88	7,793
2	29	90	12,369
2	29	96	5,491
2	29	100	10,943
2	30	1	32,647
2	30	4	0,745
2	30	8	41,076
2	30	13	12,671
2	30	17	3,428
2	30	20	4,635
2	30	23	7,335
2	30	25	18,071
2	30	26	0,862
2	30	27	6,544
2	30	28	1,052
2	30	29	0,597
2	30	32	5,437
2	30	37	1,326
2	30	39	6,024
2	30	43	0,717
2	30	44	6,657
2	30	53	1,113
2	30	55	0,752
2	30	62	15,487
2	30	63	2,865
2	30	65	4,13
2	30	68	6,664
2	30	72	4,204
2	30	77	1,89
2	30	80	1,446
2	30	84	1,107
2	30	87	2,669
2	30	88	1,595
2	30	90	4,894
2	30	96	1,683
2	30	100	2,009
2	32	1	6,35
2	32	4	0,629
2	32	8	5,753
2	32	13	6,99
2	32	17	28,379
2	32	20	5,632
2	32	23	4,251
2	32	25	4,986
2	32	26	1,931
2	32	27	1,985
2	32	28	2,534
2	32	29	2,649
2	32	30	1,231
2	32	37	1,309
2	32	39	4,581
2	32	43	9,932
2	32	44	1,977
2	32	53	1,006
2	32	55	9,724
2	32	62	3,232
2	32	63	3,808
2	32	65	7,653
2	32	68	2,232
2	32	72	4,542
2	32	77	2,22
2	32	80	0,703
2	32	84	1,408
2	32	87	6,015
2	32	88	8,83
2	32	90	1,131
2	32	96	4,001
2	32	100	4,047
2	37	1	12,157
2	37	4	3,036
2	37	8	1,633
2	37	13	25,283
2	37	17	8,403
2	37	20	0,708
2	37	23	6,088
2	37	25	4,474
2	37	26	5,308
2	37	27	19,038
2	37	28	5,66
2	37	29	9,877
2	37	30	16,072
2	37	32	10,25
2	37	39	1,288
2	37	43	1,336
2	37	44	7,157
2	37	53	5,514
2	37	55	2,785
2	37	62	7,626
2	37	63	10,015
2	37	65	2,516
2	37	68	7,67
2	37	72	6,819
2	37	77	7,858
2	37	80	17,615
2	37	84	4,521
2	37	87	8,255
2	37	88	11,648
2	37	90	0,667
2	37	96	1,501
2	37	100	11,684
2	39	1	4,099
2	39	4	3,866
2	39	8	2,311
2	39	13	0,87
2	39	17	4,615
2	39	20	18,419
2	39	23	3,589
2	39	25	9,091
2	39	26	1,16
2	39	27	11,159
2	39	28	19,454
2	39	29	4,029
2	39	30	6,106
2	39	32	9,406
2	39	37	4,777
2	39	43	1,189
2	39	44	1,734
2	39	53	0,778
2	39	55	0,598
2	39	62	5,623
2	39	63	6,137
2	39	65	7,553
2	39	68	9,626
2	39	72	7,03
2	39	77	1,138
2	39	80	2,31
2	39	84	5,375
2	39	87	15,81
2	39	88	5,255
2	39	90	6,05
2	39	96	1,058
2	39	100	4,001
2	43	1	4,7
2	43	4	2,78
2	43	8	1,807
2	43	13	3,508
2	43	17	2,627
2	43	20	10,056
2	43	23	1,708
2	43	25	1,478
2	43	26	9,735
2	43	27	2,796
2	43	28	0,636
2	43	29	10,021
2	43	30	4,702
2	43	32	1,017
2	43	37	9,482
2	43	39	8,257
2	43	44	3,817
2	43	53	2,687
2	43	55	11,703
2	43	62	2,943
2	43	63	1,47
2	43	65	16,3
2	43	68	5,711
2	43	72	2,983
2	43	77	2,692
2	43	80	0,572
2	43	84	2,147
2	43	87	1,618
2	43	88	8,539
2	43	90	3,801
2	43	96	0,569
2	43	100	15,938
2	44	1	2,077
2	44	4	5,19
2	44	8	2,252
2	44	13	5,515
2	44	17	11,479
2	44	20	9,368
2	44	23	20,371
2	44	25	1,628
2	44	26	1,151
2	44	27	1,595
2	44	28	9,264
2	44	29	8,754
2	44	30	2,476
2	44	32	4,142
2	44	37	2,024
2	44	39	39,06
2	44	43	6,688
2	44	53	2,7
2	44	55	2,61
2	44	62	7,093
2	44	63	5,555
2	44	65	0,786
2	44	68	8,264
2	44	72	7,406
2	44	77	2,9
2	44	80	5,916
2	44	84	7,788
2	44	87	8,604
2	44	88	0,608
2	44	90	3,289
2	44	96	3,752
2	44	100	11,725
2	53	1	2,782
2	53	4	9,252
2	53	8	13,4
2	53	13	2,556
2	53	17	3,695
2	53	20	0,518
2	53	23	9,689
2	53	25	1,63
2	53	26	24,89
2	53	27	18,663
2	53	28	0,547
2	53	29	4,817
2	53	30	6,153
2	53	32	10,079
2	53	37	2,116
2	53	39	20,292
2	53	43	0,886
2	53	44	5,369
2	53	55	23,061
2	53	62	6,516
2	53	63	4,283
2	53	65	3,699
2	53	68	2,548
2	53	72	5,867
2	53	77	3,755
2	53	80	6,054
2	53	84	2,834
2	53	87	1,731
2	53	88	27,347
2	53	90	17,391
2	53	96	5,064
2	53	100	1,666
2	55	1	10,99
2	55	4	9,6
2	55	8	2,062
2	55	13	5,532
2	55	17	2,363
2	55	20	18,012
2	55	23	6,734
2	55	25	0,667
2	55	26	2,498
2	55	27	1,951
2	55	28	3,852
2	55	29	20,2
2	55	30	6,134
2	55	32	1,967
2	55	37	1,723
2	55	39	3,6
2	55	43	23,252
2	55	44	1,094
2	55	53	1,084
2	55	62	17,584
2	55	63	2,016
2	55	65	1,75
2	55	68	4,059
2	55	72	5,147
2	55	77	3,292
2	55	80	6,372
2	55	84	3,235
2	55	87	14,583
2	55	88	8,43
2	55	90	2,601
2	55	96	8,059
2	55	100	6,143
2	62	1	4,53
2	62	4	13,162
2	62	8	4,311
2	62	13	6,181
2	62	17	7,067
2	62	20	1,521
2	62	23	2,013
2	62	25	1,558
2	62	26	9,374
2	62	27	1,27
2	62	28	0,784
2	62	29	3,991
2	62	30	1,598
2	62	32	12,639
2	62	37	2,746
2	62	39	8,367
2	62	43	1,411
2	62	44	13,435
2	62	53	4,133
2	62	55	13,13
2	62	63	5,021
2	62	65	2,087
2	62	68	5,652
2	62	72	1,25
2	62	77	20,355
2	62	80	1,187
2	62	84	16,528
2	62	87	4,814
2	62	88	5,659
2	62	90	3,251
2	62	96	4,919
2	62	100	2,493
2	63	1	0,58
2	63	4	4,438
2	63	8	6,811
2	63	13	9,578
2	63	17	30,947
2	63	20	3,832
2	63	23	1,945
2	63	25	5,486
2	63	26	5,589
2	63	27	0,588
2	63	28	15,267
2	63	29	2,15
2	63	30	0,91
2	63	32	9,976
2	63	37	5,447
2	63	39	3,63
2	63	43	7,173
2	63	44	5,926
2	63	53	7,852
2	63	55	4,584
2	63	62	2,122
2	63	65	13,422
2	63	68	1,469
2	63	72	9,601
2	63	77	1,027
2	63	80	1,512
2	63	84	6,402
2	63	87	8,396
2	63	88	7,834
2	63	90	5,008
2	63	96	24,891
2	63	100	1,767
2	65	1	7,665
2	65	4	2,944
2	65	8	1,803
2	65	13	1,901
2	65	17	1,375
2	65	20	0,659
2	65	23	39,62
2	65	25	3,008
2	65	26	0,861
2	65	27	7,442
2	65	28	17,589
2	65	29	1,994
2	65	30	12,016
2	65	32	14,146
2	65	37	19,049
2	65	39	1,726
2	65	43	1,133
2	65	44	0,823
2	65	53	1,212
2	65	55	4,945
2	65	62	1,788
2	65	63	7,879
2	65	68	32,468
2	65	72	1,329
2	65	77	5,694
2	65	80	8,492
2	65	84	2,323
2	65	87	19,208
2	65	88	2,593
2	65	90	9,329
2	65	96	0,952
2	65	100	1,371
2	68	1	6,146
2	68	4	4,031
2	68	8	3,59
2	68	13	3,898
2	68	17	4,143
2	68	20	17,22
2	68	23	11,216
2	68	25	7,027
2	68	26	2,725
2	68	27	1,33
2	68	28	20,768
2	68	29	28,346
2	68	30	0,797
2	68	32	2,28
2	68	37	3,043
2	68	39	0,704
2	68	43	16,721
2	68	44	1,542
2	68	53	7,082
2	68	55	9,915
2	68	62	4,408
2	68	63	3,824
2	68	65	1,279
2	68	72	2,572
2	68	77	0,538
2	68	80	3,266
2	68	84	2,726
2	68	87	4,193
2	68	88	9,239
2	68	90	18,191
2	68	96	4,164
2	68	100	4,776
2	72	1	4,889
2	72	4	17,379
2	72	8	2,082
2	72	13	0,546
2	72	17	12,366
2	72	20	3,98
2	72	23	10,295
2	72	25	15,323
2	72	26	5,43
2	72	27	3,552
2	72	28	3,457
2	72	29	3,243
2	72	30	9,617
2	72	32	3,786
2	72	37	1,774
2	72	39	2,847
2	72	43	2,432
2	72	44	1,404
2	72	53	1,412
2	72	55	6,154
2	72	62	0,929
2	72	63	5,036
2	72	65	7,463
2	72	68	5,015
2	72	77	4,54
2	72	80	18,354
2	72	84	5,608
2	72	87	2,047
2	72	88	9,993
2	72	90	8,921
2	72	96	0,519
2	72	100	25,165
2	77	1	20,662
2	77	4	10,492
2	77	8	1,206
2	77	13	10,189
2	77	17	8,714
2	77	20	1,761
2	77	23	0,829
2	77	25	0,752
2	77	26	2,071
2	77	27	8,233
2	77	28	2,692
2	77	29	13,443
2	77	30	4,759
2	77	32	1,277
2	77	37	40,347
2	77	39	4,92
2	77	43	1,953
2	77	44	0,909
2	77	53	4,983
2	77	55	3,041
2	77	62	1,464
2	77	63	2,708
2	77	65	0,719
2	77	68	12,686
2	77	72	1,267
2	77	80	1,639
2	77	84	0,561
2	77	87	2,089
2	77	88	1,098
2	77	90	4,192
2	77	96	11,21
2	77	100	10,98
2	80	1	2,636
2	80	4	23,549
2	80	8	2,358
2	80	13	12,565
2	80	17	5,335
2	80	20	0,901
2	80	23	16,463
2	80	25	0,554
2	80	26	2,915
2	80	27	11,487
2	80	28	45,042
2	80	29	2,549
2	80	30	7,641
2	80	32	5,777
2	80	37	0,731
2	80	39	7,591
2	80	43	2,309
2	80	44	3,26
2	80	53	0,911
2	80	55	1,337
2	80	62	4,106
2	80	63	3,995
2	80	65	6,666
2	80	68	9,164
2	80	72	8,654
2	80	77	4,777
2	80	84	32,571
2	80	87	5,242
2	80	88	5,164
2	80	90	3,08
2	80	96	7,784
2	80	100	6,953
2	84	1	4,114
2	84	4	17,456
2	84	8	8,778
2	84	13	3,456
2	84	17	4,981
2	84	20	1,48
2	84	23	0,65
2	84	25	11,246
2	84	26	5,641
2	84	27	0,668
2	84	28	18,165
2	84	29	2,791
2	84	30	1,639
2	84	32	5,483
2	84	37	3,279
2	84	39	0,967
2	84	43	9,618
2	84	44	2,729
2	84	53	1,092
2	84	55	1,607
2	84	62	5,31
2	84	63	5,384
2	84	65	0,575
2	84	68	9,902
2	84	72	6,12
2	84	77	2,539
2	84	80	0,756
2	84	87	1,459
2	84	88	3,233
2	84	90	22,772
2	84	96	2,136
2	84	100	1,577
2	87	1	20,387
2	87	4	8,164
2	87	8	1,426
2	87	13	5,197
2	87	17	4,043
2	87	20	3,975
2	87	23	34,291
2	87	25	0,997
2	87	26	9,028
2	87	27	24,976
2	87	28	15,825
2	87	29	2,88
2	87	30	1,714
2	87	32	4,683
2	87	37	6,442
2	87	39	6,281
2	87	43	9,113
2	87	44	43,614
2	87	53	2,502
2	87	55	15,469
2	87	62	1,258
2	87	63	5,376
2	87	65	1,454
2	87	68	15,889
2	87	72	8,245
2	87	77	3,485
2	87	80	11,295
2	87	84	3,358
2	87	88	3,38
2	87	90	3,858
2	87	96	3,118
2	87	100	2,69
2	88	1	4,161
2	88	4	1,76
2	88	8	3,263
2	88	13	11,221
2	88	17	5,744
2	88	20	5,121
2	88	23	3,712
2	88	25	38,849
2	88	26	4,479
2	88	27	4,759
2	88	28	5,267
2	88	29	16,964
2	88	30	11,897
2	88	32	11,323
2	88	37	6,989
2	88	39	2,733
2	88	43	48,677
2	88	44	3,616
2	88	53	24,332
2	88	55	5,665
2	88	62	29,247
2	88	63	1,271
2	88	65	16,323
2	88	68	4,141
2	88	72	5,397
2	88	77	1,803
2	88	80	8,679
2	88	84	14,909
2	88	87	9,155
2	88	90	13,282
2	88	96	0,51
2	88	100	19,739
2	90	1	15,88
2	90	4	5,446
2	90	8	0,506
2	90	13	0,768
2	90	17	16,882
2	90	20	11,658
2	90	23	8,858
2	90	25	2,978
2	90	26	5,403
2	90	27	1,347
2	90	28	22,827
2	90	29	0,953
2	90	30	1,689
2	90	32	7,085
2	90	37	2,474
2	90	39	14,415
2	90	43	11,351
2	90	44	6,728
2	90	53	1,936
2	90	55	24,888
2	90	62	3,165
2	90	63	16,653
2	90	65	6,518
2	90	68	10,707
2	90	72	5,007
2	90	77	8,356
2	90	80	21,076
2	90	84	3,875
2	90	87	6,31
2	90	88	1,31
2	90	96	11,683
2	90	100	0,617
2	96	1	8,24
2	96	4	19,125
2	96	8	6,912
2	96	13	9,751
2	96	17	13,928
2	96	20	12,163
2	96	23	5,077
2	96	25	11,391
2	96	26	0,631
2	96	27	4,258
2	96	28	4,669
2	96	29	16,298
2	96	30	2,044
2	96	32	4,971
2	96	37	0,515
2	96	39	1,72
2	96	43	12,574
2	96	44	3,105
2	96	53	1,514
2	96	55	8,579
2	96	62	0,799
2	96	63	2,033
2	96	65	11,712
2	96	68	12,766
2	96	72	2,058
2	96	77	1,238
2	96	80	4,379
2	96	84	1,208
2	96	87	0,75
2	96	88	10,083
2	96	90	5,886
2	96	100	3,655
2	100	1	14,072
2	100	4	1,779
2	100	8	5,354
2	100	13	15,146
2	100	17	4,35
2	100	20	3,3
2	100	23	4,451
2	100	25	2,317
2	100	26	2,982
2	100	27	14,002
2	100	28	7,172
2	100	29	13,494
2	100	30	1,345
2	100	32	6,285
2	100	37	22,054
2	100	39	8,979
2	100	43	12,549
2	100	44	23,722
2	100	53	1,486
2	100	55	1,063
2	100	62	1,387
2	100	63	0,995
2	100	65	1,454
2	100	68	3,982
2	100	72	4,632
2	100	77	0,906
2	100	80	8,775
2	100	84	3,095
2	100	87	5,437
2	100	88	1,322
2	100	90	4,444
2	100	96	2,374
3	1	2	2,753
3	1	10	2,922
3	1	14	0,996
3	1	26	7,367
3	1	31	9,036
3	1	41	9,566
3	1	44	4,597
3	1	45	1,285
3	1	46	17,235
3	1	48	11,158
3	1	50	1,966
3	1	58	6,285
3	1	59	9,878
3	1	60	9,629
3	1	65	3,645
3	1	69	5,466
3	1	73	5,33
3	1	81	0,805
3	1	82	4,795
3	1	86	14,451
3	1	93	1,944
3	1	94	25,429
3	1	97	7,51
3	1	98	8,664
3	2	1	9,152
3	2	10	2,05
3	2	14	7,616
3	2	26	19,795
3	2	31	2,896
3	2	41	4,73
3	2	44	1,163
3	2	45	2,833
3	2	46	1,712
3	2	48	1,96
3	2	50	3,582
3	2	58	7,534
3	2	59	8,668
3	2	60	9,625
3	2	65	0,755
3	2	69	6,642
3	2	73	17,525
3	2	81	4,121
3	2	82	6,761
3	2	86	14,211
3	2	93	19,553
3	2	94	10,177
3	2	97	5,664
3	2	98	4,331
3	10	1	18,016
3	10	2	8,926
3	10	14	2,615
3	10	26	6,771
3	10	31	1,608
3	10	41	1,053
3	10	44	4,054
3	10	45	2,199
3	10	46	2,65
3	10	48	3,946
3	10	50	21,711
3	10	58	1,574
3	10	59	2,331
3	10	60	6,866
3	10	65	1,458
3	10	69	1,637
3	10	73	7,697
3	10	81	0,576
3	10	82	15,045
3	10	86	15,621
3	10	93	0,612
3	10	94	2,875
3	10	97	6,163
3	10	98	11,242
3	14	1	3,961
3	14	2	1,839
3	14	10	0,675
3	14	26	11,024
3	14	31	18,616
3	14	41	1,951
3	14	44	3,864
3	14	45	6,227
3	14	46	2,157
3	14	48	9,293
3	14	50	29,322
3	14	58	9,252
3	14	59	3,133
3	14	60	3,337
3	14	65	3,813
3	14	69	11,167
3	14	73	0,994
3	14	81	1,868
3	14	82	18,119
3	14	86	1,872
3	14	93	1,476
3	14	94	27,351
3	14	97	14,647
3	14	98	2,768
3	26	1	0,722
3	26	2	19,322
3	26	10	5,918
3	26	14	22,744
3	26	31	2,797
3	26	41	16,373
3	26	44	6,75
3	26	45	6,892
3	26	46	3,907
3	26	48	2,5
3	26	50	8,54
3	26	58	0,997
3	26	59	5,851
3	26	60	2,51
3	26	65	2,99
3	26	69	2,344
3	26	73	2,617
3	26	81	1,978
3	26	82	0,618
3	26	86	2,194
3	26	93	8,709
3	26	94	7,266
3	26	97	22,271
3	26	98	24,789
3	31	1	1,754
3	31	2	1,344
3	31	10	1,734
3	31	14	2,365
3	31	26	1,955
3	31	41	1,554
3	31	44	0,762
3	31	45	8,542
3	31	46	8,276
3	31	48	0,732
3	31	50	2,495
3	31	58	19,802
3	31	59	0,929
3	31	60	25,462
3	31	65	14,772
3	31	69	3,43
3	31	73	1,458
3	31	81	13,979
3	31	82	0,622
3	31	86	6,646
3	31	93	0,88
3	31	94	13,887
3	31	97	12,367
3	31	98	6,997
3	41	1	2,868
3	41	2	1,472
3	41	10	10,462
3	41	14	2,496
3	41	26	0,811
3	41	31	4,046
3	41	44	6,13
3	41	45	4,818
3	41	46	1,385
3	41	48	2,563
3	41	50	25,516
3	41	58	1,387
3	41	59	3,2
3	41	60	1,957
3	41	65	6,599
3	41	69	5,059
3	41	73	14,452
3	41	81	2,366
3	41	82	0,581
3	41	86	18,288
3	41	93	3,138
3	41	94	2,449
3	41	97	2,129
3	41	98	0,962
3	44	1	2,091
3	44	2	2,433
3	44	10	4,003
3	44	14	15,864
3	44	26	2,976
3	44	31	4,553
3	44	41	3,563
3	44	45	65,398
3	44	46	1,465
3	44	48	7,975
3	44	50	2,867
3	44	58	0,719
3	44	59	4,135
3	44	60	24,074
3	44	65	0,995
3	44	69	8,326
3	44	73	2,001
3	44	81	2,086
3	44	82	1,665
3	44	86	10,521
3	44	93	1,478
3	44	94	0,591
3	44	97	29,927
3	44	98	0,878
3	45	1	1,916
3	45	2	1,257
3	45	10	2,489
3	45	14	0,882
3	45	26	9,699
3	45	31	20,583
3	45	41	2,882
3	45	44	12,929
3	45	46	3,463
3	45	48	2,011
3	45	50	4,828
3	45	58	2,963
3	45	59	2,996
3	45	60	3,115
3	45	65	1,308
3	45	69	6,647
3	45	73	8,513
3	45	81	4,467
3	45	82	7,851
3	45	86	0,752
3	45	93	8,368
3	45	94	0,679
3	45	97	1,466
3	45	98	1,806
3	46	1	3,859
3	46	2	3,62
3	46	10	1,732
3	46	14	0,744
3	46	26	3,082
3	46	31	7,502
3	46	41	1,384
3	46	44	21,012
3	46	45	33,686
3	46	48	14,675
3	46	50	6,591
3	46	58	9,536
3	46	59	1,171
3	46	60	12,748
3	46	65	1,302
3	46	69	13,277
3	46	73	18,391
3	46	81	5,132
3	46	82	8,56
3	46	86	10,87
3	46	93	2,744
3	46	94	23,322
3	46	97	21,699
3	46	98	5,02
3	48	1	1,69
3	48	2	4,966
3	48	10	2,156
3	48	14	2,716
3	48	26	7,755
3	48	31	7,397
3	48	41	5,408
3	48	44	16,118
3	48	45	1,754
3	48	46	1,767
3	48	50	4,115
3	48	58	11,961
3	48	59	1,033
3	48	60	6,123
3	48	65	5,041
3	48	69	9,584
3	48	73	26,865
3	48	81	1,597
3	48	82	2,189
3	48	86	18,02
3	48	93	0,774
3	48	94	15,814
3	48	97	1,307
3	48	98	7,6
3	50	1	4,733
3	50	2	3,538
3	50	10	7,054
3	50	14	1,809
3	50	26	5,253
3	50	31	1,35
3	50	41	5,824
3	50	44	3,038
3	50	45	14,218
3	50	46	7,168
3	50	48	4,04
3	50	58	2,322
3	50	59	5,156
3	50	60	7,703
3	50	65	3,358
3	50	69	0,538
3	50	73	14,143
3	50	81	6,814
3	50	82	7,932
3	50	86	4,789
3	50	93	20,445
3	50	94	1,295
3	50	97	4,197
3	50	98	0,956
3	58	1	2,124
3	58	2	1,523
3	58	10	3,957
3	58	14	1,721
3	58	26	1,213
3	58	31	13,931
3	58	41	0,906
3	58	44	3,967
3	58	45	3,26
3	58	46	8,934
3	58	48	3,858
3	58	50	11,349
3	58	59	18,282
3	58	60	3,873
3	58	65	0,874
3	58	69	0,962
3	58	73	3,603
3	58	81	5,44
3	58	82	5,781
3	58	86	3,997
3	58	93	8,476
3	58	94	0,61
3	58	97	3,7
3	58	98	1,153
3	59	1	11,446
3	59	2	3,96
3	59	10	4,446
3	59	14	3,913
3	59	26	4,446
3	59	31	7,842
3	59	41	11,314
3	59	44	2,117
3	59	45	9,034
3	59	46	8,163
3	59	48	9,349
3	59	50	1,554
3	59	58	8,216
3	59	60	15,392
3	59	65	1,738
3	59	69	1,176
3	59	73	3,152
3	59	81	2,615
3	59	82	20,458
3	59	86	9,27
3	59	93	2,688
3	59	94	4,898
3	59	97	5,971
3	59	98	8,679
3	60	1	0,969
3	60	2	1,072
3	60	10	6,138
3	60	14	10,054
3	60	26	1,496
3	60	31	4,816
3	60	41	4,461
3	60	44	10,866
3	60	45	4,244
3	60	46	5,342
3	60	48	7,682
3	60	50	8,463
3	60	58	10,667
3	60	59	19,094
3	60	65	12,418
3	60	69	3,571
3	60	73	3,417
3	60	81	0,655
3	60	82	12,505
3	60	86	17,999
3	60	93	0,88
3	60	94	4,916
3	60	97	2,142
3	60	98	4,307
3	65	1	7,934
3	65	2	4,378
3	65	10	16,615
3	65	14	40,84
3	65	26	5,179
3	65	31	0,608
3	65	41	14,013
3	65	44	5,178
3	65	45	29,947
3	65	46	16,716
3	65	48	2,589
3	65	50	6,951
3	65	58	1,796
3	65	59	14,303
3	65	60	35,764
3	65	69	7,433
3	65	73	1,883
3	65	81	4,338
3	65	82	6,898
3	65	86	2,5
3	65	93	1,727
3	65	94	2,592
3	65	97	2,099
3	65	98	6,55
3	69	1	2,616
3	69	2	4,987
3	69	10	4,485
3	69	14	6,645
3	69	26	2,619
3	69	31	2,087
3	69	41	14,361
3	69	44	4,955
3	69	45	3,594
3	69	46	6,96
3	69	48	0,913
3	69	50	2,526
3	69	58	48,005
3	69	59	1,102
3	69	60	5,886
3	69	65	21,159
3	69	73	3,051
3	69	81	4,315
3	69	82	6,512
3	69	86	12,698
3	69	93	2,426
3	69	94	4,748
3	69	97	7,437
3	69	98	7,899
3	73	1	17,54
3	73	2	2,404
3	73	10	2,842
3	73	14	3,456
3	73	26	2,024
3	73	31	21,168
3	73	41	0,941
3	73	44	1,505
3	73	45	2,672
3	73	46	4,537
3	73	48	6,831
3	73	50	7,446
3	73	58	9,002
3	73	59	6,065
3	73	60	1,517
3	73	65	2,605
3	73	69	5,322
3	73	81	14,739
3	73	82	6,47
3	73	86	11,124
3	73	93	29,607
3	73	94	1,597
3	73	97	9,566
3	73	98	21,595
3	81	1	4,82
3	81	2	0,809
3	81	10	14,487
3	81	14	2,921
3	81	26	2,1
3	81	31	11,813
3	81	41	1,061
3	81	44	3,689
3	81	45	1,733
3	81	46	6,107
3	81	48	16,692
3	81	50	7,819
3	81	58	1,955
3	81	59	4,427
3	81	60	17,561
3	81	65	14,304
3	81	69	6,936
3	81	73	10,643
3	81	82	12,704
3	81	86	7,014
3	81	93	7,668
3	81	94	3,268
3	81	97	4,198
3	81	98	4,877
3	82	1	3,706
3	82	2	16,321
3	82	10	0,647
3	82	14	4,902
3	82	26	3,673
3	82	31	3,238
3	82	41	7,837
3	82	44	13,365
3	82	45	7,72
3	82	46	0,678
3	82	48	1,935
3	82	50	3,809
3	82	58	7,263
3	82	59	2,353
3	82	60	1,165
3	82	65	4,351
3	82	69	2,641
3	82	73	2,795
3	82	81	6,522
3	82	86	0,962
3	82	93	5,747
3	82	94	5,23
3	82	97	2,385
3	82	98	6,015
3	86	1	1,742
3	86	2	2,611
3	86	10	0,995
3	86	14	7,252
3	86	26	3,387
3	86	31	7,7
3	86	41	6,679
3	86	44	15,169
3	86	45	5,102
3	86	46	7,344
3	86	48	1,877
3	86	50	0,632
3	86	58	6,526
3	86	59	2,722
3	86	60	12,135
3	86	65	1,838
3	86	69	6,565
3	86	73	6,098
3	86	81	2,909
3	86	82	0,641
3	86	93	13,633
3	86	94	6,578
3	86	97	8,979
3	86	98	0,82
3	93	1	13,808
3	93	2	1,977
3	93	10	20,939
3	93	14	15,893
3	93	26	7,224
3	93	31	1,024
3	93	41	2,153
3	93	44	1,409
3	93	45	1,591
3	93	46	0,977
3	93	48	0,939
3	93	50	3,285
3	93	58	2,072
3	93	59	2,099
3	93	60	1,38
3	93	65	3,923
3	93	69	2,056
3	93	73	4,942
3	93	81	3,371
3	93	82	0,95
3	93	86	1,911
3	93	94	7,495
3	93	97	6,577
3	93	98	3,894
3	94	1	1,525
3	94	2	0,859
3	94	10	2,072
3	94	14	10,55
3	94	26	3,415
3	94	31	8,794
3	94	41	1,872
3	94	44	2,002
3	94	45	6,037
3	94	46	4,651
3	94	48	7,468
3	94	50	2,853
3	94	58	5,568
3	94	59	2,312
3	94	60	9,969
3	94	65	1,375
3	94	69	4,465
3	94	73	7,798
3	94	81	7,552
3	94	82	0,845
3	94	86	5,928
3	94	93	6,082
3	94	97	3,717
3	94	98	19,638
3	97	1	33,886
3	97	2	6,272
3	97	10	7,778
3	97	14	16,58
3	97	26	4,879
3	97	31	4,265
3	97	41	2,093
3	97	44	5,315
3	97	45	2,262
3	97	46	4,006
3	97	48	2,433
3	97	50	1,759
3	97	58	7,665
3	97	59	1,737
3	97	60	4,141
3	97	65	4,738
3	97	69	21,678
3	97	73	12,019
3	97	81	4,223
3	97	82	2,321
3	97	86	7,44
3	97	93	7,54
3	97	94	13,203
3	97	98	3,809
3	98	1	5,514
3	98	2	7,357
3	98	10	6,022
3	98	14	15,245
3	98	26	5,314
3	98	31	1,475
3	98	41	3,563
3	98	44	5,298
3	98	45	4,958
3	98	46	3,116
3	98	48	1,174
3	98	50	9,608
3	98	58	3,974
3	98	59	14,182
3	98	60	2,278
3	98	65	3,064
3	98	69	2,967
3	98	73	18,596
3	98	81	6,84
3	98	82	12,932
3	98	86	1,476
3	98	93	3,63
3	98	94	1,078
3	98	97	3,759
4	9	21	0,955
4	9	26	0,889
4	9	27	2,738
4	9	35	4,648
4	9	38	5,036
4	9	41	1,833
4	9	45	3,86
4	9	50	7,784
4	9	55	0,559
4	9	57	4,76
4	9	58	3,751
4	9	59	4,316
4	9	67	1,201
4	9	74	0,572
4	9	84	1,235
4	9	85	15,039
4	9	86	1,343
4	9	89	5,057
4	9	92	4,513
4	9	93	6,525
4	9	94	0,675
4	21	9	5,312
4	21	26	6,021
4	21	27	1,375
4	21	35	1,265
4	21	38	1,017
4	21	41	11,756
4	21	45	12,606
4	21	50	0,697
4	21	55	8,698
4	21	57	2,111
4	21	58	14,52
4	21	59	9,443
4	21	67	13,617
4	21	74	7,521
4	21	84	4,043
4	21	85	4,52
4	21	86	11,232
4	21	89	12,422
4	21	92	0,944
4	21	93	5,947
4	21	94	1,25
4	26	9	5,528
4	26	21	1,936
4	26	27	7,635
4	26	35	7,541
4	26	38	8,167
4	26	41	11,129
4	26	45	0,582
4	26	50	1,679
4	26	55	20,837
4	26	57	1,642
4	26	58	23,547
4	26	59	3,413
4	26	67	8,319
4	26	74	9,247
4	26	84	2,303
4	26	85	18,981
4	26	86	1,247
4	26	89	2,257
4	26	92	14,736
4	26	93	1,464
4	26	94	2,165
4	27	9	9,304
4	27	21	5,774
4	27	26	4,53
4	27	35	2,578
4	27	38	2,627
4	27	41	16,318
4	27	45	7,689
4	27	50	5,094
4	27	55	10,749
4	27	57	1,306
4	27	58	12,638
4	27	59	1,334
4	27	67	6,244
4	27	74	3,556
4	27	84	5,439
4	27	85	1,107
4	27	86	14,123
4	27	89	9,795
4	27	92	9,763
4	27	93	10,453
4	27	94	1,698
4	35	9	1,374
4	35	21	1,859
4	35	26	4,307
4	35	27	2,023
4	35	38	4,254
4	35	41	6,407
4	35	45	3,841
4	35	50	2,287
4	35	55	3,542
4	35	57	7,974
4	35	58	0,521
4	35	59	1,973
4	35	67	0,938
4	35	74	1,838
4	35	84	0,685
4	35	85	5,113
4	35	86	32,154
4	35	89	1,115
4	35	92	3,933
4	35	93	2,446
4	35	94	1,315
4	38	9	1,333
4	38	21	8,593
4	38	26	1,624
4	38	27	7,45
4	38	35	2,047
4	38	41	14,136
4	38	45	7,143
4	38	50	2,899
4	38	55	0,939
4	38	57	0,717
4	38	58	0,704
4	38	59	1,846
4	38	67	0,992
4	38	74	3,383
4	38	84	3,843
4	38	85	3,415
4	38	86	9,556
4	38	89	4,824
4	38	92	8,872
4	38	93	13,335
4	38	94	12,849
4	41	9	14,401
4	41	21	6,02
4	41	26	4,153
4	41	27	1,629
4	41	35	3,297
4	41	38	1,222
4	41	45	4,065
4	41	50	1,061
4	41	55	7,953
4	41	57	12,583
4	41	58	3,453
4	41	59	7,075
4	41	67	4,116
4	41	74	16,516
4	41	84	18,429
4	41	85	4,917
4	41	86	9,913
4	41	89	3,773
4	41	92	4,376
4	41	93	9,818
4	41	94	4,86
4	45	9	4,864
4	45	21	3,618
4	45	26	0,564
4	45	27	10,503
4	45	35	4,753
4	45	38	0,931
4	45	41	8,316
4	45	50	9,261
4	45	55	1,95
4	45	57	7,805
4	45	58	10,55
4	45	59	2,626
4	45	67	6,793
4	45	74	2,822
4	45	84	1,175
4	45	85	1,124
4	45	86	3,529
4	45	89	8,739
4	45	92	14,424
4	45	93	1,612
4	45	94	5,97
4	50	9	2,272
4	50	21	0,595
4	50	26	1,27
4	50	27	26,915
4	50	35	1,263
4	50	38	0,745
4	50	41	13,233
4	50	45	1,797
4	50	55	6,374
4	50	57	3,239
4	50	58	0,616
4	50	59	12,358
4	50	67	4,056
4	50	74	11,115
4	50	84	3,249
4	50	85	1,043
4	50	86	1,23
4	50	89	2,465
4	50	92	0,57
4	50	93	3,935
4	50	94	2,949
4	55	9	1,858
4	55	21	0,799
4	55	26	11,478
4	55	27	17,234
4	55	35	4,518
4	55	38	9,446
4	55	41	9,253
4	55	45	7,667
4	55	50	3,495
4	55	57	0,623
4	55	58	10,412
4	55	59	3,423
4	55	67	6,699
4	55	74	6,5
4	55	84	3,196
4	55	85	19,324
4	55	86	1,131
4	55	89	20,52
4	55	92	16,48
4	55	93	1,559
4	55	94	7,408
4	57	9	5,014
4	57	21	8,647
4	57	26	1,976
4	57	27	0,684
4	57	35	2,84
4	57	38	3,975
4	57	41	1,021
4	57	45	1,589
4	57	50	22,775
4	57	55	1,34
4	57	58	1,081
4	57	59	10,897
4	57	67	0,693
4	57	74	1,345
4	57	84	1,16
4	57	85	17,471
4	57	86	6,325
4	57	89	4,374
4	57	92	8,453
4	57	93	5,923
4	57	94	3,595
4	58	9	4,608
4	58	21	3,62
4	58	26	0,607
4	58	27	0,934
4	58	35	13,237
4	58	38	13,778
4	58	41	9,875
4	58	45	4,254
4	58	50	18,947
4	58	55	0,81
4	58	57	12,106
4	58	59	3,473
4	58	67	3,031
4	58	74	6,573
4	58	84	9,985
4	58	85	2,949
4	58	86	0,673
4	58	89	1,167
4	58	92	3,746
4	58	93	6,332
4	58	94	3,039
4	59	9	7,342
4	59	21	1,072
4	59	26	1,142
4	59	27	5,606
4	59	35	8,255
4	59	38	3,23
4	59	41	5,074
4	59	45	1,529
4	59	50	7,853
4	59	55	1,262
4	59	57	5,206
4	59	58	11,141
4	59	67	1,734
4	59	74	9,795
4	59	84	3,549
4	59	85	17,27
4	59	86	1,758
4	59	89	0,908
4	59	92	3,072
4	59	93	0,869
4	59	94	4,242
4	67	9	4,814
4	67	21	2,43
4	67	26	1,214
4	67	27	0,816
4	67	35	1,814
4	67	38	1,841
4	67	41	1,519
4	67	45	14,701
4	67	50	1,697
4	67	55	9,73
4	67	57	3,74
4	67	58	1,138
4	67	59	6,259
4	67	74	6,912
4	67	84	5,318
4	67	85	9,071
4	67	86	4,253
4	67	89	0,809
4	67	92	14,066
4	67	93	30,886
4	67	94	1,716
4	74	9	9,508
4	74	21	4,107
4	74	26	18,15
4	74	27	9,383
4	74	35	8,903
4	74	38	2,225
4	74	41	4,117
4	74	45	1,736
4	74	50	4,834
4	74	55	7,154
4	74	57	15,577
4	74	58	0,682
4	74	59	14,079
4	74	67	0,744
4	74	84	0,592
4	74	85	0,577
4	74	86	1,269
4	74	89	19,565
4	74	92	1,77
4	74	93	4,437
4	74	94	7,533
4	84	9	34,619
4	84	21	9,634
4	84	26	1,433
4	84	27	2,496
4	84	35	4,108
4	84	38	8,242
4	84	41	0,624
4	84	45	1,01
4	84	50	17,245
4	84	55	16,896
4	84	57	3,78
4	84	58	0,779
4	84	59	0,611
4	84	67	12,07
4	84	74	3,262
4	84	85	1,478
4	84	86	12,208
4	84	89	3,982
4	84	92	2,968
4	84	93	3,019
4	84	94	0,928
4	85	9	7,285
4	85	21	6,01
4	85	26	4,177
4	85	27	14,331
4	85	35	13,717
4	85	38	9,231
4	85	41	6,612
4	85	45	6,505
4	85	50	2,568
4	85	55	3,249
4	85	57	13,675
4	85	58	1,318
4	85	59	9,235
4	85	67	12,126
4	85	74	21,364
4	85	84	0,695
4	85	86	2,576
4	85	89	14,075
4	85	92	2,303
4	85	93	4,144
4	85	94	2,604
4	86	9	11,314
4	86	21	1,745
4	86	26	1,31
4	86	27	6,837
4	86	35	1,943
4	86	38	3,255
4	86	41	11,716
4	86	45	5,099
4	86	50	7,801
4	86	55	8,908
4	86	57	16,845
4	86	58	0,864
4	86	59	37,049
4	86	67	4,444
4	86	74	5,587
4	86	84	7,461
4	86	85	8,972
4	86	89	15,974
4	86	92	4,901
4	86	93	0,945
4	86	94	1,004
4	89	9	1,311
4	89	21	8,186
4	89	26	12,707
4	89	27	9,416
4	89	35	9,976
4	89	38	3,957
4	89	41	5,399
4	89	45	53,364
4	89	50	4,98
4	89	55	5,017
4	89	57	13,687
4	89	58	4,066
4	89	59	1,823
4	89	67	0,622
4	89	74	2,607
4	89	84	1,596
4	89	85	0,726
4	89	86	2,996
4	89	92	15,022
4	89	93	0,917
4	89	94	4,612
4	92	9	37,684
4	92	21	7,284
4	92	26	9,613
4	92	27	0,937
4	92	35	6,917
4	92	38	1,929
4	92	41	5,48
4	92	45	3,075
4	92	50	1,139
4	92	55	17,092
4	92	57	1,011
4	92	58	0,678
4	92	59	1,355
4	92	67	21,558
4	92	74	6,569
4	92	84	1,187
4	92	85	11,394
4	92	86	3,744
4	92	89	4,772
4	92	93	7,02
4	92	94	3,342
4	93	9	10,328
4	93	21	8,296
4	93	26	12,306
4	93	27	11,168
4	93	35	4,908
4	93	38	6,076
4	93	41	1,009
4	93	45	3,812
4	93	50	3,576
4	93	55	6,06
4	93	57	2,627
4	93	58	8,821
4	93	59	13,647
4	93	67	2,075
4	93	74	22,859
4	93	84	7,627
4	93	85	14,101
4	93	86	4,321
4	93	89	8,476
4	93	92	2,217
4	93	94	19,958
4	94	9	2,788
4	94	21	3
4	94	26	5,8
4	94	27	4,772
4	94	35	1,764
4	94	38	10,112
4	94	41	0,576
4	94	45	4,793
4	94	50	3,579
4	94	55	3,413
4	94	57	3,629
4	94	58	23,112
4	94	59	2,693
4	94	67	1,571
4	94	74	3,835
4	94	84	3,134
4	94	85	2,76
4	94	86	3,682
4	94	89	12,62
4	94	92	2,235
4	94	93	11,768
5	9	12	2,139
5	9	16	7,144
5	9	22	8,206
5	9	25	1,643
5	9	26	3,3
5	9	41	13,303
5	9	43	10,633
5	9	47	4,026
5	9	53	2,282
5	9	59	5,393
5	9	60	13,15
5	9	64	6,295
5	9	65	9,089
5	9	75	5,429
5	9	79	6,242
5	9	82	7,324
5	9	86	5,616
5	9	92	10,339
5	12	9	3,724
5	12	16	5,637
5	12	22	4,674
5	12	25	1,67
5	12	26	3,834
5	12	41	2,03
5	12	43	11,731
5	12	47	32,764
5	12	53	14,932
5	12	59	8,676
5	12	60	0,739
5	12	64	0,536
5	12	65	13,693
5	12	75	5,682
5	12	79	5,644
5	12	82	14,878
5	12	86	3,844
5	12	92	9,601
5	16	9	6,814
5	16	12	2,316
5	16	22	3,435
5	16	25	0,582
5	16	26	7,316
5	16	41	3,003
5	16	43	1,498
5	16	47	0,608
5	16	53	0,74
5	16	59	1,951
5	16	60	4,896
5	16	64	10,701
5	16	65	5,757
5	16	75	4,132
5	16	79	17,595
5	16	82	7,682
5	16	86	11,47
5	16	92	2,675
5	22	9	8,435
5	22	12	1,935
5	22	16	1,713
5	22	25	1,029
5	22	26	5,716
5	22	41	0,893
5	22	43	17,645
5	22	47	25,244
5	22	53	20,643
5	22	59	1,564
5	22	60	0,785
5	22	64	0,803
5	22	65	0,913
5	22	75	0,504
5	22	79	7,352
5	22	82	1,462
5	22	86	2,962
5	22	92	10,531
5	25	9	16,919
5	25	12	0,627
5	25	16	7,638
5	25	22	19,464
5	25	26	13,499
5	25	41	5,151
5	25	43	2,072
5	25	47	7,361
5	25	53	0,948
5	25	59	26,074
5	25	60	0,7
5	25	64	3,389
5	25	65	0,892
5	25	75	9,073
5	25	79	3,591
5	25	82	4,823
5	25	86	4,56
5	25	92	2,982
5	26	9	4,801
5	26	12	1,371
5	26	16	9,396
5	26	22	5,316
5	26	25	19,437
5	26	41	1,802
5	26	43	0,571
5	26	47	10,895
5	26	53	0,572
5	26	59	15,717
5	26	60	2,75
5	26	64	3,321
5	26	65	5,329
5	26	75	5,342
5	26	79	0,693
5	26	82	0,917
5	26	86	0,795
5	26	92	8,226
5	41	9	2,557
5	41	12	1,923
5	41	16	1,659
5	41	22	8,246
5	41	25	3,378
5	41	26	13,282
5	41	43	2,707
5	41	47	17,18
5	41	53	1,112
5	41	59	12,523
5	41	60	2,438
5	41	64	1,19
5	41	65	3,916
5	41	75	3,901
5	41	79	2,663
5	41	82	1,863
5	41	86	1,348
5	41	92	5,35
5	43	9	5,186
5	43	12	21,385
5	43	16	5,563
5	43	22	6,922
5	43	25	1,538
5	43	26	3,152
5	43	41	7,215
5	43	47	1,19
5	43	53	6,091
5	43	59	0,908
5	43	60	1,395
5	43	64	4,683
5	43	65	3,791
5	43	75	2,724
5	43	79	2,185
5	43	82	3,27
5	43	86	0,846
5	43	92	1,361
5	47	9	2,066
5	47	12	5,749
5	47	16	3,149
5	47	22	4,944
5	47	25	4,014
5	47	26	6,131
5	47	41	12,451
5	47	43	13,813
5	47	53	3,084
5	47	59	5,378
5	47	60	3,198
5	47	64	25,33
5	47	65	3,294
5	47	75	10,505
5	47	79	6,193
5	47	82	2,656
5	47	86	1,751
5	47	92	5,467
5	53	9	16,848
5	53	12	12,674
5	53	16	20,484
5	53	22	12,484
5	53	25	9,362
5	53	26	5,078
5	53	41	4,019
5	53	43	4,373
5	53	47	5,774
5	53	59	9,819
5	53	60	3,917
5	53	64	1,449
5	53	65	1,82
5	53	75	9,668
5	53	79	8,283
5	53	82	8,852
5	53	86	9,713
5	53	92	7,065
5	59	9	3,876
5	59	12	1,111
5	59	16	8,718
5	59	22	3,277
5	59	25	7,202
5	59	26	2,774
5	59	41	57,144
5	59	43	13,943
5	59	47	1,285
5	59	53	7,971
5	59	60	2,814
5	59	64	14,638
5	59	65	2,502
5	59	75	6,252
5	59	79	5,638
5	59	82	1,015
5	59	86	1,067
5	59	92	2,241
5	60	9	26,033
5	60	12	12,825
5	60	16	0,65
5	60	22	3,676
5	60	25	3,214
5	60	26	23,847
5	60	41	1,99
5	60	43	9,682
5	60	47	23,336
5	60	53	4,565
5	60	59	5,111
5	60	64	26,919
5	60	65	20,349
5	60	75	3,629
5	60	79	11,325
5	60	82	8,459
5	60	86	2,56
5	60	92	1,337
5	64	9	0,992
5	64	12	4,009
5	64	16	2,39
5	64	22	10,864
5	64	25	16,648
5	64	26	3,353
5	64	41	11,328
5	64	43	10,177
5	64	47	1,155
5	64	53	5,371
5	64	59	4,663
5	64	60	15,804
5	64	65	7,18
5	64	75	3,76
5	64	79	1,651
5	64	82	11,041
5	64	86	4,277
5	64	92	8,385
5	65	9	7,644
5	65	12	3,556
5	65	16	0,839
5	65	22	18,172
5	65	25	2,772
5	65	26	1,846
5	65	41	8,713
5	65	43	2,022
5	65	47	1,443
5	65	53	1,062
5	65	59	18,718
5	65	60	4,678
5	65	64	1,463
5	65	75	1,519
5	65	79	6,594
5	65	82	3,918
5	65	86	4,471
5	65	92	1,711
5	75	9	1,205
5	75	12	0,639
5	75	16	0,876
5	75	22	17,805
5	75	25	1,414
5	75	26	0,87
5	75	41	2,933
5	75	43	2,717
5	75	47	0,846
5	75	53	1,473
5	75	59	9,019
5	75	60	9,447
5	75	64	3,658
5	75	65	10,009
5	75	79	0,567
5	75	82	0,871
5	75	86	6,093
5	75	92	6,26
5	79	9	0,668
5	79	12	0,568
5	79	16	2,104
5	79	22	8,717
5	79	25	17,559
5	79	26	20,682
5	79	41	5,246
5	79	43	5,808
5	79	47	4,699
5	79	53	0,75
5	79	59	11,7
5	79	60	4,078
5	79	64	6,426
5	79	65	1,711
5	79	75	9,928
5	79	82	8,03
5	79	86	3,542
5	79	92	3,354
5	82	9	6,45
5	82	12	2,133
5	82	16	8,579
5	82	22	1,226
5	82	25	6,704
5	82	26	12,265
5	82	41	17,687
5	82	43	4,666
5	82	47	3,142
5	82	53	7,006
5	82	59	7,477
5	82	60	11,379
5	82	64	1,134
5	82	65	4,285
5	82	75	0,954
5	82	79	1,468
5	82	86	5,891
5	82	92	1,673
5	86	9	3,485
5	86	12	12,212
5	86	16	11,277
5	86	22	9,327
5	86	25	6,3
5	86	26	6,89
5	86	41	4,078
5	86	43	4,88
5	86	47	1,206
5	86	53	1,519
5	86	59	11,236
5	86	60	2,774
5	86	64	34,498
5	86	65	4,852
5	86	75	0,74
5	86	79	3,014
5	86	82	0,62
5	86	92	4,638
5	92	9	1,492
5	92	12	1,894
5	92	16	9,461
5	92	22	1,136
5	92	25	4,011
5	92	26	3,759
5	92	41	4,093
5	92	43	6,302
5	92	47	5,053
5	92	53	0,599
5	92	59	2,033
5	92	60	2,999
5	92	64	2,496
5	92	65	3,243
5	92	75	11,563
5	92	79	5,047
5	92	82	2,096
5	92	86	1,895
6	4	7	1,132
6	4	9	2,426
6	4	15	3,226
6	4	22	1,261
6	4	28	8,561
6	4	29	1,436
6	4	31	3,775
6	4	33	6,301
6	4	34	6,515
6	4	36	4,874
6	4	57	20,288
6	4	58	4,858
6	4	60	0,524
6	4	76	0,791
6	4	79	2,896
6	4	80	0,726
6	4	82	4,785
6	4	83	1,458
6	4	84	10,296
6	4	88	4,568
6	4	89	1,182
6	4	90	13,557
6	4	91	26,975
6	4	93	1,061
6	4	97	11,024
6	7	4	1,361
6	7	9	1,741
6	7	15	11,732
6	7	22	9,204
6	7	28	3,593
6	7	29	3,206
6	7	31	7,753
6	7	33	1,716
6	7	34	8,215
6	7	36	17,117
6	7	57	1,058
6	7	58	1,008
6	7	60	9,787
6	7	76	7,534
6	7	79	6,696
6	7	80	3,908
6	7	82	1,475
6	7	83	4,262
6	7	84	4,565
6	7	88	36,553
6	7	89	3,902
6	7	90	1,368
6	7	91	3,396
6	7	93	5,265
6	7	97	12,308
6	9	4	3,099
6	9	7	10,639
6	9	15	4,907
6	9	22	4,979
6	9	28	4,52
6	9	29	10,302
6	9	31	33,091
6	9	33	2,997
6	9	34	23,272
6	9	36	5,839
6	9	57	15,585
6	9	58	5,869
6	9	60	18,637
6	9	76	16,469
6	9	79	2,67
6	9	80	0,975
6	9	82	5,924
6	9	83	4,395
6	9	84	4,118
6	9	88	1,439
6	9	89	11,533
6	9	90	7,547
6	9	91	11,092
6	9	93	1,473
6	9	97	2,597
6	15	4	0,591
6	15	7	1,437
6	15	9	6,14
6	15	22	13,06
6	15	28	4,145
6	15	29	1,385
6	15	31	1,269
6	15	33	1,074
6	15	34	6,904
6	15	36	0,713
6	15	57	5,728
6	15	58	11,711
6	15	60	21,922
6	15	76	10,048
6	15	79	3,798
6	15	80	9,209
6	15	82	0,943
6	15	83	9,715
6	15	84	9,083
6	15	88	4,168
6	15	89	1,036
6	15	90	2,088
6	15	91	2,163
6	15	93	16,32
6	15	97	7,413
6	22	4	4,196
6	22	7	5,132
6	22	9	7,705
6	22	15	7,74
6	22	28	1,015
6	22	29	0,844
6	22	31	0,965
6	22	33	10,895
6	22	34	0,897
6	22	36	15,538
6	22	57	1,096
6	22	58	3,135
6	22	60	2,435
6	22	76	24,419
6	22	79	17,125
6	22	80	17,812
6	22	82	1,112
6	22	83	2,331
6	22	84	8,582
6	22	88	2,354
6	22	89	9,982
6	22	90	4,014
6	22	91	5,289
6	22	93	12,364
6	22	97	7,988
6	28	4	5,922
6	28	7	1,004
6	28	9	11,744
6	28	15	15,563
6	28	22	5,975
6	28	29	10,486
6	28	31	0,694
6	28	33	11,384
6	28	34	20,586
6	28	36	3,471
6	28	57	0,948
6	28	58	11,224
6	28	60	9,315
6	28	76	6,246
6	28	79	10,732
6	28	80	9,889
6	28	82	5,092
6	28	83	6,447
6	28	84	7,584
6	28	88	6,406
6	28	89	5,166
6	28	90	4,719
6	28	91	1,612
6	28	93	9,036
6	28	97	12,796
6	29	4	0,922
6	29	7	1,233
6	29	9	2,839
6	29	15	21,056
6	29	22	2,749
6	29	28	8,188
6	29	31	2,763
6	29	33	2,091
6	29	34	12,515
6	29	36	1,497
6	29	57	4,947
6	29	58	18,018
6	29	60	9,305
6	29	76	3,127
6	29	79	7,786
6	29	80	4,667
6	29	82	10,013
6	29	83	1,646
6	29	84	2,389
6	29	88	1,353
6	29	89	1,585
6	29	90	6,405
6	29	91	1,517
6	29	93	2,026
6	29	97	27,001
6	31	4	4,442
6	31	7	4,103
6	31	9	8,852
6	31	15	2,733
6	31	22	5,645
6	31	28	2,588
6	31	29	3,911
6	31	33	0,607
6	31	34	3,638
6	31	36	1,434
6	31	57	1,044
6	31	58	3,191
6	31	60	4,497
6	31	76	2,568
6	31	79	2,71
6	31	80	2,011
6	31	82	5,946
6	31	83	14,258
6	31	84	4,418
6	31	88	8,367
6	31	89	1,6
6	31	90	5,33
6	31	91	6,055
6	31	93	0,857
6	31	97	0,941
6	33	4	14,048
6	33	7	0,602
6	33	9	7,313
6	33	15	11,497
6	33	22	6,545
6	33	28	9,662
6	33	29	2,308
6	33	31	5,817
6	33	34	8,163
6	33	36	0,712
6	33	57	1,978
6	33	58	0,988
6	33	60	4,886
6	33	76	1,088
6	33	79	5,543
6	33	80	21,054
6	33	82	8,693
6	33	83	5,065
6	33	84	1,587
6	33	88	1,883
6	33	89	3,812
6	33	90	25,012
6	33	91	2,355
6	33	93	3,194
6	33	97	6,916
6	34	4	0,999
6	34	7	6,875
6	34	9	1,588
6	34	15	2,641
6	34	22	7,38
6	34	28	7,816
6	34	29	6,67
6	34	31	9,384
6	34	33	8,306
6	34	36	5,472
6	34	57	17,499
6	34	58	2,509
6	34	60	2,198
6	34	76	11,018
6	34	79	9,494
6	34	80	0,672
6	34	82	3,501
6	34	83	5,609
6	34	84	16,979
6	34	88	7,929
6	34	89	4,368
6	34	90	6,831
6	34	91	2,816
6	34	93	5,421
6	34	97	1,842
6	36	4	18,759
6	36	7	11,403
6	36	9	5,306
6	36	15	1,809
6	36	22	0,974
6	36	28	2,087
6	36	29	1,4
6	36	31	1,998
6	36	33	2,588
6	36	34	3,006
6	36	57	2,123
6	36	58	6,392
6	36	60	2,255
6	36	76	7,159
6	36	79	5,973
6	36	80	3,33
6	36	82	12,379
6	36	83	15,941
6	36	84	11,141
6	36	88	4,39
6	36	89	1,79
6	36	90	2,556
6	36	91	1,816
6	36	93	0,984
6	36	97	7,536
6	57	4	3,193
6	57	7	6,194
6	57	9	11,462
6	57	15	2,989
6	57	22	5,888
6	57	28	0,7
6	57	29	0,955
6	57	31	9,559
6	57	33	3,109
6	57	34	16,494
6	57	36	1,779
6	57	58	0,911
6	57	60	1,292
6	57	76	0,629
6	57	79	14,481
6	57	80	5,679
6	57	82	6,429
6	57	83	1,494
6	57	84	1,619
6	57	88	11,463
6	57	89	6,401
6	57	90	15,34
6	57	91	11,164
6	57	93	1,311
6	57	97	8,354
6	58	4	13,315
6	58	7	15,281
6	58	9	0,993
6	58	15	17,267
6	58	22	8,039
6	58	28	5,32
6	58	29	10,83
6	58	31	2,297
6	58	33	1,747
6	58	34	2,885
6	58	36	1,985
6	58	57	6,078
6	58	60	5,316
6	58	76	13,513
6	58	79	6,651
6	58	80	14,321
6	58	82	3,018
6	58	83	1,288
6	58	84	19,459
6	58	88	1,923
6	58	89	3,971
6	58	90	2,132
6	58	91	8,143
6	58	93	2,297
6	58	97	2,712
6	60	4	1,355
6	60	7	3,626
6	60	9	4,879
6	60	15	30,745
6	60	22	14,798
6	60	28	7,652
6	60	29	4,051
6	60	31	15,254
6	60	33	13,417
6	60	34	3,909
6	60	36	1,911
6	60	57	4,65
6	60	58	16,267
6	60	76	1,22
6	60	79	12,955
6	60	80	10,573
6	60	82	1,183
6	60	83	6,155
6	60	84	9,853
6	60	88	5,135
6	60	89	0,506
6	60	90	2,166
6	60	91	12,223
6	60	93	5,259
6	60	97	1,231
6	76	4	4,495
6	76	7	11,688
6	76	9	3,515
6	76	15	11,95
6	76	22	3,617
6	76	28	2,967
6	76	29	3,544
6	76	31	1,473
6	76	33	2,877
6	76	34	2,544
6	76	36	4,9
6	76	57	1,366
6	76	58	2,384
6	76	60	9,088
6	76	79	16,568
6	76	80	5,885
6	76	82	3,921
6	76	83	6,732
6	76	84	7,923
6	76	88	5,391
6	76	89	6,638
6	76	90	5,357
6	76	91	2,276
6	76	93	1,84
6	76	97	0,945
6	79	4	6,23
6	79	7	49,646
6	79	9	11,493
6	79	15	3,461
6	79	22	8,363
6	79	28	2,727
6	79	29	7,973
6	79	31	8,181
6	79	33	17,258
6	79	34	0,789
6	79	36	3,422
6	79	57	13,574
6	79	58	8,042
6	79	60	2,304
6	79	76	4,755
6	79	80	2,939
6	79	82	1,695
6	79	83	2,339
6	79	84	10,454
6	79	88	6,262
6	79	89	11,071
6	79	90	2,719
6	79	91	1,609
6	79	93	3,451
6	79	97	4,028
6	80	4	6,885
6	80	7	4,236
6	80	9	2,457
6	80	15	1,847
6	80	22	0,519
6	80	28	2,961
6	80	29	4,26
6	80	31	4,086
6	80	33	3,033
6	80	34	1,817
6	80	36	8,138
6	80	57	2,451
6	80	58	0,963
6	80	60	18,035
6	80	76	5,673
6	80	79	29,26
6	80	82	3,938
6	80	83	0,567
6	80	84	8,115
6	80	88	14,711
6	80	89	2,336
6	80	90	7,905
6	80	91	6,496
6	80	93	1,702
6	80	97	2,149
6	82	4	7,724
6	82	7	12,119
6	82	9	38,601
6	82	15	25,001
6	82	22	0,948
6	82	28	3,544
6	82	29	5,69
6	82	31	3,848
6	82	33	0,575
6	82	34	0,738
6	82	36	3,064
6	82	57	5,948
6	82	58	18,056
6	82	60	4,06
6	82	76	3,105
6	82	79	4,531
6	82	80	13,18
6	82	83	16,618
6	82	84	2,863
6	82	88	10,33
6	82	89	1,122
6	82	90	20,447
6	82	91	4,291
6	82	93	0,522
6	82	97	8,312
6	83	4	2,741
6	83	7	1,943
6	83	9	7,381
6	83	15	2,222
6	83	22	2,5
6	83	28	46,228
6	83	29	0,927
6	83	31	0,87
6	83	33	1,717
6	83	34	3,648
6	83	36	9,959
6	83	57	13,084
6	83	58	2,302
6	83	60	3,122
6	83	76	9,796
6	83	79	1,197
6	83	80	2,933
6	83	82	3,207
6	83	84	3,498
6	83	88	10,795
6	83	89	10,45
6	83	90	15,241
6	83	91	4,826
6	83	93	1,69
6	83	97	2,039
6	84	4	0,524
6	84	7	16,761
6	84	9	7,328
6	84	15	6,21
6	84	22	5,413
6	84	28	49,692
6	84	29	8,938
6	84	31	8,353
6	84	33	4,429
6	84	34	21,23
6	84	36	2,808
6	84	57	2,067
6	84	58	4,954
6	84	60	13,767
6	84	76	22,18
6	84	79	14,599
6	84	80	0,803
6	84	82	7,911
6	84	83	1,609
6	84	88	1,577
6	84	89	2,988
6	84	90	3,502
6	84	91	4,887
6	84	93	0,623
6	84	97	1,7
6	88	4	8,033
6	88	7	6,34
6	88	9	3,114
6	88	15	6,839
6	88	22	10,737
6	88	28	6,517
6	88	29	8,94
6	88	31	7,395
6	88	33	15,624
6	88	34	11,981
6	88	36	7,293
6	88	57	0,575
6	88	58	7,264
6	88	60	9,096
6	88	76	2,808
6	88	79	32,069
6	88	80	8,003
6	88	82	2,53
6	88	83	1,261
6	88	84	7,09
6	88	89	4,601
6	88	90	1,445
6	88	91	1,651
6	88	93	16,628
6	88	97	4,582
6	89	4	17,532
6	89	7	4,048
6	89	9	21,67
6	89	15	32,311
6	89	22	4,223
6	89	28	0,696
6	89	29	7,084
6	89	31	7,332
6	89	33	26,085
6	89	34	1,888
6	89	36	0,98
6	89	57	0,567
6	89	58	0,629
6	89	60	2,931
6	89	76	15,881
6	89	79	8,022
6	89	80	4,408
6	89	82	9,062
6	89	83	0,957
6	89	84	2,791
6	89	88	15,228
6	89	90	3,081
6	89	91	13,336
6	89	93	3,97
6	89	97	9,817
6	90	4	7,03
6	90	7	6,482
6	90	9	1,977
6	90	15	2,516
6	90	22	6,079
6	90	28	11,664
6	90	29	5,91
6	90	31	42,812
6	90	33	1,283
6	90	34	2,813
6	90	36	0,578
6	90	57	1,16
6	90	58	14,318
6	90	60	6,713
6	90	76	0,812
6	90	79	0,908
6	90	80	7,825
6	90	82	2,848
6	90	83	1,959
6	90	84	9,289
6	90	88	2,863
6	90	89	3,746
6	90	91	2,111
6	90	93	26,898
6	90	97	22,257
6	91	4	8,319
6	91	7	7,281
6	91	9	0,951
6	91	15	2,808
6	91	22	10,659
6	91	28	1,851
6	91	29	4,109
6	91	31	2,793
6	91	33	8,452
6	91	34	1,091
6	91	36	15,123
6	91	57	13,724
6	91	58	6,986
6	91	60	3,819
6	91	76	12,457
6	91	79	4,428
6	91	80	0,993
6	91	82	3,299
6	91	83	5,954
6	91	84	8,216
6	91	88	16,231
6	91	89	23,309
6	91	90	6,594
6	91	93	0,846
6	91	97	5,351
6	93	4	7,162
6	93	7	10,458
6	93	9	10,899
6	93	15	15,789
6	93	22	0,952
6	93	28	2,653
6	93	29	6,726
6	93	31	1,995
6	93	33	1,495
6	93	34	0,961
6	93	36	15,158
6	93	57	0,827
6	93	58	10,201
6	93	60	3,087
6	93	76	10,085
6	93	79	3,352
6	93	80	5,775
6	93	82	8,951
6	93	83	17,072
6	93	84	4,255
6	93	88	2,892
6	93	89	13,169
6	93	90	1,979
6	93	91	0,716
6	93	97	9,433
6	97	4	16,597
6	97	7	13,262
6	97	9	10,679
6	97	15	1,186
6	97	22	3,537
6	97	28	0,594
6	97	29	3,535
6	97	31	1,722
6	97	33	4,881
6	97	34	5,576
6	97	36	4,915
6	97	57	6,688
6	97	58	7,71
6	97	60	15,521
6	97	76	2,39
6	97	79	1,431
6	97	80	0,913
6	97	82	6,642
6	97	83	5,823
6	97	84	2,52
6	97	88	1,743
6	97	89	3,551
6	97	90	31,639
6	97	91	22,351
6	97	93	16,512
7	7	11	1,822
7	7	16	0,54
7	7	17	6,147
7	7	26	1,967
7	7	30	9,645
7	7	35	32,146
7	7	37	29,247
7	7	42	3,964
7	7	51	27,757
7	7	53	11,078
7	7	56	1,855
7	7	59	1,84
7	7	63	7,519
7	7	73	13,833
7	7	74	1
7	7	87	4,972
7	7	90	0,547
7	11	7	10,805
7	11	16	8,93
7	11	17	33,024
7	11	26	2,148
7	11	30	2,509
7	11	35	13,227
7	11	37	6,691
7	11	42	3,27
7	11	51	2,578
7	11	53	4,929
7	11	56	1,568
7	11	59	2,314
7	11	63	1,443
7	11	73	7,782
7	11	74	7,592
7	11	87	8,541
7	11	90	1,558
7	16	7	5,021
7	16	11	4,06
7	16	17	10,368
7	16	26	3,646
7	16	30	1,263
7	16	35	11,881
7	16	37	1,931
7	16	42	3,288
7	16	51	1,042
7	16	53	27,316
7	16	56	7,568
7	16	59	2,989
7	16	63	0,734
7	16	73	2,705
7	16	74	1,065
7	16	87	2,084
7	16	90	11,332
7	17	7	4,194
7	17	11	2,179
7	17	16	2,818
7	17	26	9,457
7	17	30	6,273
7	17	35	3,537
7	17	37	4,324
7	17	42	0,716
7	17	51	2,257
7	17	53	4,078
7	17	56	3,129
7	17	59	3,745
7	17	63	8,074
7	17	73	3,714
7	17	74	2,507
7	17	87	21,224
7	17	90	11,818
7	26	7	2,874
7	26	11	0,927
7	26	16	0,738
7	26	17	0,507
7	26	30	3,377
7	26	35	0,843
7	26	37	8,625
7	26	42	9,411
7	26	51	6,545
7	26	53	18,503
7	26	56	1,619
7	26	59	1,285
7	26	63	10,263
7	26	73	2,646
7	26	74	3,877
7	26	87	1,136
7	26	90	5,973
7	30	7	4,587
7	30	11	2,334
7	30	16	2,555
7	30	17	3,208
7	30	26	1,036
7	30	35	16,671
7	30	37	10,014
7	30	42	10,975
7	30	51	4,82
7	30	53	4,214
7	30	56	4,023
7	30	59	6,954
7	30	63	8,334
7	30	73	13,419
7	30	74	4,102
7	30	87	1,581
7	30	90	19,365
7	35	7	17,755
7	35	11	3,745
7	35	16	5,321
7	35	17	0,794
7	35	26	13,739
7	35	30	2,881
7	35	37	30,771
7	35	42	2,766
7	35	51	14,725
7	35	53	4,367
7	35	56	2,965
7	35	59	4,858
7	35	63	27,524
7	35	73	3,17
7	35	74	22,019
7	35	87	23,225
7	35	90	1,794
7	37	7	0,777
7	37	11	1,23
7	37	16	4,152
7	37	17	2,84
7	37	26	4,147
7	37	30	3,693
7	37	35	2,176
7	37	42	4,186
7	37	51	0,857
7	37	53	5,124
7	37	56	4,962
7	37	59	0,585
7	37	63	20,013
7	37	73	2,305
7	37	74	9,389
7	37	87	0,596
7	37	90	3,611
7	42	7	2,349
7	42	11	8,658
7	42	16	5,12
7	42	17	12,664
7	42	26	6,716
7	42	30	0,769
7	42	35	9,739
7	42	37	0,908
7	42	51	0,851
7	42	53	2,365
7	42	56	2,698
7	42	59	2,075
7	42	63	6,537
7	42	73	4,727
7	42	74	18,921
7	42	87	6,878
7	42	90	6,628
7	51	7	2,047
7	51	11	11,354
7	51	16	5,199
7	51	17	12,353
7	51	26	1,167
7	51	30	15,043
7	51	35	7,84
7	51	37	3,455
7	51	42	7,234
7	51	53	1,736
7	51	56	8,94
7	51	59	10,527
7	51	63	6,201
7	51	73	1,378
7	51	74	7,215
7	51	87	1,531
7	51	90	1,858
7	53	7	5,584
7	53	11	4,65
7	53	16	2,149
7	53	17	5,985
7	53	26	1,359
7	53	30	2,168
7	53	35	2,015
7	53	37	3,681
7	53	42	0,677
7	53	51	8,181
7	53	56	3,283
7	53	59	5,6
7	53	63	1,272
7	53	73	7,942
7	53	74	1,847
7	53	87	33,12
7	53	90	11,494
7	56	7	11,384
7	56	11	13,831
7	56	16	16,219
7	56	17	2,628
7	56	26	13,039
7	56	30	2,564
7	56	35	2,839
7	56	37	5,18
7	56	42	15,106
7	56	51	3,001
7	56	53	1,887
7	56	59	0,826
7	56	63	1,413
7	56	73	7,093
7	56	74	1,672
7	56	87	1,055
7	56	90	8,426
7	59	7	2,093
7	59	11	6,257
7	59	16	5,212
7	59	17	3,173
7	59	26	2,85
7	59	30	18,086
7	59	35	5,987
7	59	37	2,299
7	59	42	2,202
7	59	51	3,584
7	59	53	12,625
7	59	56	7,369
7	59	63	2,003
7	59	73	1,096
7	59	74	1,376
7	59	87	6,09
7	59	90	2,422
7	63	7	9,885
7	63	11	4,607
7	63	16	1,14
7	63	17	1,197
7	63	26	0,602
7	63	30	2,7
7	63	35	6,713
7	63	37	4,179
7	63	42	7,359
7	63	51	0,691
7	63	53	2,299
7	63	56	27,282
7	63	59	3,168
7	63	73	11,317
7	63	74	14,604
7	63	87	1,967
7	63	90	9,56
7	73	7	12,91
7	73	11	4,729
7	73	16	1,64
7	73	17	1,758
7	73	26	3,779
7	73	30	2,289
7	73	35	22,268
7	73	37	0,865
7	73	42	1,722
7	73	51	10,436
7	73	53	15,818
7	73	56	15,169
7	73	59	13,803
7	73	63	5,421
7	73	74	2,241
7	73	87	19,929
7	73	90	2,274
7	74	7	1,32
7	74	11	5,698
7	74	16	5,654
7	74	17	1,735
7	74	26	2,724
7	74	30	8,28
7	74	35	25,871
7	74	37	8,947
7	74	42	1,999
7	74	51	2,208
7	74	53	4,42
7	74	56	4,186
7	74	59	1,105
7	74	63	3,483
7	74	73	3,424
7	74	87	5,044
7	74	90	14,207
7	87	7	19,476
7	87	11	3,358
7	87	16	1,933
7	87	17	6,935
7	87	26	6,879
7	87	30	8,721
7	87	35	1,668
7	87	37	4,577
7	87	42	2,652
7	87	51	25,247
7	87	53	8,105
7	87	56	5,68
7	87	59	5,577
7	87	63	5,747
7	87	73	1,549
7	87	74	15,497
7	87	90	2,572
7	90	7	9,884
7	90	11	4,093
7	90	16	1,486
7	90	17	1,874
7	90	26	1,594
7	90	30	2,231
7	90	35	10,71
7	90	37	3,274
7	90	42	4,94
7	90	51	0,833
7	90	53	31,448
7	90	56	3,023
7	90	59	14,823
7	90	63	1,55
7	90	73	1,332
7	90	74	4,625
7	90	87	2,897
8	1	3	0,713
8	1	4	15,279
8	1	6	3,099
8	1	9	1,368
8	1	11	1,042
8	1	15	2,396
8	1	21	8,747
8	1	24	13,719
8	1	27	15,153
8	1	28	6,335
8	1	30	2,175
8	1	34	3,485
8	1	41	11,401
8	1	49	2,48
8	1	51	0,722
8	1	52	4,62
8	1	55	0,914
8	1	61	4,843
8	1	67	1,161
8	1	70	6,091
8	1	73	2,991
8	1	75	5,189
8	1	77	4,811
8	1	78	14,038
8	1	89	4,395
8	1	100	2,503
8	3	1	3,364
8	3	4	6,845
8	3	6	2,491
8	3	9	8,343
8	3	11	1,578
8	3	15	4,408
8	3	21	0,65
8	3	24	0,997
8	3	27	4,127
8	3	28	0,691
8	3	30	2,208
8	3	34	3,599
8	3	41	5,11
8	3	49	1,074
8	3	51	6,016
8	3	52	2,642
8	3	55	6,563
8	3	61	10,359
8	3	67	1,751
8	3	70	2,934
8	3	73	1,847
8	3	75	3,179
8	3	77	17,364
8	3	78	9,617
8	3	89	6,413
8	3	100	6,778
8	4	1	20,862
8	4	3	2,852
8	4	6	1,207
8	4	9	2,779
8	4	11	1,455
8	4	15	1,955
8	4	21	33,727
8	4	24	4,002
8	4	27	2,13
8	4	28	6,772
8	4	30	12,066
8	4	34	7,77
8	4	41	7,061
8	4	49	14,355
8	4	51	10,318
8	4	52	3,802
8	4	55	4,145
8	4	61	1,011
8	4	67	4,929
8	4	70	3,228
8	4	73	2,37
8	4	75	7,095
8	4	77	4,679
8	4	78	0,83
8	4	89	23,419
8	4	100	1,725
8	6	1	2,787
8	6	3	3,611
8	6	4	6,407
8	6	9	6,423
8	6	11	19,521
8	6	15	14,175
8	6	21	1,624
8	6	24	4,857
8	6	27	2,983
8	6	28	5,293
8	6	30	1,541
8	6	34	4,978
8	6	41	4,301
8	6	49	25,148
8	6	51	2,598
8	6	52	1,397
8	6	55	3,595
8	6	61	2,175
8	6	67	5,684
8	6	70	6,265
8	6	73	10,911
8	6	75	3,42
8	6	77	8,797
8	6	78	3,196
8	6	89	10,462
8	6	100	1,097
8	9	1	0,985
8	9	3	14,691
8	9	4	2,195
8	9	6	2,224
8	9	11	12,922
8	9	15	3,485
8	9	21	0,857
8	9	24	1,032
8	9	27	2,908
8	9	28	2,826
8	9	30	4,817
8	9	34	20,502
8	9	41	14,072
8	9	49	3,658
8	9	51	8,462
8	9	52	4,422
8	9	55	2,562
8	9	61	0,832
8	9	67	4,018
8	9	70	3,197
8	9	73	0,748
8	9	75	10,962
8	9	77	1,906
8	9	78	0,542
8	9	89	0,85
8	9	100	4,88
8	11	1	8,718
8	11	3	2,018
8	11	4	3,95
8	11	6	1,338
8	11	9	9,764
8	11	15	8,783
8	11	21	10,483
8	11	24	1,751
8	11	27	7,066
8	11	28	2,774
8	11	30	4,239
8	11	34	0,507
8	11	41	0,743
8	11	49	2,386
8	11	51	4,013
8	11	52	2,231
8	11	55	4,613
8	11	61	3,831
8	11	67	1,189
8	11	70	4,86
8	11	73	0,968
8	11	75	5,269
8	11	77	3,007
8	11	78	7,087
8	11	89	6,978
8	11	100	2,673
8	15	1	1,918
8	15	3	3,675
8	15	4	0,815
8	15	6	1,482
8	15	9	0,946
8	15	11	2,566
8	15	21	6,602
8	15	24	2,253
8	15	27	8,538
8	15	28	5,282
8	15	30	4,809
8	15	34	0,739
8	15	41	3,317
8	15	49	0,72
8	15	51	8,901
8	15	52	2,607
8	15	55	1,011
8	15	61	18,524
8	15	67	1,277
8	15	70	1,696
8	15	73	6,965
8	15	75	0,587
8	15	77	2,294
8	15	78	3,783
8	15	89	8,484
8	15	100	2,208
8	21	1	8,117
8	21	3	3,666
8	21	4	3,04
8	21	6	3,071
8	21	9	9,764
8	21	11	2,038
8	21	15	10,582
8	21	24	2,277
8	21	27	6,352
8	21	28	1,09
8	21	30	8,494
8	21	34	1,414
8	21	41	1,897
8	21	49	5,758
8	21	51	3,675
8	21	52	2,179
8	21	55	72,484
8	21	61	3,547
8	21	67	12,098
8	21	70	8,103
8	21	73	2,412
8	21	75	4,212
8	21	77	2,276
8	21	78	1,197
8	21	89	16,322
8	21	100	1,281
8	24	1	2,753
8	24	3	27,358
8	24	4	2,717
8	24	6	8,68
8	24	9	18,225
8	24	11	7,948
8	24	15	13,473
8	24	21	10,233
8	24	27	7,978
8	24	28	4,421
8	24	30	3,641
8	24	34	9,259
8	24	41	9,921
8	24	49	8,006
8	24	51	26,826
8	24	52	2,268
8	24	55	1,194
8	24	61	27,181
8	24	67	5,805
8	24	70	2,138
8	24	73	1,679
8	24	75	6,397
8	24	77	2,472
8	24	78	6,371
8	24	89	3,263
8	24	100	3,274
8	27	1	5,3
8	27	3	1,319
8	27	4	3,443
8	27	6	6,319
8	27	9	7,339
8	27	11	2,364
8	27	15	14,311
8	27	21	3,422
8	27	24	19,514
8	27	28	5,857
8	27	30	3,475
8	27	34	4,242
8	27	41	12,728
8	27	49	3,39
8	27	51	27,614
8	27	52	5,998
8	27	55	0,957
8	27	61	9,215
8	27	67	4,887
8	27	70	3,172
8	27	73	2,747
8	27	75	7,985
8	27	77	1,497
8	27	78	1,88
8	27	89	4,795
8	27	100	3,316
8	28	1	2,272
8	28	3	10,564
8	28	4	20,135
8	28	6	20,302
8	28	9	11,913
8	28	11	7,945
8	28	15	1,126
8	28	21	3,057
8	28	24	5,567
8	28	27	6,376
8	28	30	5,885
8	28	34	3,338
8	28	41	2,853
8	28	49	10,038
8	28	51	3,563
8	28	52	2,483
8	28	55	25,035
8	28	61	10,023
8	28	67	1,845
8	28	70	7,874
8	28	73	1,718
8	28	75	4,278
8	28	77	10,878
8	28	78	2,849
8	28	89	10,441
8	28	100	2,725
8	30	1	10,115
8	30	3	9,177
8	30	4	2,031
8	30	6	1,332
8	30	9	2,963
8	30	11	2,684
8	30	15	4,209
8	30	21	2,811
8	30	24	3,335
8	30	27	6,141
8	30	28	0,574
8	30	34	5,45
8	30	41	9,039
8	30	49	0,705
8	30	51	6,946
8	30	52	12,413
8	30	55	1,312
8	30	61	7,823
8	30	67	3,839
8	30	70	1,567
8	30	73	1,278
8	30	75	0,572
8	30	77	2,386
8	30	78	0,783
8	30	89	0,83
8	30	100	5,016
8	34	1	8,218
8	34	3	9,525
8	34	4	0,628
8	34	6	1,994
8	34	9	15,789
8	34	11	1,997
8	34	15	3,403
8	34	21	1,922
8	34	24	4,072
8	34	27	3,509
8	34	28	8,894
8	34	30	1,559
8	34	41	2,087
8	34	49	7,262
8	34	51	10,301
8	34	52	13,563
8	34	55	2,313
8	34	61	2,572
8	34	67	7,752
8	34	70	2,738
8	34	73	4,895
8	34	75	2,862
8	34	77	5,043
8	34	78	4,507
8	34	89	13,89
8	34	100	1,368
8	41	1	0,764
8	41	3	1,083
8	41	4	11,441
8	41	6	2,281
8	41	9	1,003
8	41	11	5,239
8	41	15	2,553
8	41	21	1,952
8	41	24	20,819
8	41	27	2,163
8	41	28	6,36
8	41	30	0,877
8	41	34	0,562
8	41	49	6,491
8	41	51	1,329
8	41	52	8,73
8	41	55	2,117
8	41	61	1,419
8	41	67	13,908
8	41	70	2,259
8	41	73	14,836
8	41	75	5,34
8	41	77	1,857
8	41	78	5,926
8	41	89	2,075
8	41	100	0,847
8	49	1	9,984
8	49	3	3,569
8	49	4	12,895
8	49	6	2,944
8	49	9	16,316
8	49	11	1,834
8	49	15	11,175
8	49	21	2,015
8	49	24	13,226
8	49	27	4,671
8	49	28	11,139
8	49	30	3,189
8	49	34	1,513
8	49	41	8,376
8	49	51	5,999
8	49	52	4,446
8	49	55	5,802
8	49	61	18,521
8	49	67	3,089
8	49	70	4,017
8	49	73	5,364
8	49	75	1,845
8	49	77	8,592
8	49	78	1,167
8	49	89	5,656
8	49	100	6,316
8	51	1	5,167
8	51	3	18,655
8	51	4	3,961
8	51	6	1,199
8	51	9	3,19
8	51	11	24,676
8	51	15	0,532
8	51	21	10,033
8	51	24	13,782
8	51	27	1,236
8	51	28	3,47
8	51	30	3,579
8	51	34	14,649
8	51	41	16,038
8	51	49	50,277
8	51	52	5,091
8	51	55	4,189
8	51	61	4,092
8	51	67	0,715
8	51	70	17,719
8	51	73	8,232
8	51	75	2,964
8	51	77	7,528
8	51	78	3,104
8	51	89	2,934
8	51	100	4,401
8	52	1	28,533
8	52	3	18,641
8	52	4	5,938
8	52	6	9,268
8	52	9	11,342
8	52	11	8,71
8	52	15	6,195
8	52	21	2,434
8	52	24	7,231
8	52	27	10,339
8	52	28	15,206
8	52	30	2,244
8	52	34	3,378
8	52	41	3,725
8	52	49	5,974
8	52	51	6,366
8	52	55	11,551
8	52	61	4,675
8	52	67	1,737
8	52	70	18,36
8	52	73	4,134
8	52	75	9,37
8	52	77	21,027
8	52	78	8,421
8	52	89	1,25
8	52	100	13,752
8	55	1	3,804
8	55	3	11,836
8	55	4	2,847
8	55	6	3,128
8	55	9	2,791
8	55	11	11,443
8	55	15	3,972
8	55	21	1,66
8	55	24	17,295
8	55	27	6,445
8	55	28	2,445
8	55	30	1,318
8	55	34	7,908
8	55	41	8,379
8	55	49	2,425
8	55	51	2,725
8	55	52	3,78
8	55	61	2,271
8	55	67	20,117
8	55	70	4,429
8	55	73	2,453
8	55	75	15,004
8	55	77	6,076
8	55	78	1,402
8	55	89	1,247
8	55	100	2,554
8	61	1	12,873
8	61	3	10,455
8	61	4	8,223
8	61	6	8,488
8	61	9	4,253
8	61	11	2,22
8	61	15	24,87
8	61	21	0,779
8	61	24	8,384
8	61	27	13,365
8	61	28	17,336
8	61	30	7,433
8	61	34	6,542
8	61	41	10,193
8	61	49	4,285
8	61	51	20,222
8	61	52	13,415
8	61	55	1,888
8	61	67	7,619
8	61	70	1,86
8	61	73	2,461
8	61	75	4,021
8	61	77	1,021
8	61	78	1,688
8	61	89	1,898
8	61	100	1,604
8	67	1	0,678
8	67	3	8,73
8	67	4	1,539
8	67	6	1,927
8	67	9	5,696
8	67	11	1,709
8	67	15	2,8
8	67	21	2,16
8	67	24	4,485
8	67	27	1,888
8	67	28	0,543
8	67	30	5,23
8	67	34	1,772
8	67	41	11,468
8	67	49	9,035
8	67	51	1,8
8	67	52	6,038
8	67	55	2,862
8	67	61	13,736
8	67	70	3,224
8	67	73	1,407
8	67	75	17,696
8	67	77	5,745
8	67	78	6,578
8	67	89	4,244
8	67	100	3,041
8	70	1	31,238
8	70	3	13,983
8	70	4	12,626
8	70	6	25,679
8	70	9	0,706
8	70	11	57,752
8	70	15	0,998
8	70	21	0,793
8	70	24	4,733
8	70	27	3,682
8	70	28	0,987
8	70	30	1,69
8	70	34	3,345
8	70	41	4,479
8	70	49	0,716
8	70	51	3,333
8	70	52	4,902
8	70	55	2,379
8	70	61	1,453
8	70	67	5,27
8	70	73	0,852
8	70	75	9,718
8	70	77	3,835
8	70	78	15,343
8	70	89	8,213
8	70	100	6,815
8	73	1	3,58
8	73	3	6,61
8	73	4	6,112
8	73	6	2,313
8	73	9	1,207
8	73	11	3,652
8	73	15	17,179
8	73	21	1,28
8	73	24	6,038
8	73	27	1,228
8	73	28	2,032
8	73	30	3,371
8	73	34	5,66
8	73	41	1,048
8	73	49	6,647
8	73	51	6,974
8	73	52	22,284
8	73	55	3,973
8	73	61	10,129
8	73	67	1,46
8	73	70	3,059
8	73	75	1,208
8	73	77	4,075
8	73	78	13,999
8	73	89	1,149
8	73	100	0,83
8	75	1	1,971
8	75	3	3,492
8	75	4	4,218
8	75	6	32,512
8	75	9	1,969
8	75	11	6,117
8	75	15	13,145
8	75	21	3,657
8	75	24	6,109
8	75	27	10,458
8	75	28	1,019
8	75	30	4,298
8	75	34	0,868
8	75	41	7,238
8	75	49	4,176
8	75	51	0,718
8	75	52	8,908
8	75	55	3,604
8	75	61	2,534
8	75	67	1,41
8	75	70	7,652
8	75	73	5,435
8	75	77	6,407
8	75	78	6,095
8	75	89	20,208
8	75	100	7,89
8	77	1	4,004
8	77	3	3,169
8	77	4	2,432
8	77	6	1,507
8	77	9	9,752
8	77	11	8,912
8	77	15	1
8	77	21	4,708
8	77	24	2,686
8	77	27	13,393
8	77	28	2,682
8	77	30	1,764
8	77	34	7,673
8	77	41	2,572
8	77	49	2,208
8	77	51	2,103
8	77	52	0,593
8	77	55	14,868
8	77	61	10,323
8	77	67	12,493
8	77	70	0,816
8	77	73	4,592
8	77	75	1,338
8	77	78	1,399
8	77	89	2,38
8	77	100	3,106
8	78	1	10,429
8	78	3	2,383
8	78	4	16,788
8	78	6	1,853
8	78	9	1,278
8	78	11	2,56
8	78	15	4,563
8	78	21	4,093
8	78	24	2,859
8	78	27	12,518
8	78	28	3,366
8	78	30	2,782
8	78	34	25,454
8	78	41	0,695
8	78	49	1,046
8	78	51	19,177
8	78	52	5,633
8	78	55	25,5
8	78	61	1,176
8	78	67	7,428
8	78	70	2,21
8	78	73	7,862
8	78	75	2,055
8	78	77	3,43
8	78	89	5,777
8	78	100	0,715
8	89	1	0,99
8	89	3	2,206
8	89	4	26,988
8	89	6	48,444
8	89	9	1,493
8	89	11	19,771
8	89	15	29,587
8	89	21	1,785
8	89	24	69,981
8	89	27	5,019
8	89	28	1,691
8	89	30	5,13
8	89	34	2,413
8	89	41	4,469
8	89	49	12,229
8	89	51	0,58
8	89	52	13,672
8	89	55	1,905
8	89	61	2,473
8	89	67	7,674
8	89	70	17,488
8	89	73	3,641
8	89	75	12,57
8	89	77	1,315
8	89	78	4,275
8	89	100	1,499
8	100	1	16,434
8	100	3	1,639
8	100	4	26,653
8	100	6	4,263
8	100	9	0,598
8	100	11	9,687
8	100	15	5,378
8	100	21	2,621
8	100	24	8,964
8	100	27	6,2
8	100	28	0,887
8	100	30	4,199
8	100	34	10,675
8	100	41	7,926
8	100	49	0,914
8	100	51	9,038
8	100	52	7,265
8	100	55	7,278
8	100	61	2,95
8	100	67	0,931
8	100	70	7,11
8	100	73	5,201
8	100	75	2,109
8	100	77	1,008
8	100	78	1,619
8	100	89	4,152
9	3	6	11,208
9	3	9	8,605
9	3	10	1,233
9	3	14	0,54
9	3	18	20,21
9	3	25	7,113
9	3	30	21,573
9	3	36	5,752
9	3	42	6,188
9	3	56	0,865
9	3	59	0,933
9	3	65	1,24
9	3	71	3,265
9	3	72	13,898
9	3	73	9,899
9	3	82	5,574
9	6	3	9,152
9	6	9	4,942
9	6	10	3,633
9	6	14	1,3
9	6	18	3,221
9	6	25	6,845
9	6	30	2,154
9	6	36	1,981
9	6	42	4,614
9	6	56	14,461
9	6	59	6,347
9	6	65	2,127
9	6	71	1,857
9	6	72	5,02
9	6	73	1,393
9	6	82	2,335
9	9	3	1,138
9	9	6	29,134
9	9	10	12,063
9	9	14	20,831
9	9	18	15,918
9	9	25	24,927
9	9	30	2,722
9	9	36	11,972
9	9	42	0,751
9	9	56	1,459
9	9	59	2,379
9	9	65	7,728
9	9	71	1,496
9	9	72	1,169
9	9	73	1,592
9	9	82	1,464
9	10	3	7,394
9	10	6	12,516
9	10	9	10,879
9	10	14	45,09
9	10	18	8,295
9	10	25	1,802
9	10	30	1,328
9	10	36	4,201
9	10	42	9,381
9	10	56	9,75
9	10	59	1,393
9	10	65	3,954
9	10	71	5,736
9	10	72	2,916
9	10	73	1,356
9	10	82	7,568
9	14	3	5,366
9	14	6	3,16
9	14	9	2,323
9	14	10	8,725
9	14	18	0,718
9	14	25	2,913
9	14	30	2,034
9	14	36	4,474
9	14	42	1,942
9	14	56	0,591
9	14	59	4,363
9	14	65	16,232
9	14	71	3,733
9	14	72	2,688
9	14	73	2,858
9	14	82	1,118
9	18	3	2,374
9	18	6	2,555
9	18	9	9,488
9	18	10	9,445
9	18	14	1,77
9	18	25	0,924
9	18	30	10,933
9	18	36	3,291
9	18	42	10,392
9	18	56	14,255
9	18	59	1,304
9	18	65	1,151
9	18	71	26,715
9	18	72	26,453
9	18	73	5,355
9	18	82	28,18
9	25	3	9,807
9	25	6	46,815
9	25	9	4,354
9	25	10	1,77
9	25	14	2,132
9	25	18	0,518
9	25	30	24,109
9	25	36	7,064
9	25	42	10,428
9	25	56	7,086
9	25	59	24,102
9	25	65	3,724
9	25	71	4,118
9	25	72	2,162
9	25	73	0,984
9	25	82	2,329
9	30	3	4,074
9	30	6	3,79
9	30	9	1,553
9	30	10	2,313
9	30	14	1,371
9	30	18	11,387
9	30	25	4,23
9	30	36	5,102
9	30	42	1,611
9	30	56	2,09
9	30	59	5,233
9	30	65	1,714
9	30	71	2,661
9	30	72	1,492
9	30	73	0,514
9	30	82	0,96
9	36	3	12,295
9	36	6	5,138
9	36	9	1,841
9	36	10	1,005
9	36	14	2,109
9	36	18	11,38
9	36	25	1,48
9	36	30	2,475
9	36	42	1,829
9	36	56	7,92
9	36	59	3,858
9	36	65	3,1
9	36	71	7,358
9	36	72	7,914
9	36	73	5,336
9	36	82	4,845
9	42	3	6,282
9	42	6	1,251
9	42	9	4,396
9	42	10	0,972
9	42	14	5,898
9	42	18	9,263
9	42	25	1,376
9	42	30	5,946
9	42	36	14,118
9	42	56	4,333
9	42	59	5,221
9	42	65	1,002
9	42	71	6,797
9	42	72	2,999
9	42	73	14,922
9	42	82	4,163
9	56	3	5,587
9	56	6	5,696
9	56	9	2,597
9	56	10	14,867
9	56	14	13,012
9	56	18	8,767
9	56	25	4,01
9	56	30	2,71
9	56	36	0,725
9	56	42	0,982
9	56	59	0,852
9	56	65	2,282
9	56	71	1,709
9	56	72	9,019
9	56	73	1,215
9	56	82	6,474
9	59	3	7,448
9	59	6	11,161
9	59	9	2,851
9	59	10	4,998
9	59	14	12,069
9	59	18	1,488
9	59	25	18,834
9	59	30	1,29
9	59	36	8,343
9	59	42	4,524
9	59	56	0,63
9	59	65	6,074
9	59	71	7,472
9	59	72	6,841
9	59	73	1,032
9	59	82	5,62
9	65	3	4,505
9	65	6	5,111
9	65	9	1,14
9	65	10	3,206
9	65	14	2,382
9	65	18	22,468
9	65	25	2,676
9	65	30	37,137
9	65	36	3,135
9	65	42	7,033
9	65	56	0,548
9	65	59	4,124
9	65	71	3,842
9	65	72	3,873
9	65	73	0,898
9	65	82	17,409
9	71	3	1,535
9	71	6	13,77
9	71	9	2,113
9	71	10	5,77
9	71	14	1,928
9	71	18	8,766
9	71	25	7,375
9	71	30	8,923
9	71	36	6,861
9	71	42	3,436
9	71	56	9,691
9	71	59	2,743
9	71	65	9,058
9	71	72	17,219
9	71	73	7,599
9	71	82	1,858
9	72	3	1,223
9	72	6	1,135
9	72	9	34,463
9	72	10	1,183
9	72	14	3,648
9	72	18	2,17
9	72	25	11,269
9	72	30	2,735
9	72	36	23,988
9	72	42	0,552
9	72	56	2,746
9	72	59	5,428
9	72	65	4,117
9	72	71	16,084
9	72	73	10,627
9	72	82	12,374
9	73	3	47,544
9	73	6	11,307
9	73	9	1,886
9	73	10	11,21
9	73	14	1,516
9	73	18	5,791
9	73	25	11,072
9	73	30	0,945
9	73	36	1,604
9	73	42	3,335
9	73	56	7,315
9	73	59	1,694
9	73	65	59,489
9	73	71	0,653
9	73	72	3,139
9	73	82	10,317
9	82	3	2,032
9	82	6	9,615
9	82	9	6,947
9	82	10	13,814
9	82	14	9,8
9	82	18	5,706
9	82	25	2,216
9	82	30	2,006
9	82	36	13,89
9	82	42	4,904
9	82	56	10,902
9	82	59	10,916
9	82	65	0,614
9	82	71	1,156
9	82	72	1,886
9	82	73	31,077
10	1	4	24,101
10	1	6	3,622
10	1	12	8,769
10	1	17	5,27
10	1	19	16,801
10	1	26	2,291
10	1	31	11,374
10	1	35	23,834
10	1	37	9,641
10	1	38	1,253
10	1	51	11,314
10	1	52	3,064
10	1	59	15,52
10	1	60	5,547
10	1	62	1,1
10	1	64	4,175
10	1	65	6,445
10	1	69	5,408
10	1	72	3,975
10	1	78	1,495
10	1	87	0,998
10	1	97	0,941
10	4	1	4,325
10	4	6	7,62
10	4	12	6,008
10	4	17	3,292
10	4	19	7,018
10	4	26	19,489
10	4	31	0,666
10	4	35	1,558
10	4	37	12,76
10	4	38	12,127
10	4	51	1,72
10	4	52	3,362
10	4	59	0,82
10	4	60	6,038
10	4	62	16,946
10	4	64	6,09
10	4	65	7,923
10	4	69	22,472
10	4	72	4,629
10	4	78	3,87
10	4	87	2,389
10	4	97	2,418
10	6	1	12,768
10	6	4	11,173
10	6	12	24,617
10	6	17	5,004
10	6	19	7,948
10	6	26	17,554
10	6	31	2,93
10	6	35	2,577
10	6	37	3,227
10	6	38	1,708
10	6	51	6,212
10	6	52	3,667
10	6	59	0,526
10	6	60	44,444
10	6	62	0,674
10	6	64	17,706
10	6	65	0,51
10	6	69	1,377
10	6	72	2,189
10	6	78	6,701
10	6	87	1,376
10	6	97	4,646
10	12	1	2,466
10	12	4	9,371
10	12	6	14,456
10	12	17	7,206
10	12	19	1,399
10	12	26	8,401
10	12	31	27,353
10	12	35	4,254
10	12	37	6,439
10	12	38	5,144
10	12	51	15,726
10	12	52	1,677
10	12	59	4,795
10	12	60	2,055
10	12	62	1,038
10	12	64	10,76
10	12	65	1,476
10	12	69	4,177
10	12	72	2,077
10	12	78	8,614
10	12	87	0,933
10	12	97	7,191
10	17	1	2,256
10	17	4	6,574
10	17	6	6,152
10	17	12	6,081
10	17	19	3,943
10	17	26	21,842
10	17	31	5,173
10	17	35	2,392
10	17	37	7,103
10	17	38	3,643
10	17	51	4,311
10	17	52	0,545
10	17	59	5,005
10	17	60	7,008
10	17	62	1,354
10	17	64	13,21
10	17	65	3,241
10	17	69	0,818
10	17	72	0,614
10	17	78	6,126
10	17	87	2,364
10	17	97	1,303
10	19	1	5,637
10	19	4	6,805
10	19	6	12,562
10	19	12	3,35
10	19	17	22,442
10	19	26	1,558
10	19	31	23,116
10	19	35	6,802
10	19	37	0,756
10	19	38	1,065
10	19	51	7,216
10	19	52	10,71
10	19	59	3,17
10	19	60	1,672
10	19	62	9,726
10	19	64	18,467
10	19	65	0,503
10	19	69	10,49
10	19	72	5,382
10	19	78	5,984
10	19	87	0,856
10	19	97	4,912
10	26	1	2,746
10	26	4	5,561
10	26	6	2,864
10	26	12	2,585
10	26	17	4,038
10	26	19	14,846
10	26	31	3,735
10	26	35	3,483
10	26	37	2,752
10	26	38	12,188
10	26	51	4,522
10	26	52	1,285
10	26	59	3,515
10	26	60	9,795
10	26	62	4,52
10	26	64	17,058
10	26	65	14,635
10	26	69	7,566
10	26	72	1,286
10	26	78	2,499
10	26	87	8,493
10	26	97	3,765
10	31	1	4,426
10	31	4	11,405
10	31	6	3,81
10	31	12	2,203
10	31	17	2,989
10	31	19	3,478
10	31	26	9,412
10	31	35	2,891
10	31	37	3,846
10	31	38	6,175
10	31	51	1,812
10	31	52	2,056
10	31	59	15,542
10	31	60	42,607
10	31	62	3,625
10	31	64	1,334
10	31	65	10,153
10	31	69	0,751
10	31	72	4,856
10	31	78	7,788
10	31	87	1,822
10	31	97	1,057
10	35	1	3,941
10	35	4	7,028
10	35	6	0,827
10	35	12	0,968
10	35	17	1,391
10	35	19	6,209
10	35	26	3,414
10	35	31	0,763
10	35	37	4,257
10	35	38	13,65
10	35	51	4,424
10	35	52	2,24
10	35	59	38,48
10	35	60	3,521
10	35	62	3,541
10	35	64	8,923
10	35	65	2,724
10	35	69	1,028
10	35	72	2,199
10	35	78	12,468
10	35	87	1,92
10	35	97	5,254
10	37	1	6,342
10	37	4	2,797
10	37	6	9,508
10	37	12	4,708
10	37	17	7,85
10	37	19	8,207
10	37	26	2,84
10	37	31	1,076
10	37	35	15,848
10	37	38	1,538
10	37	51	7,31
10	37	52	8,146
10	37	59	1,599
10	37	60	1,894
10	37	62	4,134
10	37	64	10,527
10	37	65	1,17
10	37	69	12,083
10	37	72	2,061
10	37	78	11,151
10	37	87	0,922
10	37	97	13,681
10	38	1	2,165
10	38	4	17,775
10	38	6	9,807
10	38	12	1,549
10	38	17	2,966
10	38	19	6,351
10	38	26	1,96
10	38	31	0,93
10	38	35	35,411
10	38	37	3,173
10	38	51	1,91
10	38	52	6,507
10	38	59	2,635
10	38	60	1,767
10	38	62	6,07
10	38	64	3,974
10	38	65	1,319
10	38	69	1,323
10	38	72	10,865
10	38	78	9,865
10	38	87	5,818
10	38	97	5,658
10	51	1	2,324
10	51	4	9,364
10	51	6	0,961
10	51	12	1,791
10	51	17	4,405
10	51	19	0,808
10	51	26	6,717
10	51	31	8,819
10	51	35	1,632
10	51	37	1,307
10	51	38	5,065
10	51	52	4,034
10	51	59	9,691
10	51	60	1,676
10	51	62	1,296
10	51	64	2,577
10	51	65	1,488
10	51	69	1,245
10	51	72	2,429
10	51	78	6,813
10	51	87	8,661
10	51	97	2,388
10	52	1	3,205
10	52	4	1,679
10	52	6	3,079
10	52	12	14,002
10	52	17	15,184
10	52	19	4,675
10	52	26	8,883
10	52	31	4,595
10	52	35	5,819
10	52	37	0,502
10	52	38	6,175
10	52	51	2,634
10	52	59	3,167
10	52	60	3,414
10	52	62	8,53
10	52	64	6,216
10	52	65	4,91
10	52	69	3,272
10	52	72	0,583
10	52	78	4,032
10	52	87	3,427
10	52	97	2,23
10	59	1	0,692
10	59	4	2,601
10	59	6	3,026
10	59	12	1,734
10	59	17	2,659
10	59	19	4,973
10	59	26	2,604
10	59	31	16,362
10	59	35	6,791
10	59	37	3,655
10	59	38	5,202
10	59	51	14,283
10	59	52	5,527
10	59	60	12,002
10	59	62	13,832
10	59	64	9,483
10	59	65	5,615
10	59	69	0,861
10	59	72	2,87
10	59	78	16,61
10	59	87	1,156
10	59	97	14,717
10	60	1	8,082
10	60	4	10,688
10	60	6	22,809
10	60	12	3,136
10	60	17	7,189
10	60	19	3,2
10	60	26	9,647
10	60	31	7,683
10	60	35	19,372
10	60	37	4,388
10	60	38	2,49
10	60	51	16,038
10	60	52	0,665
10	60	59	2,819
10	60	62	6,79
10	60	64	3,988
10	60	65	3,259
10	60	69	8,393
10	60	72	5,012
10	60	78	8,711
10	60	87	5,092
10	60	97	10,397
10	62	1	24,948
10	62	4	15,266
10	62	6	3,19
10	62	12	0,509
10	62	17	8,198
10	62	19	1,341
10	62	26	22,049
10	62	31	13,837
10	62	35	3,516
10	62	37	1,362
10	62	38	1,823
10	62	51	2,746
10	62	52	1,042
10	62	59	3,647
10	62	60	7,846
10	62	64	10,635
10	62	65	1,924
10	62	69	28,843
10	62	72	2,524
10	62	78	1,531
10	62	87	4,174
10	62	97	5,461
10	64	1	2,39
10	64	4	8,474
10	64	6	0,752
10	64	12	7,203
10	64	17	10,487
10	64	19	7,197
10	64	26	33,284
10	64	31	3,418
10	64	35	4,252
10	64	37	15,528
10	64	38	7,315
10	64	51	3,804
10	64	52	13,411
10	64	59	3,599
10	64	60	6,301
10	64	62	7,697
10	64	65	4,049
10	64	69	0,797
10	64	72	2,075
10	64	78	22,799
10	64	87	7,304
10	64	97	4,62
10	65	1	2,551
10	65	4	7,605
10	65	6	3,505
10	65	12	2,014
10	65	17	16,453
10	65	19	1,566
10	65	26	5,741
10	65	31	10,235
10	65	35	5,353
10	65	37	1,065
10	65	38	14,288
10	65	51	3,615
10	65	52	4,373
10	65	59	1,258
10	65	60	0,622
10	65	62	6,448
10	65	64	2,261
10	65	69	6,245
10	65	72	4,046
10	65	78	1,457
10	65	87	1,458
10	65	97	3,89
10	69	1	2,268
10	69	4	3,565
10	69	6	17,911
10	69	12	1,229
10	69	17	25,786
10	69	19	7,924
10	69	26	6,247
10	69	31	2,039
10	69	35	6,53
10	69	37	4,045
10	69	38	5,461
10	69	51	1,781
10	69	52	1,395
10	69	59	3,138
10	69	60	18,425
10	69	62	1,993
10	69	64	11,694
10	69	65	2,041
10	69	72	19,45
10	69	78	10,28
10	69	87	0,915
10	69	97	6,322
10	72	1	1,089
10	72	4	1,483
10	72	6	3,574
10	72	12	1,68
10	72	17	8,315
10	72	19	6,368
10	72	26	2,84
10	72	31	2,469
10	72	35	7,845
10	72	37	6,446
10	72	38	13,075
10	72	51	1,431
10	72	52	17,513
10	72	59	1,044
10	72	60	7,105
10	72	62	6,328
10	72	64	15,874
10	72	65	6,813
10	72	69	11,125
10	72	78	4,01
10	72	87	0,766
10	72	97	17,695
10	78	1	4,958
10	78	4	5,493
10	78	6	2,985
10	78	12	1,65
10	78	17	3,359
10	78	19	2,309
10	78	26	4,007
10	78	31	2,92
10	78	35	0,613
10	78	37	26,76
10	78	38	1,041
10	78	51	10,014
10	78	52	27,418
10	78	59	1,066
10	78	60	8,596
10	78	62	6,977
10	78	64	1,143
10	78	65	13,868
10	78	69	7,718
10	78	72	5,873
10	78	87	2,973
10	78	97	1,19
10	87	1	8,934
10	87	4	0,776
10	87	6	8,049
10	87	12	9,951
10	87	17	5,589
10	87	19	0,549
10	87	26	7,943
10	87	31	2,548
10	87	35	9,165
10	87	37	1,031
10	87	38	1,93
10	87	51	18,63
10	87	52	11,303
10	87	59	3,334
10	87	60	5,598
10	87	62	10,523
10	87	64	41,885
10	87	65	4,7
10	87	69	8,063
10	87	72	14,579
10	87	78	0,65
10	87	97	7,391
10	97	1	0,743
10	97	4	6,894
10	97	6	4,164
10	97	12	0,693
10	97	17	7,361
10	97	19	8,967
10	97	26	6,838
10	97	31	2,182
10	97	35	18,907
10	97	37	1,949
10	97	38	17,54
10	97	51	3,664
10	97	52	8,776
10	97	59	11,898
10	97	60	6,641
10	97	62	4,945
10	97	64	2,306
10	97	65	3,036
10	97	69	2,272
10	97	72	8,101
10	97	78	1,255
10	97	87	5,651

