#num jobs
100
#num machines
10

#jobId machId procTime energyCons
1	6	1,58	21,79
1	3	81	754,49
1	2	79,67	570,57
2	10	26,08	194,09
3	9	2,9	3,55
3	8	9,74	81,86
3	6	24,27	333,91
4	6	2,18	29,97
4	3	57,76	537,96
5	5	17,6	98,26
6	1	22,7	246,23
6	4	0,93	4,95
7	7	612,42	5089,33
8	9	154,4	189,47
9	6	20,17	277,53
9	10	3,6	26,82
10	2	10,44	74,74
10	3	2,41	22,46
10	4	3,68	19,57
10	10	9,8	72,93
11	1	36,48	395,7
11	2	32,09	229,86
11	8	39,48	331,99
11	10	10,17	75,7
12	5	5,24	29,27
13	3	24,4	227,29
13	6	5,86	80,65
13	8	9,65	81,17
14	3	100,35	934,67
15	6	206,21	2836,78
15	7	8,91	74,06
16	5	161,99	904,58
16	8	5,97	50,22
17	8	2,46	20,71
17	5	20,67	115,42
17	4	34,72	184,78
17	3	25,06	233,41
18	9	27,12	33,28
18	3	10,62	98,95
18	2	1709,23	12241,67
18	1	3,69	40,03
19	10	6,99	52,04
19	5	6,05	33,79
19	3	8,75	81,53
20	9	6,11	7,5
20	5	15,29	85,39
20	1	6,12	66,41
21	7	10,06	83,6
21	6	33,15	456
21	2	18,35	131,44
22	9	1,69	2,08
23	5	0,4	2,21
24	2	3,08	22,04
24	5	6,66	37,19
24	9	22,63	27,77
25	8	4,32	36,31
25	1	18,47	200,3
26	7	11,11	92,36
26	6	21,66	297,99
26	2	11,04	79,04
27	1	1,74	18,87
27	8	1,92	16,15
28	1	28,72	311,48
28	8	17,52	147,35
29	10	3,29	24,45
29	7	27,55	228,96
29	1	1,88	20,34
30	10	15,79	117,52
30	8	12,89	108,41
30	7	58,69	487,74
31	1	28,36	307,6
31	10	43,49	323,61
32	4	6,32	33,65
33	9	16,24	19,93
33	2	42,81	306,6
34	2	17,13	122,65
34	4	24,83	132,12
34	8	170,93	1437,32
35	2	6,73	48,21
35	9	3,08	3,79
36	3	5,92	55,15
36	7	3,34	27,74
37	10	18,11	134,79
37	8	15,18	127,64
37	6	0,84	11,58
37	4	6,73	35,8
38	10	15,83	117,82
38	9	2,44	2,99
38	8	39,77	334,38
39	5	8,6	48,04
40	1	18,09	196,16
40	4	6,55	34,84
40	7	14,09	117,06
40	8	5,59	47,01
40	9	1,66	2,03
41	1	4,3	46,64
41	3	23,47	218,59
41	6	8,21	112,9
41	10	4,51	33,53
42	4	90,66	482,47
43	1	34,42	373,36
43	3	12058,25	112313,34
43	5	22,06	123,21
44	3	675,6	6292,66
44	10	6,5	48,38
45	2	6,26	44,8
45	7	6,91	57,43
46	10	13,56	100,92
46	8	97,52	819,97
46	5	14,51	81,03
46	1	3,3	35,77
47	1	8,51	92,31
47	2	8,22	58,88
48	3	0,88	8,17
49	10	501,23	3729,7
49	5	1,62	9,05
49	2	1,71	12,28
50	10	8,68	64,63
50	6	257,6	3543,66
51	10	21,1	157
52	1	4,71	51,03
52	3	1,66	15,47
52	5	4,53	25,32
52	8	52,62	442,42
52	10	17,58	130,81
53	10	2,56	19,05
53	8	792,26	6661,85
53	6	7,52	103,51
53	5	6,2	34,6
54	1	5,78	62,72
54	8	16,56	139,27
54	10	30,92	230,05
55	3	369,72	3443,62
55	9	5,04	6,18
55	10	10,99	81,75
56	9	6,79	8,33
57	1	264,23	2865,78
57	8	24,15	203,04
58	1	3,72	40,3
58	9	2,37	2,91
59	2	16,78	120,17
59	5	6,13	34,21
59	10	3,42	25,46
60	10	4,5	33,5
60	2	15,31	109,68
60	1	12,51	135,68
61	5	26,18	146,22
62	2	12,95	92,76
62	5	23,44	130,89
62	10	9,51	70,79
63	3	9,49	88,35
63	8	4,4	37
64	6	22,42	308,38
64	7	67,71	562,64
64	8	4,36	36,63
65	1	304,21	3299,38
66	4	5,77	30,71
66	6	179,6	2470,74
66	7	36,57	303,88
67	3	11,69	108,91
68	2	28,24	202,25
68	1	52,37	568
69	7	5,58	46,38
69	2	13,21	94,64
70	9	3,31	4,06
70	2	12,12	86,8
71	1	116,32	1261,6
71	4	2,96	15,76
71	9	0,73	0,9
72	6	0,31	4,27
73	3	7,98	74,37
73	4	20,38	108,43
73	5	5,67	31,66
73	6	65,43	900,1
73	9	1,08	1,33
74	5	5,58	31,17
75	10	25,5	189,73
75	7	41,36	343,7
75	5	31,55	176,18
75	2	32,84	235,21
76	9	9,6	11,78
76	7	8,6	71,49
76	3	6,42	59,84
77	8	74,17	623,68
78	4	9,95	52,93
78	5	445,18	2486
78	6	50,31	692,07
79	6	5,56	76,55
80	10	62,25	463,17
81	3	26,43	246,21
81	6	20,42	280,88
81	7	9,08	75,5
81	10	6,06	45,06
82	6	3,75	51,56
82	3	16,68	155,37
83	5	1756,67	9809,61
83	10	1,7	12,65
84	8	1,14	9,63
84	9	18,63	22,86
85	1	63,3	686,56
86	10	18,52	137,82
86	6	4,83	66,42
87	10	-0,04	-0,3
87	5	9,38	52,37
88	2	6,79	48,61
88	9	5,21	6,39
89	5	3,78	21,11
90	8	11,25	94,6
90	5	1,83	10,21
90	2	9,54	68,35
90	1	12,07	130,91
91	4	15,8	84,06
91	6	90,06	1238,87
91	9	5,05	6,19
92	9	82,49	101,23
93	1	1,49	16,17
93	7	6,58	54,69
94	2	186,39	1334,94
94	7	24,02	199,61
94	8	4,12	34,68
94	10	7,94	59,07
95	5	33,83	188,93
96	3	7,81	72,78
96	7	44,21	367,36
96	9	8,42	10,33
97	1	77,07	835,91
97	4	6,8	36,21
97	7	0,95	7,87
98	2	21,83	156,35
98	4	55,8	296,93
99	9	13,07	16,04
99	2	16,08	115,13
100	1	7,68	83,29
100	3	2,09	19,5
100	9	10,47	12,85

#jobId ddate weight rdate
1	2017,999	5	2376,221
2	2097,185	42	930,682
3	1774,991	34	341,121
4	2114,178	49	1110,068
5	1956,852	7	1243,29
6	1778,751	27	1090,613
7	1896,024	44	132,859
8	2040,071	47	1882,742
9	1801,62	37	2132,724
10	2158,772	34	602,494
11	1872,064	37	1488,348
12	2248,833	5	2419,449
13	2061,712	13	1569,865
14	2087,553	7	571,864
15	2117,146	22	1268,869
16	1976,524	34	19,036
17	2034,367	11	1268,25
18	2183,531	30	544,038
19	1859,659	10	2395,9
20	1833,271	26	1477,824
21	1803,084	44	587,357
22	2249,083	42	1210,57
23	1878,282	27	1046,354
24	1774,701	40	1091,454
25	1900,208	41	1548,615
26	2130,974	13	2120,885
27	2010,273	42	1631,743
28	1792,626	36	622,023
29	1989,539	19	948,927
30	1825,689	1	1945,87
31	2206,565	2	1142,208
32	2119,456	49	1422,348
33	1875,355	2	1846,576
34	2045,785	29	491,206
35	1826,157	4	1298,333
36	1960,066	30	1416,617
37	2141,86	6	1149,685
38	2231,555	46	1621,247
39	2093,74	49	52,29
40	1835,259	6	1297,719
41	1991,116	32	262,967
42	2015,693	49	346,939
43	2141,376	3	1410,019
44	2170,932	6	1278,099
45	1865,497	23	2328,701
46	1881,331	36	2338,604
47	2087,124	40	147,368
48	2144,16	16	925,407
49	2205,341	40	2381,308
50	1803,574	27	128,578
51	1758,217	11	200,479
52	2214,965	5	273,345
53	2230,074	19	1558,581
54	1799,892	1	1599,712
55	2029,465	47	2360,901
56	1754,523	36	1830,292
57	1996,743	5	1062,045
58	1882,711	23	1246,935
59	1900,249	37	1741,043
60	1916,494	10	1558,019
61	1840,039	26	1689,007
62	2006,876	22	2063,573
63	2200,725	41	758,918
64	1936,842	16	762,548
65	1930,093	21	1436,159
66	2160,777	21	573,471
67	1939,302	11	2254,087
68	1800,065	31	1540,416
69	1984,404	29	1883,791
70	2135,335	21	1573,584
71	1932,518	1	1567,899
72	1850,283	48	2305,525
73	2000,666	6	112,946
74	2014,427	21	275,254
75	2204,324	6	299,507
76	2143,619	46	2269,347
77	1773,669	23	1203,62
78	1908,993	36	2392,219
79	2239,809	3	199,868
80	2197,363	4	112,359
81	2179,198	34	326,948
82	1957,741	34	21,619
83	1910,274	33	399,054
84	1983,024	10	800,554
85	1909,07	39	2130,634
86	2151,563	25	484,967
87	2009,042	42	1710,187
88	2084,188	8	1808,329
89	2229,832	33	117,623
90	1893,708	42	558,627
91	2208,057	1	1522,772
92	1777,891	48	1682,409
93	2131,59	6	1232,915
94	1975,352	37	1166,722
95	1890,411	8	1459,487
96	1895,791	6	2505,878
97	2221,906	44	441,233
98	2037,171	18	941,609
99	1867,45	21	475,05
100	2018,708	48	1145,803

#machId jobPred jobSucc setupTime
1	6	11	2,508
1	6	18	9,017
1	6	20	13,804
1	6	25	14,16
1	6	27	1,836
1	6	28	3,468
1	6	29	15,397
1	6	31	0,594
1	6	40	3,644
1	6	41	16,648
1	6	43	4,117
1	6	46	13,692
1	6	47	2,784
1	6	52	2,853
1	6	54	8,546
1	6	57	6,929
1	6	58	7,252
1	6	60	17,596
1	6	65	2,566
1	6	68	22,143
1	6	71	3,448
1	6	85	6,516
1	6	90	8,587
1	6	93	63,627
1	6	97	38,655
1	6	100	18,747
1	11	6	21,26
1	11	18	1,115
1	11	20	4,646
1	11	25	3,812
1	11	27	1,1
1	11	28	9,674
1	11	29	3,316
1	11	31	0,895
1	11	40	0,598
1	11	41	3,92
1	11	43	1,166
1	11	46	5,627
1	11	47	5,975
1	11	52	1,637
1	11	54	6,206
1	11	57	0,817
1	11	58	1,232
1	11	60	5,74
1	11	65	0,945
1	11	68	2,021
1	11	71	12,363
1	11	85	10,933
1	11	90	1,492
1	11	93	1,189
1	11	97	1,292
1	11	100	3,055
1	18	6	1,064
1	18	11	0,799
1	18	20	14,372
1	18	25	3,374
1	18	27	6,139
1	18	28	5,845
1	18	29	9,394
1	18	31	0,608
1	18	40	2,01
1	18	41	6,265
1	18	43	46,533
1	18	46	2,12
1	18	47	1,432
1	18	52	2,839
1	18	54	1,972
1	18	57	42,236
1	18	58	5,389
1	18	60	0,982
1	18	65	3,781
1	18	68	2,433
1	18	71	4,233
1	18	85	12,27
1	18	90	1,043
1	18	93	9,689
1	18	97	4,168
1	18	100	6,53
1	20	6	6,215
1	20	11	8,573
1	20	18	5,084
1	20	25	10,234
1	20	27	1,966
1	20	28	16,777
1	20	29	2,615
1	20	31	5,126
1	20	40	4,532
1	20	41	3,753
1	20	43	5,242
1	20	46	6,002
1	20	47	1,124
1	20	52	2,495
1	20	54	1,912
1	20	57	6,088
1	20	58	6,161
1	20	60	7,813
1	20	65	4,994
1	20	68	8,383
1	20	71	10,907
1	20	85	2,062
1	20	90	1,395
1	20	93	1,824
1	20	97	1,156
1	20	100	0,755
1	25	6	9,182
1	25	11	7,178
1	25	18	6,151
1	25	20	0,603
1	25	27	2,753
1	25	28	6,274
1	25	29	6,657
1	25	31	7,531
1	25	40	4,736
1	25	41	16,251
1	25	43	23,143
1	25	46	9,276
1	25	47	14,406
1	25	52	8,808
1	25	54	4,308
1	25	57	2,954
1	25	58	8,212
1	25	60	1,978
1	25	65	0,721
1	25	68	7,191
1	25	71	18,027
1	25	85	3,896
1	25	90	9,518
1	25	93	4,751
1	25	97	10,222
1	25	100	2,481
1	27	6	3,256
1	27	11	10,098
1	27	18	2,193
1	27	20	5,493
1	27	25	0,91
1	27	28	2,795
1	27	29	22,837
1	27	31	7,675
1	27	40	6,763
1	27	41	4,943
1	27	43	4,903
1	27	46	5,983
1	27	47	1,592
1	27	52	2,9
1	27	54	13,919
1	27	57	9,427
1	27	58	1,431
1	27	60	4,521
1	27	65	0,778
1	27	68	2,551
1	27	71	6,288
1	27	85	6,317
1	27	90	5,019
1	27	93	4,704
1	27	97	0,965
1	27	100	5,276
1	28	6	0,921
1	28	11	2,661
1	28	18	12,41
1	28	20	18,951
1	28	25	1,62
1	28	27	2,573
1	28	29	6,281
1	28	31	7,631
1	28	40	1,766
1	28	41	8,631
1	28	43	10,146
1	28	46	6,589
1	28	47	5,048
1	28	52	4,432
1	28	54	8,467
1	28	57	0,577
1	28	58	18,559
1	28	60	9,764
1	28	65	1,414
1	28	68	3,188
1	28	71	1,47
1	28	85	2,471
1	28	90	1,462
1	28	93	12,788
1	28	97	13,075
1	28	100	11,78
1	29	6	24,873
1	29	11	13,303
1	29	18	2,802
1	29	20	6,183
1	29	25	1,904
1	29	27	1,974
1	29	28	4,077
1	29	31	5,853
1	29	40	6,934
1	29	41	2,604
1	29	43	0,901
1	29	46	3,209
1	29	47	8,504
1	29	52	14,558
1	29	54	1,983
1	29	57	7,807
1	29	58	3,758
1	29	60	1,607
1	29	65	1,818
1	29	68	10,199
1	29	71	7,096
1	29	85	0,95
1	29	90	0,981
1	29	93	6,802
1	29	97	4,008
1	29	100	3,329
1	31	6	8,01
1	31	11	4,915
1	31	18	6,019
1	31	20	2,193
1	31	25	2,971
1	31	27	4,438
1	31	28	6,049
1	31	29	3,707
1	31	40	23,988
1	31	41	2,634
1	31	43	8,486
1	31	46	1,703
1	31	47	2,944
1	31	52	3,226
1	31	54	11,328
1	31	57	0,5
1	31	58	0,616
1	31	60	22,947
1	31	65	11,563
1	31	68	2,416
1	31	71	4,381
1	31	85	4,643
1	31	90	1,232
1	31	93	1,629
1	31	97	24,088
1	31	100	0,696
1	40	6	0,502
1	40	11	5,167
1	40	18	8,749
1	40	20	1,479
1	40	25	0,529
1	40	27	46,655
1	40	28	1,455
1	40	29	9,368
1	40	31	5,29
1	40	41	1,98
1	40	43	3,209
1	40	46	3,268
1	40	47	14,796
1	40	52	2,474
1	40	54	3,134
1	40	57	2,966
1	40	58	12,08
1	40	60	15,728
1	40	65	11,217
1	40	68	7,945
1	40	71	4,203
1	40	85	10,36
1	40	90	25,377
1	40	93	2,915
1	40	97	4,269
1	40	100	22,895
1	41	6	2,794
1	41	11	3,185
1	41	18	1,078
1	41	20	3,26
1	41	25	10,175
1	41	27	6,741
1	41	28	5,184
1	41	29	5,888
1	41	31	6,971
1	41	40	3,171
1	41	43	1,897
1	41	46	10,758
1	41	47	7,238
1	41	52	9,977
1	41	54	2,58
1	41	57	5,475
1	41	58	13,559
1	41	60	15,173
1	41	65	10,96
1	41	68	3,448
1	41	71	2,189
1	41	85	16,43
1	41	90	5,328
1	41	93	0,513
1	41	97	3,639
1	41	100	11,959
1	43	6	5,32
1	43	11	9,472
1	43	18	14,482
1	43	20	9,896
1	43	25	32,164
1	43	27	8,807
1	43	28	4,241
1	43	29	2,202
1	43	31	11,241
1	43	40	1,152
1	43	41	11,578
1	43	46	6,263
1	43	47	5,451
1	43	52	5,137
1	43	54	10,771
1	43	57	3,403
1	43	58	16,133
1	43	60	11,313
1	43	65	5,122
1	43	68	1,938
1	43	71	5,962
1	43	85	0,811
1	43	90	13,529
1	43	93	15,686
1	43	97	3,166
1	43	100	3,23
1	46	6	2,415
1	46	11	3,18
1	46	18	3,439
1	46	20	2,021
1	46	25	6,952
1	46	27	3,793
1	46	28	1,278
1	46	29	1,155
1	46	31	3,402
1	46	40	6,503
1	46	41	2,039
1	46	43	6,202
1	46	47	2,309
1	46	52	7,364
1	46	54	4,358
1	46	57	6,396
1	46	58	1,54
1	46	60	5,723
1	46	65	23,117
1	46	68	3,389
1	46	71	10,853
1	46	85	15,011
1	46	90	7,151
1	46	93	5,408
1	46	97	9,061
1	46	100	15,851
1	47	6	1,235
1	47	11	7,434
1	47	18	20,995
1	47	20	19,932
1	47	25	4,345
1	47	27	26,4
1	47	28	1,152
1	47	29	1,978
1	47	31	2,049
1	47	40	1,489
1	47	41	0,676
1	47	43	17,905
1	47	46	6,007
1	47	52	0,575
1	47	54	2,706
1	47	57	17,087
1	47	58	2,592
1	47	60	15,511
1	47	65	8,656
1	47	68	2,986
1	47	71	6,431
1	47	85	12,286
1	47	90	9,182
1	47	93	8,32
1	47	97	3,274
1	47	100	9,195
1	52	6	5,752
1	52	11	15,406
1	52	18	7,245
1	52	20	1,325
1	52	25	6,798
1	52	27	1,443
1	52	28	5,879
1	52	29	1,19
1	52	31	4,305
1	52	40	16,162
1	52	41	3,513
1	52	43	1,431
1	52	46	3,595
1	52	47	7,773
1	52	54	0,692
1	52	57	2,021
1	52	58	14,414
1	52	60	1,162
1	52	65	9,732
1	52	68	11,888
1	52	71	7,256
1	52	85	5,798
1	52	90	8,559
1	52	93	6,674
1	52	97	2,766
1	52	100	9,32
1	54	6	32,835
1	54	11	5,02
1	54	18	19,052
1	54	20	3,327
1	54	25	4,198
1	54	27	1,325
1	54	28	0,824
1	54	29	17,282
1	54	31	1,275
1	54	40	5,87
1	54	41	11,502
1	54	43	7,728
1	54	46	2,234
1	54	47	2,972
1	54	52	34,959
1	54	57	10,592
1	54	58	20,44
1	54	60	3,637
1	54	65	3,212
1	54	68	2,192
1	54	71	6,797
1	54	85	0,822
1	54	90	0,742
1	54	93	2,31
1	54	97	1,065
1	54	100	3,17
1	57	6	7,71
1	57	11	12,338
1	57	18	6,367
1	57	20	3,74
1	57	25	3,543
1	57	27	0,755
1	57	28	1,444
1	57	29	27,814
1	57	31	2,425
1	57	40	2,238
1	57	41	6,199
1	57	43	8,546
1	57	46	2,527
1	57	47	1,634
1	57	52	4,684
1	57	54	2,421
1	57	58	10,197
1	57	60	30,612
1	57	65	6,986
1	57	68	13,718
1	57	71	19,549
1	57	85	5,266
1	57	90	8,914
1	57	93	4,942
1	57	97	7,242
1	57	100	7,708
1	58	6	7,8
1	58	11	9,876
1	58	18	5,708
1	58	20	2,464
1	58	25	1,241
1	58	27	5,621
1	58	28	7,459
1	58	29	4,146
1	58	31	3,82
1	58	40	11,212
1	58	41	4,452
1	58	43	9,636
1	58	46	0,714
1	58	47	2,147
1	58	52	3,816
1	58	54	15,01
1	58	57	6,138
1	58	60	2,229
1	58	65	5,416
1	58	68	34,986
1	58	71	4,484
1	58	85	18,48
1	58	90	4,806
1	58	93	21,857
1	58	97	2,282
1	58	100	1,366
1	60	6	17,421
1	60	11	1,64
1	60	18	12,107
1	60	20	0,842
1	60	25	5,172
1	60	27	1,617
1	60	28	18,447
1	60	29	3,721
1	60	31	9,227
1	60	40	1,643
1	60	41	3,219
1	60	43	23,088
1	60	46	2,144
1	60	47	20,874
1	60	52	1,2
1	60	54	2,158
1	60	57	3,643
1	60	58	10,968
1	60	65	3,327
1	60	68	2,46
1	60	71	10,669
1	60	85	2,281
1	60	90	0,804
1	60	93	1,439
1	60	97	0,787
1	60	100	17,934
1	65	6	5,344
1	65	11	15,906
1	65	18	2,177
1	65	20	2,067
1	65	25	2,792
1	65	27	3,255
1	65	28	4,242
1	65	29	1,096
1	65	31	0,541
1	65	40	7,44
1	65	41	0,602
1	65	43	8,443
1	65	46	7,464
1	65	47	1,769
1	65	52	4,65
1	65	54	4,204
1	65	57	5,816
1	65	58	1,063
1	65	60	6,952
1	65	68	1,241
1	65	71	4,389
1	65	85	18,205
1	65	90	0,911
1	65	93	2,141
1	65	97	2,363
1	65	100	7,254
1	68	6	1,365
1	68	11	18,192
1	68	18	11,063
1	68	20	1,98
1	68	25	7,659
1	68	27	6,256
1	68	28	0,664
1	68	29	3,34
1	68	31	3,351
1	68	40	6,703
1	68	41	15,912
1	68	43	4,476
1	68	46	23,613
1	68	47	11,681
1	68	52	19,521
1	68	54	5,241
1	68	57	5,062
1	68	58	1,179
1	68	60	2,994
1	68	65	0,631
1	68	71	6,306
1	68	85	8,889
1	68	90	4,284
1	68	93	2,202
1	68	97	12,134
1	68	100	1,311
1	71	6	1,369
1	71	11	0,995
1	71	18	3,33
1	71	20	7,413
1	71	25	1,354
1	71	27	1,104
1	71	28	10,413
1	71	29	4,687
1	71	31	0,539
1	71	40	10,523
1	71	41	1,866
1	71	43	4,106
1	71	46	3,874
1	71	47	3,153
1	71	52	1,529
1	71	54	5,408
1	71	57	4,576
1	71	58	5,075
1	71	60	3,235
1	71	65	2,345
1	71	68	7,92
1	71	85	4,755
1	71	90	22,865
1	71	93	2,451
1	71	97	2,572
1	71	100	18,31
1	85	6	2,113
1	85	11	10,523
1	85	18	1,001
1	85	20	3,946
1	85	25	6,793
1	85	27	1,767
1	85	28	1,789
1	85	29	4,681
1	85	31	2,993
1	85	40	1,38
1	85	41	3,49
1	85	43	2,065
1	85	46	3,733
1	85	47	13,127
1	85	52	1,012
1	85	54	9,992
1	85	57	21,424
1	85	58	5,817
1	85	60	7,625
1	85	65	14,516
1	85	68	7,976
1	85	71	6,266
1	85	90	3,555
1	85	93	6,097
1	85	97	1,584
1	85	100	1,693
1	90	6	5,229
1	90	11	7,883
1	90	18	15,35
1	90	20	7,853
1	90	25	3,007
1	90	27	15,995
1	90	28	9,291
1	90	29	2,335
1	90	31	5,976
1	90	40	5,224
1	90	41	6,3
1	90	43	0,968
1	90	46	12,549
1	90	47	1,418
1	90	52	0,532
1	90	54	5,092
1	90	57	5,903
1	90	58	13,258
1	90	60	7,674
1	90	65	3,764
1	90	68	6,762
1	90	71	9,274
1	90	85	2,943
1	90	93	2,962
1	90	97	63,533
1	90	100	1,108
1	93	6	3,747
1	93	11	1,266
1	93	18	0,73
1	93	20	13,76
1	93	25	0,905
1	93	27	3,752
1	93	28	1,42
1	93	29	1,934
1	93	31	13,379
1	93	40	0,827
1	93	41	7,842
1	93	43	2,48
1	93	46	1,864
1	93	47	9,277
1	93	52	8,346
1	93	54	1,422
1	93	57	0,702
1	93	58	6,024
1	93	60	14,039
1	93	65	9,612
1	93	68	24,493
1	93	71	3,354
1	93	85	48,376
1	93	90	11,792
1	93	97	4,978
1	93	100	9,523
1	97	6	9,788
1	97	11	2,346
1	97	18	15,925
1	97	20	2,786
1	97	25	10,04
1	97	27	0,813
1	97	28	3,344
1	97	29	1,604
1	97	31	1,824
1	97	40	12,382
1	97	41	6,692
1	97	43	9,62
1	97	46	7,033
1	97	47	1,694
1	97	52	1,88
1	97	54	4,609
1	97	57	7,41
1	97	58	2,873
1	97	60	2,118
1	97	65	4,069
1	97	68	22,764
1	97	71	2,653
1	97	85	5,477
1	97	90	7,317
1	97	93	2,996
1	97	100	2,415
1	100	6	8,452
1	100	11	13,245
1	100	18	4,99
1	100	20	6,831
1	100	25	8,164
1	100	27	8,227
1	100	28	2,312
1	100	29	13,403
1	100	31	18,718
1	100	40	2,827
1	100	41	2,946
1	100	43	5,696
1	100	46	5,62
1	100	47	4,158
1	100	52	4,379
1	100	54	2,436
1	100	57	22,028
1	100	58	3,147
1	100	60	8,161
1	100	65	1,293
1	100	68	5,579
1	100	71	1,824
1	100	85	0,972
1	100	90	13,174
1	100	93	18,624
1	100	97	8,679
2	1	10	14,055
2	1	11	2,843
2	1	18	5,806
2	1	21	2,184
2	1	24	7,992
2	1	26	1,758
2	1	33	3,039
2	1	34	5,33
2	1	35	4,79
2	1	45	0,8
2	1	47	2,884
2	1	49	2,857
2	1	59	7,121
2	1	60	8,64
2	1	62	8,505
2	1	68	15,962
2	1	69	8,305
2	1	70	1,025
2	1	75	3,882
2	1	88	12,977
2	1	90	1,814
2	1	94	2,554
2	1	98	4,984
2	1	99	16,06
2	10	1	1,738
2	10	11	1,224
2	10	18	11,878
2	10	21	4,545
2	10	24	45,68
2	10	26	1,388
2	10	33	2,285
2	10	34	1,535
2	10	35	14,3
2	10	45	4,259
2	10	47	6,581
2	10	49	0,578
2	10	59	4,581
2	10	60	1,971
2	10	62	31,383
2	10	68	0,746
2	10	69	3,234
2	10	70	5,734
2	10	75	7,21
2	10	88	8,416
2	10	90	15,187
2	10	94	5,874
2	10	98	3,194
2	10	99	3,444
2	11	1	0,692
2	11	10	13,808
2	11	18	4,181
2	11	21	6,835
2	11	24	3,172
2	11	26	0,633
2	11	33	0,831
2	11	34	5,638
2	11	35	7,483
2	11	45	14,913
2	11	47	11,709
2	11	49	1,811
2	11	59	12,472
2	11	60	0,707
2	11	62	2,834
2	11	68	5,697
2	11	69	18,265
2	11	70	1,109
2	11	75	6,979
2	11	88	1,821
2	11	90	8,51
2	11	94	21,449
2	11	98	2,8
2	11	99	3,115
2	18	1	14,959
2	18	10	0,515
2	18	11	6,788
2	18	21	15,738
2	18	24	1,624
2	18	26	0,936
2	18	33	17,597
2	18	34	13,968
2	18	35	4,647
2	18	45	5,007
2	18	47	2,17
2	18	49	8,434
2	18	59	1,895
2	18	60	1,105
2	18	62	12,686
2	18	68	1,556
2	18	69	6,792
2	18	70	2,034
2	18	75	2,45
2	18	88	2,244
2	18	90	5,095
2	18	94	3,204
2	18	98	0,626
2	18	99	4,191
2	21	1	4,056
2	21	10	0,678
2	21	11	7,281
2	21	18	2,165
2	21	24	3,679
2	21	26	7,651
2	21	33	3,786
2	21	34	2,744
2	21	35	1,585
2	21	45	8,873
2	21	47	2,205
2	21	49	9,268
2	21	59	9,955
2	21	60	0,613
2	21	62	6,066
2	21	68	5,337
2	21	69	37,724
2	21	70	0,524
2	21	75	5,984
2	21	88	15,866
2	21	90	1,968
2	21	94	7,813
2	21	98	19,437
2	21	99	17,196
2	24	1	5,088
2	24	10	1,265
2	24	11	0,599
2	24	18	21,33
2	24	21	1,056
2	24	26	3,953
2	24	33	9,215
2	24	34	2,094
2	24	35	10,579
2	24	45	1,66
2	24	47	3,567
2	24	49	15,314
2	24	59	4,938
2	24	60	1,622
2	24	62	0,541
2	24	68	15,934
2	24	69	2,005
2	24	70	10,054
2	24	75	2,395
2	24	88	3,546
2	24	90	15,96
2	24	94	13,982
2	24	98	3,721
2	24	99	1,034
2	26	1	1,099
2	26	10	0,968
2	26	11	14,142
2	26	18	7,341
2	26	21	19,522
2	26	24	0,534
2	26	33	12,808
2	26	34	8,238
2	26	35	2,052
2	26	45	2,248
2	26	47	1,036
2	26	49	7,664
2	26	59	11,412
2	26	60	6,54
2	26	62	3,862
2	26	68	10,892
2	26	69	9,801
2	26	70	9,972
2	26	75	9,618
2	26	88	10,593
2	26	90	1,652
2	26	94	10,651
2	26	98	0,589
2	26	99	0,845
2	33	1	4,53
2	33	10	1,726
2	33	11	1,166
2	33	18	1,995
2	33	21	43,374
2	33	24	11,356
2	33	26	7,349
2	33	34	8,612
2	33	35	0,681
2	33	45	2,67
2	33	47	2,042
2	33	49	3,613
2	33	59	17,601
2	33	60	7,167
2	33	62	6,69
2	33	68	9,291
2	33	69	1,681
2	33	70	6,5
2	33	75	2,042
2	33	88	0,705
2	33	90	5,735
2	33	94	2,431
2	33	98	3,26
2	33	99	1,619
2	34	1	11,247
2	34	10	3,293
2	34	11	23,855
2	34	18	5,882
2	34	21	1,92
2	34	24	8,672
2	34	26	4,572
2	34	33	20,52
2	34	35	4,423
2	34	45	3,614
2	34	47	12,914
2	34	49	2,011
2	34	59	10,352
2	34	60	3,408
2	34	62	1,314
2	34	68	5,878
2	34	69	1,696
2	34	70	6,739
2	34	75	13,259
2	34	88	5,199
2	34	90	1,518
2	34	94	5,054
2	34	98	3,099
2	34	99	0,849
2	35	1	1,879
2	35	10	37,882
2	35	11	8,587
2	35	18	9,733
2	35	21	0,951
2	35	24	2,86
2	35	26	6,087
2	35	33	17,542
2	35	34	5,255
2	35	45	4,66
2	35	47	0,889
2	35	49	11,284
2	35	59	7,995
2	35	60	8,139
2	35	62	3,32
2	35	68	4,521
2	35	69	6,997
2	35	70	11,426
2	35	75	18,059
2	35	88	36,361
2	35	90	1,897
2	35	94	2,098
2	35	98	2,127
2	35	99	4,624
2	45	1	6,352
2	45	10	4,15
2	45	11	9,33
2	45	18	9,856
2	45	21	8,408
2	45	24	3,002
2	45	26	4,861
2	45	33	3,99
2	45	34	31,187
2	45	35	4,848
2	45	47	7,527
2	45	49	2,95
2	45	59	0,596
2	45	60	2,182
2	45	62	2,918
2	45	68	6,152
2	45	69	8,577
2	45	70	6,381
2	45	75	7,397
2	45	88	7,849
2	45	90	8,396
2	45	94	10,28
2	45	98	1,363
2	45	99	3,065
2	47	1	2,616
2	47	10	3,168
2	47	11	9,967
2	47	18	15,881
2	47	21	14,259
2	47	24	2,846
2	47	26	2,408
2	47	33	2,051
2	47	34	3,935
2	47	35	7,824
2	47	45	11,964
2	47	49	1,649
2	47	59	1,218
2	47	60	2,747
2	47	62	5,133
2	47	68	15,055
2	47	69	1,915
2	47	70	20,187
2	47	75	0,917
2	47	88	5,376
2	47	90	1,657
2	47	94	2,05
2	47	98	9,806
2	47	99	10,517
2	49	1	27,343
2	49	10	3,047
2	49	11	9,788
2	49	18	13,045
2	49	21	1,487
2	49	24	2,314
2	49	26	1,062
2	49	33	7,46
2	49	34	4,592
2	49	35	18,47
2	49	45	5,177
2	49	47	1,748
2	49	59	3,303
2	49	60	1,966
2	49	62	0,908
2	49	68	0,733
2	49	69	5,78
2	49	70	4,283
2	49	75	1,367
2	49	88	7,452
2	49	90	6,687
2	49	94	10,923
2	49	98	17,845
2	49	99	1,784
2	59	1	6,832
2	59	10	8,491
2	59	11	5,755
2	59	18	6,534
2	59	21	2,581
2	59	24	8,824
2	59	26	7,439
2	59	33	16,672
2	59	34	4,378
2	59	35	8,841
2	59	45	18,693
2	59	47	1,839
2	59	49	1,344
2	59	60	1,018
2	59	62	3,521
2	59	68	2,482
2	59	69	1,661
2	59	70	10,01
2	59	75	1,5
2	59	88	23,199
2	59	90	3,866
2	59	94	7,747
2	59	98	26,664
2	59	99	5,413
2	60	1	0,654
2	60	10	0,623
2	60	11	3,732
2	60	18	10,321
2	60	21	6,571
2	60	24	9,898
2	60	26	22,967
2	60	33	2,445
2	60	34	10,739
2	60	35	1,644
2	60	45	5,572
2	60	47	0,928
2	60	49	8,283
2	60	59	4,643
2	60	62	19,54
2	60	68	9,999
2	60	69	0,866
2	60	70	5,419
2	60	75	6,547
2	60	88	8,426
2	60	90	6,812
2	60	94	4,756
2	60	98	2,408
2	60	99	5,388
2	62	1	3,956
2	62	10	1,663
2	62	11	1,205
2	62	18	6,769
2	62	21	4,354
2	62	24	4,156
2	62	26	7,376
2	62	33	0,81
2	62	34	1,469
2	62	35	13,917
2	62	45	3,84
2	62	47	28,247
2	62	49	10,695
2	62	59	4,909
2	62	60	1,656
2	62	68	1,118
2	62	69	6,08
2	62	70	7,494
2	62	75	0,534
2	62	88	7,479
2	62	90	1,416
2	62	94	2,765
2	62	98	5,552
2	62	99	2,17
2	68	1	8,254
2	68	10	0,695
2	68	11	1,189
2	68	18	21,573
2	68	21	1,039
2	68	24	5,428
2	68	26	10,504
2	68	33	1,083
2	68	34	4,387
2	68	35	5,676
2	68	45	17,418
2	68	47	3,779
2	68	49	2,149
2	68	59	28,114
2	68	60	1,159
2	68	62	1,356
2	68	69	21,129
2	68	70	0,822
2	68	75	11,35
2	68	88	5,756
2	68	90	1,364
2	68	94	9,122
2	68	98	10,154
2	68	99	13,563
2	69	1	1,584
2	69	10	4,757
2	69	11	15,441
2	69	18	1,064
2	69	21	6,078
2	69	24	0,851
2	69	26	3,9
2	69	33	14,082
2	69	34	2,454
2	69	35	18,393
2	69	45	10,292
2	69	47	9,542
2	69	49	1,344
2	69	59	3,683
2	69	60	3,409
2	69	62	22,562
2	69	68	2,46
2	69	70	29,792
2	69	75	3,326
2	69	88	3,255
2	69	90	3,42
2	69	94	4,159
2	69	98	7,733
2	69	99	7,871
2	70	1	10,084
2	70	10	2,052
2	70	11	12,581
2	70	18	4,056
2	70	21	16,783
2	70	24	7,226
2	70	26	1,941
2	70	33	1,306
2	70	34	2,413
2	70	35	6,067
2	70	45	10,143
2	70	47	8,532
2	70	49	13,418
2	70	59	13,806
2	70	60	4,364
2	70	62	0,534
2	70	68	7,24
2	70	69	3,571
2	70	75	6,34
2	70	88	5,495
2	70	90	1,82
2	70	94	4,054
2	70	98	5,857
2	70	99	0,752
2	75	1	2,967
2	75	10	2,248
2	75	11	0,755
2	75	18	4,943
2	75	21	12,581
2	75	24	6,376
2	75	26	7,235
2	75	33	7,176
2	75	34	10,111
2	75	35	9,896
2	75	45	3,637
2	75	47	0,991
2	75	49	0,584
2	75	59	4,92
2	75	60	0,574
2	75	62	3,098
2	75	68	5,807
2	75	69	18,411
2	75	70	17,754
2	75	88	3,512
2	75	90	4,71
2	75	94	17,093
2	75	98	9,576
2	75	99	0,655
2	88	1	1,059
2	88	10	9,488
2	88	11	1,084
2	88	18	1,131
2	88	21	6,666
2	88	24	1,029
2	88	26	3,356
2	88	33	2,434
2	88	34	13,096
2	88	35	5,561
2	88	45	1,9
2	88	47	9,26
2	88	49	9,876
2	88	59	5,929
2	88	60	3,434
2	88	62	0,902
2	88	68	13,159
2	88	69	15,858
2	88	70	3,038
2	88	75	12,996
2	88	90	1,887
2	88	94	0,987
2	88	98	9,941
2	88	99	2,667
2	90	1	10,373
2	90	10	4,48
2	90	11	9,535
2	90	18	10,534
2	90	21	29,038
2	90	24	5,538
2	90	26	2,227
2	90	33	5,693
2	90	34	2,769
2	90	35	2,15
2	90	45	5,906
2	90	47	2,699
2	90	49	9,756
2	90	59	1,217
2	90	60	11,89
2	90	62	1,117
2	90	68	8,057
2	90	69	4,416
2	90	70	1,597
2	90	75	11,575
2	90	88	7,024
2	90	94	2,178
2	90	98	3,22
2	90	99	3,71
2	94	1	2,553
2	94	10	1,549
2	94	11	0,599
2	94	18	3,094
2	94	21	13,847
2	94	24	2,627
2	94	26	4,918
2	94	33	2,495
2	94	34	8,924
2	94	35	2,507
2	94	45	2,287
2	94	47	9,284
2	94	49	5,896
2	94	59	1,856
2	94	60	9,349
2	94	62	4,275
2	94	68	3,617
2	94	69	37,056
2	94	70	0,942
2	94	75	4,296
2	94	88	1,994
2	94	90	2,461
2	94	98	6,054
2	94	99	6,48
2	98	1	3,745
2	98	10	8,028
2	98	11	4,577
2	98	18	1,4
2	98	21	2,781
2	98	24	7,799
2	98	26	1,695
2	98	33	28,41
2	98	34	1,234
2	98	35	4,05
2	98	45	4,508
2	98	47	6,348
2	98	49	5,34
2	98	59	3,373
2	98	60	1,1
2	98	62	8,788
2	98	68	3,367
2	98	69	3,435
2	98	70	1,095
2	98	75	3,69
2	98	88	4,721
2	98	90	3,15
2	98	94	0,775
2	98	99	1,109
2	99	1	8,784
2	99	10	3,596
2	99	11	3,87
2	99	18	6,566
2	99	21	14,366
2	99	24	8,13
2	99	26	3,118
2	99	33	9,856
2	99	34	0,648
2	99	35	4,904
2	99	45	1,064
2	99	47	19,142
2	99	49	16,239
2	99	59	2,643
2	99	60	1,656
2	99	62	18,938
2	99	68	14,174
2	99	69	9,22
2	99	70	9,487
2	99	75	1,862
2	99	88	3,203
2	99	90	2,774
2	99	94	3,732
2	99	98	2,126
3	1	4	2,349
3	1	10	2,145
3	1	13	37,504
3	1	14	6,019
3	1	17	2,475
3	1	18	2,796
3	1	19	3,945
3	1	36	6,83
3	1	41	9,622
3	1	43	6,023
3	1	44	11,374
3	1	48	2,742
3	1	52	10,358
3	1	55	8,739
3	1	63	3,291
3	1	67	4,351
3	1	73	5,225
3	1	76	1,287
3	1	81	1,008
3	1	82	0,747
3	1	96	0,813
3	1	100	4,906
3	4	1	1,369
3	4	10	1,365
3	4	13	13,097
3	4	14	5,336
3	4	17	2,394
3	4	18	0,921
3	4	19	16,323
3	4	36	1,695
3	4	41	1,68
3	4	43	5,888
3	4	44	27,927
3	4	48	0,795
3	4	52	1,02
3	4	55	3,785
3	4	63	6,432
3	4	67	6,279
3	4	73	3,248
3	4	76	3,115
3	4	81	9,369
3	4	82	6,892
3	4	96	42,037
3	4	100	7,415
3	10	1	2,704
3	10	4	0,567
3	10	13	8,047
3	10	14	8,212
3	10	17	1,315
3	10	18	2,589
3	10	19	4,856
3	10	36	0,869
3	10	41	2,834
3	10	43	1,054
3	10	44	16,236
3	10	48	19,742
3	10	52	2,834
3	10	55	2,264
3	10	63	3,262
3	10	67	8,126
3	10	73	6,322
3	10	76	7,806
3	10	81	7,922
3	10	82	1,227
3	10	96	19,861
3	10	100	18,182
3	13	1	7,705
3	13	4	6,798
3	13	10	4,702
3	13	14	2,048
3	13	17	6,489
3	13	18	0,998
3	13	19	11,412
3	13	36	0,554
3	13	41	7,463
3	13	43	5,426
3	13	44	0,956
3	13	48	1,428
3	13	52	3,043
3	13	55	3,39
3	13	63	5,524
3	13	67	6,52
3	13	73	0,809
3	13	76	1,484
3	13	81	2,537
3	13	82	0,868
3	13	96	8,936
3	13	100	5,268
3	14	1	20,486
3	14	4	3,898
3	14	10	0,947
3	14	13	21,735
3	14	17	0,893
3	14	18	4,283
3	14	19	3,461
3	14	36	2,537
3	14	41	1,227
3	14	43	7,005
3	14	44	3,68
3	14	48	2,285
3	14	52	21,393
3	14	55	3,598
3	14	63	0,899
3	14	67	2,903
3	14	73	4,519
3	14	76	4,868
3	14	81	2,452
3	14	82	1,547
3	14	96	4,003
3	14	100	1,636
3	17	1	13,035
3	17	4	2,864
3	17	10	2,251
3	17	13	8,038
3	17	14	9,24
3	17	18	1,104
3	17	19	1,061
3	17	36	6,226
3	17	41	19,536
3	17	43	8,221
3	17	44	3,845
3	17	48	1,107
3	17	52	6,031
3	17	55	3,918
3	17	63	10,374
3	17	67	8,485
3	17	73	6,178
3	17	76	5,547
3	17	81	13,631
3	17	82	11,209
3	17	96	43,563
3	17	100	11,577
3	18	1	4,37
3	18	4	14,015
3	18	10	1,527
3	18	13	2,141
3	18	14	1,091
3	18	17	9,48
3	18	19	3,633
3	18	36	4,516
3	18	41	11,25
3	18	43	21,812
3	18	44	5,69
3	18	48	4,239
3	18	52	3,261
3	18	55	20,932
3	18	63	0,565
3	18	67	2,816
3	18	73	0,658
3	18	76	2,447
3	18	81	3,586
3	18	82	1,301
3	18	96	1,744
3	18	100	4,221
3	19	1	2,072
3	19	4	27,222
3	19	10	9,107
3	19	13	17,756
3	19	14	5,939
3	19	17	5,044
3	19	18	16,585
3	19	36	15,651
3	19	41	3,084
3	19	43	5,794
3	19	44	4,318
3	19	48	24,149
3	19	52	1,999
3	19	55	4,605
3	19	63	2,247
3	19	67	1,061
3	19	73	0,607
3	19	76	10,154
3	19	81	1,99
3	19	82	13,693
3	19	96	0,669
3	19	100	2,073
3	36	1	3,161
3	36	4	2,311
3	36	10	1,963
3	36	13	1,06
3	36	14	4,5
3	36	17	2,335
3	36	18	5,97
3	36	19	1,032
3	36	41	2,896
3	36	43	2,447
3	36	44	3,643
3	36	48	24,656
3	36	52	0,625
3	36	55	7,576
3	36	63	7,731
3	36	67	1,102
3	36	73	6,565
3	36	76	1,084
3	36	81	0,616
3	36	82	3,738
3	36	96	3,133
3	36	100	22,033
3	41	1	3,438
3	41	4	1,568
3	41	10	4,597
3	41	13	9,145
3	41	14	3,936
3	41	17	0,802
3	41	18	2,723
3	41	19	5,298
3	41	36	4,062
3	41	43	13,695
3	41	44	2,013
3	41	48	7,035
3	41	52	3,148
3	41	55	3,719
3	41	63	10,062
3	41	67	8,579
3	41	73	1,165
3	41	76	10,03
3	41	81	17,07
3	41	82	1,948
3	41	96	7,472
3	41	100	2,168
3	43	1	3,512
3	43	4	5,584
3	43	10	2,804
3	43	13	5,824
3	43	14	5,782
3	43	17	3,496
3	43	18	9,36
3	43	19	2,99
3	43	36	25,528
3	43	41	25,728
3	43	44	2,952
3	43	48	1,618
3	43	52	2,136
3	43	55	1,69
3	43	63	1,083
3	43	67	2,668
3	43	73	2,349
3	43	76	7,78
3	43	81	5,121
3	43	82	0,985
3	43	96	5,622
3	43	100	2,667
3	44	1	13,535
3	44	4	9,188
3	44	10	5,475
3	44	13	2,599
3	44	14	2,837
3	44	17	1,547
3	44	18	5,763
3	44	19	7,236
3	44	36	1,171
3	44	41	18,24
3	44	43	5,588
3	44	48	5,187
3	44	52	2,569
3	44	55	9,839
3	44	63	2,072
3	44	67	6,468
3	44	73	9,456
3	44	76	1,351
3	44	81	1,997
3	44	82	17,143
3	44	96	2,173
3	44	100	5,185
3	48	1	22,341
3	48	4	26,468
3	48	10	9,741
3	48	13	2,994
3	48	14	9,042
3	48	17	5,519
3	48	18	3,055
3	48	19	5,245
3	48	36	0,925
3	48	41	1,125
3	48	43	2,937
3	48	44	4,6
3	48	52	3,462
3	48	55	0,964
3	48	63	1,456
3	48	67	8,604
3	48	73	17,617
3	48	76	6,881
3	48	81	9,983
3	48	82	7,218
3	48	96	1,19
3	48	100	13,474
3	52	1	3,339
3	52	4	18,717
3	52	10	8,119
3	52	13	1,38
3	52	14	12,019
3	52	17	15,705
3	52	18	13,779
3	52	19	5,331
3	52	36	6,905
3	52	41	2,769
3	52	43	4,986
3	52	44	3,74
3	52	48	3,89
3	52	55	0,539
3	52	63	1,312
3	52	67	8,219
3	52	73	6,29
3	52	76	1,727
3	52	81	3,601
3	52	82	0,919
3	52	96	5,037
3	52	100	9,224
3	55	1	3,088
3	55	4	0,603
3	55	10	1,832
3	55	13	10,472
3	55	14	10,061
3	55	17	16,449
3	55	18	2,589
3	55	19	6,359
3	55	36	1,138
3	55	41	2,36
3	55	43	23,69
3	55	44	9,832
3	55	48	1,449
3	55	52	30,367
3	55	63	4,113
3	55	67	4,353
3	55	73	1,584
3	55	76	7,428
3	55	81	6,373
3	55	82	0,814
3	55	96	9,963
3	55	100	3,386
3	63	1	1,204
3	63	4	2,678
3	63	10	2,671
3	63	13	17,223
3	63	14	0,66
3	63	17	2,089
3	63	18	3,66
3	63	19	2,205
3	63	36	2,333
3	63	41	0,958
3	63	43	2,579
3	63	44	2,129
3	63	48	1,417
3	63	52	3,487
3	63	55	10,493
3	63	67	3,627
3	63	73	2,335
3	63	76	7,722
3	63	81	5,577
3	63	82	3,008
3	63	96	2,993
3	63	100	1,714
3	67	1	22,524
3	67	4	9,489
3	67	10	2,437
3	67	13	5,324
3	67	14	1,012
3	67	17	4,335
3	67	18	4,305
3	67	19	3,414
3	67	36	5,433
3	67	41	12,589
3	67	43	1,091
3	67	44	3,2
3	67	48	3,896
3	67	52	7,268
3	67	55	8,408
3	67	63	1,29
3	67	73	4,176
3	67	76	1,27
3	67	81	6,174
3	67	82	1,964
3	67	96	11,611
3	67	100	7,426
3	73	1	4,054
3	73	4	14,937
3	73	10	0,505
3	73	13	13,736
3	73	14	20,185
3	73	17	4,78
3	73	18	6,136
3	73	19	0,539
3	73	36	0,885
3	73	41	18,151
3	73	43	8,936
3	73	44	19,22
3	73	48	1,042
3	73	52	2,223
3	73	55	1,377
3	73	63	8,745
3	73	67	8,69
3	73	76	29,953
3	73	81	22,204
3	73	82	12,925
3	73	96	7,836
3	73	100	4,893
3	76	1	0,944
3	76	4	4,337
3	76	10	19
3	76	13	27,822
3	76	14	10,3
3	76	17	5,88
3	76	18	2,722
3	76	19	2,179
3	76	36	1,607
3	76	41	10,828
3	76	43	11,293
3	76	44	8,408
3	76	48	2,746
3	76	52	3,984
3	76	55	11,079
3	76	63	8,768
3	76	67	3,821
3	76	73	9,919
3	76	81	9,255
3	76	82	7,142
3	76	96	11,112
3	76	100	4,85
3	81	1	3,196
3	81	4	11,446
3	81	10	0,841
3	81	13	1,053
3	81	14	2,702
3	81	17	0,78
3	81	18	13,545
3	81	19	24,021
3	81	36	2,717
3	81	41	2,485
3	81	43	3,878
3	81	44	0,61
3	81	48	1,862
3	81	52	18,705
3	81	55	5,112
3	81	63	2,463
3	81	67	6,244
3	81	73	1,939
3	81	76	31,435
3	81	82	6,916
3	81	96	4,986
3	81	100	2,214
3	82	1	0,531
3	82	4	5,38
3	82	10	36,303
3	82	13	0,554
3	82	14	2,522
3	82	17	0,929
3	82	18	4,207
3	82	19	7,675
3	82	36	1,752
3	82	41	15,034
3	82	43	1,084
3	82	44	2,104
3	82	48	6,263
3	82	52	1,231
3	82	55	5,123
3	82	63	5,694
3	82	67	8,185
3	82	73	2,22
3	82	76	1,82
3	82	81	1,909
3	82	96	3,987
3	82	100	15,041
3	96	1	1,251
3	96	4	2,743
3	96	10	10,439
3	96	13	4,017
3	96	14	3,147
3	96	17	18,514
3	96	18	6,338
3	96	19	2,136
3	96	36	3,723
3	96	41	0,647
3	96	43	9,313
3	96	44	6,306
3	96	48	2,339
3	96	52	0,732
3	96	55	6,328
3	96	63	3,138
3	96	67	16,885
3	96	73	4,844
3	96	76	10,011
3	96	81	33,547
3	96	82	1,39
3	96	100	9,406
3	100	1	0,68
3	100	4	6,901
3	100	10	9,25
3	100	13	4,878
3	100	14	7,075
3	100	17	4,034
3	100	18	1,774
3	100	19	1,28
3	100	36	3,041
3	100	41	0,685
3	100	43	0,685
3	100	44	2,012
3	100	48	2,97
3	100	52	0,759
3	100	55	1,793
3	100	63	4,706
3	100	67	1,215
3	100	73	4,111
3	100	76	7,717
3	100	81	3,192
3	100	82	3,009
3	100	96	7,473
4	6	10	4,67
4	6	17	5,258
4	6	32	5,157
4	6	34	9,151
4	6	37	14,027
4	6	40	2,303
4	6	42	12,071
4	6	66	18,886
4	6	71	2,69
4	6	73	0,776
4	6	78	7,124
4	6	91	1,041
4	6	97	2,776
4	6	98	7,47
4	10	6	15,709
4	10	17	1,059
4	10	32	11,594
4	10	34	1,135
4	10	37	14,744
4	10	40	1,526
4	10	42	1,087
4	10	66	22,058
4	10	71	0,716
4	10	73	2,686
4	10	78	9,563
4	10	91	17,329
4	10	97	0,873
4	10	98	0,6
4	17	6	1,859
4	17	10	6,184
4	17	32	12,407
4	17	34	17,697
4	17	37	1,79
4	17	40	6,22
4	17	42	16,418
4	17	66	3,282
4	17	71	6,081
4	17	73	7,398
4	17	78	6,541
4	17	91	11,688
4	17	97	5,87
4	17	98	11,884
4	32	6	11,327
4	32	10	11,703
4	32	17	4,552
4	32	34	10,637
4	32	37	3,606
4	32	40	9,413
4	32	42	8,445
4	32	66	5,592
4	32	71	2,925
4	32	73	8,738
4	32	78	7,13
4	32	91	17,853
4	32	97	1,676
4	32	98	2,066
4	34	6	11,37
4	34	10	0,513
4	34	17	2,29
4	34	32	2,29
4	34	37	4,572
4	34	40	9,849
4	34	42	0,934
4	34	66	10,994
4	34	71	5,942
4	34	73	2,099
4	34	78	7,107
4	34	91	29,401
4	34	97	2,148
4	34	98	1,289
4	37	6	5,597
4	37	10	8,465
4	37	17	19,769
4	37	32	3,057
4	37	34	4,982
4	37	40	7,114
4	37	42	5,052
4	37	66	1,367
4	37	71	1,811
4	37	73	10,272
4	37	78	11,272
4	37	91	0,732
4	37	97	8,652
4	37	98	2,057
4	40	6	2,477
4	40	10	5,275
4	40	17	24,007
4	40	32	0,952
4	40	34	18,72
4	40	37	8,992
4	40	42	10,232
4	40	66	4,553
4	40	71	0,737
4	40	73	2,091
4	40	78	0,639
4	40	91	3,14
4	40	97	1,378
4	40	98	2,697
4	42	6	1,311
4	42	10	8,491
4	42	17	6,099
4	42	32	11,201
4	42	34	3,001
4	42	37	6,754
4	42	40	11,223
4	42	66	7,904
4	42	71	2,203
4	42	73	7,244
4	42	78	2,779
4	42	91	3,494
4	42	97	1,57
4	42	98	6,218
4	66	6	0,589
4	66	10	1,485
4	66	17	9,25
4	66	32	1,667
4	66	34	4,83
4	66	37	5,143
4	66	40	11,925
4	66	42	2,484
4	66	71	19,583
4	66	73	17,513
4	66	78	5,493
4	66	91	20,117
4	66	97	18,296
4	66	98	3,209
4	71	6	12,337
4	71	10	2,68
4	71	17	0,906
4	71	32	1,277
4	71	34	1,687
4	71	37	6,765
4	71	40	5,884
4	71	42	3,129
4	71	66	0,763
4	71	73	2,399
4	71	78	0,822
4	71	91	1,622
4	71	97	4,921
4	71	98	3,28
4	73	6	3,276
4	73	10	3,257
4	73	17	20,447
4	73	32	9,874
4	73	34	16,629
4	73	37	0,631
4	73	40	1,911
4	73	42	4,069
4	73	66	1,3
4	73	71	5,566
4	73	78	0,92
4	73	91	4,198
4	73	97	13,784
4	73	98	7,691
4	78	6	3,498
4	78	10	5,616
4	78	17	3,733
4	78	32	5,9
4	78	34	17,69
4	78	37	4,744
4	78	40	2,169
4	78	42	1,003
4	78	66	5,223
4	78	71	8,372
4	78	73	2,179
4	78	91	1,925
4	78	97	10,936
4	78	98	4,112
4	91	6	1,316
4	91	10	7,489
4	91	17	7,476
4	91	32	4,418
4	91	34	10,535
4	91	37	5,087
4	91	40	6,82
4	91	42	7,018
4	91	66	15,212
4	91	71	2,113
4	91	73	11,679
4	91	78	9,073
4	91	97	6,789
4	91	98	11,719
4	97	6	7,908
4	97	10	10,595
4	97	17	1,042
4	97	32	3,535
4	97	34	3,004
4	97	37	4,211
4	97	40	18,893
4	97	42	10,346
4	97	66	7,959
4	97	71	1,039
4	97	73	13,874
4	97	78	1,676
4	97	91	5,85
4	97	98	5,846
4	98	6	2,281
4	98	10	12,694
4	98	17	11,169
4	98	32	1,977
4	98	34	5,01
4	98	37	5,012
4	98	40	4,136
4	98	42	7,257
4	98	66	15,338
4	98	71	6,95
4	98	73	0,745
4	98	78	12,815
4	98	91	11,824
4	98	97	21,723
5	5	12	2,397
5	5	16	20,872
5	5	17	4,828
5	5	19	5,624
5	5	20	1,228
5	5	23	8,467
5	5	24	13,563
5	5	39	6,258
5	5	43	4,758
5	5	46	13,045
5	5	49	4,035
5	5	52	4,545
5	5	53	1,552
5	5	59	1,964
5	5	61	1,953
5	5	62	15,219
5	5	73	7,288
5	5	74	0,65
5	5	75	0,677
5	5	78	24,949
5	5	83	1,704
5	5	87	9,428
5	5	89	16,798
5	5	90	11,317
5	5	95	17,792
5	12	5	0,728
5	12	16	5,845
5	12	17	0,954
5	12	19	12,891
5	12	20	0,831
5	12	23	14,844
5	12	24	0,63
5	12	39	10,718
5	12	43	5,483
5	12	46	3,886
5	12	49	7,463
5	12	52	5,727
5	12	53	13,699
5	12	59	4,334
5	12	61	0,57
5	12	62	0,792
5	12	73	9,021
5	12	74	2,031
5	12	75	8,032
5	12	78	5,66
5	12	83	2,368
5	12	87	2,093
5	12	89	3,654
5	12	90	3,371
5	12	95	2,881
5	16	5	9,992
5	16	12	1,038
5	16	17	3,554
5	16	19	6,648
5	16	20	31,216
5	16	23	4,442
5	16	24	0,522
5	16	39	5,57
5	16	43	1,206
5	16	46	5,476
5	16	49	6,829
5	16	52	5,589
5	16	53	1,578
5	16	59	22,071
5	16	61	1,034
5	16	62	6,118
5	16	73	29,934
5	16	74	28,996
5	16	75	5,414
5	16	78	6,895
5	16	83	25,635
5	16	87	11,196
5	16	89	4,399
5	16	90	0,56
5	16	95	7,967
5	17	5	1,581
5	17	12	2,894
5	17	16	11,813
5	17	19	0,723
5	17	20	2,251
5	17	23	12,261
5	17	24	29,892
5	17	39	3,372
5	17	43	4,885
5	17	46	2,352
5	17	49	6,19
5	17	52	2,002
5	17	53	1,751
5	17	59	17,369
5	17	61	17,963
5	17	62	6,931
5	17	73	4,992
5	17	74	3,246
5	17	75	1,679
5	17	78	6,26
5	17	83	3,043
5	17	87	0,674
5	17	89	5,139
5	17	90	6,681
5	17	95	1,379
5	19	5	1,796
5	19	12	7,185
5	19	16	5,341
5	19	17	2,01
5	19	20	21,961
5	19	23	1,078
5	19	24	7,692
5	19	39	0,83
5	19	43	10,814
5	19	46	0,566
5	19	49	8,7
5	19	52	12,959
5	19	53	10,171
5	19	59	9,365
5	19	61	5,611
5	19	62	2,907
5	19	73	13,571
5	19	74	1,741
5	19	75	2,345
5	19	78	2,417
5	19	83	14,435
5	19	87	11,902
5	19	89	11,619
5	19	90	1,811
5	19	95	13,17
5	20	5	9,022
5	20	12	3,426
5	20	16	9,686
5	20	17	5,996
5	20	19	8,223
5	20	23	5,431
5	20	24	5,527
5	20	39	3,979
5	20	43	1,185
5	20	46	6,407
5	20	49	5,464
5	20	52	10,15
5	20	53	3,001
5	20	59	13,307
5	20	61	4,279
5	20	62	4,17
5	20	73	3,564
5	20	74	11,484
5	20	75	0,999
5	20	78	5,531
5	20	83	5,018
5	20	87	2,186
5	20	89	3,68
5	20	90	3,401
5	20	95	2,785
5	23	5	2,03
5	23	12	4,648
5	23	16	1,048
5	23	17	8,531
5	23	19	4,518
5	23	20	5,677
5	23	24	11,952
5	23	39	3,194
5	23	43	4,437
5	23	46	4,409
5	23	49	4,426
5	23	52	8,15
5	23	53	2,613
5	23	59	4,92
5	23	61	4,863
5	23	62	2,754
5	23	73	7,707
5	23	74	1,636
5	23	75	0,932
5	23	78	10,395
5	23	83	0,761
5	23	87	4,12
5	23	89	1,182
5	23	90	0,985
5	23	95	0,672
5	24	5	3,766
5	24	12	39,609
5	24	16	8,207
5	24	17	1,377
5	24	19	6,854
5	24	20	3,315
5	24	23	13,636
5	24	39	7,357
5	24	43	11,696
5	24	46	1,11
5	24	49	14,796
5	24	52	12,616
5	24	53	5,953
5	24	59	6,257
5	24	61	10,081
5	24	62	5,081
5	24	73	2,861
5	24	74	21,679
5	24	75	3,127
5	24	78	4,449
5	24	83	3,75
5	24	87	8,687
5	24	89	4,175
5	24	90	9,15
5	24	95	11,97
5	39	5	1,337
5	39	12	12,305
5	39	16	5,023
5	39	17	12,484
5	39	19	0,789
5	39	20	4,157
5	39	23	9,822
5	39	24	13,819
5	39	43	0,573
5	39	46	1,338
5	39	49	11,505
5	39	52	1,02
5	39	53	2,784
5	39	59	2,591
5	39	61	1,242
5	39	62	0,91
5	39	73	2,659
5	39	74	1,596
5	39	75	7,77
5	39	78	4,657
5	39	83	8,368
5	39	87	32,452
5	39	89	5,345
5	39	90	6,948
5	39	95	4,059
5	43	5	6,739
5	43	12	1,902
5	43	16	0,779
5	43	17	3,191
5	43	19	14,382
5	43	20	0,771
5	43	23	2,027
5	43	24	10,419
5	43	39	6,255
5	43	46	1,418
5	43	49	1,085
5	43	52	2,211
5	43	53	2,799
5	43	59	10,48
5	43	61	3,904
5	43	62	8,434
5	43	73	0,637
5	43	74	2,21
5	43	75	0,687
5	43	78	12,241
5	43	83	7,122
5	43	87	1,799
5	43	89	4,812
5	43	90	8,697
5	43	95	10,135
5	46	5	11,305
5	46	12	2,091
5	46	16	5,058
5	46	17	7,403
5	46	19	3,449
5	46	20	4,596
5	46	23	2,888
5	46	24	3,124
5	46	39	2,722
5	46	43	11,42
5	46	49	1,6
5	46	52	0,645
5	46	53	1,193
5	46	59	7,086
5	46	61	0,577
5	46	62	0,941
5	46	73	6,689
5	46	74	0,647
5	46	75	6,431
5	46	78	15,106
5	46	83	3,266
5	46	87	1,359
5	46	89	2,606
5	46	90	4,872
5	46	95	0,581
5	49	5	0,751
5	49	12	0,687
5	49	16	1,521
5	49	17	8,9
5	49	19	4,859
5	49	20	0,943
5	49	23	6,609
5	49	24	1,266
5	49	39	2,07
5	49	43	0,521
5	49	46	4,241
5	49	52	12,996
5	49	53	2,559
5	49	59	16,681
5	49	61	33,303
5	49	62	6,559
5	49	73	12,229
5	49	74	15,888
5	49	75	15,038
5	49	78	16,993
5	49	83	1,623
5	49	87	10,426
5	49	89	3,532
5	49	90	7,343
5	49	95	4,458
5	52	5	4,517
5	52	12	1,561
5	52	16	14,905
5	52	17	1,077
5	52	19	9,161
5	52	20	11,339
5	52	23	20,335
5	52	24	7,335
5	52	39	23,402
5	52	43	4,778
5	52	46	6,895
5	52	49	2,63
5	52	53	1,961
5	52	59	1,444
5	52	61	15,3
5	52	62	1,223
5	52	73	12,77
5	52	74	11,207
5	52	75	2,603
5	52	78	7,635
5	52	83	104,656
5	52	87	9,859
5	52	89	3,516
5	52	90	8,565
5	52	95	11,884
5	53	5	5,652
5	53	12	1,409
5	53	16	0,851
5	53	17	22,766
5	53	19	2,832
5	53	20	15,116
5	53	23	9,609
5	53	24	1,837
5	53	39	4,489
5	53	43	2,888
5	53	46	2,088
5	53	49	2,67
5	53	52	0,668
5	53	59	13,43
5	53	61	2,559
5	53	62	0,68
5	53	73	4,01
5	53	74	1,333
5	53	75	0,908
5	53	78	1,598
5	53	83	3,286
5	53	87	16,368
5	53	89	18,365
5	53	90	3,438
5	53	95	2,921
5	59	5	2,355
5	59	12	2,173
5	59	16	5,511
5	59	17	2,631
5	59	19	3,768
5	59	20	20,48
5	59	23	1,195
5	59	24	0,969
5	59	39	2,482
5	59	43	13,559
5	59	46	4,732
5	59	49	4,542
5	59	52	17,414
5	59	53	9,171
5	59	61	8,496
5	59	62	0,793
5	59	73	3,146
5	59	74	1,315
5	59	75	2,206
5	59	78	3,982
5	59	83	1,34
5	59	87	18,361
5	59	89	0,741
5	59	90	8,766
5	59	95	4,443
5	61	5	15,643
5	61	12	13,657
5	61	16	2,282
5	61	17	4,678
5	61	19	5,436
5	61	20	1,236
5	61	23	7,701
5	61	24	4,809
5	61	39	11,22
5	61	43	9,151
5	61	46	1,04
5	61	49	2,114
5	61	52	5,68
5	61	53	1,59
5	61	59	2,523
5	61	62	5,808
5	61	73	1,867
5	61	74	14,377
5	61	75	1,878
5	61	78	1,828
5	61	83	3,829
5	61	87	2,975
5	61	89	1,126
5	61	90	14,048
5	61	95	0,778
5	62	5	2,776
5	62	12	1,907
5	62	16	4,048
5	62	17	3,557
5	62	19	0,536
5	62	20	28,019
5	62	23	5,599
5	62	24	5,735
5	62	39	2,969
5	62	43	8,293
5	62	46	5,867
5	62	49	3,304
5	62	52	6,334
5	62	53	32,048
5	62	59	4,714
5	62	61	0,685
5	62	73	13,104
5	62	74	3,382
5	62	75	4,797
5	62	78	7,411
5	62	83	18,081
5	62	87	8,957
5	62	89	38,012
5	62	90	8,83
5	62	95	6,299
5	73	5	1,628
5	73	12	5,062
5	73	16	5,424
5	73	17	8,175
5	73	19	8,906
5	73	20	5,213
5	73	23	7,551
5	73	24	2,593
5	73	39	7,934
5	73	43	3,509
5	73	46	10,59
5	73	49	11,206
5	73	52	1,945
5	73	53	2,377
5	73	59	10,091
5	73	61	24,471
5	73	62	2,98
5	73	74	12,175
5	73	75	2,61
5	73	78	4,609
5	73	83	8,155
5	73	87	0,764
5	73	89	8,925
5	73	90	2,237
5	73	95	4,844
5	74	5	1,216
5	74	12	1,112
5	74	16	17,423
5	74	17	4,533
5	74	19	6,274
5	74	20	31,345
5	74	23	6,029
5	74	24	8,956
5	74	39	0,786
5	74	43	1,065
5	74	46	9,19
5	74	49	22,242
5	74	52	3,267
5	74	53	4,349
5	74	59	6,219
5	74	61	2,883
5	74	62	40,255
5	74	73	6,715
5	74	75	2,814
5	74	78	11,737
5	74	83	1,448
5	74	87	2,903
5	74	89	1,313
5	74	90	4,115
5	74	95	1,658
5	75	5	3,95
5	75	12	7,53
5	75	16	1,172
5	75	17	2,515
5	75	19	1,121
5	75	20	1,285
5	75	23	4,528
5	75	24	5,619
5	75	39	1,721
5	75	43	2,481
5	75	46	8,95
5	75	49	0,943
5	75	52	4,069
5	75	53	3,01
5	75	59	1,385
5	75	61	1,904
5	75	62	6,943
5	75	73	2,05
5	75	74	9,211
5	75	78	9,662
5	75	83	3,156
5	75	87	8,441
5	75	89	0,952
5	75	90	6,425
5	75	95	23,666
5	78	5	2,696
5	78	12	8,969
5	78	16	13,578
5	78	17	2,174
5	78	19	3,529
5	78	20	0,652
5	78	23	6,625
5	78	24	33,662
5	78	39	22,671
5	78	43	6,848
5	78	46	7,916
5	78	49	16,532
5	78	52	7,044
5	78	53	3,741
5	78	59	9,931
5	78	61	21,125
5	78	62	3,524
5	78	73	4,651
5	78	74	6,581
5	78	75	1,071
5	78	83	8,268
5	78	87	6,719
5	78	89	1,973
5	78	90	12,855
5	78	95	6,215
5	83	5	4,968
5	83	12	8,744
5	83	16	15,603
5	83	17	11,479
5	83	19	3,678
5	83	20	10,803
5	83	23	0,637
5	83	24	4,958
5	83	39	4,227
5	83	43	7,823
5	83	46	0,776
5	83	49	3,568
5	83	52	11,838
5	83	53	3,726
5	83	59	9,877
5	83	61	2,949
5	83	62	10,407
5	83	73	3,345
5	83	74	1,539
5	83	75	5,638
5	83	78	5,96
5	83	87	1,144
5	83	89	1,386
5	83	90	16,689
5	83	95	8,009
5	87	5	26,308
5	87	12	9,217
5	87	16	2,595
5	87	17	7,149
5	87	19	4,65
5	87	20	9,205
5	87	23	17,236
5	87	24	2,323
5	87	39	0,503
5	87	43	0,827
5	87	46	15,766
5	87	49	4,891
5	87	52	14,896
5	87	53	2,404
5	87	59	4,832
5	87	61	11,798
5	87	62	15,512
5	87	73	1,95
5	87	74	1,501
5	87	75	1,104
5	87	78	1,367
5	87	83	4,55
5	87	89	4,673
5	87	90	59,16
5	87	95	1,464
5	89	5	16,692
5	89	12	1,307
5	89	16	1,924
5	89	17	1,542
5	89	19	1,746
5	89	20	11,549
5	89	23	4,587
5	89	24	2,335
5	89	39	2,335
5	89	43	32,665
5	89	46	7,498
5	89	49	4,204
5	89	52	5,096
5	89	53	16,717
5	89	59	13,696
5	89	61	1,193
5	89	62	10,321
5	89	73	69,275
5	89	74	1,084
5	89	75	3,452
5	89	78	3,901
5	89	83	4,27
5	89	87	3,486
5	89	90	5,476
5	89	95	1,522
5	90	5	1,26
5	90	12	14,53
5	90	16	5,185
5	90	17	11,324
5	90	19	3,83
5	90	20	5,738
5	90	23	4,043
5	90	24	0,931
5	90	39	14,6
5	90	43	5,673
5	90	46	3,553
5	90	49	12,39
5	90	52	1,6
5	90	53	9,988
5	90	59	3,045
5	90	61	1,785
5	90	62	15,341
5	90	73	2,835
5	90	74	4,441
5	90	75	7,312
5	90	78	7,02
5	90	83	3,67
5	90	87	1,037
5	90	89	2,705
5	90	95	10,951
5	95	5	4,779
5	95	12	2,533
5	95	16	5,194
5	95	17	12,116
5	95	19	2,681
5	95	20	10,805
5	95	23	24,298
5	95	24	1,81
5	95	39	1,581
5	95	43	3,055
5	95	46	16,639
5	95	49	5,042
5	95	52	0,967
5	95	53	20,392
5	95	59	1,622
5	95	61	5,098
5	95	62	8,569
5	95	73	5,429
5	95	74	7,269
5	95	75	2,578
5	95	78	4,886
5	95	83	22,081
5	95	87	4,887
5	95	89	9,499
5	95	90	9,039
6	1	3	1,598
6	1	4	3,244
6	1	9	0,836
6	1	13	9,178
6	1	15	2,61
6	1	21	9,448
6	1	26	3,518
6	1	37	1,116
6	1	41	4,362
6	1	50	8,35
6	1	53	14,82
6	1	64	2,173
6	1	66	1,233
6	1	72	6,293
6	1	73	7,06
6	1	78	13,487
6	1	79	1,085
6	1	81	6,114
6	1	82	6,186
6	1	86	2,637
6	1	91	1,082
6	3	1	1,558
6	3	4	10,814
6	3	9	4,013
6	3	13	15,854
6	3	15	16,47
6	3	21	2,964
6	3	26	5,546
6	3	37	4,108
6	3	41	0,637
6	3	50	2,348
6	3	53	3,259
6	3	64	0,593
6	3	66	13,192
6	3	72	13,502
6	3	73	1,417
6	3	78	2,105
6	3	79	1,93
6	3	81	4,331
6	3	82	18,143
6	3	86	5,01
6	3	91	5,876
6	4	1	8,124
6	4	3	4,105
6	4	9	1,042
6	4	13	2,696
6	4	15	5,242
6	4	21	2,956
6	4	26	1,804
6	4	37	3,297
6	4	41	7,099
6	4	50	5,139
6	4	53	5,545
6	4	64	18,894
6	4	66	1,689
6	4	72	0,524
6	4	73	7,215
6	4	78	4,068
6	4	79	6,033
6	4	81	17,218
6	4	82	3,87
6	4	86	6,182
6	4	91	21,807
6	9	1	2,682
6	9	3	7,932
6	9	4	0,907
6	9	13	3,746
6	9	15	13,174
6	9	21	6,061
6	9	26	2,734
6	9	37	8,152
6	9	41	4,008
6	9	50	1,191
6	9	53	2,519
6	9	64	10,444
6	9	66	1,932
6	9	72	5,394
6	9	73	3,547
6	9	78	1,083
6	9	79	6,585
6	9	81	7,093
6	9	82	4,907
6	9	86	1,908
6	9	91	1,598
6	13	1	5,396
6	13	3	3,969
6	13	4	1,222
6	13	9	5,643
6	13	15	8,123
6	13	21	6,172
6	13	26	11,449
6	13	37	1,363
6	13	41	1,297
6	13	50	3,306
6	13	53	6,011
6	13	64	7,621
6	13	66	2,72
6	13	72	0,661
6	13	73	6,567
6	13	78	5,085
6	13	79	4,5
6	13	81	4,65
6	13	82	9,889
6	13	86	5,997
6	13	91	3,914
6	15	1	8,383
6	15	3	1,52
6	15	4	5,616
6	15	9	10,975
6	15	13	7,104
6	15	21	5,867
6	15	26	0,581
6	15	37	19,498
6	15	41	2,384
6	15	50	1,586
6	15	53	5,543
6	15	64	2,284
6	15	66	8,39
6	15	72	7,209
6	15	73	6,597
6	15	78	7,332
6	15	79	16,175
6	15	81	6,448
6	15	82	6,348
6	15	86	2,406
6	15	91	16,831
6	21	1	21,174
6	21	3	4,182
6	21	4	6,529
6	21	9	1,735
6	21	13	2,493
6	21	15	1,602
6	21	26	5,341
6	21	37	26,669
6	21	41	6,465
6	21	50	9,135
6	21	53	3,564
6	21	64	1,759
6	21	66	13,499
6	21	72	4,751
6	21	73	0,517
6	21	78	17,423
6	21	79	16,001
6	21	81	1,244
6	21	82	0,737
6	21	86	4,489
6	21	91	9,569
6	26	1	1,883
6	26	3	11,63
6	26	4	12,789
6	26	9	4,021
6	26	13	2,313
6	26	15	9,581
6	26	21	1,306
6	26	37	3,715
6	26	41	10,957
6	26	50	10,072
6	26	53	1,348
6	26	64	3,902
6	26	66	7,375
6	26	72	4,632
6	26	73	5,605
6	26	78	15,739
6	26	79	0,75
6	26	81	16,579
6	26	82	8,196
6	26	86	7,252
6	26	91	0,627
6	37	1	0,891
6	37	3	11,022
6	37	4	13,6
6	37	9	1,59
6	37	13	1,721
6	37	15	4,898
6	37	21	2,944
6	37	26	11,478
6	37	41	5,634
6	37	50	3,976
6	37	53	3,329
6	37	64	20,315
6	37	66	0,746
6	37	72	13,507
6	37	73	1,469
6	37	78	3,253
6	37	79	7,07
6	37	81	13,365
6	37	82	8,121
6	37	86	6,79
6	37	91	1,469
6	41	1	3,429
6	41	3	13,034
6	41	4	5,024
6	41	9	0,844
6	41	13	27,678
6	41	15	0,895
6	41	21	5,556
6	41	26	1,119
6	41	37	9,326
6	41	50	3,676
6	41	53	24,894
6	41	64	0,641
6	41	66	3,232
6	41	72	3,236
6	41	73	4,875
6	41	78	6,329
6	41	79	20,832
6	41	81	2,056
6	41	82	4,237
6	41	86	6,671
6	41	91	4,052
6	50	1	2,169
6	50	3	1,642
6	50	4	4,959
6	50	9	2,333
6	50	13	1,023
6	50	15	8,82
6	50	21	4,151
6	50	26	3,94
6	50	37	5,227
6	50	41	2,074
6	50	53	15,525
6	50	64	8,133
6	50	66	18,885
6	50	72	1,387
6	50	73	24,163
6	50	78	71,648
6	50	79	1,494
6	50	81	7,15
6	50	82	1,007
6	50	86	6,656
6	50	91	1,405
6	53	1	6,129
6	53	3	4,363
6	53	4	3,894
6	53	9	43,978
6	53	13	4,405
6	53	15	27,46
6	53	21	9,793
6	53	26	2,284
6	53	37	11,38
6	53	41	2,609
6	53	50	2,42
6	53	64	0,539
6	53	66	2,84
6	53	72	9,008
6	53	73	4,327
6	53	78	6,938
6	53	79	3,909
6	53	81	5,972
6	53	82	2,442
6	53	86	1,614
6	53	91	6,45
6	64	1	1,658
6	64	3	1,868
6	64	4	3,981
6	64	9	7,955
6	64	13	9,021
6	64	15	5,564
6	64	21	25,402
6	64	26	6,094
6	64	37	0,978
6	64	41	0,622
6	64	50	3,29
6	64	53	6,317
6	64	66	3,235
6	64	72	3,183
6	64	73	0,967
6	64	78	7,672
6	64	79	32,221
6	64	81	1,677
6	64	82	2,682
6	64	86	8,497
6	64	91	7,982
6	66	1	1,64
6	66	3	8,23
6	66	4	6,637
6	66	9	3,96
6	66	13	3,492
6	66	15	2,734
6	66	21	6,776
6	66	26	0,681
6	66	37	16,001
6	66	41	2,337
6	66	50	5,936
6	66	53	0,748
6	66	64	4,647
6	66	72	0,732
6	66	73	5,851
6	66	78	4,227
6	66	79	10,307
6	66	81	2,864
6	66	82	15,058
6	66	86	4,282
6	66	91	7,715
6	72	1	15,389
6	72	3	5,996
6	72	4	5,053
6	72	9	2,397
6	72	13	1,18
6	72	15	10,014
6	72	21	1,53
6	72	26	12,904
6	72	37	3,47
6	72	41	2,746
6	72	50	8,263
6	72	53	3,825
6	72	64	2,422
6	72	66	2,396
6	72	73	6,84
6	72	78	10,394
6	72	79	10,847
6	72	81	4,647
6	72	82	0,551
6	72	86	1,609
6	72	91	0,521
6	73	1	16,988
6	73	3	1,23
6	73	4	3,568
6	73	9	11,959
6	73	13	0,653
6	73	15	6,731
6	73	21	31,885
6	73	26	2,535
6	73	37	5,308
6	73	41	2,059
6	73	50	0,936
6	73	53	6,014
6	73	64	2,912
6	73	66	1,88
6	73	72	1,036
6	73	78	7,977
6	73	79	1,451
6	73	81	3,727
6	73	82	2,261
6	73	86	6,181
6	73	91	3,825
6	78	1	3,687
6	78	3	5,847
6	78	4	14,839
6	78	9	22,169
6	78	13	0,896
6	78	15	1,995
6	78	21	9,413
6	78	26	3,544
6	78	37	2,176
6	78	41	3,03
6	78	50	7,461
6	78	53	11,914
6	78	64	3,158
6	78	66	1,012
6	78	72	18,135
6	78	73	12,204
6	78	79	4,728
6	78	81	1,756
6	78	82	15,07
6	78	86	3,105
6	78	91	6,117
6	79	1	7,31
6	79	3	5,65
6	79	4	1,025
6	79	9	25,463
6	79	13	3,337
6	79	15	2,626
6	79	21	1,48
6	79	26	3,111
6	79	37	13,968
6	79	41	14,472
6	79	50	11,983
6	79	53	11,161
6	79	64	4,115
6	79	66	0,879
6	79	72	7,373
6	79	73	8,885
6	79	78	6,033
6	79	81	5,086
6	79	82	1,84
6	79	86	0,586
6	79	91	17,811
6	81	1	4,313
6	81	3	1,899
6	81	4	0,709
6	81	9	0,556
6	81	13	1,635
6	81	15	2,739
6	81	21	3,775
6	81	26	1,698
6	81	37	6,709
6	81	41	1,048
6	81	50	24,091
6	81	53	7,898
6	81	64	5,199
6	81	66	5,938
6	81	72	5,21
6	81	73	9,219
6	81	78	1,158
6	81	79	6,746
6	81	82	3,869
6	81	86	4,787
6	81	91	0,631
6	82	1	39,693
6	82	3	9,819
6	82	4	19,931
6	82	9	5,876
6	82	13	5,234
6	82	15	10,854
6	82	21	2,391
6	82	26	6,313
6	82	37	8,951
6	82	41	3,345
6	82	50	4,853
6	82	53	10,261
6	82	64	3,915
6	82	66	12,372
6	82	72	3,822
6	82	73	26,492
6	82	78	15,83
6	82	79	1,867
6	82	81	3,215
6	82	86	10,423
6	82	91	19,347
6	86	1	0,939
6	86	3	1,345
6	86	4	2,358
6	86	9	10,698
6	86	13	3,071
6	86	15	6,185
6	86	21	0,728
6	86	26	2,986
6	86	37	5,391
6	86	41	1,491
6	86	50	11,969
6	86	53	4,568
6	86	64	0,94
6	86	66	0,797
6	86	72	6,381
6	86	73	3,853
6	86	78	4,31
6	86	79	3,879
6	86	81	1,822
6	86	82	5,217
6	86	91	15,491
6	91	1	1,336
6	91	3	3,476
6	91	4	2,776
6	91	9	1,561
6	91	13	18,222
6	91	15	3,472
6	91	21	3,373
6	91	26	8,673
6	91	37	0,724
6	91	41	2,703
6	91	50	9,053
6	91	53	10,213
6	91	64	0,937
6	91	66	42,012
6	91	72	1,785
6	91	73	4,527
6	91	78	23,838
6	91	79	14,99
6	91	81	2,844
6	91	82	5,167
6	91	86	15,846
7	7	15	2,467
7	7	21	3,263
7	7	26	12,858
7	7	29	9,174
7	7	30	2,432
7	7	36	1,298
7	7	40	2,153
7	7	45	14,821
7	7	64	2,111
7	7	66	9,124
7	7	69	8,431
7	7	75	1,756
7	7	76	1,032
7	7	81	1,202
7	7	93	0,632
7	7	94	10,365
7	7	96	10,263
7	7	97	10,864
7	15	7	3,483
7	15	21	13,918
7	15	26	0,824
7	15	29	18,416
7	15	30	5,026
7	15	36	4,978
7	15	40	15,011
7	15	45	4,127
7	15	64	4,454
7	15	66	18,235
7	15	69	4,582
7	15	75	2,735
7	15	76	2,484
7	15	81	10,535
7	15	93	3,073
7	15	94	3,055
7	15	96	1,599
7	15	97	1,566
7	21	7	7,194
7	21	15	2,316
7	21	26	8,67
7	21	29	1,471
7	21	30	0,706
7	21	36	0,73
7	21	40	10,495
7	21	45	4,779
7	21	64	1,335
7	21	66	5,012
7	21	69	2,485
7	21	75	2,102
7	21	76	4,961
7	21	81	19,709
7	21	93	3,379
7	21	94	7,499
7	21	96	5,18
7	21	97	2,381
7	26	7	2,306
7	26	15	11,841
7	26	21	4,415
7	26	29	1,987
7	26	30	9,441
7	26	36	1,587
7	26	40	4,958
7	26	45	0,689
7	26	64	2,188
7	26	66	2,471
7	26	69	19,896
7	26	75	10,787
7	26	76	17,379
7	26	81	14,626
7	26	93	4,611
7	26	94	7,502
7	26	96	4,717
7	26	97	20,52
7	29	7	3
7	29	15	1,963
7	29	21	2,992
7	29	26	3,75
7	29	30	8,641
7	29	36	15,792
7	29	40	2,736
7	29	45	10,299
7	29	64	5,113
7	29	66	2,848
7	29	69	8,18
7	29	75	7,53
7	29	76	1,225
7	29	81	4,959
7	29	93	11,215
7	29	94	0,589
7	29	96	1,562
7	29	97	5,59
7	30	7	1,666
7	30	15	7,657
7	30	21	5,724
7	30	26	0,836
7	30	29	9,41
7	30	36	2,64
7	30	40	1,37
7	30	45	3,137
7	30	64	13,565
7	30	66	11,623
7	30	69	1,748
7	30	75	1,382
7	30	76	6,078
7	30	81	1,517
7	30	93	3,133
7	30	94	1,027
7	30	96	1,32
7	30	97	18,123
7	36	7	4,304
7	36	15	5,996
7	36	21	24,393
7	36	26	0,636
7	36	29	2,05
7	36	30	6,818
7	36	40	11,915
7	36	45	3,598
7	36	64	5,722
7	36	66	1,337
7	36	69	12,977
7	36	75	1,308
7	36	76	6,292
7	36	81	1,354
7	36	93	4,695
7	36	94	6,277
7	36	96	6,157
7	36	97	10,68
7	40	7	1,06
7	40	15	2,949
7	40	21	3,324
7	40	26	4,809
7	40	29	20,128
7	40	30	6,726
7	40	36	1,472
7	40	45	2,267
7	40	64	2,529
7	40	66	6,666
7	40	69	3,681
7	40	75	2,264
7	40	76	0,652
7	40	81	23,898
7	40	93	1,22
7	40	94	6,079
7	40	96	12,996
7	40	97	2,888
7	45	7	14,552
7	45	15	2,941
7	45	21	3,128
7	45	26	0,657
7	45	29	13,038
7	45	30	0,597
7	45	36	1,436
7	45	40	3,094
7	45	64	1,579
7	45	66	12,375
7	45	69	6,338
7	45	75	0,516
7	45	76	6,971
7	45	81	8,125
7	45	93	2,275
7	45	94	10,361
7	45	96	2,289
7	45	97	27,624
7	64	7	10,251
7	64	15	1,641
7	64	21	5,825
7	64	26	5,004
7	64	29	10,691
7	64	30	6,408
7	64	36	5,633
7	64	40	10,713
7	64	45	2,176
7	64	66	0,7
7	64	69	1,125
7	64	75	4,841
7	64	76	4,863
7	64	81	3,795
7	64	93	6,38
7	64	94	5,781
7	64	96	9,305
7	64	97	6,457
7	66	7	0,799
7	66	15	11,571
7	66	21	3,077
7	66	26	8,276
7	66	29	0,949
7	66	30	3,032
7	66	36	11,307
7	66	40	8,997
7	66	45	5,069
7	66	64	0,989
7	66	69	14,451
7	66	75	5,88
7	66	76	1,031
7	66	81	16,211
7	66	93	3,959
7	66	94	5,415
7	66	96	4,502
7	66	97	5,228
7	69	7	0,792
7	69	15	5,468
7	69	21	0,813
7	69	26	5,221
7	69	29	7,043
7	69	30	3,058
7	69	36	1,778
7	69	40	0,516
7	69	45	1,014
7	69	64	11,555
7	69	66	0,966
7	69	75	0,515
7	69	76	4,5
7	69	81	1,274
7	69	93	9,416
7	69	94	5,597
7	69	96	5,839
7	69	97	2,672
7	75	7	3,527
7	75	15	20,396
7	75	21	23,184
7	75	26	12,929
7	75	29	22,881
7	75	30	6,07
7	75	36	0,958
7	75	40	2,65
7	75	45	1,951
7	75	64	4,128
7	75	66	17,849
7	75	69	1,434
7	75	76	10,082
7	75	81	3,204
7	75	93	8,255
7	75	94	11,687
7	75	96	14,296
7	75	97	2,754
7	76	7	7,084
7	76	15	4,905
7	76	21	3,426
7	76	26	0,879
7	76	29	2,204
7	76	30	15,563
7	76	36	5,998
7	76	40	4,564
7	76	45	7,777
7	76	64	7,067
7	76	66	2,059
7	76	69	1,383
7	76	75	0,772
7	76	81	0,588
7	76	93	5,802
7	76	94	2,799
7	76	96	4,092
7	76	97	1,619
7	81	7	4,424
7	81	15	2,846
7	81	21	4,148
7	81	26	13,676
7	81	29	6,661
7	81	30	1,105
7	81	36	1,045
7	81	40	2,35
7	81	45	7,289
7	81	64	3,556
7	81	66	8,106
7	81	69	5,516
7	81	75	1,899
7	81	76	3,721
7	81	93	4,913
7	81	94	4,147
7	81	96	4,733
7	81	97	0,765
7	93	7	1,786
7	93	15	3,164
7	93	21	15,436
7	93	26	7,969
7	93	29	0,68
7	93	30	2,054
7	93	36	2,655
7	93	40	0,524
7	93	45	1,83
7	93	64	5,872
7	93	66	2,029
7	93	69	3,887
7	93	75	6,595
7	93	76	2,946
7	93	81	18,697
7	93	94	4,129
7	93	96	1,98
7	93	97	1,166
7	94	7	0,952
7	94	15	26,352
7	94	21	3,555
7	94	26	1,976
7	94	29	3,981
7	94	30	2,618
7	94	36	1,742
7	94	40	8,661
7	94	45	4,986
7	94	64	6,117
7	94	66	4,737
7	94	69	4,182
7	94	75	13,262
7	94	76	6,962
7	94	81	4,516
7	94	93	0,949
7	94	96	14,371
7	94	97	17,082
7	96	7	2,6
7	96	15	16,614
7	96	21	11,254
7	96	26	2,385
7	96	29	15,303
7	96	30	2,008
7	96	36	3,053
7	96	40	3,039
7	96	45	9,285
7	96	64	1,473
7	96	66	9,7
7	96	69	5,832
7	96	75	2,347
7	96	76	7,647
7	96	81	0,724
7	96	93	6,208
7	96	94	4,863
7	96	97	15,572
7	97	7	9,07
7	97	15	2,418
7	97	21	2,651
7	97	26	8,972
7	97	29	0,669
7	97	30	4,648
7	97	36	19,822
7	97	40	1,292
7	97	45	1,283
7	97	64	1,34
7	97	66	4,44
7	97	69	31,66
7	97	75	4,52
7	97	76	4,274
7	97	81	1,637
7	97	93	16,642
7	97	94	2,714
7	97	96	9,1
8	3	11	7,018
8	3	13	1,247
8	3	16	4,706
8	3	17	1,182
8	3	25	10,278
8	3	27	1,659
8	3	28	2,182
8	3	30	8,942
8	3	34	6,812
8	3	37	16,222
8	3	38	2,974
8	3	40	9,52
8	3	46	3,824
8	3	52	12,212
8	3	53	2,314
8	3	54	17,451
8	3	57	8,847
8	3	63	1,918
8	3	64	2,746
8	3	77	4,202
8	3	84	6,466
8	3	90	7,119
8	3	94	20,459
8	11	3	1,934
8	11	13	5,253
8	11	16	13,644
8	11	17	0,62
8	11	25	0,827
8	11	27	0,915
8	11	28	3,176
8	11	30	7,46
8	11	34	9,72
8	11	37	4,473
8	11	38	8,28
8	11	40	4,209
8	11	46	8,124
8	11	52	3,302
8	11	53	2,808
8	11	54	1,134
8	11	57	1,86
8	11	63	0,665
8	11	64	1,16
8	11	77	0,97
8	11	84	30,01
8	11	90	6,47
8	11	94	1,687
8	13	3	15,725
8	13	11	1,987
8	13	16	1,147
8	13	17	5,045
8	13	25	2,042
8	13	27	26,846
8	13	28	1,154
8	13	30	0,729
8	13	34	3,546
8	13	37	9,02
8	13	38	7,973
8	13	40	1,945
8	13	46	2,53
8	13	52	8,642
8	13	53	1,703
8	13	54	14,828
8	13	57	2,379
8	13	63	3,821
8	13	64	8,057
8	13	77	2,776
8	13	84	1,414
8	13	90	1,792
8	13	94	3,382
8	16	3	2,58
8	16	11	3,736
8	16	13	5,101
8	16	17	5,336
8	16	25	6,578
8	16	27	30,738
8	16	28	15,312
8	16	30	1,009
8	16	34	5,152
8	16	37	9,172
8	16	38	9,502
8	16	40	0,841
8	16	46	2,56
8	16	52	2,115
8	16	53	1,706
8	16	54	7,578
8	16	57	14,962
8	16	63	0,712
8	16	64	5,316
8	16	77	1,619
8	16	84	5,069
8	16	90	7,136
8	16	94	1,645
8	17	3	1,793
8	17	11	1,519
8	17	13	13,904
8	17	16	5,292
8	17	25	2,039
8	17	27	4,392
8	17	28	5,929
8	17	30	9,635
8	17	34	6,219
8	17	37	2,267
8	17	38	0,615
8	17	40	7,712
8	17	46	20,615
8	17	52	2,498
8	17	53	2,26
8	17	54	0,939
8	17	57	6,786
8	17	63	0,993
8	17	64	2,677
8	17	77	3,123
8	17	84	2,482
8	17	90	0,651
8	17	94	6,995
8	25	3	6,332
8	25	11	0,838
8	25	13	10,48
8	25	16	1,591
8	25	17	9,419
8	25	27	12,803
8	25	28	6,742
8	25	30	3,351
8	25	34	2,367
8	25	37	4,008
8	25	38	15,558
8	25	40	1,5
8	25	46	8,343
8	25	52	0,522
8	25	53	9,776
8	25	54	5,686
8	25	57	1,849
8	25	63	6,551
8	25	64	12,318
8	25	77	4,506
8	25	84	3,413
8	25	90	7,955
8	25	94	9,974
8	27	3	15,372
8	27	11	5,439
8	27	13	0,723
8	27	16	0,586
8	27	17	0,959
8	27	25	8,712
8	27	28	8,281
8	27	30	2,408
8	27	34	2,381
8	27	37	26,409
8	27	38	0,757
8	27	40	17,199
8	27	46	9,701
8	27	52	3,296
8	27	53	4,258
8	27	54	3,109
8	27	57	2,561
8	27	63	1,362
8	27	64	7,326
8	27	77	6,365
8	27	84	1,778
8	27	90	13,169
8	27	94	5,953
8	28	3	0,783
8	28	11	4,092
8	28	13	2,317
8	28	16	4,662
8	28	17	0,575
8	28	25	12,505
8	28	27	12,264
8	28	30	7,572
8	28	34	2,264
8	28	37	1,399
8	28	38	6,024
8	28	40	5,743
8	28	46	1,7
8	28	52	3,773
8	28	53	3,571
8	28	54	11,004
8	28	57	3,338
8	28	63	3,748
8	28	64	1,797
8	28	77	0,75
8	28	84	1,276
8	28	90	6,753
8	28	94	2,79
8	30	3	2,291
8	30	11	9,378
8	30	13	1,492
8	30	16	22,765
8	30	17	2,363
8	30	25	1,371
8	30	27	2,534
8	30	28	1,572
8	30	34	8,016
8	30	37	3,026
8	30	38	1,395
8	30	40	1,029
8	30	46	1,101
8	30	52	7,456
8	30	53	21,204
8	30	54	3,194
8	30	57	8,346
8	30	63	12,723
8	30	64	7,421
8	30	77	3,564
8	30	84	11,505
8	30	90	5,382
8	30	94	4,23
8	34	3	6,713
8	34	11	5,171
8	34	13	3,545
8	34	16	5,269
8	34	17	29,031
8	34	25	0,552
8	34	27	9,411
8	34	28	3,495
8	34	30	5,177
8	34	37	5,669
8	34	38	6,37
8	34	40	2,16
8	34	46	2,753
8	34	52	30,648
8	34	53	1,781
8	34	54	3,298
8	34	57	5,276
8	34	63	6,138
8	34	64	11,278
8	34	77	0,725
8	34	84	0,977
8	34	90	0,936
8	34	94	2,712
8	37	3	8,634
8	37	11	2,286
8	37	13	2,507
8	37	16	11,857
8	37	17	1,542
8	37	25	6,361
8	37	27	8,555
8	37	28	2,169
8	37	30	0,921
8	37	34	14,374
8	37	38	1,301
8	37	40	1,954
8	37	46	7,855
8	37	52	9,356
8	37	53	3,321
8	37	54	1,509
8	37	57	4,339
8	37	63	3,629
8	37	64	3,15
8	37	77	22,634
8	37	84	9,596
8	37	90	1,093
8	37	94	1,345
8	38	3	1,142
8	38	11	12,81
8	38	13	3,09
8	38	16	6,853
8	38	17	11,735
8	38	25	2,598
8	38	27	5,056
8	38	28	26,33
8	38	30	5,6
8	38	34	1,997
8	38	37	1,9
8	38	40	9,935
8	38	46	4,581
8	38	52	8,308
8	38	53	5,324
8	38	54	3,24
8	38	57	4,126
8	38	63	5,456
8	38	64	5,554
8	38	77	10,349
8	38	84	0,61
8	38	90	4,369
8	38	94	1,096
8	40	3	3,019
8	40	11	6,667
8	40	13	25,333
8	40	16	25,058
8	40	17	13,137
8	40	25	0,526
8	40	27	6,538
8	40	28	6,063
8	40	30	3,168
8	40	34	12,247
8	40	37	1,497
8	40	38	0,606
8	40	46	9,609
8	40	52	1,511
8	40	53	17,275
8	40	54	14,327
8	40	57	8,076
8	40	63	9,166
8	40	64	5,497
8	40	77	5,493
8	40	84	0,746
8	40	90	8,249
8	40	94	24,137
8	46	3	5,183
8	46	11	1,515
8	46	13	1,351
8	46	16	2,597
8	46	17	5,093
8	46	25	2,731
8	46	27	5,841
8	46	28	19,363
8	46	30	2,148
8	46	34	10,516
8	46	37	2,417
8	46	38	3,855
8	46	40	10,89
8	46	52	7,185
8	46	53	2,094
8	46	54	1,712
8	46	57	0,663
8	46	63	10,051
8	46	64	2,186
8	46	77	4,897
8	46	84	2,412
8	46	90	1,883
8	46	94	0,758
8	52	3	5,069
8	52	11	2,645
8	52	13	0,628
8	52	16	0,811
8	52	17	2,153
8	52	25	1,196
8	52	27	9,133
8	52	28	4,687
8	52	30	4,904
8	52	34	1,871
8	52	37	6,12
8	52	38	9,855
8	52	40	2,145
8	52	46	6,166
8	52	53	0,982
8	52	54	6,253
8	52	57	1,665
8	52	63	6,468
8	52	64	2,099
8	52	77	12,216
8	52	84	0,989
8	52	90	21,94
8	52	94	3,985
8	53	3	5,001
8	53	11	1,327
8	53	13	3,107
8	53	16	1,189
8	53	17	2,403
8	53	25	1,631
8	53	27	2,042
8	53	28	16,514
8	53	30	4,314
8	53	34	0,837
8	53	37	8,11
8	53	38	2,285
8	53	40	4,095
8	53	46	10,628
8	53	52	1,086
8	53	54	3,524
8	53	57	13,662
8	53	63	3,096
8	53	64	69,661
8	53	77	33,224
8	53	84	32,68
8	53	90	5,649
8	53	94	4,462
8	54	3	4,255
8	54	11	7,81
8	54	13	18,979
8	54	16	0,721
8	54	17	5,698
8	54	25	2,673
8	54	27	0,951
8	54	28	7,944
8	54	30	8,51
8	54	34	8,443
8	54	37	0,979
8	54	38	7,564
8	54	40	15,685
8	54	46	14,902
8	54	52	0,623
8	54	53	2,223
8	54	57	2,553
8	54	63	2,505
8	54	64	12,275
8	54	77	1,992
8	54	84	6,506
8	54	90	2,582
8	54	94	7,19
8	57	3	3,716
8	57	11	2,968
8	57	13	5,479
8	57	16	8,052
8	57	17	1,688
8	57	25	0,827
8	57	27	2,121
8	57	28	1,457
8	57	30	3,621
8	57	34	3,342
8	57	37	86,678
8	57	38	2,168
8	57	40	6,972
8	57	46	12,62
8	57	52	11,39
8	57	53	0,529
8	57	54	1,762
8	57	63	4,676
8	57	64	5,689
8	57	77	10,036
8	57	84	0,888
8	57	90	41,467
8	57	94	34,747
8	63	3	6,777
8	63	11	1,643
8	63	13	37,494
8	63	16	2,374
8	63	17	7,041
8	63	25	1,346
8	63	27	8,981
8	63	28	6,01
8	63	30	1,539
8	63	34	1,453
8	63	37	5,774
8	63	38	3,692
8	63	40	3,958
8	63	46	3,356
8	63	52	3,856
8	63	53	14,019
8	63	54	7,054
8	63	57	1,371
8	63	64	1,688
8	63	77	6,683
8	63	84	7,712
8	63	90	4,889
8	63	94	2,787
8	64	3	10,099
8	64	11	1,41
8	64	13	1,194
8	64	16	26,137
8	64	17	3,578
8	64	25	10,96
8	64	27	1,157
8	64	28	7,377
8	64	30	7,478
8	64	34	6,701
8	64	37	0,525
8	64	38	5,912
8	64	40	1,312
8	64	46	13,109
8	64	52	2,694
8	64	53	4,133
8	64	54	2,66
8	64	57	0,8
8	64	63	3,961
8	64	77	5,317
8	64	84	1,354
8	64	90	1,76
8	64	94	8,915
8	77	3	1,309
8	77	11	1,67
8	77	13	2,759
8	77	16	2,479
8	77	17	15,351
8	77	25	3,431
8	77	27	5,465
8	77	28	5,317
8	77	30	5,752
8	77	34	1,41
8	77	37	1,628
8	77	38	0,93
8	77	40	1,706
8	77	46	3,327
8	77	52	12,952
8	77	53	16,104
8	77	54	2,143
8	77	57	9,273
8	77	63	0,885
8	77	64	1,849
8	77	84	1,446
8	77	90	6,292
8	77	94	21,044
8	84	3	1,293
8	84	11	12,188
8	84	13	1,27
8	84	16	2,867
8	84	17	4,206
8	84	25	3,819
8	84	27	11,617
8	84	28	1,424
8	84	30	3,772
8	84	34	8,699
8	84	37	12,486
8	84	38	3,511
8	84	40	6,269
8	84	46	6,334
8	84	52	1,681
8	84	53	16,337
8	84	54	3,007
8	84	57	11,379
8	84	63	3,018
8	84	64	1,224
8	84	77	8,613
8	84	90	24,23
8	84	94	13,946
8	90	3	3,676
8	90	11	8,77
8	90	13	5,02
8	90	16	5,931
8	90	17	4,05
8	90	25	20,072
8	90	27	9,794
8	90	28	7,314
8	90	30	1,748
8	90	34	6,518
8	90	37	4,316
8	90	38	4,59
8	90	40	7,508
8	90	46	4,572
8	90	52	4,966
8	90	53	1,404
8	90	54	2,785
8	90	57	13,477
8	90	63	4,058
8	90	64	6,046
8	90	77	0,941
8	90	84	3,156
8	90	94	0,921
8	94	3	6,254
8	94	11	13,264
8	94	13	6,417
8	94	16	4,889
8	94	17	7,394
8	94	25	2,727
8	94	27	3,077
8	94	28	4,019
8	94	30	1,049
8	94	34	12,029
8	94	37	2,27
8	94	38	17,1
8	94	40	6,254
8	94	46	6,94
8	94	52	6,859
8	94	53	5,592
8	94	54	0,795
8	94	57	3,041
8	94	63	2,445
8	94	64	2,899
8	94	77	6,874
8	94	84	8,206
8	94	90	3,754
9	3	8	8,152
9	3	18	3,826
9	3	20	5,939
9	3	22	25,091
9	3	24	3,955
9	3	33	3,154
9	3	35	51,858
9	3	38	31,1
9	3	40	3,9
9	3	55	12,207
9	3	56	5,282
9	3	58	1,494
9	3	70	1,279
9	3	71	1,128
9	3	73	0,802
9	3	76	5,901
9	3	84	3,933
9	3	88	2,908
9	3	91	2,218
9	3	92	1,431
9	3	96	7,763
9	3	99	4,246
9	3	100	10,598
9	8	3	15,841
9	8	18	4,358
9	8	20	8,398
9	8	22	5,168
9	8	24	2,196
9	8	33	15,687
9	8	35	4,384
9	8	38	10,112
9	8	40	2,348
9	8	55	6,699
9	8	56	4,338
9	8	58	1,673
9	8	70	4,876
9	8	71	8,773
9	8	73	16,653
9	8	76	16,56
9	8	84	3,748
9	8	88	2,179
9	8	91	12,35
9	8	92	2,634
9	8	96	17,756
9	8	99	4,601
9	8	100	6,974
9	18	3	4,653
9	18	8	13,01
9	18	20	3,461
9	18	22	3,516
9	18	24	11,174
9	18	33	5,702
9	18	35	2,512
9	18	38	0,808
9	18	40	13,276
9	18	55	3,236
9	18	56	8,26
9	18	58	1,485
9	18	70	8,45
9	18	71	0,879
9	18	73	19,349
9	18	76	6,985
9	18	84	7,616
9	18	88	14,668
9	18	91	2,457
9	18	92	3,766
9	18	96	6,53
9	18	99	22,45
9	18	100	7,449
9	20	3	13,814
9	20	8	8,355
9	20	18	9,355
9	20	22	6,334
9	20	24	2,794
9	20	33	5
9	20	35	2,931
9	20	38	0,658
9	20	40	32,86
9	20	55	0,664
9	20	56	3,269
9	20	58	3,441
9	20	70	0,974
9	20	71	20,325
9	20	73	1,546
9	20	76	8,269
9	20	84	9,672
9	20	88	1,714
9	20	91	1,182
9	20	92	0,821
9	20	96	4,469
9	20	99	1,149
9	20	100	4,121
9	22	3	3,827
9	22	8	9,791
9	22	18	4,568
9	22	20	4,632
9	22	24	2,86
9	22	33	5,51
9	22	35	3,886
9	22	38	1,475
9	22	40	6,753
9	22	55	0,95
9	22	56	5,415
9	22	58	1,208
9	22	70	3,664
9	22	71	17,809
9	22	73	17,751
9	22	76	8,153
9	22	84	4,768
9	22	88	5,754
9	22	91	9,111
9	22	92	7,559
9	22	96	0,977
9	22	99	6,329
9	22	100	3,972
9	24	3	18,476
9	24	8	3,223
9	24	18	1,675
9	24	20	47,61
9	24	22	2,757
9	24	33	45,428
9	24	35	6,561
9	24	38	0,685
9	24	40	2,595
9	24	55	2,435
9	24	56	1,615
9	24	58	1,118
9	24	70	2,442
9	24	71	3,334
9	24	73	12,143
9	24	76	7,771
9	24	84	4,327
9	24	88	6,362
9	24	91	0,924
9	24	92	2,713
9	24	96	2,752
9	24	99	10,55
9	24	100	11,191
9	33	3	3,507
9	33	8	8,157
9	33	18	1,795
9	33	20	12,491
9	33	22	1,742
9	33	24	1,906
9	33	35	1,272
9	33	38	5,55
9	33	40	6,999
9	33	55	3,027
9	33	56	2,641
9	33	58	2,322
9	33	70	26,778
9	33	71	4,15
9	33	73	15,697
9	33	76	4,126
9	33	84	4,313
9	33	88	1,459
9	33	91	5,261
9	33	92	11,175
9	33	96	1,027
9	33	99	11,249
9	33	100	2,965
9	35	3	2,95
9	35	8	1,31
9	35	18	2,556
9	35	20	1,339
9	35	22	5,918
9	35	24	4,204
9	35	33	0,777
9	35	38	2,748
9	35	40	2,423
9	35	55	1,414
9	35	56	5,06
9	35	58	3,728
9	35	70	1,133
9	35	71	3,84
9	35	73	18,768
9	35	76	9,223
9	35	84	0,909
9	35	88	3,88
9	35	91	3,519
9	35	92	12,974
9	35	96	3,743
9	35	99	8,174
9	35	100	1,3
9	38	3	9,195
9	38	8	5,004
9	38	18	30,732
9	38	20	11,766
9	38	22	3,864
9	38	24	2,274
9	38	33	4,819
9	38	35	0,894
9	38	40	11,99
9	38	55	0,672
9	38	56	1,852
9	38	58	17,357
9	38	70	13,025
9	38	71	1,324
9	38	73	1,637
9	38	76	0,727
9	38	84	10,843
9	38	88	0,932
9	38	91	16,315
9	38	92	0,793
9	38	96	3,587
9	38	99	4,353
9	38	100	4,08
9	40	3	7,784
9	40	8	13,532
9	40	18	11,711
9	40	20	2,613
9	40	22	0,796
9	40	24	4,458
9	40	33	16,276
9	40	35	6,903
9	40	38	4,744
9	40	55	4,835
9	40	56	2,824
9	40	58	3,133
9	40	70	8,434
9	40	71	4,617
9	40	73	9,245
9	40	76	5,442
9	40	84	1,073
9	40	88	2,577
9	40	91	2,576
9	40	92	0,554
9	40	96	8,929
9	40	99	9,318
9	40	100	4,334
9	55	3	1,881
9	55	8	2,275
9	55	18	10,333
9	55	20	2,695
9	55	22	14,652
9	55	24	0,652
9	55	33	0,662
9	55	35	6,143
9	55	38	1,38
9	55	40	1,053
9	55	56	12,92
9	55	58	6,072
9	55	70	2,65
9	55	71	5,485
9	55	73	3,514
9	55	76	16,727
9	55	84	5,037
9	55	88	4,086
9	55	91	9,726
9	55	92	0,844
9	55	96	7,851
9	55	99	7,887
9	55	100	7,426
9	56	3	3,133
9	56	8	2,05
9	56	18	8,35
9	56	20	2,372
9	56	22	0,906
9	56	24	4,066
9	56	33	3,847
9	56	35	2,519
9	56	38	12,47
9	56	40	0,99
9	56	55	2,17
9	56	58	6,648
9	56	70	3,826
9	56	71	1,157
9	56	73	8,073
9	56	76	5,215
9	56	84	1,988
9	56	88	8,193
9	56	91	3,359
9	56	92	7,527
9	56	96	7,326
9	56	99	7,952
9	56	100	18,526
9	58	3	4,763
9	58	8	3,041
9	58	18	19,749
9	58	20	1,811
9	58	22	1,885
9	58	24	1,733
9	58	33	0,846
9	58	35	4,155
9	58	38	2,528
9	58	40	2,926
9	58	55	1,02
9	58	56	20,249
9	58	70	2,171
9	58	71	8,262
9	58	73	2,738
9	58	76	4,342
9	58	84	2,216
9	58	88	5,966
9	58	91	0,717
9	58	92	1,108
9	58	96	1,1
9	58	99	5,718
9	58	100	4,514
9	70	3	11,494
9	70	8	11,337
9	70	18	1,691
9	70	20	1,608
9	70	22	2,969
9	70	24	3,46
9	70	33	9,339
9	70	35	4,747
9	70	38	2,65
9	70	40	6,475
9	70	55	8,834
9	70	56	22,104
9	70	58	11,355
9	70	71	15,129
9	70	73	0,752
9	70	76	0,59
9	70	84	0,905
9	70	88	1,151
9	70	91	16,657
9	70	92	4,997
9	70	96	16,965
9	70	99	6,104
9	70	100	2,634
9	71	3	14,836
9	71	8	8,746
9	71	18	2,03
9	71	20	17,186
9	71	22	5,757
9	71	24	1,427
9	71	33	26,873
9	71	35	10,073
9	71	38	8,289
9	71	40	14,364
9	71	55	7,569
9	71	56	13,155
9	71	58	4,657
9	71	70	16,043
9	71	73	1,446
9	71	76	3,636
9	71	84	3,427
9	71	88	7,901
9	71	91	2,467
9	71	92	2,194
9	71	96	3,676
9	71	99	2,318
9	71	100	3,866
9	73	3	4,812
9	73	8	29,647
9	73	18	8,319
9	73	20	10,32
9	73	22	4,89
9	73	24	1,966
9	73	33	1,214
9	73	35	1,795
9	73	38	2,145
9	73	40	2,746
9	73	55	7,027
9	73	56	11,632
9	73	58	10,485
9	73	70	5,304
9	73	71	5,746
9	73	76	5,626
9	73	84	3,869
9	73	88	2,176
9	73	91	13,236
9	73	92	4,75
9	73	96	3,699
9	73	99	0,695
9	73	100	4,964
9	76	3	2,173
9	76	8	6,765
9	76	18	3,139
9	76	20	0,501
9	76	22	1,326
9	76	24	1,29
9	76	33	32,697
9	76	35	1,733
9	76	38	6,775
9	76	40	3,447
9	76	55	3,133
9	76	56	1,508
9	76	58	1,616
9	76	70	9,747
9	76	71	3,908
9	76	73	2,926
9	76	84	3,893
9	76	88	0,952
9	76	91	2,78
9	76	92	6,928
9	76	96	4,768
9	76	99	5,034
9	76	100	9,809
9	84	3	2,987
9	84	8	3,748
9	84	18	3,96
9	84	20	2,354
9	84	22	0,938
9	84	24	6,567
9	84	33	1,593
9	84	35	1,439
9	84	38	1,007
9	84	40	9,413
9	84	55	4,443
9	84	56	2,523
9	84	58	3,838
9	84	70	10,13
9	84	71	1,46
9	84	73	12,6
9	84	76	4,136
9	84	88	4,802
9	84	91	1,969
9	84	92	0,934
9	84	96	11,678
9	84	99	2,229
9	84	100	0,995
9	88	3	0,771
9	88	8	4,127
9	88	18	10,399
9	88	20	2,75
9	88	22	3,253
9	88	24	10,949
9	88	33	1,608
9	88	35	8,374
9	88	38	7,085
9	88	40	25,757
9	88	55	15,001
9	88	56	18,018
9	88	58	0,91
9	88	70	4,547
9	88	71	1,385
9	88	73	2,929
9	88	76	3,004
9	88	84	3,148
9	88	91	2,35
9	88	92	6,669
9	88	96	7,543
9	88	99	13,607
9	88	100	10,743
9	91	3	6,127
9	91	8	0,848
9	91	18	16,583
9	91	20	2,138
9	91	22	0,765
9	91	24	2,143
9	91	33	1,36
9	91	35	3,684
9	91	38	6,319
9	91	40	3,022
9	91	55	5,923
9	91	56	6,374
9	91	58	1,884
9	91	70	17,969
9	91	71	14,665
9	91	73	0,6
9	91	76	7,05
9	91	84	6,241
9	91	88	15,473
9	91	92	25,559
9	91	96	10,286
9	91	99	3,804
9	91	100	2,773
9	92	3	9,671
9	92	8	3,941
9	92	18	0,732
9	92	20	3,638
9	92	22	6,107
9	92	24	3,276
9	92	33	1,07
9	92	35	8,162
9	92	38	5,317
9	92	40	1,227
9	92	55	2,348
9	92	56	14,855
9	92	58	3,81
9	92	70	4,569
9	92	71	18,935
9	92	73	1,924
9	92	76	9,815
9	92	84	20,138
9	92	88	5,688
9	92	91	1,533
9	92	96	7,228
9	92	99	1,645
9	92	100	0,906
9	96	3	7,831
9	96	8	19,831
9	96	18	2,516
9	96	20	1,126
9	96	22	0,638
9	96	24	1,815
9	96	33	13,983
9	96	35	12,631
9	96	38	1,201
9	96	40	7,647
9	96	55	1,224
9	96	56	1,877
9	96	58	5,457
9	96	70	6,498
9	96	71	3,674
9	96	73	1,256
9	96	76	14,208
9	96	84	1,049
9	96	88	8,089
9	96	91	3,459
9	96	92	2,402
9	96	99	13,677
9	96	100	5,603
9	99	3	6,708
9	99	8	8,843
9	99	18	4,242
9	99	20	26,744
9	99	22	12,29
9	99	24	5,201
9	99	33	0,661
9	99	35	23,299
9	99	38	9,002
9	99	40	2,707
9	99	55	5,675
9	99	56	1,208
9	99	58	0,601
9	99	70	4,131
9	99	71	7,237
9	99	73	2,458
9	99	76	2,601
9	99	84	2,883
9	99	88	8,097
9	99	91	1,567
9	99	92	1,917
9	99	96	5,705
9	99	100	1,393
9	100	3	2,395
9	100	8	6,292
9	100	18	10,54
9	100	20	1,372
9	100	22	4,36
9	100	24	10,919
9	100	33	16,386
9	100	35	10,19
9	100	38	3,182
9	100	40	1,887
9	100	55	7,537
9	100	56	17,65
9	100	58	13,351
9	100	70	1,501
9	100	71	9,147
9	100	73	10,599
9	100	76	32,349
9	100	84	4,335
9	100	88	3,891
9	100	91	7,816
9	100	92	5,479
9	100	96	26,619
9	100	99	12,922
10	2	9	5,292
10	2	10	0,676
10	2	11	3,5
10	2	19	2,738
10	2	29	39,181
10	2	30	1,655
10	2	31	10
10	2	37	2,951
10	2	38	10,508
10	2	41	3,485
10	2	44	6,119
10	2	46	1,658
10	2	49	3,427
10	2	50	5,617
10	2	51	1,969
10	2	52	5,193
10	2	53	3,231
10	2	54	7,234
10	2	55	3,89
10	2	59	3,005
10	2	60	1,831
10	2	62	2,599
10	2	75	1,433
10	2	80	1,751
10	2	81	3,348
10	2	83	15,56
10	2	86	7,232
10	2	87	4,111
10	2	94	2,351
10	9	2	18,481
10	9	10	7,066
10	9	11	0,975
10	9	19	1,55
10	9	29	27,612
10	9	30	11,996
10	9	31	1,67
10	9	37	2,768
10	9	38	0,773
10	9	41	2,303
10	9	44	2,372
10	9	46	1,494
10	9	49	0,777
10	9	50	0,861
10	9	51	1,218
10	9	52	2,316
10	9	53	3,239
10	9	54	4,064
10	9	55	11,818
10	9	59	5,315
10	9	60	5,264
10	9	62	1,087
10	9	75	2,581
10	9	80	8,16
10	9	81	16,694
10	9	83	4,964
10	9	86	7,091
10	9	87	2,315
10	9	94	13,016
10	10	2	10,964
10	10	9	19,744
10	10	11	2,032
10	10	19	8,474
10	10	29	2,289
10	10	30	16,388
10	10	31	0,691
10	10	37	3,187
10	10	38	12,616
10	10	41	1,865
10	10	44	1,098
10	10	46	5,203
10	10	49	3,073
10	10	50	1,969
10	10	51	0,696
10	10	52	5,564
10	10	53	3,783
10	10	54	4,434
10	10	55	2,883
10	10	59	4,782
10	10	60	3,513
10	10	62	3,742
10	10	75	5,501
10	10	80	9,094
10	10	81	1,204
10	10	83	28,132
10	10	86	3,166
10	10	87	1,384
10	10	94	1,754
10	11	2	4,313
10	11	9	19,698
10	11	10	1,029
10	11	19	7,762
10	11	29	5,15
10	11	30	1,703
10	11	31	5,981
10	11	37	23,474
10	11	38	5,242
10	11	41	13,056
10	11	44	21,611
10	11	46	4,876
10	11	49	6,402
10	11	50	5,119
10	11	51	4,074
10	11	52	3,656
10	11	53	5,49
10	11	54	1,69
10	11	55	22,619
10	11	59	1,021
10	11	60	7,417
10	11	62	2,768
10	11	75	6,256
10	11	80	0,97
10	11	81	10,248
10	11	83	2,461
10	11	86	6,133
10	11	87	3,646
10	11	94	3,139
10	19	2	2,65
10	19	9	1,51
10	19	10	5,326
10	19	11	0,534
10	19	29	66,863
10	19	30	23,477
10	19	31	2,784
10	19	37	10,778
10	19	38	3,735
10	19	41	1,22
10	19	44	8,692
10	19	46	2,002
10	19	49	0,537
10	19	50	2,183
10	19	51	3,003
10	19	52	4,561
10	19	53	1,86
10	19	54	1,177
10	19	55	4,78
10	19	59	20,567
10	19	60	2,601
10	19	62	4,733
10	19	75	11,584
10	19	80	8,107
10	19	81	3,377
10	19	83	5,838
10	19	86	14,889
10	19	87	9,736
10	19	94	4,586
10	29	2	14,257
10	29	9	7,895
10	29	10	10,993
10	29	11	1,338
10	29	19	1,283
10	29	30	0,534
10	29	31	6,04
10	29	37	4
10	29	38	14,292
10	29	41	5,35
10	29	44	14,997
10	29	46	6,704
10	29	49	9,721
10	29	50	15,894
10	29	51	2,155
10	29	52	5,916
10	29	53	10,08
10	29	54	15,017
10	29	55	5,992
10	29	59	5,779
10	29	60	2,22
10	29	62	2,526
10	29	75	1,509
10	29	80	11,414
10	29	81	4,801
10	29	83	2,205
10	29	86	6,12
10	29	87	4,516
10	29	94	4,478
10	30	2	0,547
10	30	9	4,962
10	30	10	4,746
10	30	11	2,516
10	30	19	7,21
10	30	29	8,234
10	30	31	1,392
10	30	37	7,505
10	30	38	4,954
10	30	41	2,009
10	30	44	15,993
10	30	46	0,831
10	30	49	23,712
10	30	50	9,47
10	30	51	2,231
10	30	52	5,62
10	30	53	2,14
10	30	54	4,442
10	30	55	4,478
10	30	59	4,432
10	30	60	4,232
10	30	62	1,83
10	30	75	1,899
10	30	80	24,385
10	30	81	9,028
10	30	83	1,339
10	30	86	1,015
10	30	87	7,725
10	30	94	12,698
10	31	2	6,711
10	31	9	2,379
10	31	10	10,785
10	31	11	15,448
10	31	19	3,598
10	31	29	12,581
10	31	30	0,511
10	31	37	2,848
10	31	38	3,013
10	31	41	6,632
10	31	44	7,747
10	31	46	1,472
10	31	49	3,025
10	31	50	21,849
10	31	51	4,052
10	31	52	2,207
10	31	53	10,342
10	31	54	24,054
10	31	55	18,176
10	31	59	2,027
10	31	60	3,463
10	31	62	3,399
10	31	75	0,654
10	31	80	1,146
10	31	81	2,46
10	31	83	2,276
10	31	86	3,939
10	31	87	13,698
10	31	94	1,904
10	37	2	9,853
10	37	9	5,976
10	37	10	7,265
10	37	11	14,144
10	37	19	1,784
10	37	29	18,744
10	37	30	0,903
10	37	31	5,596
10	37	38	2,519
10	37	41	7,637
10	37	44	12,37
10	37	46	0,738
10	37	49	6,245
10	37	50	2,675
10	37	51	15,983
10	37	52	0,621
10	37	53	13,469
10	37	54	4,612
10	37	55	0,564
10	37	59	2,95
10	37	60	15,653
10	37	62	4,698
10	37	75	2,332
10	37	80	0,538
10	37	81	2,223
10	37	83	10,829
10	37	86	10,896
10	37	87	4,823
10	37	94	5,973
10	38	2	2,651
10	38	9	4,207
10	38	10	5,139
10	38	11	0,889
10	38	19	2,889
10	38	29	4,598
10	38	30	0,579
10	38	31	2,399
10	38	37	3,732
10	38	41	1,034
10	38	44	3,699
10	38	46	3,175
10	38	49	1,217
10	38	50	11,749
10	38	51	5,657
10	38	52	38,527
10	38	53	21,084
10	38	54	1,2
10	38	55	1,069
10	38	59	27,173
10	38	60	19,756
10	38	62	7,562
10	38	75	7,565
10	38	80	3,511
10	38	81	17,146
10	38	83	3,528
10	38	86	0,916
10	38	87	3,775
10	38	94	15,477
10	41	2	2,986
10	41	9	7,153
10	41	10	15,441
10	41	11	4,852
10	41	19	0,823
10	41	29	8,181
10	41	30	0,608
10	41	31	2,722
10	41	37	0,899
10	41	38	12,47
10	41	44	3,174
10	41	46	0,803
10	41	49	12,588
10	41	50	5,426
10	41	51	2,256
10	41	52	6,778
10	41	53	1,377
10	41	54	0,789
10	41	55	2,453
10	41	59	12,453
10	41	60	16,743
10	41	62	1,678
10	41	75	1,891
10	41	80	7,079
10	41	81	13,836
10	41	83	4,646
10	41	86	13,953
10	41	87	0,52
10	41	94	0,666
10	44	2	3,363
10	44	9	8,708
10	44	10	14,037
10	44	11	1,868
10	44	19	0,953
10	44	29	24,356
10	44	30	9,879
10	44	31	10,045
10	44	37	36,786
10	44	38	6,813
10	44	41	6,503
10	44	46	1,763
10	44	49	13,361
10	44	50	11,02
10	44	51	4,082
10	44	52	7,48
10	44	53	12,408
10	44	54	2,174
10	44	55	5,726
10	44	59	6,394
10	44	60	2,453
10	44	62	5,846
10	44	75	3,555
10	44	80	1,522
10	44	81	26,485
10	44	83	111,589
10	44	86	10,824
10	44	87	1,379
10	44	94	10,083
10	46	2	14,187
10	46	9	12,759
10	46	10	13,908
10	46	11	5,7
10	46	19	5,339
10	46	29	1,239
10	46	30	14,071
10	46	31	1,693
10	46	37	1,857
10	46	38	5,004
10	46	41	8,701
10	46	44	1,248
10	46	49	15,296
10	46	50	1,422
10	46	51	7,996
10	46	52	2,793
10	46	53	0,735
10	46	54	2,099
10	46	55	6,045
10	46	59	23,91
10	46	60	9,028
10	46	62	12,546
10	46	75	0,504
10	46	80	4,314
10	46	81	20,671
10	46	83	2,273
10	46	86	7,022
10	46	87	10,392
10	46	94	3,834
10	49	2	3,555
10	49	9	8,864
10	49	10	7,11
10	49	11	20,875
10	49	19	15,52
10	49	29	5,4
10	49	30	4,904
10	49	31	10,746
10	49	37	0,854
10	49	38	5,192
10	49	41	7,363
10	49	44	5,45
10	49	46	5,54
10	49	50	0,934
10	49	51	2,803
10	49	52	1,835
10	49	53	5,72
10	49	54	4,779
10	49	55	16,891
10	49	59	2,617
10	49	60	15,776
10	49	62	1,123
10	49	75	5,252
10	49	80	1,079
10	49	81	4,726
10	49	83	15,005
10	49	86	13,902
10	49	87	3,975
10	49	94	1,795
10	50	2	3,889
10	50	9	1,321
10	50	10	8,607
10	50	11	6,21
10	50	19	4,703
10	50	29	7,777
10	50	30	17,908
10	50	31	3,505
10	50	37	2,782
10	50	38	9,187
10	50	41	3,541
10	50	44	25,277
10	50	46	3,815
10	50	49	1,479
10	50	51	15,241
10	50	52	33,048
10	50	53	20,247
10	50	54	2,08
10	50	55	4,341
10	50	59	1,339
10	50	60	0,522
10	50	62	2,316
10	50	75	2,451
10	50	80	13,465
10	50	81	6,327
10	50	83	11,947
10	50	86	8,9
10	50	87	2,726
10	50	94	6,159
10	51	2	4,509
10	51	9	6,806
10	51	10	13,187
10	51	11	1,059
10	51	19	7,414
10	51	29	1,028
10	51	30	3,511
10	51	31	6,497
10	51	37	18,6
10	51	38	4,214
10	51	41	8,554
10	51	44	6,334
10	51	46	4,423
10	51	49	5,02
10	51	50	1,908
10	51	52	10,844
10	51	53	0,945
10	51	54	3,571
10	51	55	5,628
10	51	59	15,35
10	51	60	15,675
10	51	62	1,529
10	51	75	3,899
10	51	80	4,815
10	51	81	0,578
10	51	83	2,635
10	51	86	1,653
10	51	87	2,706
10	51	94	5,374
10	52	2	25,496
10	52	9	5,139
10	52	10	4,235
10	52	11	19,196
10	52	19	6,057
10	52	29	23,319
10	52	30	14,897
10	52	31	7,991
10	52	37	0,755
10	52	38	3,292
10	52	41	1,364
10	52	44	3,318
10	52	46	2,474
10	52	49	2,914
10	52	50	3,069
10	52	51	0,942
10	52	53	2,716
10	52	54	4,859
10	52	55	5,6
10	52	59	0,988
10	52	60	1,448
10	52	62	2,489
10	52	75	4,172
10	52	80	2,898
10	52	81	23,469
10	52	83	6,026
10	52	86	4,794
10	52	87	15,403
10	52	94	4,677
10	53	2	4,021
10	53	9	6,57
10	53	10	1,353
10	53	11	17,087
10	53	19	3,286
10	53	29	13,216
10	53	30	7,977
10	53	31	0,968
10	53	37	3,035
10	53	38	2,154
10	53	41	5,85
10	53	44	5,813
10	53	46	1,428
10	53	49	9,34
10	53	50	19,81
10	53	51	6,077
10	53	52	3,747
10	53	54	6,633
10	53	55	4,315
10	53	59	9,587
10	53	60	5,663
10	53	62	13,246
10	53	75	0,638
10	53	80	1,295
10	53	81	0,931
10	53	83	6,862
10	53	86	1,293
10	53	87	11,773
10	53	94	15,374
10	54	2	6,568
10	54	9	3,669
10	54	10	4,654
10	54	11	8,13
10	54	19	2,466
10	54	29	2,048
10	54	30	8,34
10	54	31	3,502
10	54	37	2,19
10	54	38	1,359
10	54	41	3,57
10	54	44	3,017
10	54	46	11,352
10	54	49	5,839
10	54	50	0,516
10	54	51	2,309
10	54	52	6,506
10	54	53	7,092
10	54	55	6,386
10	54	59	4,101
10	54	60	2,104
10	54	62	15,464
10	54	75	3,92
10	54	80	4,962
10	54	81	2,239
10	54	83	3,177
10	54	86	2,4
10	54	87	9,117
10	54	94	2,178
10	55	2	1,511
10	55	9	4,293
10	55	10	8,098
10	55	11	2,497
10	55	19	12,492
10	55	29	2,763
10	55	30	4,675
10	55	31	1,219
10	55	37	2,937
10	55	38	0,67
10	55	41	5,682
10	55	44	1,075
10	55	46	6,506
10	55	49	3,292
10	55	50	16,151
10	55	51	4,592
10	55	52	13,513
10	55	53	3,46
10	55	54	2,192
10	55	59	5,002
10	55	60	1,941
10	55	62	7,249
10	55	75	2,467
10	55	80	3,587
10	55	81	1,157
10	55	83	17,087
10	55	86	7,036
10	55	87	8,974
10	55	94	9,04
10	59	2	1,364
10	59	9	1,15
10	59	10	1,146
10	59	11	16,639
10	59	19	3,177
10	59	29	2,122
10	59	30	1,132
10	59	31	5,414
10	59	37	5,489
10	59	38	5,423
10	59	41	6,639
10	59	44	5,79
10	59	46	16,792
10	59	49	3,621
10	59	50	2,329
10	59	51	4,409
10	59	52	11,232
10	59	53	2,456
10	59	54	2,273
10	59	55	2,547
10	59	60	1,56
10	59	62	5,865
10	59	75	3,771
10	59	80	10,014
10	59	81	0,757
10	59	83	11,857
10	59	86	2,472
10	59	87	12,652
10	59	94	0,946
10	60	2	2,753
10	60	9	0,861
10	60	10	0,956
10	60	11	8,402
10	60	19	7,019
10	60	29	5,691
10	60	30	2,885
10	60	31	12,219
10	60	37	10,525
10	60	38	0,687
10	60	41	1,985
10	60	44	1,704
10	60	46	11,487
10	60	49	5,486
10	60	50	1,836
10	60	51	12,896
10	60	52	9,399
10	60	53	6,069
10	60	54	1,23
10	60	55	11,938
10	60	59	3,586
10	60	62	15,7
10	60	75	3,443
10	60	80	7,198
10	60	81	8,137
10	60	83	20,53
10	60	86	3,927
10	60	87	1,577
10	60	94	15,228
10	62	2	1,642
10	62	9	2,892
10	62	10	4,479
10	62	11	4,323
10	62	19	18,112
10	62	29	36,876
10	62	30	2,149
10	62	31	13,005
10	62	37	0,512
10	62	38	3,426
10	62	41	46,154
10	62	44	4,91
10	62	46	1,547
10	62	49	1,11
10	62	50	2,755
10	62	51	6,85
10	62	52	2,4
10	62	53	20,185
10	62	54	2,523
10	62	55	1,709
10	62	59	17,25
10	62	60	3,169
10	62	75	1,947
10	62	80	6,422
10	62	81	2,166
10	62	83	6,337
10	62	86	5,569
10	62	87	6,509
10	62	94	2,378
10	75	2	6,513
10	75	9	4,448
10	75	10	3,872
10	75	11	10,807
10	75	19	2,894
10	75	29	7,78
10	75	30	0,792
10	75	31	2,618
10	75	37	11,378
10	75	38	1,237
10	75	41	1,209
10	75	44	6,541
10	75	46	3,94
10	75	49	4,222
10	75	50	0,615
10	75	51	10,647
10	75	52	7,713
10	75	53	18,703
10	75	54	9,432
10	75	55	1,417
10	75	59	2,985
10	75	60	7,9
10	75	62	5,1
10	75	80	0,741
10	75	81	2,688
10	75	83	2,408
10	75	86	4,885
10	75	87	12,811
10	75	94	4,933
10	80	2	2,447
10	80	9	2,513
10	80	10	2,868
10	80	11	22,88
10	80	19	1,347
10	80	29	3,893
10	80	30	2,713
10	80	31	1,847
10	80	37	32,216
10	80	38	3,02
10	80	41	2,145
10	80	44	1,678
10	80	46	7,06
10	80	49	12,333
10	80	50	8,042
10	80	51	3,738
10	80	52	3,73
10	80	53	12,26
10	80	54	2,226
10	80	55	4,407
10	80	59	14,295
10	80	60	2,087
10	80	62	9,296
10	80	75	1,31
10	80	81	0,786
10	80	83	19,667
10	80	86	1,613
10	80	87	3,487
10	80	94	0,603
10	81	2	1,2
10	81	9	2,722
10	81	10	7,588
10	81	11	2,352
10	81	19	13,512
10	81	29	10,522
10	81	30	2,192
10	81	31	8,658
10	81	37	14,531
10	81	38	10,155
10	81	41	3,994
10	81	44	3,324
10	81	46	4,252
10	81	49	10,922
10	81	50	1,667
10	81	51	6,94
10	81	52	16,357
10	81	53	3,63
10	81	54	1,632
10	81	55	3,376
10	81	59	0,591
10	81	60	1,184
10	81	62	9,998
10	81	75	8,076
10	81	80	11,83
10	81	83	12,096
10	81	86	3,6
10	81	87	5,482
10	81	94	3,325
10	83	2	16,788
10	83	9	4,806
10	83	10	13,398
10	83	11	5,026
10	83	19	2,918
10	83	29	38,643
10	83	30	6,473
10	83	31	8,088
10	83	37	12,927
10	83	38	5,07
10	83	41	3,658
10	83	44	43,189
10	83	46	32,455
10	83	49	11,129
10	83	50	1,608
10	83	51	5,983
10	83	52	2,381
10	83	53	4,923
10	83	54	2,81
10	83	55	10,65
10	83	59	2,821
10	83	60	3,398
10	83	62	4,63
10	83	75	7,188
10	83	80	4,868
10	83	81	2,094
10	83	86	13,434
10	83	87	6,55
10	83	94	30,143
10	86	2	3,906
10	86	9	2,916
10	86	10	0,557
10	86	11	3,602
10	86	19	8,837
10	86	29	13,01
10	86	30	5,245
10	86	31	19,221
10	86	37	1,371
10	86	38	2,509
10	86	41	9,382
10	86	44	1,432
10	86	46	12,057
10	86	49	4,755
10	86	50	1,129
10	86	51	3,654
10	86	52	3,695
10	86	53	1,081
10	86	54	5,178
10	86	55	5,534
10	86	59	2,001
10	86	60	0,659
10	86	62	5,043
10	86	75	18,205
10	86	80	13,068
10	86	81	8,616
10	86	83	14,135
10	86	87	3,765
10	86	94	12,739
10	87	2	2,435
10	87	9	0,666
10	87	10	13,883
10	87	11	1,179
10	87	19	12,443
10	87	29	1,718
10	87	30	0,853
10	87	31	1,974
10	87	37	0,918
10	87	38	1,472
10	87	41	11,497
10	87	44	8,146
10	87	46	16,745
10	87	49	6,158
10	87	50	3,801
10	87	51	6,716
10	87	52	16,425
10	87	53	13,946
10	87	54	10,386
10	87	55	6,185
10	87	59	0,574
10	87	60	3,064
10	87	62	8,397
10	87	75	1,592
10	87	80	5,385
10	87	81	5,483
10	87	83	1,058
10	87	86	1,151
10	87	94	5,63
10	94	2	7,48
10	94	9	8,25
10	94	10	0,923
10	94	11	9,645
10	94	19	1,92
10	94	29	0,878
10	94	30	6,452
10	94	31	5,958
10	94	37	0,567
10	94	38	1,973
10	94	41	11,392
10	94	44	6,923
10	94	46	0,667
10	94	49	1,599
10	94	50	8,189
10	94	51	4,267
10	94	52	6,554
10	94	53	15,074
10	94	54	15,772
10	94	55	20,166
10	94	59	7,155
10	94	60	4,186
10	94	62	7,94
10	94	75	9,187
10	94	80	5,193
10	94	81	10,978
10	94	83	3,729
10	94	86	5,689
10	94	87	2,829

