#num jobs
100
#num machines
10

#jobId machId procTime energyCons
1	4	2,6	16,81
1	10	18,38	154,32
2	1	12,56	132,79
3	8	13,39	70,85
3	2	2,7	29,45
4	6	3,76	41,33
4	5	4,19	26,17
4	2	103,33	1125,08
5	7	17,76	153,12
5	10	6,37	53,48
6	9	4,06	34,55
6	8	8,05	42,61
6	3	1,81	16,42
7	1	23,44	247,91
8	1	9,02	95,44
8	9	0,92	7,81
9	8	2,87	15,19
10	4	5,83	37,75
10	3	5,22	47,51
11	10	7,59	63,71
11	3	1,68	15,28
11	1	19,18	202,87
12	5	5,23	32,63
12	6	2,31	25,38
12	7	1349,73	11635,45
13	2	6,3	68,62
14	10	14,31	120,17
14	7	2,22	19,18
15	3	4,3	39,07
15	6	35,47	389,63
16	2	109,17	1188,76
16	7	2,72	23,48
17	10	2,95	24,74
17	3	1,61	14,66
18	3	47,79	434,56
18	10	7,87	66,05
19	9	5,93	50,46
20	1	1,44	15,23
20	5	12,59	78,58
20	10	5,69	47,81
21	10	0,37	3,09
21	4	32,82	212,45
22	4	9,23	59,73
22	5	31,38	195,87
23	2	11,2	121,95
23	7	16,71	144,04
24	10	4	33,6
24	7	130,63	1126,13
25	3	44,51	404,7
26	3	87,96	799,8
26	4	191,69	1241,02
26	5	6,84	42,72
26	7	12,78	110,15
26	10	5,6	47,02
27	6	4,93	54,13
27	8	40,62	214,92
28	10	18,75	157,47
28	7	3,65	31,43
28	4	32,64	211,3
29	9	7,56	64,35
30	2	26,65	290,2
30	5	8,31	51,89
30	9	10,39	88,42
31	8	72,65	384,37
31	6	6,28	68,93
32	5	11,04	68,93
32	10	10,42	87,46
33	9	6,8	57,83
33	5	39,07	243,91
34	3	11,71	106,47
35	9	3,17	26,97
35	1	8,53	90,18
36	5	11,91	74,36
36	3	19,73	179,38
36	1	126,83	1341,34
37	1	14,11	149,27
37	5	8,78	54,81
37	8	72,76	384,99
38	10	4,43	37,22
38	8	4,47	23,67
38	2	3,56	38,75
39	8	6,27	33,16
39	1	0,74	7,78
40	1	27	285,53
41	1	0,3	3,14
42	10	5,48	45,98
43	1	5,47	57,84
43	7	7,02	60,55
44	4	78,16	506,01
44	1	10,51	111,2
45	6	114,88	1261,92
46	10	1,94	16,3
46	5	10,64	66,4
46	3	21,24	193,14
47	9	16,7	142,08
48	3	9,05	82,29
49	2	3,22	35,03
49	6	249,71	2743,01
50	9	55,18	469,56
50	6	0,89	9,77
50	4	63,19	409,07
51	2	1,68	18,28
51	3	208,41	1895,15
52	3	3,32	30,21
52	4	2,84	18,4
53	7	5308,25	45760,09
54	4	28,61	185,24
54	6	11,61	127,53
54	9	232,31	1976,9
55	9	2,83	24,1
55	8	5,75	30,42
55	4	26,42	171,07
56	1	9,65	102,07
56	7	6,99	60,29
56	8	14,41	76,27
57	2	28,3	308,13
57	7	61,91	533,68
58	7	8,87	76,47
58	3	9,31	84,66
59	6	15,93	174,95
59	8	9,67	51,14
60	3	3,88	35,29
61	1	9,36	99,04
61	4	20,93	135,48
61	5	7,96	49,72
61	7	6,79	58,53
61	8	123,46	653,23
62	9	18,28	155,55
63	8	5,26	27,83
64	10	8,11	68,08
64	6	48,63	534,22
64	4	3,13	20,29
64	2	33,15	360,94
64	1	6,84	72,3
65	5	4,99	31,18
65	3	46,21	420,21
65	2	212,96	2318,81
65	1	4,04	42,71
66	8	12,77	67,55
67	4	23,83	154,28
68	9	8,09	68,85
68	6	72,54	796,8
69	9	3,01	25,58
69	1	31,14	329,34
70	8	7,41	39,2
70	5	11,18	69,81
70	3	1,15	10,44
71	5	10,8	67,41
71	7	3,94	33,92
71	9	40,18	341,96
72	10	2,28	19,12
73	9	0,48	4,05
73	7	15,54	133,97
73	4	18	116,51
73	1	4,81	50,87
74	5	1,67	10,45
75	4	42,19	273,17
75	2	4,08	44,37
76	2	9,25	100,76
76	6	4,1	45,07
76	7	8,74	75,32
76	10	7,06	59,27
77	10	21,71	182,33
77	8	5,65	29,91
77	5	25,07	156,52
77	1	9,38	99,19
78	10	3,96	33,22
78	5	2,05	12,81
79	1	15,4	162,85
79	4	4,23	27,36
79	8	8,45	44,69
80	3	175,02	1591,51
80	6	5,24	57,6
80	9	22,08	187,87
81	7	2,51	21,6
82	7	3,14	27,04
83	1	52,91	559,59
83	8	8,27	43,75
83	10	180,42	1514,89
84	5	37,43	233,63
84	3	4,71	42,79
85	2	1101,63	11995,16
85	3	3230,84	29378,66
85	10	8,32	69,9
86	3	13,19	119,94
86	2	150,94	1643,53
87	2	36,52	397,66
87	3	2,82	25,62
87	8	6,93	36,66
88	5	2,98	18,58
88	4	7,33	47,44
88	1	24,84	262,71
89	7	1,84	15,88
89	1	8,77	92,79
90	6	3,57	39,2
90	7	1,8	15,55
90	9	6,86	58,4
91	5	0,63	3,96
92	1	1,74	18,35
92	2	0,79	8,57
92	5	1,18	7,34
93	9	1,44	12,28
93	4	19,54	126,5
93	2	2,53	27,58
93	1	1,5	15,88
94	4	34,31	222,12
94	6	32,93	361,76
94	10	5,83	48,96
95	4	18,3	118,45
95	5	27,77	173,38
96	9	71,63	609,58
96	6	9,21	101,15
96	2	3,04	33,09
97	3	14,93	135,76
97	2	472,81	5148,2
98	5	182,99	1142,36
98	1	7,16	75,76
99	3	8,75	79,57
100	1	17,17	181,59
100	2	1,8	19,6
100	6	3,13	34,34
100	7	396,95	3421,94
100	8	2,68	14,16

#jobId ddate weight rdate
1	212,173	28	96,946
2	1784,991	4	84,229
3	1063,687	48	345,423
4	324,216	30	8,493
5	1284,953	27	92,313
6	1730,037	22	205,271
7	1599,843	3	283,415
8	1637,306	2	155,767
9	1782,843	46	306,368
10	730,162	27	7,786
11	1848,663	45	285,282
12	399,003	18	310,604
13	596,152	48	73,226
14	1257,768	12	141,657
15	1550,521	2	232,512
16	1498,377	11	329,26
17	471,577	4	95,564
18	1157,726	45	81,577
19	1647,964	41	65,295
20	1136,205	18	0,429
21	437,852	48	66,705
22	949,74	11	45,432
23	1396,842	19	177,19
24	488,103	19	226,777
25	990,273	20	68,415
26	1592,391	39	17,357
27	1914,631	46	56,893
28	1424,233	37	51,717
29	991,348	29	138,187
30	183,291	35	100,53
31	1093,11	11	242,311
32	1247,559	11	163,983
33	645,506	27	120,156
34	1610,829	22	20,307
35	1643,636	31	347,016
36	1390,732	2	33,491
37	1044,339	7	11,115
38	264,78	42	194,636
39	930,532	3	153,045
40	550,625	37	342
41	1275,906	11	242,71
42	1360,382	47	229,32
43	471,402	36	298,864
44	509,194	35	189,377
45	607,646	6	60,76
46	1051,963	8	306,441
47	392,339	15	270,445
48	1127,876	13	178,112
49	1162,013	7	165,666
50	821,462	2	63,405
51	474,98	18	18,976
52	1574,337	18	66,985
53	552,208	17	56,651
54	1348,372	12	183,866
55	718,811	25	107,029
56	928,849	19	281,748
57	1461,518	28	326,035
58	1726,598	11	31,657
59	939,51	10	29,606
60	1862,996	9	39,674
61	1610,726	33	280,31
62	1394,238	24	6,843
63	770,383	49	156,983
64	1470,11	35	99,951
65	1613,4	13	159,115
66	273,905	10	81,813
67	1513,548	33	46,633
68	1495,762	13	222,311
69	996,829	48	99,998
70	459,774	6	126,965
71	491,761	3	88,164
72	445,37	36	297,851
73	1174,213	15	215,236
74	183,452	18	31,693
75	875,661	32	348,603
76	1662,446	32	22,64
77	1851,65	42	133,121
78	1894,345	49	69,89
79	1073,843	9	22,993
80	913,999	36	79,482
81	1090,57	5	62,122
82	1708,756	2	195,67
83	1339,228	30	233,606
84	1090,274	31	170,26
85	1781,253	3	266,019
86	722,532	32	124,02
87	1234,804	11	217,198
88	749,046	49	71,946
89	623,088	3	69,805
90	294,84	39	224,627
91	1154,555	19	52,043
92	1141,868	45	168,898
93	648,896	22	183,703
94	1246,648	20	64,644
95	231,55	44	152,275
96	581,243	22	22,618
97	1817,276	35	70,262
98	1096,619	30	286,161
99	1074,201	48	68,305
100	356,029	18	217,134

#machId jobPred jobSucc setupTime
1	2	7	1,543
1	2	8	3,066
1	2	11	1,399
1	2	20	1,803
1	2	35	1,205
1	2	36	2,759
1	2	37	0,576
1	2	39	1,626
1	2	40	3,17
1	2	41	14,114
1	2	43	3,701
1	2	44	1,793
1	2	56	3,361
1	2	61	9,803
1	2	64	1,375
1	2	65	0,993
1	2	69	0,814
1	2	73	19,885
1	2	77	1,635
1	2	79	0,803
1	2	83	5,815
1	2	88	11,979
1	2	89	1,404
1	2	92	5,035
1	2	93	6,461
1	2	98	6,259
1	2	100	26,684
1	7	2	5,41
1	7	8	9,182
1	7	11	1,014
1	7	20	1,05
1	7	35	8,345
1	7	36	7,208
1	7	37	5,552
1	7	39	4,44
1	7	40	10,263
1	7	41	1,926
1	7	43	2,473
1	7	44	1,861
1	7	56	6,798
1	7	61	9,432
1	7	64	4,496
1	7	65	3,608
1	7	69	1,85
1	7	73	3,253
1	7	77	0,749
1	7	79	4,123
1	7	83	13,337
1	7	88	8,202
1	7	89	3,829
1	7	92	0,535
1	7	93	12,237
1	7	98	1,503
1	7	100	3,674
1	8	2	17,825
1	8	7	13,07
1	8	11	13,224
1	8	20	0,654
1	8	35	4,731
1	8	36	5,883
1	8	37	15,915
1	8	39	6,187
1	8	40	2,605
1	8	41	2,674
1	8	43	0,683
1	8	44	1,849
1	8	56	5,806
1	8	61	9,914
1	8	64	5,171
1	8	65	53,117
1	8	69	25,428
1	8	73	13,312
1	8	77	25,687
1	8	79	8,85
1	8	83	1,789
1	8	88	0,659
1	8	89	1,603
1	8	92	1,057
1	8	93	13,878
1	8	98	21,747
1	8	100	4,281
1	11	2	0,664
1	11	7	3,306
1	11	8	1,041
1	11	20	4,161
1	11	35	1,079
1	11	36	5,28
1	11	37	2,438
1	11	39	14,569
1	11	40	7,01
1	11	41	3,33
1	11	43	9,216
1	11	44	7,629
1	11	56	1,932
1	11	61	4,998
1	11	64	3,011
1	11	65	2,19
1	11	69	1,119
1	11	73	1,227
1	11	77	3,008
1	11	79	1,975
1	11	83	7,59
1	11	88	1,093
1	11	89	5,451
1	11	92	13,124
1	11	93	2,648
1	11	98	4,54
1	11	100	5,596
1	20	2	6,82
1	20	7	4,105
1	20	8	1,835
1	20	11	6,755
1	20	35	3,279
1	20	36	0,681
1	20	37	14,659
1	20	39	6,109
1	20	40	4,258
1	20	41	8,372
1	20	43	3,507
1	20	44	7,776
1	20	56	3,995
1	20	61	5,032
1	20	64	2,01
1	20	65	11,753
1	20	69	3,262
1	20	73	11,995
1	20	77	1,732
1	20	79	2,433
1	20	83	12,852
1	20	88	0,743
1	20	89	7,216
1	20	92	2,231
1	20	93	7,563
1	20	98	4,69
1	20	100	1,91
1	35	2	18,207
1	35	7	4,162
1	35	8	12,942
1	35	11	1,091
1	35	20	6,743
1	35	36	13,769
1	35	37	1,577
1	35	39	16,307
1	35	40	0,542
1	35	41	12,266
1	35	43	37,289
1	35	44	2,329
1	35	56	2,374
1	35	61	9,407
1	35	64	4,374
1	35	65	10,392
1	35	69	0,841
1	35	73	10,196
1	35	77	3,638
1	35	79	1,385
1	35	83	4,01
1	35	88	1,241
1	35	89	4,12
1	35	92	10,795
1	35	93	1,56
1	35	98	1,098
1	35	100	4,297
1	36	2	8,249
1	36	7	0,783
1	36	8	1,701
1	36	11	3,087
1	36	20	19,73
1	36	35	1,976
1	36	37	6,93
1	36	39	2,792
1	36	40	2,213
1	36	41	2,549
1	36	43	7,274
1	36	44	4,27
1	36	56	12,675
1	36	61	6,214
1	36	64	2,244
1	36	65	0,63
1	36	69	37,274
1	36	73	16,595
1	36	77	3,908
1	36	79	4,439
1	36	83	8,765
1	36	88	3,953
1	36	89	8,495
1	36	92	2,227
1	36	93	9,211
1	36	98	7,972
1	36	100	8,418
1	37	2	2,989
1	37	7	10,543
1	37	8	2,177
1	37	11	9,095
1	37	20	3,031
1	37	35	4,474
1	37	36	3,313
1	37	39	5,537
1	37	40	18,877
1	37	41	9,506
1	37	43	21,516
1	37	44	1,118
1	37	56	4,896
1	37	61	0,865
1	37	64	13,629
1	37	65	9,172
1	37	69	0,525
1	37	73	6,112
1	37	77	6,896
1	37	79	0,677
1	37	83	23,764
1	37	88	3,786
1	37	89	0,94
1	37	92	7,016
1	37	93	7,634
1	37	98	10,933
1	37	100	0,622
1	39	2	10,48
1	39	7	0,793
1	39	8	1,747
1	39	11	9,708
1	39	20	11,033
1	39	35	6,799
1	39	36	4,141
1	39	37	0,759
1	39	40	1,521
1	39	41	18,188
1	39	43	5,668
1	39	44	3,493
1	39	56	10,719
1	39	61	1,058
1	39	64	5,893
1	39	65	6,864
1	39	69	1,64
1	39	73	3,282
1	39	77	7,503
1	39	79	4,322
1	39	83	12,11
1	39	88	1,78
1	39	89	2,829
1	39	92	9,229
1	39	93	4,901
1	39	98	8,56
1	39	100	10,51
1	40	2	5,217
1	40	7	0,903
1	40	8	1,015
1	40	11	3,152
1	40	20	10,764
1	40	35	1,656
1	40	36	1,098
1	40	37	9,513
1	40	39	1,219
1	40	41	8,167
1	40	43	2,272
1	40	44	7,441
1	40	56	8,258
1	40	61	4,42
1	40	64	16,559
1	40	65	1,735
1	40	69	1,705
1	40	73	2,114
1	40	77	0,845
1	40	79	6,748
1	40	83	1,442
1	40	88	7,434
1	40	89	3,171
1	40	92	6,872
1	40	93	7,544
1	40	98	8,578
1	40	100	12,069
1	41	2	5,709
1	41	7	1,67
1	41	8	1,859
1	41	11	3,413
1	41	20	3,267
1	41	35	6,723
1	41	36	3,782
1	41	37	3,229
1	41	39	11,733
1	41	40	8,369
1	41	43	1,9
1	41	44	3,022
1	41	56	3,798
1	41	61	2,983
1	41	64	14,259
1	41	65	29,448
1	41	69	1,879
1	41	73	7,37
1	41	77	2,45
1	41	79	4,542
1	41	83	1,46
1	41	88	1,281
1	41	89	6,83
1	41	92	2,022
1	41	93	8,011
1	41	98	9,535
1	41	100	5,544
1	43	2	1,67
1	43	7	1,211
1	43	8	9,348
1	43	11	7,038
1	43	20	13,729
1	43	35	1,071
1	43	36	13,638
1	43	37	1,059
1	43	39	29,403
1	43	40	12,528
1	43	41	38,398
1	43	44	5,768
1	43	56	7,19
1	43	61	9,81
1	43	64	6,5
1	43	65	4,323
1	43	69	2,211
1	43	73	5,326
1	43	77	6,216
1	43	79	0,761
1	43	83	17,607
1	43	88	4,245
1	43	89	4,499
1	43	92	3,196
1	43	93	9,156
1	43	98	3,641
1	43	100	4,373
1	44	2	7,426
1	44	7	2,048
1	44	8	1,307
1	44	11	3,136
1	44	20	3,053
1	44	35	5,781
1	44	36	4,658
1	44	37	1,035
1	44	39	37,694
1	44	40	23,936
1	44	41	1,649
1	44	43	2,892
1	44	56	1,968
1	44	61	9,472
1	44	64	7,727
1	44	65	0,7
1	44	69	1,124
1	44	73	10,838
1	44	77	5,485
1	44	79	2,671
1	44	83	20,39
1	44	88	8,767
1	44	89	3,434
1	44	92	2,787
1	44	93	4,053
1	44	98	1,09
1	44	100	9,868
1	56	2	2,224
1	56	7	33,686
1	56	8	1,251
1	56	11	10,586
1	56	20	4,035
1	56	35	3,062
1	56	36	3,066
1	56	37	4,673
1	56	39	6,758
1	56	40	1,581
1	56	41	5,238
1	56	43	1,048
1	56	44	1,481
1	56	61	4,042
1	56	64	8,468
1	56	65	3,784
1	56	69	17,427
1	56	73	4,694
1	56	77	1,989
1	56	79	1,274
1	56	83	5,982
1	56	88	2,18
1	56	89	7,454
1	56	92	6,456
1	56	93	4,384
1	56	98	11,668
1	56	100	8,253
1	61	2	3,327
1	61	7	8,407
1	61	8	4,311
1	61	11	11,657
1	61	20	3,379
1	61	35	2,995
1	61	36	19,263
1	61	37	1,641
1	61	39	5,948
1	61	40	5,5
1	61	41	14,929
1	61	43	1,579
1	61	44	5,223
1	61	56	5,054
1	61	64	2,015
1	61	65	2,878
1	61	69	3,043
1	61	73	7,986
1	61	77	1,94
1	61	79	3,52
1	61	83	1,446
1	61	88	3,148
1	61	89	5,246
1	61	92	5,47
1	61	93	3,563
1	61	98	35,038
1	61	100	9,512
1	64	2	2,977
1	64	7	6,259
1	64	8	1,318
1	64	11	2,934
1	64	20	10,708
1	64	35	15,997
1	64	36	13,824
1	64	37	4,487
1	64	39	2,523
1	64	40	2,591
1	64	41	0,563
1	64	43	3,212
1	64	44	5,379
1	64	56	0,728
1	64	61	3,525
1	64	65	1,333
1	64	69	2,31
1	64	73	2,39
1	64	77	0,872
1	64	79	3,153
1	64	83	11,966
1	64	88	8,053
1	64	89	0,929
1	64	92	4,988
1	64	93	14,252
1	64	98	6,347
1	64	100	9,328
1	65	2	4,989
1	65	7	1,936
1	65	8	0,538
1	65	11	10,799
1	65	20	5,166
1	65	35	1,235
1	65	36	0,557
1	65	37	33,273
1	65	39	3,439
1	65	40	7,51
1	65	41	4,597
1	65	43	5,902
1	65	44	1,118
1	65	56	5,268
1	65	61	2,084
1	65	64	6,295
1	65	69	4,016
1	65	73	2,07
1	65	77	12,626
1	65	79	6,221
1	65	83	8,052
1	65	88	5,66
1	65	89	28,393
1	65	92	2,169
1	65	93	2,538
1	65	98	4,663
1	65	100	1,636
1	69	2	13,754
1	69	7	3,267
1	69	8	2,778
1	69	11	3,656
1	69	20	20,676
1	69	35	14,095
1	69	36	1,64
1	69	37	10,881
1	69	39	4,871
1	69	40	0,656
1	69	41	0,672
1	69	43	1,971
1	69	44	2,41
1	69	56	0,71
1	69	61	3,516
1	69	64	19,95
1	69	65	0,799
1	69	73	31,476
1	69	77	13,394
1	69	79	2,207
1	69	83	17,671
1	69	88	7,091
1	69	89	2,459
1	69	92	1,841
1	69	93	6,355
1	69	98	18,02
1	69	100	19,623
1	73	2	29,832
1	73	7	4,017
1	73	8	6,527
1	73	11	6,646
1	73	20	6,651
1	73	35	1,277
1	73	36	10,897
1	73	37	1,356
1	73	39	10,953
1	73	40	4,676
1	73	41	3,284
1	73	43	1,656
1	73	44	1,163
1	73	56	4,045
1	73	61	3,835
1	73	64	11,173
1	73	65	7,666
1	73	69	3,99
1	73	77	0,875
1	73	79	2,098
1	73	83	2,223
1	73	88	27,927
1	73	89	3,092
1	73	92	2,209
1	73	93	28,286
1	73	98	9,138
1	73	100	1,678
1	77	2	3,849
1	77	7	10,316
1	77	8	12,254
1	77	11	1,503
1	77	20	13,387
1	77	35	2,822
1	77	36	4,488
1	77	37	2,167
1	77	39	1,82
1	77	40	3,056
1	77	41	10,559
1	77	43	3,339
1	77	44	2,799
1	77	56	16,799
1	77	61	16,754
1	77	64	0,751
1	77	65	0,643
1	77	69	8,274
1	77	73	1,491
1	77	79	0,743
1	77	83	3,817
1	77	88	7,719
1	77	89	1,397
1	77	92	5,084
1	77	93	1,821
1	77	98	1,311
1	77	100	17,205
1	79	2	0,705
1	79	7	1,641
1	79	8	3,305
1	79	11	4,697
1	79	20	10,917
1	79	35	9,79
1	79	36	13,609
1	79	37	13,855
1	79	39	48,232
1	79	40	13,332
1	79	41	3,783
1	79	43	0,972
1	79	44	4,762
1	79	56	4,098
1	79	61	9,08
1	79	64	20,527
1	79	65	5,615
1	79	69	10,588
1	79	73	6,971
1	79	77	16,036
1	79	83	2,18
1	79	88	7,18
1	79	89	2,778
1	79	92	5,377
1	79	93	8,575
1	79	98	10,522
1	79	100	23,55
1	83	2	11,483
1	83	7	5,198
1	83	8	5,396
1	83	11	2,734
1	83	20	3,366
1	83	35	10,972
1	83	36	1,829
1	83	37	11,249
1	83	39	7,651
1	83	40	27,012
1	83	41	2,486
1	83	43	5,752
1	83	44	16,503
1	83	56	2,388
1	83	61	4,695
1	83	64	2,368
1	83	65	1,887
1	83	69	13,998
1	83	73	4,513
1	83	77	3,93
1	83	79	13,864
1	83	88	12,492
1	83	89	1,073
1	83	92	1,158
1	83	93	0,874
1	83	98	1,123
1	83	100	2,147
1	88	2	0,754
1	88	7	1,243
1	88	8	0,512
1	88	11	1,894
1	88	20	7,694
1	88	35	3,527
1	88	36	3,021
1	88	37	2,121
1	88	39	2,32
1	88	40	4,145
1	88	41	8,865
1	88	43	2,53
1	88	44	0,776
1	88	56	0,968
1	88	61	4,403
1	88	64	11,266
1	88	65	3,756
1	88	69	1,679
1	88	73	19,837
1	88	77	8,554
1	88	79	1,464
1	88	83	2,467
1	88	89	4,906
1	88	92	3,038
1	88	93	1,504
1	88	98	6,67
1	88	100	3,142
1	89	2	4,955
1	89	7	2,852
1	89	8	2,976
1	89	11	2,418
1	89	20	2,089
1	89	35	5,987
1	89	36	6,781
1	89	37	9,224
1	89	39	10,08
1	89	40	1,74
1	89	41	3,478
1	89	43	27,737
1	89	44	0,986
1	89	56	10,117
1	89	61	7,207
1	89	64	15,9
1	89	65	0,712
1	89	69	2,925
1	89	73	13,011
1	89	77	8,085
1	89	79	9,362
1	89	83	12,797
1	89	88	9,305
1	89	92	2,536
1	89	93	2,959
1	89	98	4,408
1	89	100	18,934
1	92	2	2,104
1	92	7	9,278
1	92	8	3,354
1	92	11	0,591
1	92	20	6,831
1	92	35	1,821
1	92	36	21,864
1	92	37	1,053
1	92	39	1,428
1	92	40	3,82
1	92	41	5,95
1	92	43	8,958
1	92	44	1,238
1	92	56	8,567
1	92	61	5,322
1	92	64	7,106
1	92	65	8,276
1	92	69	4,461
1	92	73	6,567
1	92	77	0,764
1	92	79	15,527
1	92	83	1,225
1	92	88	19,992
1	92	89	5,401
1	92	93	10,419
1	92	98	26,248
1	92	100	0,621
1	93	2	2,924
1	93	7	1,34
1	93	8	2,527
1	93	11	4,888
1	93	20	9,226
1	93	35	3,046
1	93	36	1,671
1	93	37	3,177
1	93	39	6,997
1	93	40	2,428
1	93	41	2,969
1	93	43	4,242
1	93	44	12,236
1	93	56	20,778
1	93	61	0,927
1	93	64	5,3
1	93	65	3,449
1	93	69	7,318
1	93	73	2,432
1	93	77	1,176
1	93	79	13,763
1	93	83	6,399
1	93	88	3,626
1	93	89	6,35
1	93	92	0,635
1	93	98	2,774
1	93	100	12,182
1	98	2	2,441
1	98	7	1,334
1	98	8	1,113
1	98	11	15,343
1	98	20	0,757
1	98	35	4,812
1	98	36	2,933
1	98	37	1,736
1	98	39	2,849
1	98	40	5,749
1	98	41	1,26
1	98	43	4,892
1	98	44	4,598
1	98	56	6,279
1	98	61	2,537
1	98	64	1,776
1	98	65	6,794
1	98	69	9,077
1	98	73	7,996
1	98	77	5,354
1	98	79	2,212
1	98	83	8,251
1	98	88	3,977
1	98	89	10,322
1	98	92	4,034
1	98	93	10,289
1	98	100	6,286
1	100	2	12,744
1	100	7	5,898
1	100	8	6,669
1	100	11	3,138
1	100	20	14,133
1	100	35	0,558
1	100	36	1,523
1	100	37	2,842
1	100	39	9,45
1	100	40	3,382
1	100	41	11,622
1	100	43	11,282
1	100	44	0,577
1	100	56	12,977
1	100	61	9,972
1	100	64	1,081
1	100	65	7,068
1	100	69	4,877
1	100	73	15,775
1	100	77	3,772
1	100	79	7,561
1	100	83	9,51
1	100	88	3,427
1	100	89	3,436
1	100	92	1,511
1	100	93	7,92
1	100	98	18,426
2	3	4	14,208
2	3	13	13,714
2	3	16	6,369
2	3	23	4,924
2	3	30	11,064
2	3	38	0,656
2	3	49	4,657
2	3	51	3,29
2	3	57	8,694
2	3	64	9,551
2	3	65	10,078
2	3	75	6,704
2	3	76	7,484
2	3	85	4,525
2	3	86	19,128
2	3	87	0,926
2	3	92	16,185
2	3	93	0,697
2	3	96	1,439
2	3	97	3,486
2	3	100	5,758
2	4	3	10,118
2	4	13	5,316
2	4	16	7,954
2	4	23	3,937
2	4	30	0,735
2	4	38	9,449
2	4	49	2,605
2	4	51	8,511
2	4	57	9,633
2	4	64	1,787
2	4	65	2,582
2	4	75	0,568
2	4	76	1,904
2	4	85	1,742
2	4	86	1,313
2	4	87	2,394
2	4	92	6,31
2	4	93	3,296
2	4	96	6,453
2	4	97	0,669
2	4	100	4,838
2	13	3	20,893
2	13	4	8,379
2	13	16	1,942
2	13	23	3,086
2	13	30	6,045
2	13	38	4,382
2	13	49	1,207
2	13	51	7,045
2	13	57	0,687
2	13	64	22,63
2	13	65	7,969
2	13	75	7,632
2	13	76	0,746
2	13	85	2,313
2	13	86	0,525
2	13	87	12,099
2	13	92	57,15
2	13	93	13,027
2	13	96	8,579
2	13	97	8,12
2	13	100	14,133
2	16	3	7,62
2	16	4	5,124
2	16	13	1,949
2	16	23	2,307
2	16	30	3,344
2	16	38	3,094
2	16	49	2,823
2	16	51	2,883
2	16	57	1,599
2	16	64	0,85
2	16	65	4,326
2	16	75	6,908
2	16	76	0,876
2	16	85	1,058
2	16	86	2,637
2	16	87	0,621
2	16	92	2,429
2	16	93	35,003
2	16	96	1,372
2	16	97	7,896
2	16	100	4,287
2	23	3	18,8
2	23	4	4,203
2	23	13	14,234
2	23	16	5,468
2	23	30	10,356
2	23	38	9,708
2	23	49	1,28
2	23	51	0,976
2	23	57	4,409
2	23	64	2,644
2	23	65	2,015
2	23	75	2,058
2	23	76	0,762
2	23	85	2,132
2	23	86	13,277
2	23	87	4,923
2	23	92	1,058
2	23	93	2,697
2	23	96	1,347
2	23	97	30,763
2	23	100	1,369
2	30	3	1,851
2	30	4	2,542
2	30	13	20,563
2	30	16	12,485
2	30	23	21,843
2	30	38	4,701
2	30	49	1,606
2	30	51	2,672
2	30	57	5,65
2	30	64	2,92
2	30	65	11,556
2	30	75	15,453
2	30	76	1,673
2	30	85	1,069
2	30	86	9,339
2	30	87	2,998
2	30	92	3,238
2	30	93	1,353
2	30	96	20,785
2	30	97	2,438
2	30	100	4,817
2	38	3	8,609
2	38	4	6,843
2	38	13	13,379
2	38	16	8,865
2	38	23	10,49
2	38	30	1,172
2	38	49	8,72
2	38	51	6,437
2	38	57	10,155
2	38	64	3,827
2	38	65	3,691
2	38	75	0,506
2	38	76	5,02
2	38	85	3,527
2	38	86	2,134
2	38	87	2,719
2	38	92	6,304
2	38	93	2,769
2	38	96	15,745
2	38	97	1,611
2	38	100	1,879
2	49	3	2,21
2	49	4	8,017
2	49	13	13,559
2	49	16	0,709
2	49	23	1,953
2	49	30	2,05
2	49	38	1,794
2	49	51	1,551
2	49	57	5,501
2	49	64	2,71
2	49	65	6,717
2	49	75	0,568
2	49	76	2,613
2	49	85	9,421
2	49	86	10,301
2	49	87	7,341
2	49	92	6,363
2	49	93	5,64
2	49	96	20,139
2	49	97	6,6
2	49	100	5,661
2	51	3	2,587
2	51	4	3,321
2	51	13	24,742
2	51	16	4,975
2	51	23	3,852
2	51	30	0,532
2	51	38	1,601
2	51	49	0,537
2	51	57	1,091
2	51	64	1,958
2	51	65	3,462
2	51	75	7,698
2	51	76	0,614
2	51	85	2,275
2	51	86	0,704
2	51	87	6,905
2	51	92	4,569
2	51	93	18,249
2	51	96	0,829
2	51	97	5,589
2	51	100	2,974
2	57	3	2,435
2	57	4	1,105
2	57	13	3,31
2	57	16	25,055
2	57	23	0,622
2	57	30	1,466
2	57	38	5,825
2	57	49	1,73
2	57	51	20,351
2	57	64	1,56
2	57	65	13,714
2	57	75	1,521
2	57	76	5,374
2	57	85	0,902
2	57	86	1,733
2	57	87	7,69
2	57	92	8,592
2	57	93	1,543
2	57	96	0,657
2	57	97	1,853
2	57	100	1,852
2	64	3	3,681
2	64	4	8,915
2	64	13	0,615
2	64	16	13,707
2	64	23	3,23
2	64	30	1,326
2	64	38	0,503
2	64	49	6,857
2	64	51	21,53
2	64	57	4,505
2	64	65	4,108
2	64	75	6,113
2	64	76	7,986
2	64	85	6,676
2	64	86	1,957
2	64	87	1,209
2	64	92	1,261
2	64	93	4,975
2	64	96	2,491
2	64	97	4,678
2	64	100	0,655
2	65	3	2,947
2	65	4	9,044
2	65	13	4,69
2	65	16	1,651
2	65	23	4,532
2	65	30	1,538
2	65	38	12,783
2	65	49	7,327
2	65	51	2,5
2	65	57	3,609
2	65	64	5,005
2	65	75	1,212
2	65	76	13,138
2	65	85	8,604
2	65	86	7,897
2	65	87	2,598
2	65	92	0,661
2	65	93	14,813
2	65	96	4,101
2	65	97	4,946
2	65	100	1,328
2	75	3	21,043
2	75	4	2,516
2	75	13	6,695
2	75	16	1,341
2	75	23	1,938
2	75	30	4,826
2	75	38	12,13
2	75	49	2,755
2	75	51	12,644
2	75	57	1,152
2	75	64	2,203
2	75	65	0,772
2	75	76	1,267
2	75	85	2,208
2	75	86	0,686
2	75	87	3,181
2	75	92	3,332
2	75	93	21,562
2	75	96	2,788
2	75	97	9,91
2	75	100	7,043
2	76	3	1,567
2	76	4	56,13
2	76	13	1,773
2	76	16	10,798
2	76	23	1,164
2	76	30	6,949
2	76	38	23,862
2	76	49	7,423
2	76	51	11,177
2	76	57	1,099
2	76	64	8,719
2	76	65	1,702
2	76	75	0,913
2	76	85	4,139
2	76	86	9,043
2	76	87	2,163
2	76	92	6,959
2	76	93	16,271
2	76	96	6,21
2	76	97	5,481
2	76	100	7,512
2	85	3	1,744
2	85	4	21,43
2	85	13	2,782
2	85	16	6,764
2	85	23	0,899
2	85	30	2,189
2	85	38	1,513
2	85	49	4,687
2	85	51	4,043
2	85	57	25,223
2	85	64	5,544
2	85	65	1,829
2	85	75	1,064
2	85	76	17,744
2	85	86	0,704
2	85	87	2,222
2	85	92	15,041
2	85	93	7,424
2	85	96	18,669
2	85	97	1,69
2	85	100	2,418
2	86	3	13,766
2	86	4	3,99
2	86	13	1,474
2	86	16	9,537
2	86	23	1,114
2	86	30	11,31
2	86	38	0,913
2	86	49	7,043
2	86	51	4,608
2	86	57	1,49
2	86	64	6,109
2	86	65	6,64
2	86	75	1,46
2	86	76	5,166
2	86	85	1,388
2	86	87	3,979
2	86	92	5,037
2	86	93	2,195
2	86	96	3,982
2	86	97	3,923
2	86	100	5,578
2	87	3	1,315
2	87	4	3,83
2	87	13	0,577
2	87	16	5,831
2	87	23	16,762
2	87	30	1,763
2	87	38	3,994
2	87	49	6,732
2	87	51	3,719
2	87	57	0,958
2	87	64	3,171
2	87	65	3,802
2	87	75	2,365
2	87	76	9,299
2	87	85	4,945
2	87	86	2,039
2	87	92	7,117
2	87	93	6,962
2	87	96	4,567
2	87	97	0,878
2	87	100	5,921
2	92	3	1,053
2	92	4	3,151
2	92	13	0,618
2	92	16	1,849
2	92	23	0,757
2	92	30	1,71
2	92	38	1,113
2	92	49	14,583
2	92	51	8,845
2	92	57	12,955
2	92	64	3,024
2	92	65	1,956
2	92	75	2,641
2	92	76	3,155
2	92	85	24,821
2	92	86	0,577
2	92	87	17,776
2	92	93	29,896
2	92	96	12,142
2	92	97	5,067
2	92	100	5,224
2	93	3	29,804
2	93	4	7,006
2	93	13	0,636
2	93	16	3,383
2	93	23	2,795
2	93	30	0,722
2	93	38	12,25
2	93	49	8,374
2	93	51	1,808
2	93	57	10,535
2	93	64	0,508
2	93	65	2,975
2	93	75	1,098
2	93	76	0,898
2	93	85	2,88
2	93	86	12,89
2	93	87	2,028
2	93	92	15,219
2	93	96	6,313
2	93	97	2,51
2	93	100	19,245
2	96	3	33,825
2	96	4	1,225
2	96	13	2,403
2	96	16	7,89
2	96	23	4,709
2	96	30	8,685
2	96	38	5,257
2	96	49	4,353
2	96	51	4,8
2	96	57	4,931
2	96	64	20,233
2	96	65	8,87
2	96	75	4,965
2	96	76	2,402
2	96	85	3,441
2	96	86	3,059
2	96	87	16,035
2	96	92	7,815
2	96	93	15,084
2	96	97	6,512
2	96	100	7,473
2	97	3	4,123
2	97	4	4,808
2	97	13	1,843
2	97	16	12,587
2	97	23	1,311
2	97	30	1,791
2	97	38	7,611
2	97	49	5,829
2	97	51	5,38
2	97	57	4,13
2	97	64	3,109
2	97	65	4,307
2	97	75	9,555
2	97	76	4,962
2	97	85	8,285
2	97	86	3,457
2	97	87	2,232
2	97	92	11,731
2	97	93	1,715
2	97	96	11,468
2	97	100	4,438
2	100	3	3,234
2	100	4	11,386
2	100	13	6,001
2	100	16	3,051
2	100	23	3,172
2	100	30	10,23
2	100	38	1,54
2	100	49	4,315
2	100	51	8,555
2	100	57	0,958
2	100	64	2,074
2	100	65	10,578
2	100	75	7,192
2	100	76	10,304
2	100	85	1,566
2	100	86	3,204
2	100	87	11,316
2	100	92	5,653
2	100	93	12,424
2	100	96	5,829
2	100	97	1,305
3	6	10	1,566
3	6	11	3,756
3	6	15	1,823
3	6	17	2,173
3	6	18	2,113
3	6	25	5,328
3	6	26	1,477
3	6	34	2,575
3	6	36	2,12
3	6	46	2,045
3	6	48	2,767
3	6	51	0,663
3	6	52	4,541
3	6	58	13,563
3	6	60	24,94
3	6	65	3,013
3	6	70	1,773
3	6	80	3,208
3	6	84	4,423
3	6	85	1,046
3	6	86	5,336
3	6	87	2,523
3	6	97	1,985
3	6	99	9,685
3	10	6	0,727
3	10	11	5,292
3	10	15	1,98
3	10	17	13,16
3	10	18	22,792
3	10	25	3,278
3	10	26	4,079
3	10	34	3,211
3	10	36	4,187
3	10	46	19,234
3	10	48	3,577
3	10	51	3,055
3	10	52	1,764
3	10	58	19,349
3	10	60	4,371
3	10	65	8,419
3	10	70	3,517
3	10	80	1,041
3	10	84	2,742
3	10	85	2,847
3	10	86	1,417
3	10	87	12,118
3	10	97	3,05
3	10	99	24,031
3	11	6	3,501
3	11	10	0,743
3	11	15	8,091
3	11	17	2,831
3	11	18	5,694
3	11	25	1,031
3	11	26	6,689
3	11	34	12,28
3	11	36	7,623
3	11	46	5,302
3	11	48	0,67
3	11	51	0,524
3	11	52	6,188
3	11	58	25,071
3	11	60	6,239
3	11	65	1,132
3	11	70	10,965
3	11	80	1,086
3	11	84	3,803
3	11	85	1,09
3	11	86	8,617
3	11	87	3,19
3	11	97	23,693
3	11	99	17,572
3	15	6	1,478
3	15	10	2,723
3	15	11	4,541
3	15	17	3,475
3	15	18	22,327
3	15	25	5,905
3	15	26	7,084
3	15	34	15,12
3	15	36	26,506
3	15	46	5,784
3	15	48	2,014
3	15	51	0,587
3	15	52	3,839
3	15	58	5,918
3	15	60	0,542
3	15	65	3,814
3	15	70	3,421
3	15	80	1,942
3	15	84	32,655
3	15	85	5,561
3	15	86	0,92
3	15	87	5,216
3	15	97	13,008
3	15	99	0,929
3	17	6	6,313
3	17	10	2,196
3	17	11	2,429
3	17	15	5,096
3	17	18	3,024
3	17	25	2,9
3	17	26	26,267
3	17	34	0,591
3	17	36	1,482
3	17	46	24,036
3	17	48	7,592
3	17	51	2,344
3	17	52	3,149
3	17	58	1,017
3	17	60	8,583
3	17	65	2,798
3	17	70	8,153
3	17	80	11,275
3	17	84	4,163
3	17	85	3,519
3	17	86	5,687
3	17	87	13,313
3	17	97	18,477
3	17	99	2,083
3	18	6	0,842
3	18	10	6,649
3	18	11	8,462
3	18	15	1,044
3	18	17	10,653
3	18	25	5,677
3	18	26	6,815
3	18	34	0,996
3	18	36	9,057
3	18	46	23,47
3	18	48	1,068
3	18	51	7,835
3	18	52	3,977
3	18	58	15,804
3	18	60	9,192
3	18	65	8,212
3	18	70	1,197
3	18	80	1,081
3	18	84	4,59
3	18	85	31,429
3	18	86	7,647
3	18	87	0,916
3	18	97	12,34
3	18	99	26,242
3	25	6	2,455
3	25	10	1,066
3	25	11	16,36
3	25	15	0,693
3	25	17	6,27
3	25	18	4,462
3	25	26	6,295
3	25	34	1,773
3	25	36	11,898
3	25	46	9,918
3	25	48	2,369
3	25	51	6,657
3	25	52	6,147
3	25	58	3,811
3	25	60	0,743
3	25	65	11,46
3	25	70	2,782
3	25	80	0,576
3	25	84	2,556
3	25	85	5,238
3	25	86	16,158
3	25	87	8,479
3	25	97	11,93
3	25	99	4,749
3	26	6	6,226
3	26	10	0,735
3	26	11	7,393
3	26	15	15,753
3	26	17	0,664
3	26	18	7,094
3	26	25	6,169
3	26	34	14,403
3	26	36	1,165
3	26	46	0,964
3	26	48	8,879
3	26	51	0,987
3	26	52	4,754
3	26	58	9,817
3	26	60	19,605
3	26	65	4,986
3	26	70	2,085
3	26	80	5,826
3	26	84	9,398
3	26	85	2,162
3	26	86	9,69
3	26	87	0,782
3	26	97	8,052
3	26	99	3,282
3	34	6	2,151
3	34	10	3,731
3	34	11	4,058
3	34	15	1,493
3	34	17	5,39
3	34	18	1,809
3	34	25	3,927
3	34	26	6,522
3	34	36	1,305
3	34	46	13,075
3	34	48	1,501
3	34	51	0,667
3	34	52	2,261
3	34	58	1,315
3	34	60	0,928
3	34	65	7,4
3	34	70	2,973
3	34	80	12,627
3	34	84	6,504
3	34	85	5,58
3	34	86	2,83
3	34	87	9,6
3	34	97	12,917
3	34	99	5,902
3	36	6	8,585
3	36	10	4,117
3	36	11	5,151
3	36	15	22,37
3	36	17	14,902
3	36	18	0,657
3	36	25	3,872
3	36	26	3,59
3	36	34	15,19
3	36	46	5,204
3	36	48	15,886
3	36	51	2,237
3	36	52	0,587
3	36	58	8,933
3	36	60	8,097
3	36	65	1,402
3	36	70	3,129
3	36	80	5,654
3	36	84	28,974
3	36	85	4,65
3	36	86	7,304
3	36	87	1,119
3	36	97	1,809
3	36	99	1,663
3	46	6	6,827
3	46	10	2,159
3	46	11	8,734
3	46	15	1,017
3	46	17	11,624
3	46	18	1,071
3	46	25	4,521
3	46	26	0,537
3	46	34	2,132
3	46	36	1,012
3	46	48	1,778
3	46	51	1,269
3	46	52	5,556
3	46	58	1,093
3	46	60	4,701
3	46	65	6,92
3	46	70	0,637
3	46	80	3,23
3	46	84	5,514
3	46	85	1,626
3	46	86	0,715
3	46	87	1,121
3	46	97	4,114
3	46	99	5,134
3	48	6	1,176
3	48	10	25,552
3	48	11	0,66
3	48	15	2,609
3	48	17	4,772
3	48	18	1,396
3	48	25	7,568
3	48	26	5,343
3	48	34	15,341
3	48	36	2,584
3	48	46	4,363
3	48	51	3,82
3	48	52	13,945
3	48	58	2,322
3	48	60	2,97
3	48	65	11,504
3	48	70	16,482
3	48	80	6,794
3	48	84	0,842
3	48	85	12,509
3	48	86	15,249
3	48	87	4,612
3	48	97	2,055
3	48	99	12,169
3	51	6	15,306
3	51	10	4,166
3	51	11	12,388
3	51	15	2,395
3	51	17	5,765
3	51	18	2,02
3	51	25	5,367
3	51	26	11,037
3	51	34	1,047
3	51	36	2,819
3	51	46	6,119
3	51	48	8,37
3	51	52	2,773
3	51	58	3,069
3	51	60	3,483
3	51	65	5,695
3	51	70	6,714
3	51	80	10,346
3	51	84	2,061
3	51	85	4,943
3	51	86	0,552
3	51	87	12,224
3	51	97	2,382
3	51	99	5,263
3	52	6	2,973
3	52	10	4,983
3	52	11	5,209
3	52	15	1,092
3	52	17	5,034
3	52	18	17,34
3	52	25	14,845
3	52	26	8,577
3	52	34	4,502
3	52	36	11,345
3	52	46	9,534
3	52	48	4,895
3	52	51	1,632
3	52	58	3,23
3	52	60	2,069
3	52	65	0,911
3	52	70	5,457
3	52	80	18,391
3	52	84	2,037
3	52	85	3,292
3	52	86	3,717
3	52	87	4,381
3	52	97	6,208
3	52	99	8,242
3	58	6	8,331
3	58	10	3,546
3	58	11	4,558
3	58	15	4,563
3	58	17	1,549
3	58	18	2,576
3	58	25	0,826
3	58	26	4,858
3	58	34	0,73
3	58	36	1,125
3	58	46	0,768
3	58	48	5,039
3	58	51	12,996
3	58	52	5,456
3	58	60	2,148
3	58	65	14,046
3	58	70	22,524
3	58	80	3,207
3	58	84	3,058
3	58	85	3,919
3	58	86	4,906
3	58	87	4,523
3	58	97	9,191
3	58	99	1,385
3	60	6	4,002
3	60	10	1,014
3	60	11	8,262
3	60	15	23,945
3	60	17	4,256
3	60	18	1,338
3	60	25	20,318
3	60	26	2,694
3	60	34	1,26
3	60	36	14,659
3	60	46	5,317
3	60	48	3,099
3	60	51	4,148
3	60	52	2,326
3	60	58	4,815
3	60	65	6,326
3	60	70	4,027
3	60	80	2,433
3	60	84	2,586
3	60	85	5,607
3	60	86	3,318
3	60	87	7,502
3	60	97	15,322
3	60	99	1,015
3	65	6	0,556
3	65	10	1,007
3	65	11	6,156
3	65	15	14,282
3	65	17	3,01
3	65	18	1,725
3	65	25	5,89
3	65	26	1,333
3	65	34	2,945
3	65	36	3,474
3	65	46	3,747
3	65	48	3,736
3	65	51	3,108
3	65	52	2,284
3	65	58	6,194
3	65	60	0,929
3	65	70	24,367
3	65	80	7,262
3	65	84	1,995
3	65	85	7,466
3	65	86	1,825
3	65	87	1,329
3	65	97	51,654
3	65	99	3,705
3	70	6	5,083
3	70	10	0,532
3	70	11	1,369
3	70	15	2,859
3	70	17	2,465
3	70	18	3,434
3	70	25	1,599
3	70	26	4,228
3	70	34	0,645
3	70	36	7,441
3	70	46	5,198
3	70	48	15,939
3	70	51	1,067
3	70	52	5,938
3	70	58	6,874
3	70	60	17,384
3	70	65	3,26
3	70	80	2,513
3	70	84	0,529
3	70	85	8,862
3	70	86	1,271
3	70	87	4,15
3	70	97	3,595
3	70	99	10,612
3	80	6	6,991
3	80	10	1,615
3	80	11	1,824
3	80	15	5,182
3	80	17	6,083
3	80	18	0,512
3	80	25	6,132
3	80	26	4,513
3	80	34	1,894
3	80	36	3,249
3	80	46	7,613
3	80	48	2,863
3	80	51	4,629
3	80	52	40,382
3	80	58	12,789
3	80	60	0,958
3	80	65	5,53
3	80	70	5,521
3	80	84	0,731
3	80	85	1,968
3	80	86	5,261
3	80	87	3,883
3	80	97	24,363
3	80	99	0,98
3	84	6	31,392
3	84	10	11,959
3	84	11	4,502
3	84	15	4,141
3	84	17	3,599
3	84	18	1,576
3	84	25	2,57
3	84	26	2,719
3	84	34	3,365
3	84	36	1,323
3	84	46	4,16
3	84	48	0,669
3	84	51	7,752
3	84	52	3,967
3	84	58	18,555
3	84	60	0,946
3	84	65	14,488
3	84	70	0,934
3	84	80	27,937
3	84	85	6,861
3	84	86	18,388
3	84	87	3,851
3	84	97	0,724
3	84	99	8,916
3	85	6	8,977
3	85	10	1,094
3	85	11	13,594
3	85	15	5,208
3	85	17	3,094
3	85	18	8,648
3	85	25	2,502
3	85	26	2,73
3	85	34	0,799
3	85	36	2,714
3	85	46	3,515
3	85	48	10,35
3	85	51	1,292
3	85	52	2,176
3	85	58	1,492
3	85	60	22,212
3	85	65	4,879
3	85	70	11,336
3	85	80	8,086
3	85	84	5,833
3	85	86	2,994
3	85	87	0,944
3	85	97	11,91
3	85	99	4,393
3	86	6	25,662
3	86	10	11,91
3	86	11	6,771
3	86	15	6,388
3	86	17	11,927
3	86	18	0,614
3	86	25	5,788
3	86	26	1,636
3	86	34	13,595
3	86	36	6,556
3	86	46	0,703
3	86	48	12,295
3	86	51	0,887
3	86	52	0,56
3	86	58	9,802
3	86	60	19,404
3	86	65	10,647
3	86	70	1,667
3	86	80	2,21
3	86	84	0,736
3	86	85	8,448
3	86	87	3,512
3	86	97	14,571
3	86	99	3,373
3	87	6	4,636
3	87	10	2,038
3	87	11	10,37
3	87	15	0,641
3	87	17	0,517
3	87	18	2,323
3	87	25	3,061
3	87	26	1,032
3	87	34	2,901
3	87	36	8,153
3	87	46	1,711
3	87	48	28,592
3	87	51	60,586
3	87	52	1,465
3	87	58	6,211
3	87	60	1,933
3	87	65	15,049
3	87	70	1,56
3	87	80	3,581
3	87	84	11,97
3	87	85	1,542
3	87	86	2,448
3	87	97	2,581
3	87	99	9,401
3	97	6	11,894
3	97	10	0,885
3	97	11	2,589
3	97	15	8,941
3	97	17	11,473
3	97	18	10,258
3	97	25	3,545
3	97	26	2,251
3	97	34	4,142
3	97	36	3,755
3	97	46	8,797
3	97	48	8,306
3	97	51	4,332
3	97	52	1,903
3	97	58	5,373
3	97	60	21,22
3	97	65	7,684
3	97	70	1,963
3	97	80	2,946
3	97	84	7,23
3	97	85	2,228
3	97	86	1,235
3	97	87	2,654
3	97	99	9,973
3	99	6	0,519
3	99	10	0,883
3	99	11	1,986
3	99	15	0,743
3	99	17	4,418
3	99	18	0,74
3	99	25	9,079
3	99	26	0,819
3	99	34	0,563
3	99	36	5,619
3	99	46	7,311
3	99	48	1,746
3	99	51	5,33
3	99	52	0,825
3	99	58	40,6
3	99	60	13,973
3	99	65	7,474
3	99	70	16,013
3	99	80	2,92
3	99	84	0,872
3	99	85	2,537
3	99	86	13,244
3	99	87	6,332
3	99	97	1,253
4	1	10	4,102
4	1	21	3,759
4	1	22	18,217
4	1	26	4,851
4	1	28	4,617
4	1	44	3,956
4	1	50	3,19
4	1	52	8,073
4	1	54	21,538
4	1	55	1,106
4	1	61	16,929
4	1	64	0,79
4	1	67	3,603
4	1	73	8,598
4	1	75	0,565
4	1	79	1,369
4	1	88	3,398
4	1	93	8,305
4	1	94	11,138
4	1	95	0,623
4	10	1	3,728
4	10	21	2,628
4	10	22	3,729
4	10	26	13,108
4	10	28	9,251
4	10	44	4,948
4	10	50	9,092
4	10	52	4,337
4	10	54	6,647
4	10	55	3,235
4	10	61	26,984
4	10	64	1,063
4	10	67	1,206
4	10	73	2,315
4	10	75	0,941
4	10	79	3,208
4	10	88	0,823
4	10	93	2,734
4	10	94	13,517
4	10	95	6,493
4	21	1	3,854
4	21	10	3,366
4	21	22	1,335
4	21	26	16,821
4	21	28	1,237
4	21	44	5,875
4	21	50	6,751
4	21	52	35,956
4	21	54	7,459
4	21	55	21,633
4	21	61	0,966
4	21	64	3,402
4	21	67	2,126
4	21	73	4,36
4	21	75	0,557
4	21	79	3,18
4	21	88	7,256
4	21	93	1,355
4	21	94	19,439
4	21	95	7,04
4	22	1	11,431
4	22	10	6,089
4	22	21	11,257
4	22	26	1,894
4	22	28	1,326
4	22	44	3,453
4	22	50	0,538
4	22	52	26,649
4	22	54	11,797
4	22	55	1,052
4	22	61	0,97
4	22	64	0,785
4	22	67	0,951
4	22	73	9,614
4	22	75	2,188
4	22	79	1,305
4	22	88	10,337
4	22	93	11,227
4	22	94	4,174
4	22	95	4,182
4	26	1	3,524
4	26	10	4,243
4	26	21	21,676
4	26	22	7,107
4	26	28	2,863
4	26	44	12,662
4	26	50	6,292
4	26	52	3,793
4	26	54	1,497
4	26	55	4,653
4	26	61	1,157
4	26	64	3,035
4	26	67	1,115
4	26	73	5,259
4	26	75	1,305
4	26	79	11,976
4	26	88	5,57
4	26	93	0,863
4	26	94	9,816
4	26	95	9,583
4	28	1	1,934
4	28	10	28,853
4	28	21	3,351
4	28	22	2,598
4	28	26	24,65
4	28	44	7,182
4	28	50	2,233
4	28	52	1,96
4	28	54	4,193
4	28	55	6,46
4	28	61	3,55
4	28	64	5,312
4	28	67	20,349
4	28	73	2,18
4	28	75	1,22
4	28	79	8,607
4	28	88	1,001
4	28	93	6,979
4	28	94	15,252
4	28	95	3,9
4	44	1	1,256
4	44	10	5,77
4	44	21	3,536
4	44	22	9,063
4	44	26	4,394
4	44	28	8,122
4	44	50	6,237
4	44	52	6,461
4	44	54	4,252
4	44	55	4,409
4	44	61	0,541
4	44	64	4,247
4	44	67	4,687
4	44	73	4,528
4	44	75	14,044
4	44	79	5,991
4	44	88	1,447
4	44	93	3,054
4	44	94	4,267
4	44	95	10,237
4	50	1	0,769
4	50	10	3,208
4	50	21	4,249
4	50	22	1,976
4	50	26	9,785
4	50	28	4,937
4	50	44	3,32
4	50	52	10,807
4	50	54	3,893
4	50	55	2,624
4	50	61	7,983
4	50	64	1,254
4	50	67	15,327
4	50	73	0,553
4	50	75	15,139
4	50	79	6,167
4	50	88	18,072
4	50	93	4,761
4	50	94	0,671
4	50	95	2,055
4	52	1	5,221
4	52	10	0,668
4	52	21	6,317
4	52	22	1,518
4	52	26	37,205
4	52	28	0,564
4	52	44	3,268
4	52	50	26,804
4	52	54	1,134
4	52	55	7,026
4	52	61	5,224
4	52	64	14,633
4	52	67	15,853
4	52	73	1,854
4	52	75	2,744
4	52	79	6,912
4	52	88	5,832
4	52	93	0,731
4	52	94	15,608
4	52	95	6,75
4	54	1	29,095
4	54	10	10,861
4	54	21	1,476
4	54	22	3,035
4	54	26	10,623
4	54	28	6,443
4	54	44	1,814
4	54	50	3,072
4	54	52	10,22
4	54	55	3,523
4	54	61	1,97
4	54	64	19,364
4	54	67	32,428
4	54	73	0,589
4	54	75	1,383
4	54	79	1,639
4	54	88	3,391
4	54	93	2,855
4	54	94	5,525
4	54	95	3,773
4	55	1	3,347
4	55	10	9,407
4	55	21	3,388
4	55	22	2,778
4	55	26	60,49
4	55	28	1,762
4	55	44	2,977
4	55	50	1,746
4	55	52	9,173
4	55	54	2,064
4	55	61	31,577
4	55	64	5,48
4	55	67	1,971
4	55	73	4,816
4	55	75	5,102
4	55	79	5,043
4	55	88	22,462
4	55	93	3,857
4	55	94	9,476
4	55	95	4,561
4	61	1	1,11
4	61	10	0,623
4	61	21	8,497
4	61	22	20,538
4	61	26	0,653
4	61	28	0,903
4	61	44	3,347
4	61	50	16,56
4	61	52	13,962
4	61	54	6,744
4	61	55	1,588
4	61	64	1,277
4	61	67	2,692
4	61	73	4,73
4	61	75	2,805
4	61	79	6,069
4	61	88	3,061
4	61	93	5,736
4	61	94	2,646
4	61	95	1,122
4	64	1	3,053
4	64	10	20,177
4	64	21	3,829
4	64	22	8,331
4	64	26	5,468
4	64	28	12,697
4	64	44	3,028
4	64	50	0,941
4	64	52	1,576
4	64	54	17,007
4	64	55	1,424
4	64	61	2,126
4	64	67	2,497
4	64	73	2,599
4	64	75	1,221
4	64	79	7,986
4	64	88	10,337
4	64	93	7,495
4	64	94	3,368
4	64	95	0,585
4	67	1	2,557
4	67	10	2,149
4	67	21	5,34
4	67	22	2,953
4	67	26	15,264
4	67	28	4,18
4	67	44	3,287
4	67	50	3,17
4	67	52	6,832
4	67	54	2,554
4	67	55	4,797
4	67	61	1,084
4	67	64	6,828
4	67	73	0,773
4	67	75	8,072
4	67	79	2,733
4	67	88	4,758
4	67	93	3,045
4	67	94	11,297
4	67	95	72,179
4	73	1	25,061
4	73	10	4,427
4	73	21	8,931
4	73	22	1,44
4	73	26	8,1
4	73	28	5,304
4	73	44	1,657
4	73	50	17,446
4	73	52	1,688
4	73	54	2,211
4	73	55	7,688
4	73	61	1,722
4	73	64	4,594
4	73	67	1,966
4	73	75	0,751
4	73	79	3,621
4	73	88	3,042
4	73	93	1,322
4	73	94	10,477
4	73	95	5,176
4	75	1	1,335
4	75	10	4,519
4	75	21	2,058
4	75	22	4,066
4	75	26	4,606
4	75	28	6,539
4	75	44	0,737
4	75	50	10,887
4	75	52	1,568
4	75	54	8,32
4	75	55	7,67
4	75	61	2,802
4	75	64	58,457
4	75	67	6,636
4	75	73	8,642
4	75	79	1,524
4	75	88	2,929
4	75	93	1,232
4	75	94	5,569
4	75	95	10,901
4	79	1	2,74
4	79	10	3,473
4	79	21	13,063
4	79	22	2,53
4	79	26	19,023
4	79	28	24,686
4	79	44	1,032
4	79	50	0,523
4	79	52	2,52
4	79	54	2,424
4	79	55	6,255
4	79	61	13,429
4	79	64	1,752
4	79	67	4,912
4	79	73	5,591
4	79	75	2,159
4	79	88	5,644
4	79	93	5,811
4	79	94	9,855
4	79	95	2,639
4	88	1	15,153
4	88	10	4,055
4	88	21	10,086
4	88	22	2,161
4	88	26	4,918
4	88	28	8,386
4	88	44	5,706
4	88	50	5,347
4	88	52	7,778
4	88	54	3,83
4	88	55	26,102
4	88	61	0,77
4	88	64	0,586
4	88	67	9,481
4	88	73	0,527
4	88	75	1,236
4	88	79	32,055
4	88	93	1,201
4	88	94	5,33
4	88	95	18,38
4	93	1	0,662
4	93	10	18,544
4	93	21	0,63
4	93	22	6,788
4	93	26	18,514
4	93	28	3,226
4	93	44	1,884
4	93	50	4,277
4	93	52	22,51
4	93	54	3,861
4	93	55	0,506
4	93	61	8,209
4	93	64	0,896
4	93	67	2,369
4	93	73	6,845
4	93	75	7,434
4	93	79	8,096
4	93	88	4,925
4	93	94	13,374
4	93	95	1,372
4	94	1	0,644
4	94	10	6,115
4	94	21	4,292
4	94	22	3,304
4	94	26	2,672
4	94	28	6,605
4	94	44	19,611
4	94	50	3,477
4	94	52	0,865
4	94	54	2,622
4	94	55	7,183
4	94	61	1,246
4	94	64	6,022
4	94	67	3,195
4	94	73	1,678
4	94	75	1,722
4	94	79	1,367
4	94	88	0,949
4	94	93	0,833
4	94	95	1,433
4	95	1	7,659
4	95	10	3,759
4	95	21	2,386
4	95	22	2,947
4	95	26	5,834
4	95	28	1,094
4	95	44	2,658
4	95	50	2,76
4	95	52	11,861
4	95	54	0,771
4	95	55	5,848
4	95	61	0,737
4	95	64	11,15
4	95	67	1,232
4	95	73	8,532
4	95	75	2,245
4	95	79	1,201
4	95	88	1,654
4	95	93	3,709
4	95	94	7,183
5	4	12	7,761
5	4	20	5,333
5	4	22	1,818
5	4	26	28,519
5	4	30	0,97
5	4	32	1,483
5	4	33	0,568
5	4	36	3,8
5	4	37	0,54
5	4	46	9,937
5	4	61	2,398
5	4	65	1,363
5	4	70	17,715
5	4	71	4,024
5	4	74	0,765
5	4	77	7,195
5	4	78	20,39
5	4	84	7,298
5	4	88	6,073
5	4	91	9,568
5	4	92	2,974
5	4	95	3,662
5	4	98	1,921
5	12	4	34,603
5	12	20	10,091
5	12	22	6,125
5	12	26	7,26
5	12	30	14,912
5	12	32	2,751
5	12	33	0,777
5	12	36	1,266
5	12	37	12,202
5	12	46	2,077
5	12	61	3,896
5	12	65	0,76
5	12	70	13,133
5	12	71	6,467
5	12	74	5,345
5	12	77	3,289
5	12	78	27,364
5	12	84	1,123
5	12	88	2,164
5	12	91	0,88
5	12	92	6,607
5	12	95	18,944
5	12	98	9,462
5	20	4	0,537
5	20	12	1,019
5	20	22	2,946
5	20	26	4,951
5	20	30	3,282
5	20	32	2,675
5	20	33	10,313
5	20	36	2,831
5	20	37	1,458
5	20	46	4,087
5	20	61	3,157
5	20	65	0,529
5	20	70	6,346
5	20	71	2,539
5	20	74	1,38
5	20	77	1,824
5	20	78	4,824
5	20	84	18,673
5	20	88	4,102
5	20	91	7,624
5	20	92	9,683
5	20	95	6,854
5	20	98	8,85
5	22	4	4,914
5	22	12	2,755
5	22	20	0,745
5	22	26	2,736
5	22	30	13,102
5	22	32	6,729
5	22	33	10,21
5	22	36	8,272
5	22	37	2,177
5	22	46	5,754
5	22	61	17,945
5	22	65	8,243
5	22	70	6,271
5	22	71	1,159
5	22	74	1,717
5	22	77	2,45
5	22	78	2,237
5	22	84	19,655
5	22	88	1,859
5	22	91	1,74
5	22	92	14,082
5	22	95	8,207
5	22	98	2,525
5	26	4	2,564
5	26	12	5,688
5	26	20	2,369
5	26	22	6,865
5	26	30	11,84
5	26	32	6,37
5	26	33	14,461
5	26	36	60,408
5	26	37	5,425
5	26	46	7,936
5	26	61	9,25
5	26	65	15,748
5	26	70	8,833
5	26	71	18,453
5	26	74	1,748
5	26	77	3,874
5	26	78	0,811
5	26	84	7,802
5	26	88	4,677
5	26	91	4,717
5	26	92	0,759
5	26	95	0,538
5	26	98	2,276
5	30	4	7,68
5	30	12	1,084
5	30	20	1,468
5	30	22	1,603
5	30	26	6,398
5	30	32	17,503
5	30	33	0,73
5	30	36	5,411
5	30	37	3,835
5	30	46	14,033
5	30	61	15,652
5	30	65	2,319
5	30	70	6,863
5	30	71	4,526
5	30	74	14,407
5	30	77	18,81
5	30	78	4,711
5	30	84	18,25
5	30	88	3,296
5	30	91	0,601
5	30	92	6,262
5	30	95	5,143
5	30	98	2,713
5	32	4	2,88
5	32	12	1,638
5	32	20	1,409
5	32	22	7,509
5	32	26	2,745
5	32	30	15,608
5	32	33	0,572
5	32	36	1,499
5	32	37	3,992
5	32	46	3,501
5	32	61	2,107
5	32	65	7,337
5	32	70	8,969
5	32	71	6,369
5	32	74	1,558
5	32	77	1,167
5	32	78	3,239
5	32	84	11,114
5	32	88	8,699
5	32	91	0,55
5	32	92	5,761
5	32	95	1,5
5	32	98	10,907
5	33	4	4,394
5	33	12	5,635
5	33	20	1,827
5	33	22	17,353
5	33	26	4,104
5	33	30	1,667
5	33	32	1,121
5	33	36	7,251
5	33	37	2,279
5	33	46	15,637
5	33	61	26,549
5	33	65	1,328
5	33	70	4,081
5	33	71	4,023
5	33	74	0,542
5	33	77	2,937
5	33	78	0,583
5	33	84	3,57
5	33	88	4,554
5	33	91	0,526
5	33	92	0,502
5	33	95	3,828
5	33	98	3,542
5	36	4	15,235
5	36	12	15,174
5	36	20	9,62
5	36	22	39,155
5	36	26	0,767
5	36	30	14,441
5	36	32	16,693
5	36	33	5,776
5	36	37	7,585
5	36	46	3,891
5	36	61	2,687
5	36	65	9,642
5	36	70	0,868
5	36	71	1,12
5	36	74	27,485
5	36	77	5,979
5	36	78	1,188
5	36	84	4,842
5	36	88	15,543
5	36	91	3,247
5	36	92	9,8
5	36	95	7,186
5	36	98	7,516
5	37	4	11,831
5	37	12	3,521
5	37	20	22,696
5	37	22	4,933
5	37	26	0,929
5	37	30	46,295
5	37	32	20,538
5	37	33	19,082
5	37	36	12,591
5	37	46	10,082
5	37	61	17,314
5	37	65	1,866
5	37	70	1,688
5	37	71	14,459
5	37	74	5,756
5	37	77	6,937
5	37	78	3,118
5	37	84	6,509
5	37	88	3,822
5	37	91	2,719
5	37	92	5,379
5	37	95	34,205
5	37	98	7,113
5	46	4	0,664
5	46	12	2,924
5	46	20	2,442
5	46	22	1,67
5	46	26	4,751
5	46	30	0,565
5	46	32	7,159
5	46	33	2,141
5	46	36	3,407
5	46	37	12,29
5	46	61	3,639
5	46	65	6,094
5	46	70	6,618
5	46	71	3,389
5	46	74	1,573
5	46	77	12,572
5	46	78	1,956
5	46	84	7,251
5	46	88	9,754
5	46	91	12,356
5	46	92	5,53
5	46	95	0,853
5	46	98	12,301
5	61	4	3,301
5	61	12	1,689
5	61	20	7,095
5	61	22	1,327
5	61	26	6,554
5	61	30	4,104
5	61	32	0,606
5	61	33	4,719
5	61	36	8,773
5	61	37	1,227
5	61	46	2,133
5	61	65	4,884
5	61	70	5,627
5	61	71	0,784
5	61	74	5,834
5	61	77	2,352
5	61	78	1,779
5	61	84	3,036
5	61	88	1,327
5	61	91	1,335
5	61	92	0,926
5	61	95	3,751
5	61	98	2,477
5	65	4	15,185
5	65	12	1,703
5	65	20	6,937
5	65	22	4,725
5	65	26	7,223
5	65	30	4,925
5	65	32	5,45
5	65	33	0,632
5	65	36	12,599
5	65	37	3,145
5	65	46	0,913
5	65	61	1,396
5	65	70	7,565
5	65	71	5,05
5	65	74	7,661
5	65	77	1,288
5	65	78	1,489
5	65	84	5,299
5	65	88	16,63
5	65	91	2,576
5	65	92	3,628
5	65	95	0,569
5	65	98	8,915
5	70	4	3,341
5	70	12	8,87
5	70	20	13,975
5	70	22	6,156
5	70	26	3,602
5	70	30	1,558
5	70	32	0,662
5	70	33	9,964
5	70	36	2,878
5	70	37	6,955
5	70	46	4,99
5	70	61	5,998
5	70	65	1,019
5	70	71	2,764
5	70	74	0,921
5	70	77	2,432
5	70	78	3,792
5	70	84	2,932
5	70	88	5,255
5	70	91	5,834
5	70	92	14,128
5	70	95	6,59
5	70	98	4,786
5	71	4	11,528
5	71	12	1,234
5	71	20	9,55
5	71	22	13,133
5	71	26	12,565
5	71	30	2,58
5	71	32	22,803
5	71	33	3,733
5	71	36	7,758
5	71	37	2,373
5	71	46	4,708
5	71	61	4,939
5	71	65	5,948
5	71	70	5,266
5	71	74	1,236
5	71	77	11,216
5	71	78	8,971
5	71	84	1,362
5	71	88	2,634
5	71	91	1,325
5	71	92	7,833
5	71	95	3,512
5	71	98	2,394
5	74	4	7,134
5	74	12	14,923
5	74	20	6,519
5	74	22	7,152
5	74	26	3,367
5	74	30	12,127
5	74	32	5,917
5	74	33	2,042
5	74	36	5,849
5	74	37	0,91
5	74	46	7,152
5	74	61	8,462
5	74	65	11,968
5	74	70	2,903
5	74	71	12,219
5	74	77	2,561
5	74	78	13,935
5	74	84	0,56
5	74	88	3,522
5	74	91	4,615
5	74	92	19,969
5	74	95	8,333
5	74	98	0,926
5	77	4	1,81
5	77	12	1,882
5	77	20	1,017
5	77	22	3,067
5	77	26	3,541
5	77	30	23,021
5	77	32	12,283
5	77	33	9,937
5	77	36	1,052
5	77	37	9,48
5	77	46	0,786
5	77	61	0,925
5	77	65	1,196
5	77	70	1,437
5	77	71	7,929
5	77	74	0,888
5	77	78	3,618
5	77	84	6,701
5	77	88	5,475
5	77	91	8,058
5	77	92	7,866
5	77	95	0,932
5	77	98	14,049
5	78	4	5,002
5	78	12	13,155
5	78	20	7,613
5	78	22	2,122
5	78	26	2,673
5	78	30	26,393
5	78	32	0,783
5	78	33	5,295
5	78	36	14,036
5	78	37	10,051
5	78	46	21,145
5	78	61	1,102
5	78	65	2,294
5	78	70	11,898
5	78	71	0,68
5	78	74	0,695
5	78	77	4,306
5	78	84	6,322
5	78	88	4,555
5	78	91	1,475
5	78	92	3,696
5	78	95	1,301
5	78	98	2,623
5	84	4	6,125
5	84	12	0,511
5	84	20	3,104
5	84	22	2,689
5	84	26	0,904
5	84	30	6,333
5	84	32	9,782
5	84	33	2,486
5	84	36	2,321
5	84	37	0,864
5	84	46	2,736
5	84	61	2,042
5	84	65	3,879
5	84	70	3,108
5	84	71	10,698
5	84	74	2,049
5	84	77	1,517
5	84	78	9,372
5	84	88	1,728
5	84	91	3,285
5	84	92	5,743
5	84	95	0,593
5	84	98	8,873
5	88	4	11,884
5	88	12	5,675
5	88	20	10,89
5	88	22	4,285
5	88	26	3,425
5	88	30	5,467
5	88	32	2,303
5	88	33	1,364
5	88	36	10,065
5	88	37	15,758
5	88	46	1,733
5	88	61	4,5
5	88	65	11,733
5	88	70	1,367
5	88	71	3,573
5	88	74	18,815
5	88	77	3,313
5	88	78	3,215
5	88	84	2,346
5	88	91	0,587
5	88	92	0,756
5	88	95	1,152
5	88	98	3,518
5	91	4	0,528
5	91	12	2,89
5	91	20	0,867
5	91	22	5,113
5	91	26	17,734
5	91	30	2,873
5	91	32	4,812
5	91	33	3,668
5	91	36	12,129
5	91	37	7,947
5	91	46	3,587
5	91	61	8,337
5	91	65	1,363
5	91	70	1,783
5	91	71	0,791
5	91	74	1,369
5	91	77	12,773
5	91	78	35,445
5	91	84	1,725
5	91	88	3,284
5	91	92	1,743
5	91	95	3,135
5	91	98	1,413
5	92	4	14,144
5	92	12	1,843
5	92	20	0,659
5	92	22	3,139
5	92	26	18,237
5	92	30	4,561
5	92	32	0,601
5	92	33	5,271
5	92	36	5,782
5	92	37	3,63
5	92	46	3,666
5	92	61	11,327
5	92	65	8,048
5	92	70	4,909
5	92	71	5,796
5	92	74	5,358
5	92	77	4,105
5	92	78	4,069
5	92	84	0,675
5	92	88	2,344
5	92	91	0,604
5	92	95	4,784
5	92	98	2,975
5	95	4	1,991
5	95	12	5,345
5	95	20	1,235
5	95	22	3,019
5	95	26	4,825
5	95	30	2,811
5	95	32	3,098
5	95	33	5,918
5	95	36	39,563
5	95	37	3,865
5	95	46	1,955
5	95	61	1,823
5	95	65	2,247
5	95	70	2,638
5	95	71	17,275
5	95	74	4,614
5	95	77	1,608
5	95	78	2,863
5	95	84	34,332
5	95	88	5,107
5	95	91	5,147
5	95	92	6,043
5	95	98	6,969
5	98	4	5,098
5	98	12	2,956
5	98	20	2,189
5	98	22	4,249
5	98	26	2,038
5	98	30	4,153
5	98	32	5,94
5	98	33	3,69
5	98	36	2,238
5	98	37	2,472
5	98	46	4,111
5	98	61	0,948
5	98	65	10,673
5	98	70	7,045
5	98	71	0,59
5	98	74	1,855
5	98	77	12,67
5	98	78	1,094
5	98	84	0,994
5	98	88	15,027
5	98	91	3,221
5	98	92	43,679
5	98	95	2,916
6	4	12	1,019
6	4	15	3,029
6	4	27	50,781
6	4	31	2,76
6	4	45	13,494
6	4	49	9,149
6	4	50	3,143
6	4	54	5,729
6	4	59	8,911
6	4	64	1,487
6	4	68	1,46
6	4	76	2,88
6	4	80	10,96
6	4	90	3,887
6	4	94	0,868
6	4	96	1,292
6	4	100	3,434
6	12	4	1,612
6	12	15	2,216
6	12	27	22,613
6	12	31	1,908
6	12	45	0,661
6	12	49	7,284
6	12	50	2,748
6	12	54	6,036
6	12	59	6,224
6	12	64	9,667
6	12	68	9,722
6	12	76	8,427
6	12	80	10,54
6	12	90	9,924
6	12	94	1,384
6	12	96	2,346
6	12	100	1,516
6	15	4	9,938
6	15	12	5,279
6	15	27	2,585
6	15	31	7,015
6	15	45	6,924
6	15	49	2,228
6	15	50	1,775
6	15	54	3,733
6	15	59	3,663
6	15	64	2,65
6	15	68	0,883
6	15	76	11,15
6	15	80	4,944
6	15	90	1,445
6	15	94	4,269
6	15	96	3,171
6	15	100	2,641
6	27	4	1,16
6	27	12	23,431
6	27	15	3,202
6	27	31	8,842
6	27	45	7,52
6	27	49	1,222
6	27	50	1,936
6	27	54	10,712
6	27	59	2,984
6	27	64	2,641
6	27	68	3,792
6	27	76	1,632
6	27	80	11,638
6	27	90	0,739
6	27	94	0,613
6	27	96	2,344
6	27	100	0,515
6	31	4	3,537
6	31	12	4,983
6	31	15	0,694
6	31	27	1,737
6	31	45	1,028
6	31	49	8,364
6	31	50	2,301
6	31	54	1,297
6	31	59	12,142
6	31	64	7,673
6	31	68	2,984
6	31	76	3,385
6	31	80	3,24
6	31	90	4,827
6	31	94	2,092
6	31	96	9,312
6	31	100	4,162
6	45	4	11,015
6	45	12	0,921
6	45	15	10,858
6	45	27	46,367
6	45	31	14,858
6	45	49	21,335
6	45	50	4,523
6	45	54	5,358
6	45	59	5,573
6	45	64	4,536
6	45	68	0,641
6	45	76	3,61
6	45	80	9,994
6	45	90	1,697
6	45	94	4,754
6	45	96	29,238
6	45	100	5,286
6	49	4	0,908
6	49	12	9,567
6	49	15	7,321
6	49	27	1,217
6	49	31	1,796
6	49	45	2,466
6	49	50	0,902
6	49	54	3,897
6	49	59	6,556
6	49	64	3,062
6	49	68	10,43
6	49	76	4,871
6	49	80	2,984
6	49	90	3,14
6	49	94	1,201
6	49	96	3,697
6	49	100	1,747
6	50	4	0,856
6	50	12	2,985
6	50	15	0,866
6	50	27	8,582
6	50	31	1,018
6	50	45	29,247
6	50	49	3,037
6	50	54	7,399
6	50	59	1,581
6	50	64	4,045
6	50	68	6,047
6	50	76	5,854
6	50	80	2,593
6	50	90	8,387
6	50	94	5,399
6	50	96	4,832
6	50	100	3,318
6	54	4	2,732
6	54	12	8,089
6	54	15	19,541
6	54	27	11,933
6	54	31	3,576
6	54	45	10,008
6	54	49	0,543
6	54	50	1,254
6	54	59	13,315
6	54	64	6,143
6	54	68	3,747
6	54	76	10,119
6	54	80	5,445
6	54	90	6,293
6	54	94	8,109
6	54	96	15,126
6	54	100	9,531
6	59	4	3,881
6	59	12	7,407
6	59	15	0,605
6	59	27	1,164
6	59	31	1,185
6	59	45	1,688
6	59	49	2,497
6	59	50	1,432
6	59	54	2,21
6	59	64	5,11
6	59	68	4,951
6	59	76	1,931
6	59	80	1,44
6	59	90	2,796
6	59	94	8,818
6	59	96	1,618
6	59	100	3,174
6	64	4	1,221
6	64	12	30,113
6	64	15	3,817
6	64	27	1,181
6	64	31	3,221
6	64	45	1,47
6	64	49	3,681
6	64	50	2,433
6	64	54	6,758
6	64	59	1,861
6	64	68	10,714
6	64	76	3,55
6	64	80	2,212
6	64	90	1,318
6	64	94	2,994
6	64	96	2,671
6	64	100	8,672
6	68	4	0,674
6	68	12	15,415
6	68	15	5,848
6	68	27	0,748
6	68	31	3,579
6	68	45	1,707
6	68	49	8,717
6	68	50	1,004
6	68	54	10,614
6	68	59	9,635
6	68	64	10,268
6	68	76	0,732
6	68	80	1,517
6	68	90	0,518
6	68	94	19,447
6	68	96	20,806
6	68	100	7,072
6	76	4	3,787
6	76	12	16,843
6	76	15	1,86
6	76	27	5,282
6	76	31	1,733
6	76	45	1,255
6	76	49	0,837
6	76	50	6,177
6	76	54	10,292
6	76	59	3,216
6	76	64	12,512
6	76	68	6,373
6	76	80	6,474
6	76	90	3,42
6	76	94	2,321
6	76	96	33,881
6	76	100	0,681
6	80	4	3,389
6	80	12	50,564
6	80	15	1,218
6	80	27	1,63
6	80	31	2,307
6	80	45	4,549
6	80	49	5,223
6	80	50	8,725
6	80	54	19,77
6	80	59	5,477
6	80	64	14,626
6	80	68	22,299
6	80	76	1,625
6	80	90	3,212
6	80	94	2,437
6	80	96	4,209
6	80	100	4,555
6	90	4	12,738
6	90	12	3,728
6	90	15	12,002
6	90	27	9,92
6	90	31	2,098
6	90	45	8,25
6	90	49	3,374
6	90	50	14,085
6	90	54	7,752
6	90	59	6,083
6	90	64	1,019
6	90	68	4,503
6	90	76	9,545
6	90	80	5,515
6	90	94	16,286
6	90	96	0,898
6	90	100	1,061
6	94	4	11,99
6	94	12	0,826
6	94	15	1,192
6	94	27	14,241
6	94	31	6,461
6	94	45	16,901
6	94	49	11,107
6	94	50	0,673
6	94	54	10,546
6	94	59	2,295
6	94	64	25,327
6	94	68	6,262
6	94	76	0,746
6	94	80	10,444
6	94	90	7,817
6	94	96	0,565
6	94	100	17,445
6	96	4	11,259
6	96	12	7,831
6	96	15	14,069
6	96	27	3,714
6	96	31	11,791
6	96	45	3,315
6	96	49	0,772
6	96	50	1,929
6	96	54	17,11
6	96	59	2,611
6	96	64	4,661
6	96	68	22
6	96	76	0,894
6	96	80	2,977
6	96	90	4,763
6	96	94	12,627
6	96	100	1,862
6	100	4	12,475
6	100	12	9,844
6	100	15	5,389
6	100	27	8,181
6	100	31	4,533
6	100	45	7,601
6	100	49	16,268
6	100	50	2,429
6	100	54	5,334
6	100	59	10,268
6	100	64	3,078
6	100	68	2,64
6	100	76	4,679
6	100	80	0,952
6	100	90	2,413
6	100	94	8,991
6	100	96	3,351
7	5	12	0,646
7	5	14	5,678
7	5	16	0,568
7	5	23	1,574
7	5	24	23,401
7	5	26	1,928
7	5	28	1,905
7	5	43	0,828
7	5	53	5,109
7	5	56	28,672
7	5	57	4,932
7	5	58	3,439
7	5	61	7,103
7	5	71	8,59
7	5	73	11,448
7	5	76	1,941
7	5	81	0,537
7	5	82	14,4
7	5	89	7,712
7	5	90	3,312
7	5	100	11,031
7	12	5	3,118
7	12	14	4,849
7	12	16	4,447
7	12	23	0,625
7	12	24	1,324
7	12	26	6,032
7	12	28	5,238
7	12	43	0,911
7	12	53	0,636
7	12	56	8,103
7	12	57	4,89
7	12	58	7,848
7	12	61	6,434
7	12	71	4,865
7	12	73	4,322
7	12	76	0,763
7	12	81	3,096
7	12	82	1,251
7	12	89	4,068
7	12	90	2,684
7	12	100	6,099
7	14	5	6,745
7	14	12	4,049
7	14	16	1,869
7	14	23	8,13
7	14	24	11,46
7	14	26	5,465
7	14	28	3,7
7	14	43	6,348
7	14	53	1,844
7	14	56	1,03
7	14	57	5,364
7	14	58	2,188
7	14	61	10,478
7	14	71	3,119
7	14	73	1,092
7	14	76	11,306
7	14	81	14,427
7	14	82	4,199
7	14	89	6,528
7	14	90	1,741
7	14	100	4,502
7	16	5	11,995
7	16	12	0,892
7	16	14	1,169
7	16	23	3,306
7	16	24	5,525
7	16	26	0,601
7	16	28	1,547
7	16	43	6,401
7	16	53	38,872
7	16	56	0,507
7	16	57	0,653
7	16	58	3,233
7	16	61	3,338
7	16	71	8,142
7	16	73	8,642
7	16	76	12,859
7	16	81	2,102
7	16	82	5,525
7	16	89	14,242
7	16	90	14,184
7	16	100	6
7	23	5	5,89
7	23	12	5,639
7	23	14	5,76
7	23	16	1,406
7	23	24	11,613
7	23	26	1,429
7	23	28	2,732
7	23	43	3,488
7	23	53	6,79
7	23	56	1,504
7	23	57	2,502
7	23	58	3,119
7	23	61	5,626
7	23	71	6,055
7	23	73	5,848
7	23	76	2,58
7	23	81	0,966
7	23	82	0,574
7	23	89	2,995
7	23	90	0,753
7	23	100	7,053
7	24	5	4,759
7	24	12	9,132
7	24	14	13,221
7	24	16	0,673
7	24	23	0,883
7	24	26	2,456
7	24	28	8,018
7	24	43	1,712
7	24	53	3,674
7	24	56	6,26
7	24	57	4,703
7	24	58	6,86
7	24	61	7,852
7	24	71	1,754
7	24	73	8,105
7	24	76	3,436
7	24	81	13,161
7	24	82	6,87
7	24	89	2,514
7	24	90	0,965
7	24	100	1,449
7	26	5	1,589
7	26	12	1,848
7	26	14	2,107
7	26	16	5,734
7	26	23	16,75
7	26	24	10,861
7	26	28	0,927
7	26	43	1,718
7	26	53	7,961
7	26	56	1,442
7	26	57	0,82
7	26	58	0,582
7	26	61	1,598
7	26	71	8,041
7	26	73	1,726
7	26	76	5,104
7	26	81	9,854
7	26	82	3,353
7	26	89	3,391
7	26	90	1,005
7	26	100	0,522
7	28	5	3,09
7	28	12	13,158
7	28	14	5,978
7	28	16	2,431
7	28	23	3,491
7	28	24	1,034
7	28	26	8,842
7	28	43	12,908
7	28	53	11,195
7	28	56	13,134
7	28	57	6,386
7	28	58	11,251
7	28	61	16,707
7	28	71	4,775
7	28	73	7,991
7	28	76	3,656
7	28	81	3,442
7	28	82	3,155
7	28	89	7,849
7	28	90	3,349
7	28	100	3,263
7	43	5	12,73
7	43	12	2,327
7	43	14	19,169
7	43	16	15,672
7	43	23	12,583
7	43	24	7,882
7	43	26	1,929
7	43	28	1,555
7	43	53	1,889
7	43	56	1,644
7	43	57	3,692
7	43	58	1,16
7	43	61	2,632
7	43	71	0,68
7	43	73	14,577
7	43	76	10,661
7	43	81	4,452
7	43	82	8,916
7	43	89	1,408
7	43	90	3,488
7	43	100	4,357
7	53	5	1,429
7	53	12	11,241
7	53	14	18,759
7	53	16	10,609
7	53	23	10,045
7	53	24	10,203
7	53	26	5,51
7	53	28	14,011
7	53	43	8,017
7	53	56	20,434
7	53	57	13,87
7	53	58	0,72
7	53	61	5,399
7	53	71	26,175
7	53	73	2,244
7	53	76	11,14
7	53	81	3,106
7	53	82	1,943
7	53	89	7,321
7	53	90	6,304
7	53	100	0,788
7	56	5	66,816
7	56	12	0,866
7	56	14	0,617
7	56	16	18,029
7	56	23	1,3
7	56	24	5,556
7	56	26	0,779
7	56	28	4,744
7	56	43	8,171
7	56	53	6,685
7	56	57	0,57
7	56	58	2,564
7	56	61	1,262
7	56	71	1,958
7	56	73	0,798
7	56	76	7,722
7	56	81	31,782
7	56	82	0,847
7	56	89	9,364
7	56	90	5,594
7	56	100	3,405
7	57	5	1,826
7	57	12	0,758
7	57	14	3,778
7	57	16	0,53
7	57	23	2,178
7	57	24	7,925
7	57	26	5,579
7	57	28	2,861
7	57	43	12,457
7	57	53	0,799
7	57	56	2,828
7	57	58	2,787
7	57	61	4,032
7	57	71	0,681
7	57	73	1,733
7	57	76	7,918
7	57	81	0,812
7	57	82	1,875
7	57	89	1,17
7	57	90	6,264
7	57	100	2,791
7	58	5	3,858
7	58	12	11,266
7	58	14	7,01
7	58	16	0,595
7	58	23	7,865
7	58	24	6,091
7	58	26	4,604
7	58	28	3,561
7	58	43	3,72
7	58	53	1,091
7	58	56	4,374
7	58	57	5,529
7	58	61	4,628
7	58	71	2,651
7	58	73	9,377
7	58	76	2,352
7	58	81	1,992
7	58	82	20,696
7	58	89	1,657
7	58	90	1
7	58	100	1,346
7	61	5	3,535
7	61	12	2,835
7	61	14	5,877
7	61	16	1,154
7	61	23	9,029
7	61	24	37,909
7	61	26	11,38
7	61	28	10,06
7	61	43	13,287
7	61	53	1,569
7	61	56	1,052
7	61	57	3,065
7	61	58	5,379
7	61	71	11,783
7	61	73	10,645
7	61	76	5,452
7	61	81	7,246
7	61	82	7,203
7	61	89	3,251
7	61	90	11,375
7	61	100	7,214
7	71	5	13,248
7	71	12	21,894
7	71	14	1,459
7	71	16	1,316
7	71	23	1,625
7	71	24	2,776
7	71	26	1,873
7	71	28	7,027
7	71	43	6,403
7	71	53	5,219
7	71	56	2,281
7	71	57	3,052
7	71	58	10,222
7	71	61	6,38
7	71	73	7,252
7	71	76	3,154
7	71	81	4,518
7	71	82	1,667
7	71	89	7,613
7	71	90	2,877
7	71	100	2,754
7	73	5	1,599
7	73	12	1,959
7	73	14	20,368
7	73	16	11,853
7	73	23	6,341
7	73	24	2,715
7	73	26	3,269
7	73	28	20,244
7	73	43	17,145
7	73	53	23,475
7	73	56	3,369
7	73	57	4,077
7	73	58	3,484
7	73	61	1,402
7	73	71	22,209
7	73	76	8,311
7	73	81	2,37
7	73	82	1,755
7	73	89	1,526
7	73	90	7,486
7	73	100	3,469
7	76	5	18,339
7	76	12	18,131
7	76	14	0,61
7	76	16	1,029
7	76	23	15,692
7	76	24	2,15
7	76	26	2,495
7	76	28	2,015
7	76	43	2,718
7	76	53	1,594
7	76	56	8,675
7	76	57	106,193
7	76	58	8,921
7	76	61	2,232
7	76	71	3,053
7	76	73	9,865
7	76	81	3,802
7	76	82	6,674
7	76	89	1,243
7	76	90	9,494
7	76	100	4,809
7	81	5	13,968
7	81	12	0,909
7	81	14	2,083
7	81	16	3,331
7	81	23	7,706
7	81	24	1,19
7	81	26	1,81
7	81	28	6,311
7	81	43	7,179
7	81	53	3,645
7	81	56	9,537
7	81	57	0,782
7	81	58	0,586
7	81	61	15,956
7	81	71	0,71
7	81	73	2,928
7	81	76	6,882
7	81	82	19,666
7	81	89	16,476
7	81	90	5,33
7	81	100	14,44
7	82	5	1,437
7	82	12	4,81
7	82	14	1,819
7	82	16	1,637
7	82	23	2,214
7	82	24	0,534
7	82	26	0,57
7	82	28	11,393
7	82	43	10,184
7	82	53	7,571
7	82	56	22,91
7	82	57	1,682
7	82	58	4,654
7	82	61	1,367
7	82	71	0,597
7	82	73	5,724
7	82	76	14,211
7	82	81	13,09
7	82	89	0,837
7	82	90	6,521
7	82	100	1,828
7	89	5	1,059
7	89	12	8,135
7	89	14	18,68
7	89	16	2,174
7	89	23	1,266
7	89	24	18,023
7	89	26	3,308
7	89	28	0,723
7	89	43	7,811
7	89	53	3,42
7	89	56	1,502
7	89	57	38,195
7	89	58	11,987
7	89	61	26,348
7	89	71	3,385
7	89	73	7,914
7	89	76	9,151
7	89	81	2,002
7	89	82	6,335
7	89	90	2,57
7	89	100	2,182
7	90	5	5,853
7	90	12	11,895
7	90	14	0,586
7	90	16	9,053
7	90	23	0,75
7	90	24	18,156
7	90	26	6,941
7	90	28	8,92
7	90	43	0,904
7	90	53	1,168
7	90	56	0,717
7	90	57	4,014
7	90	58	1,235
7	90	61	5,244
7	90	71	4,505
7	90	73	6,241
7	90	76	3,167
7	90	81	15,238
7	90	82	2,967
7	90	89	5,314
7	90	100	2,096
7	100	5	39,678
7	100	12	3,46
7	100	14	3,657
7	100	16	6,81
7	100	23	4,646
7	100	24	17,847
7	100	26	4,646
7	100	28	17,849
7	100	43	12,357
7	100	53	4,157
7	100	56	3,153
7	100	57	0,823
7	100	58	1,536
7	100	61	6,736
7	100	71	1,388
7	100	73	9,021
7	100	76	28,413
7	100	81	1,05
7	100	82	1,444
7	100	89	11,688
7	100	90	17,337
8	3	6	5,528
8	3	9	3,515
8	3	27	0,922
8	3	31	6,411
8	3	37	0,508
8	3	38	3,614
8	3	39	1,202
8	3	55	23,301
8	3	56	0,687
8	3	59	0,5
8	3	61	24,682
8	3	63	1,693
8	3	66	0,751
8	3	70	3,51
8	3	77	1,115
8	3	79	13,526
8	3	83	1,948
8	3	87	2,687
8	3	100	1,395
8	6	3	52,837
8	6	9	4,701
8	6	27	1,753
8	6	31	8,875
8	6	37	3,353
8	6	38	4,062
8	6	39	13,522
8	6	55	15,005
8	6	56	3,436
8	6	59	3,985
8	6	61	2,521
8	6	63	22,098
8	6	66	29,321
8	6	70	22,337
8	6	77	11,923
8	6	79	8,171
8	6	83	7,071
8	6	87	2,966
8	6	100	21,255
8	9	3	1,11
8	9	6	24,566
8	9	27	5,466
8	9	31	0,576
8	9	37	0,83
8	9	38	6,857
8	9	39	5,348
8	9	55	16,182
8	9	56	4,392
8	9	59	2,568
8	9	61	0,915
8	9	63	21,094
8	9	66	0,723
8	9	70	2,367
8	9	77	6,2
8	9	79	1,174
8	9	83	4,117
8	9	87	1,481
8	9	100	7,653
8	27	3	4,222
8	27	6	1,328
8	27	9	47,408
8	27	31	1,561
8	27	37	4,883
8	27	38	6,576
8	27	39	7,584
8	27	55	3,296
8	27	56	11,301
8	27	59	2,579
8	27	61	1,128
8	27	63	1,07
8	27	66	1,369
8	27	70	2,274
8	27	77	2,534
8	27	79	13,814
8	27	83	8,594
8	27	87	3,545
8	27	100	1,899
8	31	3	1,388
8	31	6	8,021
8	31	9	8,114
8	31	27	1,97
8	31	37	20,699
8	31	38	9,46
8	31	39	6,677
8	31	55	12,947
8	31	56	0,761
8	31	59	3,957
8	31	61	0,754
8	31	63	2,302
8	31	66	8,328
8	31	70	9,681
8	31	77	3,92
8	31	79	0,605
8	31	83	2,887
8	31	87	10,05
8	31	100	2,684
8	37	3	5,258
8	37	6	13,135
8	37	9	3,651
8	37	27	7,409
8	37	31	3,417
8	37	38	12,005
8	37	39	2,413
8	37	55	2,284
8	37	56	11,028
8	37	59	1,115
8	37	61	1,98
8	37	63	10,572
8	37	66	20,613
8	37	70	6,467
8	37	77	4,81
8	37	79	3,344
8	37	83	2,582
8	37	87	5,75
8	37	100	1,375
8	38	3	1,469
8	38	6	33,514
8	38	9	0,793
8	38	27	0,925
8	38	31	0,86
8	38	37	3,014
8	38	39	1,233
8	38	55	10,476
8	38	56	13,689
8	38	59	6,794
8	38	61	9,18
8	38	63	20,672
8	38	66	13,153
8	38	70	2,206
8	38	77	9,387
8	38	79	6,192
8	38	83	0,773
8	38	87	3,133
8	38	100	0,76
8	39	3	1,781
8	39	6	1,911
8	39	9	4,634
8	39	27	8,821
8	39	31	5,278
8	39	37	1,247
8	39	38	0,688
8	39	55	2,475
8	39	56	4,805
8	39	59	7,786
8	39	61	3,767
8	39	63	11,514
8	39	66	5,315
8	39	70	1,297
8	39	77	1,083
8	39	79	12,82
8	39	83	2,018
8	39	87	1,031
8	39	100	2,729
8	55	3	2,582
8	55	6	10,134
8	55	9	1,265
8	55	27	9,188
8	55	31	2,773
8	55	37	53,119
8	55	38	25,52
8	55	39	7,644
8	55	56	3,945
8	55	59	12,333
8	55	61	0,585
8	55	63	8,208
8	55	66	2,286
8	55	70	2,278
8	55	77	9,286
8	55	79	1,732
8	55	83	2,013
8	55	87	0,504
8	55	100	5,84
8	56	3	1,767
8	56	6	3,229
8	56	9	2,798
8	56	27	0,869
8	56	31	6,209
8	56	37	6,772
8	56	38	4,383
8	56	39	1,091
8	56	55	1,466
8	56	59	2,753
8	56	61	1,754
8	56	63	11,323
8	56	66	26,348
8	56	70	1,242
8	56	77	1,846
8	56	79	0,842
8	56	83	0,569
8	56	87	6,557
8	56	100	6,724
8	59	3	4,237
8	59	6	6,086
8	59	9	2,63
8	59	27	0,932
8	59	31	5,045
8	59	37	1,936
8	59	38	1,647
8	59	39	2,435
8	59	55	8,479
8	59	56	13,613
8	59	61	11,509
8	59	63	6,838
8	59	66	3,422
8	59	70	8,367
8	59	77	5,718
8	59	79	5,188
8	59	83	5,764
8	59	87	32,47
8	59	100	4,095
8	61	3	11,619
8	61	6	19,692
8	61	9	7,793
8	61	27	3,513
8	61	31	3,516
8	61	37	9,042
8	61	38	8,708
8	61	39	2,067
8	61	55	2,851
8	61	56	2,133
8	61	59	1,91
8	61	63	7,983
8	61	66	4,987
8	61	70	3,375
8	61	77	2,923
8	61	79	4,685
8	61	83	0,632
8	61	87	1,653
8	61	100	3,437
8	63	3	2,806
8	63	6	29,681
8	63	9	5,568
8	63	27	10,857
8	63	31	1,967
8	63	37	7,67
8	63	38	5,914
8	63	39	1,324
8	63	55	2,684
8	63	56	6,194
8	63	59	2,146
8	63	61	8,295
8	63	66	14,099
8	63	70	0,569
8	63	77	4,138
8	63	79	3,517
8	63	83	13,618
8	63	87	0,939
8	63	100	1,946
8	66	3	7,552
8	66	6	6,488
8	66	9	2,602
8	66	27	4,967
8	66	31	5,677
8	66	37	8,563
8	66	38	12,007
8	66	39	13,528
8	66	55	8,801
8	66	56	9,297
8	66	59	2,188
8	66	61	1,618
8	66	63	5,839
8	66	70	4,642
8	66	77	3,508
8	66	79	4,138
8	66	83	0,621
8	66	87	11,026
8	66	100	10,442
8	70	3	11,263
8	70	6	5,684
8	70	9	5,601
8	70	27	1,192
8	70	31	7,736
8	70	37	11,791
8	70	38	5,124
8	70	39	21,525
8	70	55	9,923
8	70	56	2,738
8	70	59	11,471
8	70	61	17,341
8	70	63	6,067
8	70	66	4,137
8	70	77	8,327
8	70	79	10,684
8	70	83	1,249
8	70	87	2,837
8	70	100	1,863
8	77	3	9,787
8	77	6	10,986
8	77	9	19,607
8	77	27	1,254
8	77	31	7,971
8	77	37	3,703
8	77	38	3,907
8	77	39	9,043
8	77	55	22,52
8	77	56	2,853
8	77	59	1,778
8	77	61	5,092
8	77	63	25,118
8	77	66	19,481
8	77	70	10,146
8	77	79	4,832
8	77	83	1,582
8	77	87	4,545
8	77	100	12,85
8	79	3	7,477
8	79	6	3,663
8	79	9	5,375
8	79	27	15,097
8	79	31	1,237
8	79	37	0,518
8	79	38	33,106
8	79	39	1,331
8	79	55	1,805
8	79	56	5,352
8	79	59	16,364
8	79	61	10,168
8	79	63	6,93
8	79	66	0,769
8	79	70	3,592
8	79	77	47,389
8	79	83	1,992
8	79	87	4,06
8	79	100	5,539
8	83	3	7,462
8	83	6	12,549
8	83	9	44,471
8	83	27	0,896
8	83	31	5,933
8	83	37	2,583
8	83	38	1,403
8	83	39	5,842
8	83	55	0,628
8	83	56	2,992
8	83	59	3,939
8	83	61	11,485
8	83	63	7,291
8	83	66	2,492
8	83	70	9,15
8	83	77	7,184
8	83	79	5,588
8	83	87	10,033
8	83	100	1,642
8	87	3	10,852
8	87	6	29,573
8	87	9	4,302
8	87	27	6,58
8	87	31	17,703
8	87	37	21,687
8	87	38	40,635
8	87	39	10,201
8	87	55	5,674
8	87	56	10,882
8	87	59	1,364
8	87	61	2,702
8	87	63	0,58
8	87	66	7,025
8	87	70	3,231
8	87	77	1,741
8	87	79	5,95
8	87	83	0,803
8	87	100	3,26
8	100	3	22,746
8	100	6	2,188
8	100	9	1,083
8	100	27	3,953
8	100	31	25,382
8	100	37	1,426
8	100	38	4,859
8	100	39	0,963
8	100	55	16,762
8	100	56	11,01
8	100	59	12,952
8	100	61	35,748
8	100	63	0,748
8	100	66	9,306
8	100	70	10,175
8	100	77	4,79
8	100	79	10,405
8	100	83	2,229
8	100	87	6,748
9	6	8	11,987
9	6	19	1,542
9	6	29	6,86
9	6	30	1,643
9	6	33	3,924
9	6	35	5,928
9	6	47	0,619
9	6	50	3,029
9	6	54	7,439
9	6	55	1,529
9	6	62	1,768
9	6	68	4,823
9	6	69	4,776
9	6	71	5,039
9	6	73	5,213
9	6	80	2,334
9	6	90	5,43
9	6	93	0,58
9	6	96	1,453
9	8	6	1,522
9	8	19	1,149
9	8	29	3,908
9	8	30	6,222
9	8	33	0,631
9	8	35	1,929
9	8	47	2,605
9	8	50	4,152
9	8	54	7,012
9	8	55	4,001
9	8	62	1,253
9	8	68	0,651
9	8	69	3,653
9	8	71	2,884
9	8	73	9,302
9	8	80	1,506
9	8	90	14,135
9	8	93	18,734
9	8	96	11,682
9	19	6	7,673
9	19	8	5,21
9	19	29	14,887
9	19	30	2,585
9	19	33	1,664
9	19	35	18,112
9	19	47	2,84
9	19	50	2,81
9	19	54	0,896
9	19	55	3,081
9	19	62	5,613
9	19	68	9,32
9	19	69	6,625
9	19	71	1,564
9	19	73	12,503
9	19	80	1,79
9	19	90	12,239
9	19	93	21,81
9	19	96	3,262
9	29	6	11,459
9	29	8	2,577
9	29	19	8,506
9	29	30	2,106
9	29	33	6,238
9	29	35	1,741
9	29	47	3,556
9	29	50	3,204
9	29	54	5,264
9	29	55	6,005
9	29	62	3,622
9	29	68	0,636
9	29	69	19,477
9	29	71	15,933
9	29	73	0,611
9	29	80	3,07
9	29	90	9,834
9	29	93	5,428
9	29	96	1,412
9	30	6	8,912
9	30	8	1,583
9	30	19	3,246
9	30	29	4,022
9	30	33	3,231
9	30	35	2,621
9	30	47	17,593
9	30	50	3,687
9	30	54	5,636
9	30	55	9,815
9	30	62	6,895
9	30	68	2,484
9	30	69	13,266
9	30	71	3,846
9	30	73	14,646
9	30	80	17,019
9	30	90	1,79
9	30	93	3,597
9	30	96	19,083
9	33	6	4,022
9	33	8	1,474
9	33	19	26,744
9	33	29	14,471
9	33	30	15,19
9	33	35	11,37
9	33	47	3,632
9	33	50	8,719
9	33	54	2,411
9	33	55	2,036
9	33	62	13,486
9	33	68	13,962
9	33	69	2,163
9	33	71	9,037
9	33	73	2,226
9	33	80	2,678
9	33	90	2,608
9	33	93	4,32
9	33	96	4,464
9	35	6	3,269
9	35	8	1,288
9	35	19	13,877
9	35	29	0,977
9	35	30	20,693
9	35	33	0,925
9	35	47	2,443
9	35	50	10,603
9	35	54	9,615
9	35	55	9,532
9	35	62	4,511
9	35	68	3,75
9	35	69	2,108
9	35	71	2,285
9	35	73	1,737
9	35	80	1,142
9	35	90	22,76
9	35	93	33,835
9	35	96	0,555
9	47	6	7,561
9	47	8	3,896
9	47	19	0,752
9	47	29	3,394
9	47	30	0,668
9	47	33	4,967
9	47	35	1,285
9	47	50	2,675
9	47	54	3,084
9	47	55	6,29
9	47	62	0,988
9	47	68	5,086
9	47	69	1,465
9	47	71	1,703
9	47	73	9,013
9	47	80	0,789
9	47	90	9,528
9	47	93	1,461
9	47	96	1,419
9	50	6	17,156
9	50	8	50,293
9	50	19	4,845
9	50	29	15,726
9	50	30	3,021
9	50	33	2,499
9	50	35	0,637
9	50	47	4,521
9	50	54	3,763
9	50	55	4,157
9	50	62	7,983
9	50	68	2,077
9	50	69	8,987
9	50	71	1,935
9	50	73	8,18
9	50	80	3,888
9	50	90	8,117
9	50	93	4,232
9	50	96	8,009
9	54	6	9,065
9	54	8	7,447
9	54	19	0,922
9	54	29	1,227
9	54	30	12,92
9	54	33	1,329
9	54	35	10,09
9	54	47	2,085
9	54	50	14,137
9	54	55	8,19
9	54	62	19,888
9	54	68	8,743
9	54	69	18,89
9	54	71	0,648
9	54	73	2,742
9	54	80	0,922
9	54	90	4,968
9	54	93	5,983
9	54	96	1,294
9	55	6	4,586
9	55	8	11,683
9	55	19	2,122
9	55	29	8,434
9	55	30	0,93
9	55	33	2,708
9	55	35	12,423
9	55	47	15,573
9	55	50	3,444
9	55	54	10,169
9	55	62	4,799
9	55	68	7,068
9	55	69	2,9
9	55	71	3,362
9	55	73	20,087
9	55	80	1,345
9	55	90	1,542
9	55	93	10,205
9	55	96	1,535
9	62	6	1,365
9	62	8	2,235
9	62	19	3,381
9	62	29	3,14
9	62	30	3,345
9	62	33	20,315
9	62	35	6,67
9	62	47	1,122
9	62	50	7,471
9	62	54	12,082
9	62	55	7,679
9	62	68	2,766
9	62	69	2,268
9	62	71	4,859
9	62	73	1,985
9	62	80	2,856
9	62	90	4,686
9	62	93	1,775
9	62	96	3,338
9	68	6	1,55
9	68	8	0,629
9	68	19	1,673
9	68	29	2,615
9	68	30	0,831
9	68	33	1,881
9	68	35	18,714
9	68	47	2,754
9	68	50	1,454
9	68	54	6,743
9	68	55	3,6
9	68	62	9,684
9	68	69	6,936
9	68	71	5,106
9	68	73	2,55
9	68	80	0,771
9	68	90	0,781
9	68	93	8,631
9	68	96	3,422
9	69	6	3,883
9	69	8	1,345
9	69	19	2,369
9	69	29	9,034
9	69	30	2,206
9	69	33	3,066
9	69	35	3,05
9	69	47	1,24
9	69	50	3,235
9	69	54	5,009
9	69	55	8,722
9	69	62	17,138
9	69	68	9,621
9	69	71	11,169
9	69	73	6,748
9	69	80	1,178
9	69	90	2,61
9	69	93	0,675
9	69	96	6,575
9	71	6	8,859
9	71	8	5,874
9	71	19	16,203
9	71	29	12,327
9	71	30	8,532
9	71	33	1,578
9	71	35	4,134
9	71	47	19,983
9	71	50	4,544
9	71	54	16,13
9	71	55	3,125
9	71	62	10,77
9	71	68	11,964
9	71	69	2,903
9	71	73	3,988
9	71	80	7,095
9	71	90	18,542
9	71	93	2,901
9	71	96	0,612
9	73	6	0,972
9	73	8	1,869
9	73	19	1,581
9	73	29	8,052
9	73	30	5,362
9	73	33	13,388
9	73	35	2,984
9	73	47	14,584
9	73	50	13,123
9	73	54	2,494
9	73	55	2,451
9	73	62	7,965
9	73	68	0,787
9	73	69	6,324
9	73	71	4,432
9	73	80	2,242
9	73	90	8,655
9	73	93	3,01
9	73	96	11,169
9	80	6	1,528
9	80	8	1,207
9	80	19	6,008
9	80	29	6,639
9	80	30	1,189
9	80	33	3,388
9	80	35	2,113
9	80	47	1,142
9	80	50	2,417
9	80	54	1,156
9	80	55	1,799
9	80	62	12,268
9	80	68	7,521
9	80	69	1,758
9	80	71	9,584
9	80	73	1,746
9	80	90	8,849
9	80	93	1,908
9	80	96	6,188
9	90	6	0,992
9	90	8	6,518
9	90	19	1,313
9	90	29	3,893
9	90	30	0,992
9	90	33	3,432
9	90	35	5,895
9	90	47	21,32
9	90	50	14,572
9	90	54	3,888
9	90	55	17,02
9	90	62	6,646
9	90	68	1,271
9	90	69	14,715
9	90	71	5,331
9	90	73	7,804
9	90	80	6,002
9	90	93	2,293
9	90	96	2,061
9	93	6	9,265
9	93	8	3,272
9	93	19	1,337
9	93	29	17,877
9	93	30	11,08
9	93	33	12,527
9	93	35	12,368
9	93	47	4,65
9	93	50	8,211
9	93	54	1,648
9	93	55	37,848
9	93	62	6,143
9	93	68	5,433
9	93	69	5,686
9	93	71	12,843
9	93	73	7,684
9	93	80	6,876
9	93	90	4,057
9	93	96	12,569
9	96	6	2,014
9	96	8	3,048
9	96	19	11,319
9	96	29	7,817
9	96	30	6,183
9	96	33	5,598
9	96	35	14,15
9	96	47	0,867
9	96	50	1,019
9	96	54	7,192
9	96	55	20,479
9	96	62	2,274
9	96	68	3,499
9	96	69	4,253
9	96	71	1,438
9	96	73	4,317
9	96	80	4,386
9	96	90	3,797
9	96	93	23,998
10	1	5	6,118
10	1	11	1,387
10	1	14	20,568
10	1	17	7,195
10	1	18	1,015
10	1	20	6,128
10	1	21	7,782
10	1	24	3,716
10	1	26	3,597
10	1	28	4,295
10	1	32	3,463
10	1	38	1,684
10	1	42	5,365
10	1	46	2,013
10	1	64	8,436
10	1	72	1,263
10	1	76	17,874
10	1	77	6,904
10	1	78	3,018
10	1	83	5,613
10	1	85	20,483
10	1	94	8,604
10	5	1	4,724
10	5	11	2,662
10	5	14	19,361
10	5	17	16,113
10	5	18	15,973
10	5	20	8,1
10	5	21	8,307
10	5	24	2,132
10	5	26	5,832
10	5	28	12,801
10	5	32	43,992
10	5	38	11,045
10	5	42	4,222
10	5	46	24,088
10	5	64	1,013
10	5	72	9,1
10	5	76	1,955
10	5	77	0,617
10	5	78	2,1
10	5	83	2,109
10	5	85	5,976
10	5	94	8,112
10	11	1	1,741
10	11	5	0,544
10	11	14	11,785
10	11	17	10,173
10	11	18	17,593
10	11	20	2,989
10	11	21	5,083
10	11	24	11,395
10	11	26	1,643
10	11	28	6,754
10	11	32	3,992
10	11	38	3,308
10	11	42	5,28
10	11	46	1,127
10	11	64	1,88
10	11	72	16,915
10	11	76	2,019
10	11	77	5,231
10	11	78	7,063
10	11	83	4,007
10	11	85	2,182
10	11	94	6,977
10	14	1	3,955
10	14	5	6,048
10	14	11	0,905
10	14	17	3,208
10	14	18	7,445
10	14	20	1,852
10	14	21	6,159
10	14	24	1,675
10	14	26	1,176
10	14	28	1,992
10	14	32	2,243
10	14	38	2,478
10	14	42	26,281
10	14	46	5,19
10	14	64	1,218
10	14	72	5,241
10	14	76	3,662
10	14	77	3,686
10	14	78	3,73
10	14	83	6,032
10	14	85	14,221
10	14	94	16,173
10	17	1	15,823
10	17	5	10,61
10	17	11	0,505
10	17	14	8,303
10	17	18	0,833
10	17	20	8,676
10	17	21	1,445
10	17	24	8,001
10	17	26	3,624
10	17	28	14,517
10	17	32	2,585
10	17	38	6,402
10	17	42	6,585
10	17	46	2,677
10	17	64	4,114
10	17	72	8,572
10	17	76	10,748
10	17	77	4,404
10	17	78	5,141
10	17	83	37,268
10	17	85	0,855
10	17	94	1,094
10	18	1	5,805
10	18	5	18,907
10	18	11	6,862
10	18	14	9,528
10	18	17	0,519
10	18	20	0,68
10	18	21	11,219
10	18	24	16,707
10	18	26	2,958
10	18	28	6,945
10	18	32	2,269
10	18	38	14,542
10	18	42	7,312
10	18	46	1,191
10	18	64	3,325
10	18	72	11,066
10	18	76	19,742
10	18	77	6,482
10	18	78	1,34
10	18	83	0,721
10	18	85	1,92
10	18	94	3,012
10	20	1	16,173
10	20	5	6,543
10	20	11	0,823
10	20	14	0,868
10	20	17	8,098
10	20	18	1,217
10	20	21	10,555
10	20	24	4,846
10	20	26	10,494
10	20	28	1,016
10	20	32	1,63
10	20	38	15,309
10	20	42	14,709
10	20	46	8,877
10	20	64	30,323
10	20	72	10,198
10	20	76	0,569
10	20	77	2,342
10	20	78	5,333
10	20	83	3,202
10	20	85	3,292
10	20	94	1,518
10	21	1	1,161
10	21	5	1,196
10	21	11	4,896
10	21	14	7,914
10	21	17	1,453
10	21	18	5,787
10	21	20	8,194
10	21	24	1,115
10	21	26	2,569
10	21	28	0,782
10	21	32	2,092
10	21	38	1,801
10	21	42	3,737
10	21	46	12,192
10	21	64	19,138
10	21	72	1,273
10	21	76	20,123
10	21	77	4,056
10	21	78	12,346
10	21	83	7,934
10	21	85	3,384
10	21	94	12,283
10	24	1	4,178
10	24	5	2,526
10	24	11	0,51
10	24	14	0,52
10	24	17	8,31
10	24	18	6,075
10	24	20	1,757
10	24	21	22,36
10	24	26	8,363
10	24	28	19,564
10	24	32	7,346
10	24	38	11,417
10	24	42	5,443
10	24	46	1,788
10	24	64	0,867
10	24	72	1,607
10	24	76	1,989
10	24	77	1,927
10	24	78	1,562
10	24	83	7,442
10	24	85	8,948
10	24	94	6,483
10	26	1	3,238
10	26	5	2,176
10	26	11	3,191
10	26	14	6,225
10	26	17	22,345
10	26	18	4,091
10	26	20	6,507
10	26	21	17,019
10	26	24	1,074
10	26	28	4,812
10	26	32	3,184
10	26	38	9,09
10	26	42	1,485
10	26	46	12,988
10	26	64	2,552
10	26	72	6,011
10	26	76	5,081
10	26	77	2,574
10	26	78	2,965
10	26	83	5,25
10	26	85	0,665
10	26	94	3,089
10	28	1	5,03
10	28	5	2,39
10	28	11	3,416
10	28	14	4,653
10	28	17	31,105
10	28	18	31,24
10	28	20	7,144
10	28	21	2,356
10	28	24	9,865
10	28	26	0,913
10	28	32	11,489
10	28	38	7,598
10	28	42	2,274
10	28	46	0,525
10	28	64	3,949
10	28	72	0,733
10	28	76	15,136
10	28	77	5,852
10	28	78	7,751
10	28	83	32,209
10	28	85	9,637
10	28	94	1,59
10	32	1	4,065
10	32	5	3,64
10	32	11	3,911
10	32	14	5,568
10	32	17	7,817
10	32	18	17,358
10	32	20	2,043
10	32	21	2,432
10	32	24	2,664
10	32	26	2,127
10	32	28	4,764
10	32	38	1,706
10	32	42	4,101
10	32	46	6,557
10	32	64	2,026
10	32	72	12
10	32	76	1,202
10	32	77	7,641
10	32	78	2,977
10	32	83	13,653
10	32	85	4,933
10	32	94	12,863
10	38	1	0,864
10	38	5	21,034
10	38	11	35,395
10	38	14	6,457
10	38	17	6,202
10	38	18	3,722
10	38	20	0,542
10	38	21	9,578
10	38	24	4,805
10	38	26	4,902
10	38	28	13,283
10	38	32	1,216
10	38	42	3,209
10	38	46	2,008
10	38	64	2,377
10	38	72	2,355
10	38	76	4,592
10	38	77	6,004
10	38	78	1,216
10	38	83	4,485
10	38	85	3,689
10	38	94	2,489
10	42	1	2,31
10	42	5	0,845
10	42	11	19,123
10	42	14	7,983
10	42	17	7,374
10	42	18	2,383
10	42	20	1,971
10	42	21	1,842
10	42	24	1,259
10	42	26	2,568
10	42	28	0,784
10	42	32	5,064
10	42	38	1,186
10	42	46	2,069
10	42	64	5,288
10	42	72	1,604
10	42	76	6,946
10	42	77	1,935
10	42	78	1,474
10	42	83	6,394
10	42	85	2,146
10	42	94	5,45
10	46	1	8,086
10	46	5	13,057
10	46	11	10,714
10	46	14	8,173
10	46	17	16,624
10	46	18	7,965
10	46	20	0,888
10	46	21	4,32
10	46	24	2,07
10	46	26	13,515
10	46	28	0,811
10	46	32	3,29
10	46	38	1,718
10	46	42	5,555
10	46	64	3,373
10	46	72	3,11
10	46	76	5,176
10	46	77	2,024
10	46	78	9,891
10	46	83	6,825
10	46	85	18,454
10	46	94	7,617
10	64	1	5,896
10	64	5	7,173
10	64	11	1,206
10	64	14	4,731
10	64	17	19,43
10	64	18	1,846
10	64	20	1,332
10	64	21	4,145
10	64	24	1,41
10	64	26	25,116
10	64	28	2,287
10	64	32	5,074
10	64	38	11,219
10	64	42	4,014
10	64	46	5,073
10	64	72	0,952
10	64	76	19,068
10	64	77	2,241
10	64	78	9,005
10	64	83	3,141
10	64	85	43,525
10	64	94	2,215
10	72	1	0,821
10	72	5	3,585
10	72	11	0,948
10	72	14	6,738
10	72	17	10,909
10	72	18	8,088
10	72	20	4,867
10	72	21	2,029
10	72	24	14,907
10	72	26	3,985
10	72	28	4,136
10	72	32	1,239
10	72	38	7,468
10	72	42	5,531
10	72	46	11,535
10	72	64	3,264
10	72	76	1,933
10	72	77	8,036
10	72	78	4,242
10	72	83	5,73
10	72	85	3,201
10	72	94	3,536
10	76	1	6,454
10	76	5	4,973
10	76	11	2,147
10	76	14	1,232
10	76	17	13,386
10	76	18	4,553
10	76	20	0,727
10	76	21	1,136
10	76	24	7,699
10	76	26	12,738
10	76	28	16,219
10	76	32	13,125
10	76	38	1,494
10	76	42	7,513
10	76	46	1,968
10	76	64	4,305
10	76	72	4,825
10	76	77	1,106
10	76	78	11,11
10	76	83	3,116
10	76	85	10,367
10	76	94	0,774
10	77	1	0,705
10	77	5	5,97
10	77	11	4,826
10	77	14	4,744
10	77	17	4,317
10	77	18	7,513
10	77	20	2,339
10	77	21	7,335
10	77	24	4,063
10	77	26	15,424
10	77	28	13,61
10	77	32	4,927
10	77	38	5,114
10	77	42	12,333
10	77	46	6,264
10	77	64	0,902
10	77	72	8,524
10	77	76	19,577
10	77	78	21,601
10	77	83	7,531
10	77	85	7,033
10	77	94	5,857
10	78	1	9,749
10	78	5	2,052
10	78	11	0,641
10	78	14	1,578
10	78	17	2,723
10	78	18	22,799
10	78	20	1,003
10	78	21	2,102
10	78	24	0,778
10	78	26	7,968
10	78	28	3,954
10	78	32	1,053
10	78	38	5,879
10	78	42	7,779
10	78	46	1,498
10	78	64	26,764
10	78	72	9,586
10	78	76	8,373
10	78	77	2,603
10	78	83	22,477
10	78	85	0,645
10	78	94	2,718
10	83	1	0,823
10	83	5	3,67
10	83	11	6,063
10	83	14	2,237
10	83	17	3,301
10	83	18	4,742
10	83	20	1,424
10	83	21	6,437
10	83	24	27,955
10	83	26	8,869
10	83	28	3,37
10	83	32	11,538
10	83	38	2,73
10	83	42	6,363
10	83	46	5,327
10	83	64	2,139
10	83	72	7,334
10	83	76	1,724
10	83	77	7,995
10	83	78	21,982
10	83	85	2,492
10	83	94	2,864
10	85	1	0,568
10	85	5	1,348
10	85	11	18,691
10	85	14	20,977
10	85	17	3,043
10	85	18	20,366
10	85	20	4,011
10	85	21	4,815
10	85	24	1,018
10	85	26	5,068
10	85	28	0,844
10	85	32	0,836
10	85	38	9,389
10	85	42	1,231
10	85	46	6,076
10	85	64	3,716
10	85	72	12,179
10	85	76	4,678
10	85	77	10,07
10	85	78	4,493
10	85	83	11,028
10	85	94	20,533
10	94	1	9,351
10	94	5	10,929
10	94	11	2,431
10	94	14	2,734
10	94	17	2,265
10	94	18	3,294
10	94	20	16,532
10	94	21	4,959
10	94	24	26,807
10	94	26	10,123
10	94	28	1,3
10	94	32	33,407
10	94	38	2,985
10	94	42	12,879
10	94	46	2,454
10	94	64	9,352
10	94	72	2,055
10	94	76	6,281
10	94	77	4,573
10	94	78	11,359
10	94	83	41,506
10	94	85	2,348

