#num jobs
100
#num machines
10

#jobId machId procTime energyCons
1	10	7,58	80,46
1	8	2,58	28,09
1	4	7,71	65,94
1	1	1,56	20,99
2	7	14,33	196,52
2	6	3,38	15,82
2	5	7,61	85,59
2	4	11,89	101,63
3	1	1,06	14,31
3	4	86,54	739,82
4	4	3	25,67
5	1	6,35	85,47
5	7	35,64	488,61
6	9	2075,6	4000,32
6	7	21,66	296,92
6	6	45	210,81
6	3	17,55	43,63
7	9	3,74	7,21
7	5	13,38	150,46
7	3	74,38	184,92
7	1	3,8	51,16
8	1	13	175,05
8	6	7,02	32,88
9	2	1,28	1,82
10	9	16,71	32,2
11	9	59,89	115,43
11	3	5,4	13,42
12	5	11,25	126,6
12	4	5,22	44,66
13	7	17,11	234,52
13	6	31,5	147,56
13	3	199,98	497,18
14	10	14,36	152,38
14	9	19,5	37,59
14	6	28,51	133,53
14	5	10,01	112,58
14	1	26,7	359,51
15	4	25,41	217,19
16	9	25,92	49,96
17	1	10,14	136,47
18	4	3,01	25,69
18	5	750,25	8439,64
19	2	4,56	6,48
19	8	13,06	142,19
20	7	2,09	28,62
21	2	27,99	39,76
21	3	15,17	37,72
21	5	2,39	26,83
21	7	43,26	593,14
21	8	103,38	1125,16
22	7	87,84	1204,23
22	6	10,96	51,36
22	4	6,15	52,54
22	2	18,56	26,36
23	10	45,66	484,38
23	6	196,13	918,75
24	9	11,42	22,01
25	3	5,02	12,48
26	10	19,22	203,84
26	7	4,19	57,47
26	5	19,69	221,46
26	3	10,82	26,91
26	2	17,4	24,72
27	2	3,83	5,45
27	6	19,75	92,54
27	7	1263,65	17324,17
27	9	9,27	17,87
28	1	11,78	158,66
29	6	2,45	11,5
29	8	2,84	30,9
30	9	19	36,61
30	8	4,42	48,06
30	7	13,69	187,64
30	4	455,82	3896,75
31	10	6,35	67,36
32	3	7,87	19,58
32	7	5,73	78,5
32	8	7,59	82,59
33	7	6,83	93,61
33	4	8,65	73,96
34	3	3,99	9,91
34	6	13,79	64,6
35	1	23,96	322,57
35	2	34,36	48,81
36	5	139,26	1566,59
37	10	4,03	42,79
38	4	-0,21	-1,82
38	5	36,67	412,5
38	9	4,46	8,59
38	10	3,47	36,82
39	10	71,84	762,14
40	5	5,56	62,55
40	6	1,39	6,51
41	1	104,65	1409,04
42	3	51,29	127,52
43	1	3,81	51,33
43	7	8,53	116,92
43	10	20,03	212,46
44	5	24,04	270,4
44	7	14,08	193,05
45	2	4,19	5,95
45	3	67,69	168,29
45	5	29,36	330,25
45	6	2,03	9,5
45	10	40,4	428,62
46	2	18,84	26,76
46	3	2,94	7,31
46	7	6,48	88,88
46	10	17,79	188,7
47	5	3,8	42,73
47	8	13,46	146,54
48	5	23,66	266,14
48	3	13,17	32,74
48	2	4,3	6,1
49	1	11,99	161,49
49	2	9,64	13,7
50	4	8,65	73,95
50	1	39,09	526,26
51	4	16,49	140,96
51	5	13,59	152,84
51	8	254,96	2774,89
51	9	498,67	961,08
52	9	16,1	31,02
52	8	1,74	18,98
52	7	24,14	330,98
52	6	17,01	79,67
52	5	16,38	184,24
53	10	2,78	29,52
53	4	8,74	74,68
53	1	26,99	363,33
54	7	0,09	1,27
54	5	40,94	460,57
55	2	23209,85	32969,87
55	7	13,96	191,45
55	9	23,49	45,27
55	10	6,54	69,38
56	2	7,51	10,67
56	7	4,31	59,11
56	10	1,55	16,49
57	2	16,86	23,95
57	4	9,15	78,19
57	5	8,76	98,49
58	10	29,02	307,87
58	7	80,59	1104,8
58	5	0,71	7,97
58	4	10,59	90,5
59	10	2,24	23,79
60	1	4,96	66,81
60	4	259,72	2220,33
60	6	10,64	49,83
60	7	7,07	96,98
60	9	1,19	2,29
61	5	20,41	229,62
61	8	2,01	21,86
61	9	144,36	278,22
62	5	95,94	1079,22
63	9	27,5	53,01
63	5	6,73	75,67
64	4	526,36	4499,75
64	8	9,68	105,3
65	6	2,46	11,55
65	5	6,27	70,53
65	2	9,55	13,56
66	6	19,43	91,03
66	8	2,23	24,24
67	8	737,94	8031,4
67	6	0,69	3,25
68	2	27,22	38,67
68	8	15	163,22
69	10	12,8	135,8
70	7	7,36	100,89
70	8	7,94	86,45
71	10	15,39	163,3
71	8	3,51	38,24
71	5	31,39	353,15
71	3	41,31	102,7
71	1	1,8	24,17
72	3	3,54	8,81
72	4	4,24	36,24
72	6	7,16	33,55
72	7	19,67	269,73
73	9	22,56	43,48
73	4	7,67	65,56
73	2	0,3	0,43
74	4	2,56	21,9
75	8	0,48	5,17
76	10	12,9	136,84
77	6	37,83	177,21
77	10	17,79	188,67
78	7	68,1	933,61
78	4	71,43	610,66
79	2	31,87	45,27
79	4	34,9	298,38
79	7	270,57	3709,47
80	10	196,74	2087,07
80	6	11,27	52,8
81	2	7,53	10,7
81	5	4,53	50,99
81	9	16,16	31,15
82	2	2,61	3,7
82	8	7,44	80,97
83	2	1,63	2,31
83	5	1,71	19,22
83	8	20,3	220,96
84	4	2,26	19,34
84	8	2,74	29,77
84	9	1,97	3,79
85	3	11,61	28,86
85	4	25,47	217,73
85	8	7,56	82,31
85	10	37,89	401,93
86	10	9,6	101,81
86	8	6,92	75,35
87	3	21,83	54,28
87	6	246,47	1154,61
87	7	2,97	40,78
87	10	22,68	240,56
88	6	94,04	440,52
88	5	21,04	236,73
88	3	52,34	130,13
88	1	5,58	75,08
89	7	58,56	802,8
90	1	5,81	78,21
90	3	5,51	13,69
90	8	8,38	91,17
91	7	5,48	75,17
91	6	19,72	92,37
92	10	8,85	93,87
92	8	1088,94	11851,56
92	5	6,86	77,14
92	1	3,45	46,41
93	1	25,94	349,29
93	6	8,18	38,31
93	7	7,18	98,47
93	8	18,4	200,31
94	5	0,92	10,31
95	6	17,34	81,22
96	9	4,55	8,76
97	4	15,7	134,25
98	9	106,31	204,88
99	3	2,06	5,11
100	10	124,13	1316,79

#jobId ddate weight rdate
1	649,974	32	5350,107
2	2312,445	48	947,466
3	2074,354	24	4494,14
4	1631,478	40	426,774
5	1681,829	46	4215,849
6	2088,694	2	2977,003
7	2508,69	24	5505,226
8	1686,667	8	6238,503
9	452,784	7	6,032
10	2435,789	3	2333,209
11	1991,036	15	3515,43
12	852,475	43	4579,852
13	710,748	2	6375,482
14	1441,241	26	1599,227
15	2065,032	2	3080,515
16	1055,82	42	3439,603
17	1746,623	3	725,325
18	2540,798	3	87,171
19	1816,426	43	3535,351
20	1490,964	7	5578,984
21	2229,026	16	5561,125
22	1322,676	27	5566,755
23	1510,72	47	2488,062
24	509,2	24	4133,839
25	2571,753	29	3202,348
26	2494,349	24	5510,337
27	625,832	24	4836,323
28	983,398	12	2067,498
29	2579,975	26	4996,144
30	875,388	8	3753,576
31	382,424	6	4304,782
32	2359,924	20	4282,075
33	782,184	31	2227,067
34	1460,157	8	5280,728
35	2366,474	24	3712,27
36	1605,599	27	6552,565
37	1416,567	35	4611,662
38	1235,539	6	2595,395
39	1827,526	26	3736,882
40	553,54	5	2873,534
41	412,029	40	1905,997
42	2114,832	48	380,327
43	1186,008	42	635,486
44	776,679	25	5136,495
45	2250,6	46	4142,454
46	1122,63	37	2496,202
47	2041,323	38	2923,127
48	2550,336	43	5021,892
49	1375,686	13	4086,084
50	387,136	5	1597,196
51	2314,302	45	685,933
52	1565,383	25	3144,385
53	1108,209	25	754,925
54	1505,144	44	1258,774
55	1905,851	46	1919,664
56	831,582	38	3600,247
57	764,88	10	2114,687
58	2081,99	49	2182,079
59	1078,201	27	230,509
60	2448,525	22	2217,438
61	1957,557	42	2396,615
62	2042,694	33	2032,561
63	1679,103	8	2055,651
64	1311,288	13	43,264
65	925,429	13	1608,538
66	2308,31	23	1933,456
67	2473,249	4	1632,314
68	1454,672	46	5512,2
69	2352,505	38	696,937
70	2385,376	22	1461,546
71	2532,733	39	2624,481
72	499,947	41	5288,189
73	446,977	49	6234,9
74	925,869	12	4102,865
75	1735,958	16	5006,204
76	2417,468	5	3469,684
77	2013,018	37	2955,103
78	511,626	5	6571,257
79	1187,136	27	1508,655
80	2436,261	10	5715,998
81	2351,427	5	4526,613
82	1945,732	30	2981,096
83	1437,121	22	1276,445
84	1303,255	18	5584
85	1440,899	31	4642,141
86	2231,414	4	5801,574
87	1721,362	29	6450,539
88	1894,438	38	1117,072
89	1908,131	20	6063,319
90	1901,788	28	4583,864
91	1028,439	4	677,578
92	2101,494	46	2368,757
93	686,021	15	6016,108
94	1920,071	17	2941,043
95	1786,922	30	2129,289
96	1235,356	15	3857,613
97	1387,749	18	3512,595
98	1377,14	44	2144,697
99	1738,647	26	1370,967
100	1065,078	27	112,801

#machId jobPred jobSucc setupTime
1	1	3	0,504
1	1	5	6,117
1	1	7	6,87
1	1	8	4,521
1	1	14	2,647
1	1	17	0,939
1	1	28	6,673
1	1	35	12,264
1	1	41	7,944
1	1	43	6,427
1	1	49	4,945
1	1	50	2,127
1	1	53	5,118
1	1	60	0,798
1	1	71	12,041
1	1	88	4,95
1	1	90	18,74
1	1	92	2,494
1	1	93	4,177
1	3	1	4,792
1	3	5	3,241
1	3	7	8,459
1	3	8	14,504
1	3	14	17,568
1	3	17	3,94
1	3	28	5,984
1	3	35	4,917
1	3	41	4,923
1	3	43	3,061
1	3	49	0,685
1	3	50	2,614
1	3	53	1,436
1	3	60	2,379
1	3	71	2,171
1	3	88	7,811
1	3	90	9,743
1	3	92	3,817
1	3	93	1,702
1	5	1	15,462
1	5	3	4,821
1	5	7	0,799
1	5	8	3,057
1	5	14	1,153
1	5	17	5,197
1	5	28	13,408
1	5	35	53,35
1	5	41	3,171
1	5	43	2,202
1	5	49	5,901
1	5	50	1,478
1	5	53	5,64
1	5	60	3,492
1	5	71	0,794
1	5	88	7,437
1	5	90	3,761
1	5	92	3,567
1	5	93	6,432
1	7	1	6,111
1	7	3	2,434
1	7	5	4,02
1	7	8	3,202
1	7	14	2,854
1	7	17	4,178
1	7	28	15,934
1	7	35	9,438
1	7	41	1,391
1	7	43	6,127
1	7	49	1,031
1	7	50	4,211
1	7	53	20,123
1	7	60	7,162
1	7	71	11,599
1	7	88	4,789
1	7	90	6,338
1	7	92	1,842
1	7	93	3,457
1	8	1	7,103
1	8	3	4,89
1	8	5	2,819
1	8	7	4,237
1	8	14	3,298
1	8	17	7,538
1	8	28	5,984
1	8	35	18,804
1	8	41	1,996
1	8	43	16,326
1	8	49	1,705
1	8	50	1,765
1	8	53	1,23
1	8	60	1,793
1	8	71	11,994
1	8	88	3,098
1	8	90	0,85
1	8	92	0,852
1	8	93	0,81
1	14	1	0,536
1	14	3	14,801
1	14	5	3,244
1	14	7	2,995
1	14	8	4,105
1	14	17	4,083
1	14	28	10,126
1	14	35	18,078
1	14	41	2,136
1	14	43	0,809
1	14	49	4,317
1	14	50	3,821
1	14	53	7,378
1	14	60	7,85
1	14	71	14,78
1	14	88	5,831
1	14	90	33,526
1	14	92	2,191
1	14	93	0,515
1	17	1	2,272
1	17	3	19,135
1	17	5	8,946
1	17	7	5,423
1	17	8	0,834
1	17	14	31,052
1	17	28	3,553
1	17	35	2,493
1	17	41	23,208
1	17	43	2,987
1	17	49	7,298
1	17	50	12,504
1	17	53	25,688
1	17	60	2,026
1	17	71	5,745
1	17	88	6,879
1	17	90	4,432
1	17	92	8,035
1	17	93	2,317
1	28	1	2,69
1	28	3	11,449
1	28	5	4,018
1	28	7	9,799
1	28	8	4,387
1	28	14	2,193
1	28	17	10,176
1	28	35	8,073
1	28	41	1,101
1	28	43	8,7
1	28	49	2,218
1	28	50	1,097
1	28	53	6,391
1	28	60	8,735
1	28	71	0,728
1	28	88	2,603
1	28	90	4,786
1	28	92	5,256
1	28	93	6,146
1	35	1	3,182
1	35	3	9,556
1	35	5	0,726
1	35	7	6,098
1	35	8	1,852
1	35	14	1,093
1	35	17	2,847
1	35	28	6,889
1	35	41	25,976
1	35	43	39,465
1	35	49	9,809
1	35	50	4,664
1	35	53	2,494
1	35	60	1,962
1	35	71	6,041
1	35	88	9,559
1	35	90	14,214
1	35	92	0,658
1	35	93	5,237
1	41	1	1,548
1	41	3	0,801
1	41	5	10,171
1	41	7	0,735
1	41	8	5,903
1	41	14	1,686
1	41	17	8,265
1	41	28	2,209
1	41	35	3,834
1	41	43	0,76
1	41	49	2,558
1	41	50	3,761
1	41	53	10,439
1	41	60	4,607
1	41	71	0,984
1	41	88	2,293
1	41	90	2,854
1	41	92	17,677
1	41	93	1,064
1	43	1	6,164
1	43	3	5,686
1	43	5	15,991
1	43	7	1,671
1	43	8	2,832
1	43	14	1,655
1	43	17	3,279
1	43	28	1,264
1	43	35	2,679
1	43	41	24,04
1	43	49	3,193
1	43	50	16,449
1	43	53	24,781
1	43	60	7,937
1	43	71	2,131
1	43	88	4,64
1	43	90	3,071
1	43	92	2,523
1	43	93	4,768
1	49	1	5,453
1	49	3	0,709
1	49	5	9,397
1	49	7	3,728
1	49	8	1,042
1	49	14	2,929
1	49	17	48,392
1	49	28	5,689
1	49	35	1,7
1	49	41	1,425
1	49	43	2,229
1	49	50	4,345
1	49	53	8,54
1	49	60	9,93
1	49	71	0,717
1	49	88	9,034
1	49	90	14,233
1	49	92	0,967
1	49	93	9,339
1	50	1	14,052
1	50	3	21,193
1	50	5	0,632
1	50	7	2,781
1	50	8	3,418
1	50	14	1,015
1	50	17	6,663
1	50	28	10,137
1	50	35	9,724
1	50	41	7,737
1	50	43	0,773
1	50	49	3,251
1	50	53	6,092
1	50	60	3,572
1	50	71	0,638
1	50	88	1,548
1	50	90	4,317
1	50	92	0,871
1	50	93	1,984
1	53	1	9,054
1	53	3	1,358
1	53	5	4,603
1	53	7	3,331
1	53	8	12,845
1	53	14	2,932
1	53	17	3,976
1	53	28	0,68
1	53	35	4,777
1	53	41	2,664
1	53	43	6,836
1	53	49	1,04
1	53	50	2,549
1	53	60	0,979
1	53	71	5,575
1	53	88	2,31
1	53	90	1,033
1	53	92	0,612
1	53	93	3,265
1	60	1	2,6
1	60	3	4,841
1	60	5	7,178
1	60	7	11,055
1	60	8	2,164
1	60	14	10,584
1	60	17	0,913
1	60	28	1,082
1	60	35	2,412
1	60	41	13,266
1	60	43	1,031
1	60	49	3,773
1	60	50	2,815
1	60	53	1,257
1	60	71	3,906
1	60	88	2,202
1	60	90	11,245
1	60	92	7,893
1	60	93	3,968
1	71	1	9,067
1	71	3	2,574
1	71	5	3,411
1	71	7	3,476
1	71	8	25,596
1	71	14	2,192
1	71	17	4,609
1	71	28	12,434
1	71	35	4,861
1	71	41	3,387
1	71	43	2,739
1	71	49	13,306
1	71	50	0,53
1	71	53	5,853
1	71	60	3,555
1	71	88	2,396
1	71	90	8,815
1	71	92	4,767
1	71	93	6,959
1	88	1	3,585
1	88	3	8,38
1	88	5	11,568
1	88	7	7,739
1	88	8	1,193
1	88	14	3,554
1	88	17	2,869
1	88	28	0,818
1	88	35	6,398
1	88	41	1,727
1	88	43	11,459
1	88	49	5,413
1	88	50	14,855
1	88	53	23,203
1	88	60	1,075
1	88	71	1,53
1	88	90	7,79
1	88	92	0,75
1	88	93	6,121
1	90	1	0,639
1	90	3	1,22
1	90	5	4,293
1	90	7	1,061
1	90	8	10,712
1	90	14	5,286
1	90	17	6,649
1	90	28	5,474
1	90	35	3,339
1	90	41	6,67
1	90	43	1,133
1	90	49	14,63
1	90	50	4,265
1	90	53	3,131
1	90	60	7,718
1	90	71	1,703
1	90	88	3,869
1	90	92	13,054
1	90	93	2,815
1	92	1	2,397
1	92	3	9,647
1	92	5	25,674
1	92	7	0,821
1	92	8	4,933
1	92	14	4,089
1	92	17	13,987
1	92	28	4,294
1	92	35	1,765
1	92	41	1,125
1	92	43	15,607
1	92	49	6,833
1	92	50	2,226
1	92	53	11,698
1	92	60	1,782
1	92	71	8,769
1	92	88	12,179
1	92	90	2,76
1	92	93	0,84
1	93	1	0,88
1	93	3	0,628
1	93	5	2,916
1	93	7	13,32
1	93	8	1,47
1	93	14	3,278
1	93	17	1,153
1	93	28	0,958
1	93	35	4,565
1	93	41	12,09
1	93	43	6,224
1	93	49	0,894
1	93	50	1,818
1	93	53	9,27
1	93	60	6,538
1	93	71	0,872
1	93	88	7,699
1	93	90	15,462
1	93	92	0,607
2	9	19	1,894
2	9	21	12,333
2	9	22	5,622
2	9	26	2,272
2	9	27	1,842
2	9	35	2,532
2	9	45	3,793
2	9	46	2,261
2	9	48	5,087
2	9	49	15,335
2	9	55	11,638
2	9	56	0,856
2	9	57	4,877
2	9	65	7,892
2	9	68	22,437
2	9	73	28,621
2	9	79	2,298
2	9	81	4,09
2	9	82	1,621
2	9	83	5,784
2	19	9	1,054
2	19	21	35,007
2	19	22	9,015
2	19	26	3,959
2	19	27	0,964
2	19	35	3,765
2	19	45	1,829
2	19	46	0,516
2	19	48	8,859
2	19	49	4,635
2	19	55	2,67
2	19	56	5,166
2	19	57	13,511
2	19	65	2,2
2	19	68	1,388
2	19	73	10,7
2	19	79	2,035
2	19	81	4,876
2	19	82	1,397
2	19	83	0,644
2	21	9	9,304
2	21	19	20,192
2	21	22	6,53
2	21	26	8,095
2	21	27	6,75
2	21	35	2,142
2	21	45	0,715
2	21	46	7,089
2	21	48	1,17
2	21	49	0,658
2	21	55	11,035
2	21	56	2,282
2	21	57	13,41
2	21	65	10,045
2	21	68	10,971
2	21	73	16,947
2	21	79	0,703
2	21	81	5,232
2	21	82	2,351
2	21	83	3,886
2	22	9	6,037
2	22	19	1,13
2	22	21	32,343
2	22	26	20,654
2	22	27	1,741
2	22	35	0,727
2	22	45	1,198
2	22	46	5,806
2	22	48	0,543
2	22	49	3,092
2	22	55	1,221
2	22	56	0,933
2	22	57	3,977
2	22	65	0,983
2	22	68	7,076
2	22	73	5,132
2	22	79	3,423
2	22	81	9,386
2	22	82	5,275
2	22	83	11,511
2	26	9	4,294
2	26	19	1,177
2	26	21	9,944
2	26	22	4,195
2	26	27	3,998
2	26	35	0,674
2	26	45	16,954
2	26	46	10,822
2	26	48	2,301
2	26	49	2,329
2	26	55	5,793
2	26	56	2,462
2	26	57	1,211
2	26	65	12,53
2	26	68	11,155
2	26	73	4,525
2	26	79	2,255
2	26	81	7,47
2	26	82	2,329
2	26	83	0,633
2	27	9	1,447
2	27	19	4,163
2	27	21	5,829
2	27	22	13,529
2	27	26	2,053
2	27	35	1,593
2	27	45	1,954
2	27	46	5,23
2	27	48	4,426
2	27	49	0,579
2	27	55	9,388
2	27	56	5,42
2	27	57	21,919
2	27	65	14,017
2	27	68	4,963
2	27	73	17,374
2	27	79	2,128
2	27	81	1,527
2	27	82	4,474
2	27	83	19,336
2	35	9	2,811
2	35	19	9,758
2	35	21	21,081
2	35	22	2,016
2	35	26	5,985
2	35	27	10,055
2	35	45	16,551
2	35	46	0,705
2	35	48	0,947
2	35	49	2,001
2	35	55	4,373
2	35	56	5,697
2	35	57	6,112
2	35	65	0,652
2	35	68	2,675
2	35	73	30,168
2	35	79	5,792
2	35	81	1,854
2	35	82	6,385
2	35	83	3,01
2	45	9	2,452
2	45	19	1,112
2	45	21	7,54
2	45	22	3,492
2	45	26	3,563
2	45	27	12,458
2	45	35	12,024
2	45	46	1,867
2	45	48	1,08
2	45	49	6,251
2	45	55	1,691
2	45	56	3,688
2	45	57	1,838
2	45	65	1,168
2	45	68	1,911
2	45	73	0,896
2	45	79	9,543
2	45	81	8,772
2	45	82	0,73
2	45	83	0,658
2	46	9	3,454
2	46	19	2,765
2	46	21	8,858
2	46	22	5,007
2	46	26	0,831
2	46	27	24,123
2	46	35	6,868
2	46	45	4,743
2	46	48	6,925
2	46	49	1,209
2	46	55	0,97
2	46	56	5,274
2	46	57	3,128
2	46	65	5,158
2	46	68	1,196
2	46	73	1,388
2	46	79	0,647
2	46	81	7,38
2	46	82	1,265
2	46	83	1,914
2	48	9	11,31
2	48	19	5,307
2	48	21	35,608
2	48	22	1,008
2	48	26	25,038
2	48	27	7,514
2	48	35	1,268
2	48	45	2,784
2	48	46	6,359
2	48	49	4,24
2	48	55	0,849
2	48	56	5,702
2	48	57	12,995
2	48	65	5,11
2	48	68	4,937
2	48	73	7,242
2	48	79	13,407
2	48	81	4,057
2	48	82	1,732
2	48	83	4,026
2	49	9	0,533
2	49	19	3,021
2	49	21	1,256
2	49	22	7,572
2	49	26	12,637
2	49	27	2,681
2	49	35	0,9
2	49	45	4,635
2	49	46	9,46
2	49	48	2,666
2	49	55	15,993
2	49	56	30,699
2	49	57	1,964
2	49	65	0,761
2	49	68	1,963
2	49	73	3,564
2	49	79	3,309
2	49	81	6,6
2	49	82	11,342
2	49	83	0,991
2	55	9	3,445
2	55	19	5,572
2	55	21	1,871
2	55	22	0,714
2	55	26	0,544
2	55	27	15,265
2	55	35	0,725
2	55	45	29,22
2	55	46	0,736
2	55	48	19,869
2	55	49	1,533
2	55	56	0,908
2	55	57	6,212
2	55	65	12,047
2	55	68	14,974
2	55	73	9,571
2	55	79	2,185
2	55	81	3,76
2	55	82	0,669
2	55	83	1,637
2	56	9	5,002
2	56	19	5,498
2	56	21	8,264
2	56	22	1,924
2	56	26	5,727
2	56	27	33,635
2	56	35	3,928
2	56	45	4,035
2	56	46	1,539
2	56	48	11,652
2	56	49	5,354
2	56	55	3,388
2	56	57	0,824
2	56	65	5,332
2	56	68	1,431
2	56	73	2,812
2	56	79	8,82
2	56	81	28,15
2	56	82	4,549
2	56	83	4,064
2	57	9	10,742
2	57	19	13,044
2	57	21	4,35
2	57	22	15,004
2	57	26	1,731
2	57	27	4,211
2	57	35	6,532
2	57	45	1,84
2	57	46	2,594
2	57	48	2,675
2	57	49	0,506
2	57	55	6,157
2	57	56	17,65
2	57	65	1,195
2	57	68	5,183
2	57	73	9,513
2	57	79	14,721
2	57	81	2,793
2	57	82	7,024
2	57	83	0,571
2	65	9	6,147
2	65	19	1,409
2	65	21	10,865
2	65	22	13,596
2	65	26	16,921
2	65	27	1,198
2	65	35	2,862
2	65	45	0,804
2	65	46	3,544
2	65	48	7,146
2	65	49	9,347
2	65	55	1,36
2	65	56	2,879
2	65	57	8,519
2	65	68	6,927
2	65	73	2,539
2	65	79	0,84
2	65	81	5,174
2	65	82	7,665
2	65	83	3,908
2	68	9	5,129
2	68	19	3,174
2	68	21	15,148
2	68	22	1,302
2	68	26	8,102
2	68	27	1,02
2	68	35	1,048
2	68	45	3,045
2	68	46	7,627
2	68	48	6,654
2	68	49	18,764
2	68	55	0,839
2	68	56	6,788
2	68	57	3,115
2	68	65	7,511
2	68	73	1,961
2	68	79	1,198
2	68	81	4,189
2	68	82	1,707
2	68	83	2,175
2	73	9	12,157
2	73	19	1,259
2	73	21	5,742
2	73	22	3,631
2	73	26	9,972
2	73	27	3,541
2	73	35	20,172
2	73	45	2,398
2	73	46	2,592
2	73	48	15,634
2	73	49	21,785
2	73	55	16,118
2	73	56	1,391
2	73	57	25,16
2	73	65	4,011
2	73	68	11,447
2	73	79	7,662
2	73	81	24,384
2	73	82	13,626
2	73	83	5,912
2	79	9	1,389
2	79	19	3,062
2	79	21	4,207
2	79	22	12,177
2	79	26	1,384
2	79	27	0,931
2	79	35	6,449
2	79	45	0,772
2	79	46	1,732
2	79	48	1,253
2	79	49	1,989
2	79	55	6,085
2	79	56	7,023
2	79	57	0,598
2	79	65	6,609
2	79	68	6,63
2	79	73	4,839
2	79	81	1,46
2	79	82	5,433
2	79	83	2,647
2	81	9	3,518
2	81	19	4,276
2	81	21	14,388
2	81	22	4,279
2	81	26	5,648
2	81	27	5,827
2	81	35	6,326
2	81	45	1,775
2	81	46	6,426
2	81	48	4,319
2	81	49	4,177
2	81	55	10,962
2	81	56	2,267
2	81	57	4,297
2	81	65	9,438
2	81	68	2,492
2	81	73	31,67
2	81	79	14,674
2	81	82	2,355
2	81	83	17,141
2	82	9	9,383
2	82	19	7,36
2	82	21	12,49
2	82	22	14,62
2	82	26	2,032
2	82	27	0,67
2	82	35	1,951
2	82	45	1,437
2	82	46	6,507
2	82	48	2,054
2	82	49	2,452
2	82	55	27,406
2	82	56	8,983
2	82	57	5,362
2	82	65	3,213
2	82	68	0,917
2	82	73	5,919
2	82	79	3,556
2	82	81	12,11
2	82	83	10,272
2	83	9	6,141
2	83	19	18,801
2	83	21	2,722
2	83	22	1,917
2	83	26	2,606
2	83	27	1,076
2	83	35	11,718
2	83	45	5,315
2	83	46	2,216
2	83	48	10,421
2	83	49	4,444
2	83	55	12,128
2	83	56	7,843
2	83	57	3,46
2	83	65	7,13
2	83	68	0,56
2	83	73	0,554
2	83	79	8,022
2	83	81	2,93
2	83	82	14,373
3	6	7	15,525
3	6	11	11,309
3	6	13	2,847
3	6	21	7,428
3	6	25	0,713
3	6	26	21,656
3	6	32	3,585
3	6	34	6,911
3	6	42	3,206
3	6	45	2,149
3	6	46	11,911
3	6	48	1,579
3	6	71	0,617
3	6	72	3,883
3	6	85	11,205
3	6	87	1,164
3	6	88	5,198
3	6	90	10,174
3	6	99	14,686
3	7	6	3,701
3	7	11	9,224
3	7	13	5,329
3	7	21	22,8
3	7	25	26,264
3	7	26	3,159
3	7	32	6,655
3	7	34	8,015
3	7	42	6,35
3	7	45	4,652
3	7	46	2,727
3	7	48	1,336
3	7	71	1,814
3	7	72	11,082
3	7	85	10,601
3	7	87	2,292
3	7	88	35,966
3	7	90	7,51
3	7	99	0,936
3	11	6	0,682
3	11	7	3,564
3	11	13	7,705
3	11	21	3,264
3	11	25	12,294
3	11	26	4,917
3	11	32	6,804
3	11	34	2,211
3	11	42	1,435
3	11	45	24,357
3	11	46	1,354
3	11	48	15,02
3	11	71	9,961
3	11	72	6,198
3	11	85	11,571
3	11	87	4,367
3	11	88	21,825
3	11	90	2,158
3	11	99	0,575
3	13	6	18,448
3	13	7	4,57
3	13	11	6,519
3	13	21	1,263
3	13	25	3,702
3	13	26	5,7
3	13	32	8,084
3	13	34	1,525
3	13	42	2,743
3	13	45	4,787
3	13	46	5,613
3	13	48	14,888
3	13	71	1,394
3	13	72	3,308
3	13	85	5,164
3	13	87	2
3	13	88	3,715
3	13	90	11,562
3	13	99	2,729
3	21	6	3,36
3	21	7	1,369
3	21	11	3,485
3	21	13	14,915
3	21	25	0,696
3	21	26	3,368
3	21	32	10,594
3	21	34	4,866
3	21	42	2,73
3	21	45	7,372
3	21	46	0,851
3	21	48	4,605
3	21	71	7,862
3	21	72	4,685
3	21	85	1,002
3	21	87	0,928
3	21	88	13,507
3	21	90	5,096
3	21	99	39,38
3	25	6	3,59
3	25	7	29,226
3	25	11	0,798
3	25	13	5,018
3	25	21	7,216
3	25	26	6,323
3	25	32	13,722
3	25	34	6,724
3	25	42	12,539
3	25	45	3,835
3	25	46	9,519
3	25	48	2,686
3	25	71	1,833
3	25	72	4,375
3	25	85	12,193
3	25	87	8,07
3	25	88	13,022
3	25	90	6,543
3	25	99	6,395
3	26	6	4,438
3	26	7	5,802
3	26	11	1,954
3	26	13	9,075
3	26	21	5,967
3	26	25	1,304
3	26	32	4,857
3	26	34	1,081
3	26	42	2,435
3	26	45	7,554
3	26	46	5,99
3	26	48	2,552
3	26	71	23,158
3	26	72	1,807
3	26	85	7,368
3	26	87	1,054
3	26	88	0,808
3	26	90	2,698
3	26	99	3,015
3	32	6	2,073
3	32	7	7,706
3	32	11	14,965
3	32	13	3,898
3	32	21	12,582
3	32	25	13,451
3	32	26	19,356
3	32	34	19,681
3	32	42	5,573
3	32	45	3,17
3	32	46	17,14
3	32	48	2,969
3	32	71	10,419
3	32	72	1,85
3	32	85	1,19
3	32	87	3,148
3	32	88	6,284
3	32	90	7,102
3	32	99	9,289
3	34	6	5,965
3	34	7	4,245
3	34	11	3,44
3	34	13	9,197
3	34	21	7,162
3	34	25	0,817
3	34	26	0,765
3	34	32	2,962
3	34	42	21,489
3	34	45	3,149
3	34	46	13,935
3	34	48	21,536
3	34	71	5,045
3	34	72	6,062
3	34	85	1,835
3	34	87	0,657
3	34	88	3,037
3	34	90	2,926
3	34	99	1,454
3	42	6	4,786
3	42	7	2,728
3	42	11	2,382
3	42	13	0,908
3	42	21	11,814
3	42	25	30,907
3	42	26	3,789
3	42	32	5,245
3	42	34	0,654
3	42	45	1,511
3	42	46	7,991
3	42	48	5,261
3	42	71	5,894
3	42	72	2,867
3	42	85	4,694
3	42	87	33,955
3	42	88	4,932
3	42	90	8,761
3	42	99	2,161
3	45	6	6,026
3	45	7	2,085
3	45	11	1,163
3	45	13	4,855
3	45	21	0,972
3	45	25	3,455
3	45	26	6,405
3	45	32	0,956
3	45	34	15,595
3	45	42	5,451
3	45	46	2,915
3	45	48	4,165
3	45	71	7,09
3	45	72	0,737
3	45	85	3,085
3	45	87	6,054
3	45	88	15,442
3	45	90	0,918
3	45	99	15,233
3	46	6	2,683
3	46	7	7,395
3	46	11	0,877
3	46	13	6,407
3	46	21	7,838
3	46	25	0,647
3	46	26	3,331
3	46	32	6,169
3	46	34	4,987
3	46	42	6,164
3	46	45	6,502
3	46	48	4,935
3	46	71	15,673
3	46	72	0,571
3	46	85	2,309
3	46	87	5,38
3	46	88	1,008
3	46	90	8,691
3	46	99	3,192
3	48	6	0,896
3	48	7	2,907
3	48	11	8,662
3	48	13	11,793
3	48	21	7,969
3	48	25	7,689
3	48	26	5,081
3	48	32	3,448
3	48	34	8,096
3	48	42	3,578
3	48	45	3,392
3	48	46	7,347
3	48	71	0,77
3	48	72	8,464
3	48	85	3,868
3	48	87	15,605
3	48	88	9,412
3	48	90	3,411
3	48	99	13,918
3	71	6	13,426
3	71	7	10,5
3	71	11	1,86
3	71	13	2,853
3	71	21	24,417
3	71	25	5,829
3	71	26	9,643
3	71	32	1,542
3	71	34	5,969
3	71	42	0,909
3	71	45	2,44
3	71	46	22,111
3	71	48	3,006
3	71	72	0,736
3	71	85	20,309
3	71	87	1,541
3	71	88	9,041
3	71	90	10,309
3	71	99	1,815
3	72	6	14,098
3	72	7	1,9
3	72	11	1,808
3	72	13	3,131
3	72	21	0,993
3	72	25	11,817
3	72	26	14,452
3	72	32	9,503
3	72	34	0,506
3	72	42	13,044
3	72	45	7,705
3	72	46	0,567
3	72	48	5,536
3	72	71	10,441
3	72	85	6,599
3	72	87	2,064
3	72	88	1,289
3	72	90	0,844
3	72	99	4,895
3	85	6	2,847
3	85	7	3,982
3	85	11	8,735
3	85	13	11,298
3	85	21	1,322
3	85	25	9,004
3	85	26	3,57
3	85	32	7,725
3	85	34	5,765
3	85	42	6,094
3	85	45	15,204
3	85	46	18,401
3	85	48	2,992
3	85	71	5,574
3	85	72	2,353
3	85	87	3,237
3	85	88	5,147
3	85	90	21,978
3	85	99	4,265
3	87	6	5,876
3	87	7	10,811
3	87	11	9,553
3	87	13	2,331
3	87	21	17,291
3	87	25	12,662
3	87	26	7,113
3	87	32	9,95
3	87	34	14,027
3	87	42	2,167
3	87	45	24,839
3	87	46	5,6
3	87	48	1,935
3	87	71	2,621
3	87	72	1,009
3	87	85	4,746
3	87	88	8,706
3	87	90	14,616
3	87	99	8,255
3	88	6	4,285
3	88	7	0,706
3	88	11	9,815
3	88	13	3,26
3	88	21	15,621
3	88	25	4,991
3	88	26	2,504
3	88	32	3,299
3	88	34	3,295
3	88	42	1,83
3	88	45	11,133
3	88	46	9,072
3	88	48	15,433
3	88	71	1,827
3	88	72	1,218
3	88	85	6,353
3	88	87	1,979
3	88	90	5,192
3	88	99	1,09
3	90	6	1,935
3	90	7	1,531
3	90	11	6,067
3	90	13	12,253
3	90	21	16,045
3	90	25	6,384
3	90	26	11,112
3	90	32	5,517
3	90	34	0,53
3	90	42	0,9
3	90	45	3,822
3	90	46	5,971
3	90	48	2,271
3	90	71	1,714
3	90	72	2,788
3	90	85	2,642
3	90	87	2,021
3	90	88	2,841
3	90	99	0,927
3	99	6	5,897
3	99	7	0,576
3	99	11	9,439
3	99	13	1,5
3	99	21	5,925
3	99	25	3,249
3	99	26	0,751
3	99	32	2,831
3	99	34	1,391
3	99	42	1,265
3	99	45	4,909
3	99	46	2,214
3	99	48	1,443
3	99	71	2,521
3	99	72	1,431
3	99	85	22,437
3	99	87	3,381
3	99	88	6,129
3	99	90	1,366
4	1	2	2,499
4	1	3	3,361
4	1	4	11,406
4	1	12	1,491
4	1	15	1,774
4	1	18	6,094
4	1	22	6,237
4	1	30	2,665
4	1	33	3,855
4	1	38	0,626
4	1	50	1,994
4	1	51	2,182
4	1	53	5,056
4	1	57	2,976
4	1	58	2,777
4	1	60	7,097
4	1	64	9,63
4	1	72	11,03
4	1	73	1,617
4	1	74	2,648
4	1	78	1,208
4	1	79	3,763
4	1	84	0,704
4	1	85	3,299
4	1	97	9,901
4	2	1	4,837
4	2	3	8,561
4	2	4	10,137
4	2	12	9,125
4	2	15	0,507
4	2	18	4,394
4	2	22	2,031
4	2	30	2,594
4	2	33	4,495
4	2	38	3,087
4	2	50	2,364
4	2	51	1,192
4	2	53	5,565
4	2	57	6,883
4	2	58	3,933
4	2	60	1,544
4	2	64	3,961
4	2	72	4,366
4	2	73	10,617
4	2	74	2,406
4	2	78	2,568
4	2	79	30,478
4	2	84	14,206
4	2	85	2,609
4	2	97	28,721
4	3	1	2,749
4	3	2	3,066
4	3	4	6,209
4	3	12	0,833
4	3	15	11,119
4	3	18	4,433
4	3	22	3,679
4	3	30	0,966
4	3	33	3,622
4	3	38	6,629
4	3	50	1,95
4	3	51	1,953
4	3	53	16,214
4	3	57	4,139
4	3	58	7,988
4	3	60	2,828
4	3	64	27,622
4	3	72	2,968
4	3	73	1,938
4	3	74	9,199
4	3	78	3,705
4	3	79	4,653
4	3	84	1,283
4	3	85	11,492
4	3	97	28,159
4	4	1	9,523
4	4	2	5,953
4	4	3	8,343
4	4	12	6,087
4	4	15	6,276
4	4	18	5,46
4	4	22	3,289
4	4	30	9,473
4	4	33	10,922
4	4	38	17,294
4	4	50	6,596
4	4	51	0,816
4	4	53	3,047
4	4	57	6,018
4	4	58	5,56
4	4	60	1,471
4	4	64	0,906
4	4	72	5,426
4	4	73	9,047
4	4	74	8,255
4	4	78	6,983
4	4	79	2,155
4	4	84	11,492
4	4	85	2,35
4	4	97	3,074
4	12	1	6,961
4	12	2	8,717
4	12	3	2,747
4	12	4	3,58
4	12	15	9,665
4	12	18	5,076
4	12	22	0,763
4	12	30	3,901
4	12	33	17,327
4	12	38	12,975
4	12	50	2,804
4	12	51	1,804
4	12	53	1,015
4	12	57	2,15
4	12	58	3,171
4	12	60	2,086
4	12	64	7,303
4	12	72	8,064
4	12	73	0,69
4	12	74	3,192
4	12	78	3,573
4	12	79	0,622
4	12	84	5,9
4	12	85	4,839
4	12	97	7,087
4	15	1	4,397
4	15	2	1,655
4	15	3	6,843
4	15	4	6,788
4	15	12	1,158
4	15	18	39,427
4	15	22	0,518
4	15	30	18,668
4	15	33	12,2
4	15	38	4,29
4	15	50	8,736
4	15	51	2,277
4	15	53	4,27
4	15	57	34,358
4	15	58	1,268
4	15	60	4,632
4	15	64	1,857
4	15	72	3,573
4	15	73	2,953
4	15	74	14,775
4	15	78	5,768
4	15	79	8,457
4	15	84	2,693
4	15	85	3,07
4	15	97	5,618
4	18	1	2,17
4	18	2	4,783
4	18	3	2,336
4	18	4	2,739
4	18	12	20,767
4	18	15	6,874
4	18	22	12,892
4	18	30	8,361
4	18	33	2,403
4	18	38	3,534
4	18	50	6,249
4	18	51	5,2
4	18	53	5,234
4	18	57	2,57
4	18	58	1,784
4	18	60	5,475
4	18	64	0,91
4	18	72	7,369
4	18	73	7,169
4	18	74	0,777
4	18	78	2,405
4	18	79	2,339
4	18	84	3,202
4	18	85	1,409
4	18	97	3,052
4	22	1	5,806
4	22	2	8,275
4	22	3	25,342
4	22	4	4,324
4	22	12	17,366
4	22	15	1,191
4	22	18	3,624
4	22	30	1,165
4	22	33	16,406
4	22	38	3,764
4	22	50	0,916
4	22	51	5,816
4	22	53	0,55
4	22	57	2,62
4	22	58	0,715
4	22	60	5,253
4	22	64	9,509
4	22	72	25,065
4	22	73	0,959
4	22	74	4,859
4	22	78	20,667
4	22	79	9,523
4	22	84	12,689
4	22	85	2,273
4	22	97	0,93
4	30	1	7,17
4	30	2	1,371
4	30	3	4,228
4	30	4	1,062
4	30	12	2,296
4	30	15	2,664
4	30	18	0,87
4	30	22	29,228
4	30	33	3,192
4	30	38	3,245
4	30	50	8,977
4	30	51	10,198
4	30	53	2,692
4	30	57	9,618
4	30	58	5,166
4	30	60	6,319
4	30	64	2,4
4	30	72	2,188
4	30	73	5,172
4	30	74	1,393
4	30	78	9,2
4	30	79	4,302
4	30	84	7,725
4	30	85	4,508
4	30	97	4,425
4	33	1	8,023
4	33	2	4,596
4	33	3	9,062
4	33	4	41,192
4	33	12	8,57
4	33	15	1,999
4	33	18	8,195
4	33	22	3,351
4	33	30	10,921
4	33	38	7,422
4	33	50	11,18
4	33	51	6,171
4	33	53	3,927
4	33	57	6,295
4	33	58	7,06
4	33	60	25,751
4	33	64	5,788
4	33	72	1,42
4	33	73	13,456
4	33	74	7,977
4	33	78	9,147
4	33	79	19,409
4	33	84	7,298
4	33	85	0,714
4	33	97	0,979
4	38	1	0,51
4	38	2	1,134
4	38	3	6,091
4	38	4	12,098
4	38	12	3,036
4	38	15	15,145
4	38	18	0,849
4	38	22	0,624
4	38	30	3,011
4	38	33	1,946
4	38	50	0,727
4	38	51	11,336
4	38	53	3,671
4	38	57	8,271
4	38	58	8,712
4	38	60	19,891
4	38	64	1,894
4	38	72	4,33
4	38	73	12,417
4	38	74	4,013
4	38	78	2,396
4	38	79	0,982
4	38	84	10,314
4	38	85	8,641
4	38	97	1,25
4	50	1	3,531
4	50	2	12,654
4	50	3	8,52
4	50	4	1,116
4	50	12	12,035
4	50	15	2,43
4	50	18	2,498
4	50	22	10,955
4	50	30	3,791
4	50	33	8,491
4	50	38	3,334
4	50	51	1,45
4	50	53	21,083
4	50	57	2,286
4	50	58	1,506
4	50	60	2,119
4	50	64	2,828
4	50	72	1,995
4	50	73	6,799
4	50	74	1,309
4	50	78	16,056
4	50	79	3,894
4	50	84	10,471
4	50	85	4,384
4	50	97	1,171
4	51	1	6,304
4	51	2	19,346
4	51	3	0,625
4	51	4	1,982
4	51	12	12,979
4	51	15	2,845
4	51	18	20,876
4	51	22	2,875
4	51	30	0,644
4	51	33	3,894
4	51	38	7,314
4	51	50	0,666
4	51	53	0,924
4	51	57	5,518
4	51	58	2,448
4	51	60	7,833
4	51	64	9,095
4	51	72	7,411
4	51	73	1,035
4	51	74	2,476
4	51	78	2,47
4	51	79	4,597
4	51	84	4,518
4	51	85	9,224
4	51	97	4,363
4	53	1	14,157
4	53	2	16,333
4	53	3	8,381
4	53	4	4,974
4	53	12	0,824
4	53	15	9,279
4	53	18	3,731
4	53	22	9,965
4	53	30	3,733
4	53	33	10,15
4	53	38	1,438
4	53	50	6,833
4	53	51	25,96
4	53	57	4,694
4	53	58	2,972
4	53	60	14,179
4	53	64	9,969
4	53	72	1,33
4	53	73	26,314
4	53	74	28,66
4	53	78	1,197
4	53	79	1,39
4	53	84	1,013
4	53	85	4,065
4	53	97	10,449
4	57	1	2,078
4	57	2	1,332
4	57	3	3,266
4	57	4	11,95
4	57	12	12,224
4	57	15	0,814
4	57	18	7,355
4	57	22	3,865
4	57	30	1,269
4	57	33	7,198
4	57	38	4,028
4	57	50	2,012
4	57	51	5,009
4	57	53	6,604
4	57	58	4,297
4	57	60	2,41
4	57	64	5,595
4	57	72	1,194
4	57	73	4,282
4	57	74	2,798
4	57	78	2,777
4	57	79	0,93
4	57	84	0,807
4	57	85	2,675
4	57	97	4,273
4	58	1	1,939
4	58	2	40,737
4	58	3	5,499
4	58	4	2,453
4	58	12	2,188
4	58	15	3,469
4	58	18	11,127
4	58	22	6,824
4	58	30	4,824
4	58	33	5,067
4	58	38	6,282
4	58	50	2,892
4	58	51	2,138
4	58	53	3,585
4	58	57	6,205
4	58	60	9,91
4	58	64	1,854
4	58	72	3,031
4	58	73	11,753
4	58	74	7,554
4	58	78	0,724
4	58	79	7,519
4	58	84	6,343
4	58	85	10,334
4	58	97	2,754
4	60	1	3,694
4	60	2	15,42
4	60	3	2,523
4	60	4	3,462
4	60	12	19,387
4	60	15	2,54
4	60	18	10,396
4	60	22	3,962
4	60	30	15,444
4	60	33	13,285
4	60	38	2,966
4	60	50	7,158
4	60	51	0,896
4	60	53	3,778
4	60	57	28,113
4	60	58	0,58
4	60	64	14,078
4	60	72	1,245
4	60	73	2,257
4	60	74	1,913
4	60	78	1,086
4	60	79	3,672
4	60	84	0,842
4	60	85	1,909
4	60	97	5,786
4	64	1	2,405
4	64	2	19,259
4	64	3	4,073
4	64	4	1,987
4	64	12	2,508
4	64	15	6,045
4	64	18	3,154
4	64	22	8,466
4	64	30	1,551
4	64	33	5,148
4	64	38	19,999
4	64	50	0,82
4	64	51	0,744
4	64	53	7,659
4	64	57	1,185
4	64	58	2,971
4	64	60	6,737
4	64	72	8,654
4	64	73	6,56
4	64	74	2,558
4	64	78	6,029
4	64	79	4,686
4	64	84	6,737
4	64	85	1,03
4	64	97	1,671
4	72	1	9,662
4	72	2	3,721
4	72	3	3,917
4	72	4	3,923
4	72	12	1,34
4	72	15	5,252
4	72	18	5,727
4	72	22	2,839
4	72	30	4,016
4	72	33	1,29
4	72	38	0,781
4	72	50	7,43
4	72	51	24,731
4	72	53	4,804
4	72	57	15,9
4	72	58	9,574
4	72	60	4,908
4	72	64	2,5
4	72	73	39,678
4	72	74	1,08
4	72	78	0,654
4	72	79	5,007
4	72	84	2,184
4	72	85	18,826
4	72	97	1,464
4	73	1	4,226
4	73	2	3,358
4	73	3	2,435
4	73	4	4,412
4	73	12	0,704
4	73	15	7,104
4	73	18	3,735
4	73	22	10,068
4	73	30	19,6
4	73	33	14,575
4	73	38	1,648
4	73	50	7,689
4	73	51	1,886
4	73	53	16,334
4	73	57	3,829
4	73	58	3,853
4	73	60	3,08
4	73	64	5,47
4	73	72	8,77
4	73	74	3,953
4	73	78	6,367
4	73	79	5,91
4	73	84	11,466
4	73	85	11,776
4	73	97	16,035
4	74	1	1,558
4	74	2	3,493
4	74	3	2,32
4	74	4	5,07
4	74	12	7,623
4	74	15	3,222
4	74	18	2,164
4	74	22	5,698
4	74	30	4,847
4	74	33	4,049
4	74	38	6,331
4	74	50	3,03
4	74	51	4,923
4	74	53	1,676
4	74	57	8,926
4	74	58	15,135
4	74	60	0,841
4	74	64	6,686
4	74	72	9,813
4	74	73	1,369
4	74	78	20,146
4	74	79	14,282
4	74	84	5,645
4	74	85	0,542
4	74	97	3,639
4	78	1	5,123
4	78	2	0,58
4	78	3	1,823
4	78	4	8,078
4	78	12	3,477
4	78	15	4,077
4	78	18	0,676
4	78	22	6,21
4	78	30	3,934
4	78	33	4,662
4	78	38	6,814
4	78	50	12,213
4	78	51	2,741
4	78	53	3,736
4	78	57	2,455
4	78	58	15,472
4	78	60	1,957
4	78	64	5,007
4	78	72	3,434
4	78	73	3,036
4	78	74	5,922
4	78	79	31,988
4	78	84	3,63
4	78	85	17,054
4	78	97	2,306
4	79	1	6,501
4	79	2	14,377
4	79	3	7,393
4	79	4	27,849
4	79	12	2,332
4	79	15	3,211
4	79	18	1,782
4	79	22	3,835
4	79	30	6,396
4	79	33	0,698
4	79	38	4,892
4	79	50	2,436
4	79	51	6,14
4	79	53	1,345
4	79	57	1,218
4	79	58	8,6
4	79	60	1,465
4	79	64	9,168
4	79	72	13,058
4	79	73	7,19
4	79	74	0,975
4	79	78	1,351
4	79	84	3,62
4	79	85	0,869
4	79	97	2,648
4	84	1	3,458
4	84	2	2,165
4	84	3	1,013
4	84	4	0,673
4	84	12	4,945
4	84	15	2,293
4	84	18	2,644
4	84	22	9,348
4	84	30	1,164
4	84	33	1,798
4	84	38	11,014
4	84	50	19,412
4	84	51	4,149
4	84	53	13,44
4	84	57	2,172
4	84	58	2,622
4	84	60	8,442
4	84	64	11,988
4	84	72	13,151
4	84	73	5,238
4	84	74	4,88
4	84	78	4,356
4	84	79	11,51
4	84	85	6,175
4	84	97	0,803
4	85	1	1,828
4	85	2	9,388
4	85	3	14,494
4	85	4	2,762
4	85	12	1,901
4	85	15	8,322
4	85	18	16,962
4	85	22	29,935
4	85	30	1,418
4	85	33	1,443
4	85	38	3,03
4	85	50	25,307
4	85	51	2,682
4	85	53	1,011
4	85	57	0,871
4	85	58	19,58
4	85	60	3,365
4	85	64	0,924
4	85	72	2,973
4	85	73	4,302
4	85	74	1,202
4	85	78	1,84
4	85	79	3,352
4	85	84	8,548
4	85	97	3,25
4	97	1	0,616
4	97	2	23,674
4	97	3	10,365
4	97	4	4,86
4	97	12	1,17
4	97	15	8,054
4	97	18	2,33
4	97	22	5,045
4	97	30	1,426
4	97	33	1,545
4	97	38	8,985
4	97	50	3,596
4	97	51	1,647
4	97	53	3,726
4	97	57	6,557
4	97	58	3,272
4	97	60	1,495
4	97	64	2,295
4	97	72	9,324
4	97	73	2,181
4	97	74	2,126
4	97	78	1,558
4	97	79	2,414
4	97	84	1,929
4	97	85	4,4
5	2	7	10,549
5	2	12	0,889
5	2	14	18,321
5	2	18	2,214
5	2	21	4,882
5	2	26	1,108
5	2	36	0,83
5	2	38	2,828
5	2	40	5,699
5	2	44	6,279
5	2	45	1,777
5	2	47	5,313
5	2	48	16,144
5	2	51	6,976
5	2	52	11,095
5	2	54	5,884
5	2	57	3,315
5	2	58	4,746
5	2	61	9,096
5	2	62	3,465
5	2	63	24,237
5	2	65	1,201
5	2	71	3,433
5	2	81	5,441
5	2	83	3,298
5	2	88	8,34
5	2	92	6,508
5	2	94	1,711
5	7	2	2,647
5	7	12	2,399
5	7	14	4,108
5	7	18	0,527
5	7	21	2,799
5	7	26	1,91
5	7	36	1,896
5	7	38	1,154
5	7	40	4,439
5	7	44	2,773
5	7	45	2,979
5	7	47	1,963
5	7	48	4,727
5	7	51	2,271
5	7	52	1,063
5	7	54	4,252
5	7	57	0,72
5	7	58	1,466
5	7	61	6,551
5	7	62	6,267
5	7	63	18,02
5	7	65	21,413
5	7	71	3,241
5	7	81	1,6
5	7	83	2,382
5	7	88	9,751
5	7	92	11,805
5	7	94	21,925
5	12	2	1,549
5	12	7	2,31
5	12	14	2,511
5	12	18	5,643
5	12	21	3,941
5	12	26	9,199
5	12	36	7,172
5	12	38	37,831
5	12	40	13,267
5	12	44	2,683
5	12	45	2,528
5	12	47	14,435
5	12	48	0,939
5	12	51	1,232
5	12	52	4,527
5	12	54	2,931
5	12	57	2,005
5	12	58	1,547
5	12	61	2,542
5	12	62	0,884
5	12	63	10,626
5	12	65	33,902
5	12	71	37,989
5	12	81	12,026
5	12	83	1,055
5	12	88	2,091
5	12	92	5,642
5	12	94	8,292
5	14	2	1,095
5	14	7	1,28
5	14	12	3,816
5	14	18	4,512
5	14	21	6,587
5	14	26	9,253
5	14	36	5,362
5	14	38	5,558
5	14	40	14,064
5	14	44	1,204
5	14	45	9,659
5	14	47	9,018
5	14	48	13,329
5	14	51	15,233
5	14	52	1,074
5	14	54	4,401
5	14	57	3,001
5	14	58	4,904
5	14	61	2,338
5	14	62	14,71
5	14	63	3,381
5	14	65	7,693
5	14	71	3,148
5	14	81	20,192
5	14	83	2,342
5	14	88	42,353
5	14	92	14,18
5	14	94	5,685
5	18	2	8,536
5	18	7	7,28
5	18	12	7,059
5	18	14	0,524
5	18	21	1,441
5	18	26	1,769
5	18	36	9,671
5	18	38	1,462
5	18	40	0,913
5	18	44	25,789
5	18	45	10,142
5	18	47	4,688
5	18	48	6,264
5	18	51	2,78
5	18	52	4,065
5	18	54	2,69
5	18	57	1,548
5	18	58	0,724
5	18	61	9,844
5	18	62	4,837
5	18	63	13,266
5	18	65	1,453
5	18	71	0,85
5	18	81	22,99
5	18	83	6,211
5	18	88	4,928
5	18	92	3,089
5	18	94	9,204
5	21	2	7,155
5	21	7	1,829
5	21	12	4,807
5	21	14	7,557
5	21	18	1,825
5	21	26	5,957
5	21	36	8,774
5	21	38	5,635
5	21	40	2,872
5	21	44	0,658
5	21	45	2,279
5	21	47	4,821
5	21	48	1,576
5	21	51	6,647
5	21	52	2,69
5	21	54	6,171
5	21	57	1,612
5	21	58	3,089
5	21	61	10,669
5	21	62	30,699
5	21	63	10,6
5	21	65	5,845
5	21	71	4,7
5	21	81	7,924
5	21	83	45,621
5	21	88	6,307
5	21	92	6,709
5	21	94	0,638
5	26	2	4,928
5	26	7	2,863
5	26	12	0,725
5	26	14	19,224
5	26	18	5,094
5	26	21	6,256
5	26	36	7,738
5	26	38	1,774
5	26	40	3,916
5	26	44	3,856
5	26	45	0,958
5	26	47	20,64
5	26	48	1,243
5	26	51	13,471
5	26	52	7,205
5	26	54	10,467
5	26	57	7,54
5	26	58	1,413
5	26	61	6,49
5	26	62	1,259
5	26	63	17,991
5	26	65	2,46
5	26	71	4,311
5	26	81	10,715
5	26	83	2,459
5	26	88	3,942
5	26	92	0,724
5	26	94	15,35
5	36	2	9,207
5	36	7	4,98
5	36	12	19,324
5	36	14	1,636
5	36	18	2,61
5	36	21	2,568
5	36	26	8,161
5	36	38	7,226
5	36	40	7,834
5	36	44	3,879
5	36	45	3,012
5	36	47	4,859
5	36	48	2,416
5	36	51	4,467
5	36	52	1,976
5	36	54	6,379
5	36	57	4,053
5	36	58	2,528
5	36	61	8,474
5	36	62	0,73
5	36	63	4,798
5	36	65	0,881
5	36	71	3,116
5	36	81	2,984
5	36	83	5,666
5	36	88	0,995
5	36	92	1,488
5	36	94	4,379
5	38	2	8,902
5	38	7	5,948
5	38	12	5,895
5	38	14	5,867
5	38	18	2,456
5	38	21	12,075
5	38	26	10,227
5	38	36	3,391
5	38	40	3,524
5	38	44	10,33
5	38	45	4,254
5	38	47	0,765
5	38	48	3,401
5	38	51	9,712
5	38	52	15,837
5	38	54	15,415
5	38	57	9,231
5	38	58	5,314
5	38	61	5,506
5	38	62	1,624
5	38	63	11,068
5	38	65	2,001
5	38	71	6,179
5	38	81	3,035
5	38	83	14,189
5	38	88	1,36
5	38	92	8,392
5	38	94	7,771
5	40	2	0,909
5	40	7	8,647
5	40	12	0,508
5	40	14	3,304
5	40	18	2,645
5	40	21	6,901
5	40	26	9,052
5	40	36	15,963
5	40	38	3,913
5	40	44	0,998
5	40	45	8,565
5	40	47	1,508
5	40	48	20,977
5	40	51	0,721
5	40	52	16,625
5	40	54	1,507
5	40	57	3,103
5	40	58	4,96
5	40	61	1,17
5	40	62	8,312
5	40	63	2,83
5	40	65	10,475
5	40	71	1,947
5	40	81	4,121
5	40	83	6,642
5	40	88	0,791
5	40	92	4,246
5	40	94	0,587
5	44	2	6,282
5	44	7	2,667
5	44	12	6,253
5	44	14	2,471
5	44	18	8,92
5	44	21	2,664
5	44	26	1,924
5	44	36	3,597
5	44	38	2,63
5	44	40	3,223
5	44	45	0,993
5	44	47	2,142
5	44	48	0,817
5	44	51	6,846
5	44	52	2,76
5	44	54	7,387
5	44	57	9,692
5	44	58	1,282
5	44	61	5,23
5	44	62	4,456
5	44	63	7,518
5	44	65	17,287
5	44	71	2,696
5	44	81	13,095
5	44	83	1,469
5	44	88	2,856
5	44	92	5,383
5	44	94	0,944
5	45	2	37,773
5	45	7	3,314
5	45	12	3,213
5	45	14	5,505
5	45	18	9,325
5	45	21	1,488
5	45	26	0,514
5	45	36	32,272
5	45	38	3,542
5	45	40	0,672
5	45	44	4,85
5	45	47	21,703
5	45	48	0,806
5	45	51	1,432
5	45	52	1,314
5	45	54	10,616
5	45	57	2,446
5	45	58	12,68
5	45	61	13,223
5	45	62	13,993
5	45	63	2,362
5	45	65	24,836
5	45	71	2,847
5	45	81	4,564
5	45	83	4,367
5	45	88	1,232
5	45	92	2,009
5	45	94	5,987
5	47	2	0,908
5	47	7	6,453
5	47	12	10,573
5	47	14	1,245
5	47	18	1,093
5	47	21	4,899
5	47	26	7,411
5	47	36	1,468
5	47	38	1,825
5	47	40	15,591
5	47	44	4,743
5	47	45	1,604
5	47	48	6,088
5	47	51	2,79
5	47	52	0,594
5	47	54	2,203
5	47	57	2,801
5	47	58	3,912
5	47	61	1,379
5	47	62	15,254
5	47	63	4,657
5	47	65	2,44
5	47	71	4,081
5	47	81	14,123
5	47	83	1,318
5	47	88	2,077
5	47	92	21,93
5	47	94	19,696
5	48	2	6,941
5	48	7	5,808
5	48	12	3,273
5	48	14	5,882
5	48	18	3,116
5	48	21	7,11
5	48	26	32,417
5	48	36	4,001
5	48	38	3,238
5	48	40	2,893
5	48	44	2,06
5	48	45	4,957
5	48	47	6,814
5	48	51	7,182
5	48	52	1,018
5	48	54	3,934
5	48	57	3,606
5	48	58	2,703
5	48	61	0,699
5	48	62	1,366
5	48	63	7,834
5	48	65	2,558
5	48	71	9,908
5	48	81	0,847
5	48	83	0,683
5	48	88	4,881
5	48	92	3,121
5	48	94	2,181
5	51	2	0,882
5	51	7	5,373
5	51	12	5,717
5	51	14	6,695
5	51	18	6,512
5	51	21	13,683
5	51	26	10,557
5	51	36	4,719
5	51	38	1,794
5	51	40	4,03
5	51	44	1,505
5	51	45	2,776
5	51	47	1,896
5	51	48	4,079
5	51	52	9,426
5	51	54	1,865
5	51	57	6,862
5	51	58	3,892
5	51	61	0,896
5	51	62	6,008
5	51	63	13,223
5	51	65	7,429
5	51	71	7,115
5	51	81	1,498
5	51	83	1,374
5	51	88	3,132
5	51	92	2,27
5	51	94	0,6
5	52	2	1,22
5	52	7	13,166
5	52	12	6,028
5	52	14	2,175
5	52	18	12,075
5	52	21	3,025
5	52	26	4,093
5	52	36	6,753
5	52	38	4,331
5	52	40	10,986
5	52	44	4,209
5	52	45	3,383
5	52	47	4,697
5	52	48	2,102
5	52	51	4,136
5	52	54	3,278
5	52	57	1,211
5	52	58	3,684
5	52	61	1,472
5	52	62	34,997
5	52	63	48,594
5	52	65	12,445
5	52	71	6,347
5	52	81	5,835
5	52	83	1,284
5	52	88	8,645
5	52	92	8,004
5	52	94	3,156
5	54	2	0,907
5	54	7	3,037
5	54	12	57,724
5	54	14	2,462
5	54	18	10,16
5	54	21	4,931
5	54	26	4,615
5	54	36	0,524
5	54	38	12,509
5	54	40	15,255
5	54	44	8,755
5	54	45	5,151
5	54	47	9,05
5	54	48	11,458
5	54	51	1,777
5	54	52	3,146
5	54	57	1,686
5	54	58	4,483
5	54	61	2,817
5	54	62	5,973
5	54	63	5,785
5	54	65	6,846
5	54	71	19,081
5	54	81	6,613
5	54	83	1,75
5	54	88	5,051
5	54	92	1,718
5	54	94	8,314
5	57	2	1,052
5	57	7	3,99
5	57	12	3,744
5	57	14	6,886
5	57	18	12,882
5	57	21	7,281
5	57	26	5,161
5	57	36	3,598
5	57	38	5,422
5	57	40	22,354
5	57	44	2,089
5	57	45	1,001
5	57	47	3,392
5	57	48	0,844
5	57	51	3,443
5	57	52	10,228
5	57	54	1,663
5	57	58	3,308
5	57	61	2,27
5	57	62	2,136
5	57	63	2,424
5	57	65	4,516
5	57	71	0,623
5	57	81	4,195
5	57	83	4,848
5	57	88	17,729
5	57	92	11,673
5	57	94	13,845
5	58	2	2,025
5	58	7	4,503
5	58	12	24,011
5	58	14	3,429
5	58	18	7,958
5	58	21	3,203
5	58	26	1,064
5	58	36	11,154
5	58	38	18,02
5	58	40	4,148
5	58	44	6,624
5	58	45	0,656
5	58	47	2,403
5	58	48	7,217
5	58	51	17,062
5	58	52	4,814
5	58	54	4,104
5	58	57	8,841
5	58	61	1,564
5	58	62	5,716
5	58	63	3,541
5	58	65	6,987
5	58	71	7,024
5	58	81	5,689
5	58	83	5,776
5	58	88	0,862
5	58	92	4,028
5	58	94	2,115
5	61	2	3,183
5	61	7	2,955
5	61	12	8,411
5	61	14	0,937
5	61	18	8,96
5	61	21	7,728
5	61	26	6,571
5	61	36	7,559
5	61	38	9,342
5	61	40	31,305
5	61	44	0,501
5	61	45	6,494
5	61	47	8,585
5	61	48	2,942
5	61	51	8,242
5	61	52	8,844
5	61	54	1,849
5	61	57	4,018
5	61	58	1,957
5	61	62	1,142
5	61	63	3,57
5	61	65	19,222
5	61	71	5,248
5	61	81	3,915
5	61	83	2,714
5	61	88	6,933
5	61	92	4,177
5	61	94	5,141
5	62	2	4,609
5	62	7	12,246
5	62	12	0,948
5	62	14	1,574
5	62	18	3,197
5	62	21	3,252
5	62	26	4,321
5	62	36	1,051
5	62	38	4,445
5	62	40	7,859
5	62	44	2,991
5	62	45	3,601
5	62	47	1,108
5	62	48	4,912
5	62	51	3,312
5	62	52	4,543
5	62	54	6,12
5	62	57	4,075
5	62	58	1,264
5	62	61	14,79
5	62	63	5,298
5	62	65	1,293
5	62	71	5,462
5	62	81	1,288
5	62	83	6,112
5	62	88	2,742
5	62	92	3,13
5	62	94	7,502
5	63	2	16,641
5	63	7	0,869
5	63	12	6,368
5	63	14	2,299
5	63	18	1,644
5	63	21	10,941
5	63	26	1,898
5	63	36	6,504
5	63	38	1,067
5	63	40	6,666
5	63	44	30,871
5	63	45	1,557
5	63	47	5,439
5	63	48	3,087
5	63	51	5,27
5	63	52	8,075
5	63	54	7,187
5	63	57	20,596
5	63	58	12,835
5	63	61	5,447
5	63	62	25,737
5	63	65	6,771
5	63	71	1,516
5	63	81	3,274
5	63	83	1,94
5	63	88	3,12
5	63	92	6,616
5	63	94	3,401
5	65	2	15,473
5	65	7	8,992
5	65	12	9,717
5	65	14	14,697
5	65	18	4,906
5	65	21	3,382
5	65	26	2,141
5	65	36	7,383
5	65	38	14,671
5	65	40	1,25
5	65	44	14,667
5	65	45	17,464
5	65	47	4,573
5	65	48	2,252
5	65	51	6,479
5	65	52	6,357
5	65	54	6,717
5	65	57	1,247
5	65	58	9,235
5	65	61	5,795
5	65	62	8,763
5	65	63	8,757
5	65	71	6,02
5	65	81	1,367
5	65	83	0,861
5	65	88	37,507
5	65	92	3,963
5	65	94	3,811
5	71	2	0,654
5	71	7	1,731
5	71	12	4,245
5	71	14	4,369
5	71	18	13,095
5	71	21	4,14
5	71	26	4,11
5	71	36	9,218
5	71	38	6,381
5	71	40	5,125
5	71	44	1,126
5	71	45	16,729
5	71	47	10,433
5	71	48	8,309
5	71	51	11,583
5	71	52	6,003
5	71	54	1,354
5	71	57	13,388
5	71	58	6,523
5	71	61	7,618
5	71	62	0,544
5	71	63	9,169
5	71	65	8,871
5	71	81	1,317
5	71	83	0,775
5	71	88	8,613
5	71	92	4,592
5	71	94	17,075
5	81	2	2,363
5	81	7	0,569
5	81	12	2,841
5	81	14	12,513
5	81	18	7,228
5	81	21	4,483
5	81	26	15,367
5	81	36	3,139
5	81	38	1,788
5	81	40	3,103
5	81	44	4,395
5	81	45	4,419
5	81	47	4,466
5	81	48	9,163
5	81	51	4,2
5	81	52	0,808
5	81	54	1,441
5	81	57	2,179
5	81	58	9,019
5	81	61	2,559
5	81	62	1,598
5	81	63	5,841
5	81	65	25,171
5	81	71	2,959
5	81	83	5,19
5	81	88	2,652
5	81	92	7,05
5	81	94	1,98
5	83	2	3,517
5	83	7	2,64
5	83	12	14,833
5	83	14	1,321
5	83	18	11,723
5	83	21	1,893
5	83	26	19,58
5	83	36	1,028
5	83	38	5,344
5	83	40	13,036
5	83	44	0,52
5	83	45	2,855
5	83	47	1,083
5	83	48	2,602
5	83	51	8,615
5	83	52	3,275
5	83	54	14,126
5	83	57	2,417
5	83	58	4,892
5	83	61	3,542
5	83	62	0,502
5	83	63	0,563
5	83	65	4,594
5	83	71	13,578
5	83	81	9,77
5	83	88	0,745
5	83	92	37,943
5	83	94	6,782
5	88	2	2,7
5	88	7	9,264
5	88	12	6,45
5	88	14	12,075
5	88	18	0,669
5	88	21	13,518
5	88	26	2,942
5	88	36	9,71
5	88	38	5,986
5	88	40	2,944
5	88	44	6,195
5	88	45	1,957
5	88	47	0,813
5	88	48	10,037
5	88	51	3,153
5	88	52	2,421
5	88	54	16,548
5	88	57	8,491
5	88	58	6,521
5	88	61	5,074
5	88	62	1,353
5	88	63	4,472
5	88	65	7,456
5	88	71	4,883
5	88	81	1,656
5	88	83	0,556
5	88	92	4,504
5	88	94	1,3
5	92	2	2,654
5	92	7	14,91
5	92	12	8,248
5	92	14	0,669
5	92	18	6,191
5	92	21	3,588
5	92	26	2,127
5	92	36	4,215
5	92	38	1,071
5	92	40	11,912
5	92	44	2,387
5	92	45	10,298
5	92	47	12,659
5	92	48	5,236
5	92	51	8,602
5	92	52	4,318
5	92	54	3,133
5	92	57	6,466
5	92	58	5,075
5	92	61	7,716
5	92	62	5,11
5	92	63	19,876
5	92	65	1,046
5	92	71	4,602
5	92	81	3,363
5	92	83	1,896
5	92	88	10,52
5	92	94	1,908
5	94	2	3,789
5	94	7	3,011
5	94	12	4,512
5	94	14	4,467
5	94	18	2,998
5	94	21	3,834
5	94	26	1,432
5	94	36	5,592
5	94	38	1,62
5	94	40	4,079
5	94	44	7,347
5	94	45	3,58
5	94	47	4,272
5	94	48	0,934
5	94	51	8,229
5	94	52	3,635
5	94	54	37,141
5	94	57	18,552
5	94	58	20,169
5	94	61	4,841
5	94	62	8,101
5	94	63	3,965
5	94	65	2,057
5	94	71	1,841
5	94	81	2,079
5	94	83	3,484
5	94	88	5,921
5	94	92	26,618
6	2	6	19,04
6	2	8	1,869
6	2	13	3,946
6	2	14	17,03
6	2	22	8,286
6	2	23	0,737
6	2	27	1,403
6	2	29	10,83
6	2	34	2,049
6	2	40	2,547
6	2	45	4,406
6	2	52	15,29
6	2	60	23,712
6	2	65	6,383
6	2	66	3,977
6	2	67	6,716
6	2	72	42,293
6	2	77	1,968
6	2	80	9,039
6	2	87	4,969
6	2	88	2,876
6	2	91	1,55
6	2	93	3,703
6	2	95	1,398
6	6	2	5,993
6	6	8	9,135
6	6	13	12,598
6	6	14	23,486
6	6	22	2,425
6	6	23	2,882
6	6	27	21,982
6	6	29	0,552
6	6	34	4,358
6	6	40	1,626
6	6	45	1,519
6	6	52	3,499
6	6	60	15,093
6	6	65	0,836
6	6	66	2,685
6	6	67	5,148
6	6	72	5,819
6	6	77	6,692
6	6	80	6,212
6	6	87	18,966
6	6	88	4,285
6	6	91	3,712
6	6	93	12,392
6	6	95	1,436
6	8	2	26,879
6	8	6	5,322
6	8	13	11,62
6	8	14	6,738
6	8	22	10,096
6	8	23	2,069
6	8	27	4,335
6	8	29	1,076
6	8	34	6,426
6	8	40	0,975
6	8	45	25,04
6	8	52	7,211
6	8	60	2,327
6	8	65	1,65
6	8	66	6,235
6	8	67	1,497
6	8	72	0,665
6	8	77	4,791
6	8	80	2,035
6	8	87	0,992
6	8	88	1,294
6	8	91	3,631
6	8	93	2,071
6	8	95	17,416
6	13	2	7,395
6	13	6	14,903
6	13	8	8,989
6	13	14	8,268
6	13	22	1,404
6	13	23	16,463
6	13	27	2,205
6	13	29	14,783
6	13	34	5,215
6	13	40	6,323
6	13	45	15,498
6	13	52	1,861
6	13	60	2,689
6	13	65	0,596
6	13	66	2,692
6	13	67	8,321
6	13	72	10,759
6	13	77	6,736
6	13	80	22,242
6	13	87	2,297
6	13	88	5,71
6	13	91	2,65
6	13	93	3,603
6	13	95	13,132
6	14	2	1,841
6	14	6	2,626
6	14	8	6,026
6	14	13	1,266
6	14	22	8,419
6	14	23	1,113
6	14	27	30,731
6	14	29	13,204
6	14	34	11,355
6	14	40	2,156
6	14	45	6,103
6	14	52	24,852
6	14	60	15,955
6	14	65	4,92
6	14	66	2,356
6	14	67	12,341
6	14	72	0,834
6	14	77	6,078
6	14	80	4,005
6	14	87	3,204
6	14	88	0,571
6	14	91	16,266
6	14	93	5,931
6	14	95	0,714
6	22	2	3,78
6	22	6	10,849
6	22	8	8,118
6	22	13	1,757
6	22	14	4,614
6	22	23	1,274
6	22	27	1,893
6	22	29	9,647
6	22	34	8,457
6	22	40	9,027
6	22	45	2,128
6	22	52	13,793
6	22	60	4,488
6	22	65	1,123
6	22	66	2,537
6	22	67	1,847
6	22	72	5,314
6	22	77	1,262
6	22	80	8,044
6	22	87	5,605
6	22	88	23,442
6	22	91	2,505
6	22	93	5
6	22	95	10,526
6	23	2	9,71
6	23	6	5,705
6	23	8	7,005
6	23	13	3,82
6	23	14	0,946
6	23	22	0,571
6	23	27	6,289
6	23	29	6,824
6	23	34	2,123
6	23	40	3,573
6	23	45	3,446
6	23	52	3,856
6	23	60	1,542
6	23	65	11,373
6	23	66	8,086
6	23	67	5,536
6	23	72	3,288
6	23	77	2,063
6	23	80	0,577
6	23	87	9,393
6	23	88	3,096
6	23	91	1,989
6	23	93	2,591
6	23	95	6,711
6	27	2	23,881
6	27	6	7,979
6	27	8	20,253
6	27	13	0,75
6	27	14	2,226
6	27	22	6,726
6	27	23	3,202
6	27	29	6,853
6	27	34	0,964
6	27	40	1,155
6	27	45	15,428
6	27	52	13,948
6	27	60	13,753
6	27	65	0,582
6	27	66	1,878
6	27	67	1,024
6	27	72	9,774
6	27	77	6,387
6	27	80	1,497
6	27	87	1,544
6	27	88	5,646
6	27	91	2,489
6	27	93	7,588
6	27	95	20,737
6	29	2	0,784
6	29	6	23,781
6	29	8	22,867
6	29	13	14,215
6	29	14	4,498
6	29	22	48,754
6	29	23	3,355
6	29	27	1,049
6	29	34	1,041
6	29	40	3,521
6	29	45	1,613
6	29	52	0,56
6	29	60	7,464
6	29	65	3,222
6	29	66	9,368
6	29	67	1,506
6	29	72	1,219
6	29	77	6,228
6	29	80	3,612
6	29	87	1,231
6	29	88	1,304
6	29	91	10,347
6	29	93	7,598
6	29	95	5,199
6	34	2	10,953
6	34	6	7,941
6	34	8	1,293
6	34	13	2,886
6	34	14	0,766
6	34	22	8,089
6	34	23	2,257
6	34	27	1,048
6	34	29	6,86
6	34	40	8,359
6	34	45	7,719
6	34	52	3,639
6	34	60	3,714
6	34	65	1,809
6	34	66	4,721
6	34	67	6,659
6	34	72	5,178
6	34	77	1,393
6	34	80	2,749
6	34	87	1,6
6	34	88	1,156
6	34	91	1,163
6	34	93	16,415
6	34	95	11,618
6	40	2	6,773
6	40	6	6,423
6	40	8	5,092
6	40	13	4,668
6	40	14	0,506
6	40	22	7,254
6	40	23	3,127
6	40	27	1,514
6	40	29	17,382
6	40	34	2,117
6	40	45	8,668
6	40	52	1,112
6	40	60	4,18
6	40	65	10,593
6	40	66	10,415
6	40	67	4,543
6	40	72	3,829
6	40	77	8,509
6	40	80	0,7
6	40	87	11,23
6	40	88	5,905
6	40	91	2,78
6	40	93	2,737
6	40	95	1,328
6	45	2	8,735
6	45	6	15,073
6	45	8	0,719
6	45	13	4,013
6	45	14	2,087
6	45	22	4,939
6	45	23	10,402
6	45	27	0,958
6	45	29	8,936
6	45	34	3,124
6	45	40	1,593
6	45	52	2,625
6	45	60	4,306
6	45	65	4,469
6	45	66	3,38
6	45	67	2,449
6	45	72	0,907
6	45	77	0,635
6	45	80	7,191
6	45	87	1,078
6	45	88	4,501
6	45	91	15,609
6	45	93	0,914
6	45	95	1,179
6	52	2	1,521
6	52	6	2,324
6	52	8	22,7
6	52	13	41,887
6	52	14	3,578
6	52	22	0,995
6	52	23	1,709
6	52	27	4,393
6	52	29	7,478
6	52	34	2,196
6	52	40	7,766
6	52	45	7,603
6	52	60	3,757
6	52	65	13,337
6	52	66	1,005
6	52	67	1,912
6	52	72	1,733
6	52	77	2,635
6	52	80	8,957
6	52	87	1,516
6	52	88	6,313
6	52	91	6,077
6	52	93	11,476
6	52	95	4,781
6	60	2	2,654
6	60	6	2,609
6	60	8	1,845
6	60	13	1,398
6	60	14	1,893
6	60	22	2,744
6	60	23	12,688
6	60	27	6,681
6	60	29	2,999
6	60	34	4,433
6	60	40	6,357
6	60	45	3,606
6	60	52	1,96
6	60	65	4,701
6	60	66	3,227
6	60	67	37,346
6	60	72	1,085
6	60	77	0,618
6	60	80	24,803
6	60	87	9,438
6	60	88	4,136
6	60	91	1,982
6	60	93	1,538
6	60	95	3,852
6	65	2	5,705
6	65	6	7,85
6	65	8	13,241
6	65	13	14,387
6	65	14	2,263
6	65	22	3,53
6	65	23	3,407
6	65	27	8,675
6	65	29	3,861
6	65	34	1,827
6	65	40	5,98
6	65	45	1,433
6	65	52	2,41
6	65	60	0,943
6	65	66	9,761
6	65	67	0,57
6	65	72	4,182
6	65	77	11,543
6	65	80	14,402
6	65	87	1,571
6	65	88	3,676
6	65	91	1,056
6	65	93	1,317
6	65	95	11,724
6	66	2	3,456
6	66	6	12,185
6	66	8	6,098
6	66	13	3,056
6	66	14	2,707
6	66	22	3,9
6	66	23	14,202
6	66	27	4,287
6	66	29	1,179
6	66	34	9,582
6	66	40	12,365
6	66	45	7,602
6	66	52	1,045
6	66	60	1,007
6	66	65	1,606
6	66	67	6,579
6	66	72	3,288
6	66	77	0,789
6	66	80	2,111
6	66	87	8,694
6	66	88	1,42
6	66	91	5,117
6	66	93	9,071
6	66	95	1,943
6	67	2	1,925
6	67	6	7,802
6	67	8	7,747
6	67	13	15,833
6	67	14	16,279
6	67	22	9,921
6	67	23	11,175
6	67	27	1,255
6	67	29	2,141
6	67	34	1,9
6	67	40	3,037
6	67	45	14,831
6	67	52	2,265
6	67	60	7,81
6	67	65	2,382
6	67	66	3,805
6	67	72	11,978
6	67	77	6,594
6	67	80	5,615
6	67	87	0,898
6	67	88	3,159
6	67	91	1,986
6	67	93	2,548
6	67	95	7,936
6	72	2	3,215
6	72	6	7,622
6	72	8	2,602
6	72	13	6,276
6	72	14	0,683
6	72	22	10,804
6	72	23	2,029
6	72	27	2,157
6	72	29	1,566
6	72	34	7,109
6	72	40	10,688
6	72	45	3,432
6	72	52	5,611
6	72	60	1,731
6	72	65	1,015
6	72	66	7,137
6	72	67	4,335
6	72	77	18,911
6	72	80	0,627
6	72	87	1,859
6	72	88	3,629
6	72	91	1,801
6	72	93	7,981
6	72	95	1,588
6	77	2	1,892
6	77	6	3,719
6	77	8	4,671
6	77	13	11,986
6	77	14	1,263
6	77	22	4,34
6	77	23	3,659
6	77	27	10,13
6	77	29	0,648
6	77	34	32,941
6	77	40	6,16
6	77	45	1,437
6	77	52	0,663
6	77	60	2,608
6	77	65	6,725
6	77	66	27,275
6	77	67	5,833
6	77	72	6,438
6	77	80	11,12
6	77	87	4,722
6	77	88	1,633
6	77	91	5,805
6	77	93	11,839
6	77	95	9,059
6	80	2	20,401
6	80	6	12,049
6	80	8	5,513
6	80	13	1,517
6	80	14	14,32
6	80	22	0,665
6	80	23	6,349
6	80	27	11,498
6	80	29	0,625
6	80	34	15,373
6	80	40	1,126
6	80	45	16,414
6	80	52	1,898
6	80	60	0,563
6	80	65	15,157
6	80	66	26,394
6	80	67	7,488
6	80	72	1,103
6	80	77	6,918
6	80	87	3,524
6	80	88	1,863
6	80	91	1,3
6	80	93	5,581
6	80	95	13,742
6	87	2	5,506
6	87	6	44,692
6	87	8	9,586
6	87	13	5,097
6	87	14	4,77
6	87	22	8,164
6	87	23	23,628
6	87	27	9,964
6	87	29	6,214
6	87	34	2,799
6	87	40	7,063
6	87	45	16,513
6	87	52	0,824
6	87	60	10,473
6	87	65	6,115
6	87	66	10,012
6	87	67	5,197
6	87	72	5,744
6	87	77	1,33
6	87	80	4,82
6	87	88	0,982
6	87	91	6,784
6	87	93	2,254
6	87	95	6,651
6	88	2	1,306
6	88	6	5,343
6	88	8	1,279
6	88	13	7,647
6	88	14	0,987
6	88	22	2,482
6	88	23	15,688
6	88	27	4,956
6	88	29	6,465
6	88	34	5,14
6	88	40	2,973
6	88	45	5,789
6	88	52	1,424
6	88	60	15,315
6	88	65	22,547
6	88	66	8,039
6	88	67	5,853
6	88	72	0,655
6	88	77	1,205
6	88	80	5,802
6	88	87	14,571
6	88	91	10,211
6	88	93	2,462
6	88	95	0,835
6	91	2	3,031
6	91	6	5,196
6	91	8	7,872
6	91	13	13,623
6	91	14	9,12
6	91	22	8,198
6	91	23	27,615
6	91	27	34,732
6	91	29	2,094
6	91	34	14,357
6	91	40	2,96
6	91	45	7,543
6	91	52	3,074
6	91	60	3,846
6	91	65	1,036
6	91	66	7,816
6	91	67	2,495
6	91	72	3,179
6	91	77	1,251
6	91	80	0,749
6	91	87	6,978
6	91	88	4,026
6	91	93	1,483
6	91	95	7,326
6	93	2	6,603
6	93	6	14,598
6	93	8	1,26
6	93	13	2,663
6	93	14	1,233
6	93	22	15,512
6	93	23	11,812
6	93	27	1,299
6	93	29	11,102
6	93	34	3,851
6	93	40	5,117
6	93	45	2,081
6	93	52	4,224
6	93	60	6,74
6	93	65	11,022
6	93	66	5,312
6	93	67	1,614
6	93	72	0,794
6	93	77	4,99
6	93	80	43,479
6	93	87	13,715
6	93	88	58,501
6	93	91	4,679
6	93	95	3,864
6	95	2	6,496
6	95	6	8,161
6	95	8	3,179
6	95	13	3,128
6	95	14	1,481
6	95	22	2,239
6	95	23	0,743
6	95	27	1,949
6	95	29	2,012
6	95	34	6,411
6	95	40	1,161
6	95	45	8,882
6	95	52	5,81
6	95	60	13,238
6	95	65	12,5
6	95	66	2,305
6	95	67	1,241
6	95	72	15,884
6	95	77	3,311
6	95	80	1,32
6	95	87	1,22
6	95	88	4,388
6	95	91	6,93
6	95	93	4,947
7	2	5	0,969
7	2	6	0,844
7	2	13	5,055
7	2	20	3,219
7	2	21	3,185
7	2	22	19,327
7	2	26	0,799
7	2	27	17,393
7	2	30	9,945
7	2	32	3,428
7	2	33	11,472
7	2	43	5,432
7	2	44	1,96
7	2	46	1,789
7	2	52	21,488
7	2	54	1,702
7	2	55	2,506
7	2	56	1,42
7	2	58	13,542
7	2	60	7,866
7	2	70	8,888
7	2	72	2,328
7	2	78	0,891
7	2	79	1,695
7	2	87	2,628
7	2	89	6,742
7	2	91	0,696
7	2	93	2,313
7	5	2	3,503
7	5	6	15,433
7	5	13	14,891
7	5	20	1,889
7	5	21	6,53
7	5	22	1,813
7	5	26	27,989
7	5	27	2,731
7	5	30	2,191
7	5	32	1,191
7	5	33	2,21
7	5	43	1,403
7	5	44	1,657
7	5	46	4,734
7	5	52	6,058
7	5	54	1,207
7	5	55	3,935
7	5	56	3,597
7	5	58	1,862
7	5	60	1,107
7	5	70	4,323
7	5	72	13,899
7	5	78	3,265
7	5	79	0,525
7	5	87	19,247
7	5	89	3,431
7	5	91	4,836
7	5	93	2,067
7	6	2	6,975
7	6	5	23,873
7	6	13	59,052
7	6	20	3,937
7	6	21	6,639
7	6	22	11,346
7	6	26	6,333
7	6	27	3,686
7	6	30	2,387
7	6	32	5,838
7	6	33	1,376
7	6	43	1,867
7	6	44	1,851
7	6	46	7,986
7	6	52	1,064
7	6	54	1,081
7	6	55	3,106
7	6	56	2,985
7	6	58	5,457
7	6	60	1,922
7	6	70	7,99
7	6	72	5,963
7	6	78	0,809
7	6	79	5,679
7	6	87	5,083
7	6	89	2,736
7	6	91	5,031
7	6	93	1,904
7	13	2	0,846
7	13	5	3,818
7	13	6	10,731
7	13	20	0,711
7	13	21	3,965
7	13	22	23,142
7	13	26	16,465
7	13	27	1,195
7	13	30	6,549
7	13	32	2,826
7	13	33	2,041
7	13	43	1,988
7	13	44	7,014
7	13	46	0,851
7	13	52	1,385
7	13	54	8,152
7	13	55	10,61
7	13	56	12,927
7	13	58	26,112
7	13	60	1,205
7	13	70	7,578
7	13	72	2,912
7	13	78	7,136
7	13	79	8,105
7	13	87	5,368
7	13	89	40,913
7	13	91	10,83
7	13	93	5,063
7	20	2	3,572
7	20	5	0,664
7	20	6	9,177
7	20	13	0,597
7	20	21	10,239
7	20	22	9,132
7	20	26	6,126
7	20	27	13,717
7	20	30	4,834
7	20	32	7,191
7	20	33	0,713
7	20	43	13,191
7	20	44	2,734
7	20	46	10,389
7	20	52	3,836
7	20	54	3,096
7	20	55	50,83
7	20	56	4,173
7	20	58	4,201
7	20	60	1,142
7	20	70	3,601
7	20	72	7,386
7	20	78	1,941
7	20	79	3,516
7	20	87	5,446
7	20	89	2,826
7	20	91	1,283
7	20	93	6,016
7	21	2	0,553
7	21	5	3,414
7	21	6	10,935
7	21	13	5,079
7	21	20	3,122
7	21	22	2,983
7	21	26	7,764
7	21	27	6,391
7	21	30	2,801
7	21	32	2,972
7	21	33	0,66
7	21	43	3,651
7	21	44	5,389
7	21	46	1,007
7	21	52	4,277
7	21	54	12,044
7	21	55	5,372
7	21	56	0,942
7	21	58	21,239
7	21	60	1,963
7	21	70	9,331
7	21	72	4,862
7	21	78	0,511
7	21	79	6,552
7	21	87	1,761
7	21	89	0,611
7	21	91	3,246
7	21	93	6,759
7	22	2	16,161
7	22	5	1,588
7	22	6	2,033
7	22	13	3,975
7	22	20	16,856
7	22	21	11,461
7	22	26	7,719
7	22	27	1,768
7	22	30	3,151
7	22	32	15,893
7	22	33	3,344
7	22	43	22,941
7	22	44	9,313
7	22	46	3,174
7	22	52	35,763
7	22	54	11,407
7	22	55	1,175
7	22	56	1,779
7	22	58	1,441
7	22	60	11,594
7	22	70	2,176
7	22	72	4,636
7	22	78	1,416
7	22	79	0,907
7	22	87	23,32
7	22	89	1,223
7	22	91	0,56
7	22	93	6,472
7	26	2	4,074
7	26	5	5,79
7	26	6	5,27
7	26	13	3,076
7	26	20	2,344
7	26	21	10,308
7	26	22	2,456
7	26	27	11,31
7	26	30	3,546
7	26	32	0,639
7	26	33	3,861
7	26	43	3,536
7	26	44	1,877
7	26	46	2,825
7	26	52	1,801
7	26	54	6,308
7	26	55	2,992
7	26	56	0,696
7	26	58	1,948
7	26	60	1,992
7	26	70	9,838
7	26	72	5,369
7	26	78	15,734
7	26	79	3,188
7	26	87	1,576
7	26	89	7,288
7	26	91	2,832
7	26	93	4,066
7	27	2	1,521
7	27	5	7,821
7	27	6	10,021
7	27	13	3,001
7	27	20	4,859
7	27	21	2,653
7	27	22	6,602
7	27	26	2,44
7	27	30	12,1
7	27	32	3,612
7	27	33	4,471
7	27	43	1,298
7	27	44	2,464
7	27	46	9,571
7	27	52	0,61
7	27	54	3,232
7	27	55	9,914
7	27	56	3,168
7	27	58	1,531
7	27	60	2,525
7	27	70	5,241
7	27	72	3,535
7	27	78	0,769
7	27	79	5,799
7	27	87	2,323
7	27	89	0,806
7	27	91	31,4
7	27	93	12,789
7	30	2	3,456
7	30	5	5,277
7	30	6	5,883
7	30	13	4,959
7	30	20	6,845
7	30	21	1,88
7	30	22	13,895
7	30	26	2,875
7	30	27	5,591
7	30	32	18,721
7	30	33	0,66
7	30	43	9,89
7	30	44	3,938
7	30	46	2,749
7	30	52	6,867
7	30	54	21,249
7	30	55	9,397
7	30	56	2,13
7	30	58	9,493
7	30	60	9,152
7	30	70	3,857
7	30	72	1,517
7	30	78	1,278
7	30	79	0,586
7	30	87	10,312
7	30	89	11,449
7	30	91	0,596
7	30	93	7,129
7	32	2	0,906
7	32	5	2,127
7	32	6	3,308
7	32	13	1,295
7	32	20	3,503
7	32	21	1,857
7	32	22	2,932
7	32	26	7,526
7	32	27	2,175
7	32	30	0,746
7	32	33	1,174
7	32	43	10,119
7	32	44	12,641
7	32	46	0,73
7	32	52	1,14
7	32	54	10,635
7	32	55	27,544
7	32	56	1,895
7	32	58	2,629
7	32	60	3,557
7	32	70	4,032
7	32	72	2,009
7	32	78	3,111
7	32	79	2,452
7	32	87	11,984
7	32	89	6,926
7	32	91	2,6
7	32	93	0,536
7	33	2	10,876
7	33	5	12,576
7	33	6	6,514
7	33	13	5,701
7	33	20	5,16
7	33	21	1,97
7	33	22	10,709
7	33	26	7,084
7	33	27	7,045
7	33	30	18,718
7	33	32	13,717
7	33	43	4,091
7	33	44	3,028
7	33	46	2,113
7	33	52	2,716
7	33	54	1,026
7	33	55	1,235
7	33	56	2,631
7	33	58	1,529
7	33	60	1,088
7	33	70	11,801
7	33	72	1,566
7	33	78	5,017
7	33	79	17,962
7	33	87	1,33
7	33	89	1,843
7	33	91	2,653
7	33	93	0,803
7	43	2	16,274
7	43	5	2,881
7	43	6	8,924
7	43	13	0,904
7	43	20	7,638
7	43	21	1,039
7	43	22	1,899
7	43	26	0,778
7	43	27	1,565
7	43	30	10,398
7	43	32	13,185
7	43	33	4,499
7	43	44	2,797
7	43	46	1,297
7	43	52	7,235
7	43	54	3,112
7	43	55	1,91
7	43	56	0,521
7	43	58	2,8
7	43	60	7,003
7	43	70	8,815
7	43	72	12,294
7	43	78	27,777
7	43	79	0,881
7	43	87	3,29
7	43	89	12,066
7	43	91	4,66
7	43	93	14,031
7	44	2	2,266
7	44	5	0,647
7	44	6	1,581
7	44	13	21,074
7	44	20	1,358
7	44	21	2,466
7	44	22	8,676
7	44	26	6,208
7	44	27	10,345
7	44	30	2,335
7	44	32	0,746
7	44	33	2,527
7	44	43	13,998
7	44	46	4,137
7	44	52	1,711
7	44	54	2,104
7	44	55	6,686
7	44	56	1,066
7	44	58	7,457
7	44	60	2,792
7	44	70	5,211
7	44	72	13,209
7	44	78	1,035
7	44	79	6,024
7	44	87	5,645
7	44	89	0,611
7	44	91	7,708
7	44	93	23,646
7	46	2	8,455
7	46	5	15,762
7	46	6	7,477
7	46	13	3,805
7	46	20	0,785
7	46	21	0,544
7	46	22	5,192
7	46	26	8,346
7	46	27	18,531
7	46	30	9,237
7	46	32	5,785
7	46	33	11,754
7	46	43	1,242
7	46	44	11,991
7	46	52	4,644
7	46	54	4,437
7	46	55	0,604
7	46	56	4,757
7	46	58	21,589
7	46	60	12,653
7	46	70	8,559
7	46	72	5,908
7	46	78	3,173
7	46	79	1,434
7	46	87	6,65
7	46	89	2,427
7	46	91	8,893
7	46	93	1,563
7	52	2	1,931
7	52	5	2,403
7	52	6	6,403
7	52	13	0,906
7	52	20	5,185
7	52	21	8,458
7	52	22	10,473
7	52	26	25,745
7	52	27	11,705
7	52	30	0,987
7	52	32	0,624
7	52	33	1,101
7	52	43	5,524
7	52	44	1,258
7	52	46	7,694
7	52	54	2,892
7	52	55	1,24
7	52	56	3,171
7	52	58	5,939
7	52	60	3,469
7	52	70	1,718
7	52	72	3,756
7	52	78	1,115
7	52	79	3,597
7	52	87	1,104
7	52	89	1,389
7	52	91	0,726
7	52	93	0,963
7	54	2	2,532
7	54	5	2,913
7	54	6	4,613
7	54	13	2,591
7	54	20	4,678
7	54	21	1,239
7	54	22	8,115
7	54	26	3,317
7	54	27	2,349
7	54	30	1,241
7	54	32	3,135
7	54	33	1,449
7	54	43	1,515
7	54	44	2,718
7	54	46	2,88
7	54	52	11,74
7	54	55	2,802
7	54	56	1,882
7	54	58	5,021
7	54	60	5,212
7	54	70	2,13
7	54	72	24,284
7	54	78	9,061
7	54	79	10,123
7	54	87	12,925
7	54	89	8,898
7	54	91	7,718
7	54	93	0,598
7	55	2	12,369
7	55	5	12,802
7	55	6	2,38
7	55	13	7,468
7	55	20	0,553
7	55	21	0,722
7	55	22	1,754
7	55	26	3,058
7	55	27	3,488
7	55	30	1,558
7	55	32	6,144
7	55	33	16,242
7	55	43	9,471
7	55	44	5,155
7	55	46	4,745
7	55	52	5,145
7	55	54	23,032
7	55	56	8,098
7	55	58	4,385
7	55	60	2,262
7	55	70	7,014
7	55	72	1,979
7	55	78	0,523
7	55	79	3,91
7	55	87	11,646
7	55	89	6,061
7	55	91	3,911
7	55	93	0,913
7	56	2	8,404
7	56	5	1,347
7	56	6	2,54
7	56	13	7,237
7	56	20	2,277
7	56	21	9,353
7	56	22	0,909
7	56	26	3,37
7	56	27	2,254
7	56	30	2,534
7	56	32	6,804
7	56	33	1,201
7	56	43	1,707
7	56	44	2,326
7	56	46	1,5
7	56	52	1,979
7	56	54	3,716
7	56	55	1,325
7	56	58	4,226
7	56	60	0,862
7	56	70	0,765
7	56	72	6,317
7	56	78	2,238
7	56	79	34,217
7	56	87	3,696
7	56	89	13,45
7	56	91	7,539
7	56	93	2,258
7	58	2	5,919
7	58	5	3,552
7	58	6	2,303
7	58	13	0,718
7	58	20	1,04
7	58	21	2,016
7	58	22	2,768
7	58	26	2,358
7	58	27	8,091
7	58	30	11,451
7	58	32	2,855
7	58	33	3,802
7	58	43	4,451
7	58	44	1,988
7	58	46	4,604
7	58	52	1,948
7	58	54	4,386
7	58	55	1,325
7	58	56	1,842
7	58	60	10,849
7	58	70	32,795
7	58	72	5,199
7	58	78	4,644
7	58	79	0,6
7	58	87	4,984
7	58	89	17,173
7	58	91	2,772
7	58	93	3,269
7	60	2	22,796
7	60	5	2,437
7	60	6	8,957
7	60	13	2,846
7	60	20	5,631
7	60	21	9,445
7	60	22	4,358
7	60	26	3,352
7	60	27	3,065
7	60	30	6,465
7	60	32	13,726
7	60	33	14,733
7	60	43	15,162
7	60	44	9,064
7	60	46	6,378
7	60	52	15,956
7	60	54	39,508
7	60	55	1,1
7	60	56	20,014
7	60	58	2,205
7	60	70	3,453
7	60	72	11,327
7	60	78	15,817
7	60	79	2,367
7	60	87	11,648
7	60	89	1,24
7	60	91	29,348
7	60	93	2,238
7	70	2	1,042
7	70	5	3,779
7	70	6	18,764
7	70	13	12,885
7	70	20	0,877
7	70	21	20,436
7	70	22	1,131
7	70	26	4,656
7	70	27	4,694
7	70	30	1,468
7	70	32	1,525
7	70	33	14,242
7	70	43	1,391
7	70	44	3,515
7	70	46	5,637
7	70	52	13,581
7	70	54	7,464
7	70	55	1,215
7	70	56	0,6
7	70	58	2,675
7	70	60	1,551
7	70	72	4,014
7	70	78	1,151
7	70	79	1,856
7	70	87	16,384
7	70	89	0,547
7	70	91	6,409
7	70	93	9,252
7	72	2	5,569
7	72	5	1,479
7	72	6	6,543
7	72	13	2,187
7	72	20	0,671
7	72	21	10,503
7	72	22	0,822
7	72	26	13,837
7	72	27	0,756
7	72	30	6,554
7	72	32	13,829
7	72	33	7,848
7	72	43	1,782
7	72	44	2,234
7	72	46	2,998
7	72	52	4,687
7	72	54	3,061
7	72	55	12,512
7	72	56	9,384
7	72	58	6,964
7	72	60	7,361
7	72	70	23,213
7	72	78	20,198
7	72	79	5,668
7	72	87	2,701
7	72	89	5,053
7	72	91	9,369
7	72	93	11,711
7	78	2	13,895
7	78	5	2,382
7	78	6	3,28
7	78	13	2,608
7	78	20	2,004
7	78	21	5,37
7	78	22	1,709
7	78	26	9,856
7	78	27	1,361
7	78	30	4,388
7	78	32	16,892
7	78	33	3,578
7	78	43	1,427
7	78	44	0,739
7	78	46	7,764
7	78	52	4,131
7	78	54	4,827
7	78	55	4,522
7	78	56	4,671
7	78	58	1,086
7	78	60	3,865
7	78	70	1,037
7	78	72	7,028
7	78	79	6,472
7	78	87	6,087
7	78	89	6,797
7	78	91	0,867
7	78	93	9,123
7	79	2	2,867
7	79	5	8,134
7	79	6	11,664
7	79	13	0,687
7	79	20	0,878
7	79	21	1,228
7	79	22	22,527
7	79	26	7,246
7	79	27	0,767
7	79	30	6,404
7	79	32	2,318
7	79	33	2,149
7	79	43	8,948
7	79	44	2,511
7	79	46	0,713
7	79	52	8,157
7	79	54	3,193
7	79	55	6,34
7	79	56	0,772
7	79	58	21,963
7	79	60	1,557
7	79	70	2,686
7	79	72	10,099
7	79	78	13,739
7	79	87	6,275
7	79	89	5,329
7	79	91	1,01
7	79	93	1,838
7	87	2	0,961
7	87	5	1,776
7	87	6	0,893
7	87	13	4,258
7	87	20	0,733
7	87	21	6,392
7	87	22	1,394
7	87	26	2,536
7	87	27	8,104
7	87	30	4,725
7	87	32	7,302
7	87	33	3,481
7	87	43	2,466
7	87	44	8,3
7	87	46	2,233
7	87	52	7,56
7	87	54	9,572
7	87	55	1,052
7	87	56	15,604
7	87	58	0,525
7	87	60	0,873
7	87	70	12,325
7	87	72	22,822
7	87	78	6,894
7	87	79	37,043
7	87	89	6,197
7	87	91	4,643
7	87	93	6,045
7	89	2	0,993
7	89	5	2,831
7	89	6	15,279
7	89	13	18,241
7	89	20	5,884
7	89	21	1,47
7	89	22	3,414
7	89	26	0,558
7	89	27	5,17
7	89	30	6,527
7	89	32	4,31
7	89	33	1,604
7	89	43	10,051
7	89	44	8,231
7	89	46	7,993
7	89	52	9,999
7	89	54	7,232
7	89	55	3,8
7	89	56	21,163
7	89	58	5,915
7	89	60	1,55
7	89	70	12,371
7	89	72	8,903
7	89	78	7,684
7	89	79	6,327
7	89	87	19,896
7	89	91	11,421
7	89	93	1,863
7	91	2	12,908
7	91	5	9,511
7	91	6	0,621
7	91	13	19,428
7	91	20	4,511
7	91	21	1,302
7	91	22	2,592
7	91	26	3,961
7	91	27	3,158
7	91	30	3,293
7	91	32	0,939
7	91	33	5,741
7	91	43	14,453
7	91	44	25,451
7	91	46	1,968
7	91	52	3,788
7	91	54	1,373
7	91	55	27,946
7	91	56	6,035
7	91	58	2,295
7	91	60	1,942
7	91	70	1,251
7	91	72	7,421
7	91	78	14,545
7	91	79	8,322
7	91	87	1,274
7	91	89	6,371
7	91	93	0,871
7	93	2	2,996
7	93	5	3,266
7	93	6	2,786
7	93	13	1,609
7	93	20	3,505
7	93	21	13,748
7	93	22	1,528
7	93	26	4,651
7	93	27	0,866
7	93	30	0,94
7	93	32	3,353
7	93	33	2,108
7	93	43	5,931
7	93	44	9,176
7	93	46	1,34
7	93	52	56,218
7	93	54	1,955
7	93	55	5,839
7	93	56	16,677
7	93	58	4,496
7	93	60	2,033
7	93	70	3,973
7	93	72	9,604
7	93	78	2,524
7	93	79	2,19
7	93	87	3,517
7	93	89	10,964
7	93	91	16,791
8	1	19	5,161
8	1	21	13,528
8	1	29	6,493
8	1	30	0,997
8	1	32	4,269
8	1	47	9,254
8	1	51	12,825
8	1	52	1,292
8	1	61	0,646
8	1	64	3,246
8	1	66	2,027
8	1	67	3,581
8	1	68	1,531
8	1	70	1,514
8	1	71	4,752
8	1	75	3,4
8	1	82	7,827
8	1	83	1,93
8	1	84	14,348
8	1	85	1,379
8	1	86	10,151
8	1	90	7,646
8	1	92	1,091
8	1	93	3,166
8	19	1	17,585
8	19	21	0,928
8	19	29	0,649
8	19	30	3,331
8	19	32	8,408
8	19	47	6,976
8	19	51	5,229
8	19	52	16,885
8	19	61	1,924
8	19	64	10,086
8	19	66	4,24
8	19	67	3,196
8	19	68	1,189
8	19	70	7,436
8	19	71	2,718
8	19	75	6,11
8	19	82	1,243
8	19	83	1,304
8	19	84	10,473
8	19	85	9,483
8	19	86	5,023
8	19	90	0,507
8	19	92	26,447
8	19	93	17,284
8	21	1	0,933
8	21	19	15,494
8	21	29	27,275
8	21	30	0,772
8	21	32	8,415
8	21	47	3,62
8	21	51	7,609
8	21	52	1,57
8	21	61	4,507
8	21	64	0,533
8	21	66	13,076
8	21	67	9,448
8	21	68	1,55
8	21	70	2,856
8	21	71	3,182
8	21	75	3,195
8	21	82	21,773
8	21	83	1,453
8	21	84	3,046
8	21	85	3,379
8	21	86	5,339
8	21	90	6,451
8	21	92	3,49
8	21	93	5,545
8	29	1	4,741
8	29	19	1,928
8	29	21	0,549
8	29	30	15,845
8	29	32	2,645
8	29	47	21,956
8	29	51	1,215
8	29	52	1,396
8	29	61	2,573
8	29	64	1,518
8	29	66	69,311
8	29	67	0,982
8	29	68	13,343
8	29	70	2,94
8	29	71	13,167
8	29	75	20,6
8	29	82	14,913
8	29	83	1,985
8	29	84	3,355
8	29	85	1,04
8	29	86	42,69
8	29	90	14,361
8	29	92	4,655
8	29	93	4,637
8	30	1	3,693
8	30	19	9,574
8	30	21	4,07
8	30	29	3,231
8	30	32	3,816
8	30	47	10,168
8	30	51	6,042
8	30	52	6,824
8	30	61	5,331
8	30	64	5,296
8	30	66	0,672
8	30	67	7,326
8	30	68	1,915
8	30	70	10,038
8	30	71	0,833
8	30	75	4,293
8	30	82	10,88
8	30	83	11,266
8	30	84	13,822
8	30	85	0,771
8	30	86	5,121
8	30	90	3,234
8	30	92	14,246
8	30	93	2,798
8	32	1	18,511
8	32	19	2,116
8	32	21	2,85
8	32	29	2,229
8	32	30	11,704
8	32	47	12,323
8	32	51	34,416
8	32	52	4,514
8	32	61	7,588
8	32	64	10,893
8	32	66	9,906
8	32	67	8,794
8	32	68	3,148
8	32	70	5,672
8	32	71	15,476
8	32	75	7,811
8	32	82	12,055
8	32	83	3,717
8	32	84	31,915
8	32	85	5,627
8	32	86	9,327
8	32	90	4,138
8	32	92	0,508
8	32	93	1,172
8	47	1	1,353
8	47	19	4,189
8	47	21	5,832
8	47	29	5,057
8	47	30	4,153
8	47	32	7,518
8	47	51	8,649
8	47	52	1,86
8	47	61	3,798
8	47	64	3,487
8	47	66	5,125
8	47	67	1,816
8	47	68	2,089
8	47	70	9,627
8	47	71	12,151
8	47	75	7,685
8	47	82	2,825
8	47	83	1,831
8	47	84	0,558
8	47	85	1,539
8	47	86	13,635
8	47	90	2,662
8	47	92	7,301
8	47	93	7,617
8	51	1	4,072
8	51	19	2,143
8	51	21	2,854
8	51	29	34,544
8	51	30	24,006
8	51	32	9,391
8	51	47	28,637
8	51	52	8,32
8	51	61	10,872
8	51	64	4,749
8	51	66	7,103
8	51	67	2,731
8	51	68	14,183
8	51	70	6,618
8	51	71	3,035
8	51	75	5,764
8	51	82	6,377
8	51	83	5,935
8	51	84	9,403
8	51	85	2,118
8	51	86	0,808
8	51	90	8,548
8	51	92	14,544
8	51	93	1,05
8	52	1	1,064
8	52	19	5,905
8	52	21	1,563
8	52	29	1,606
8	52	30	9,839
8	52	32	0,699
8	52	47	15,445
8	52	51	0,903
8	52	61	5,238
8	52	64	5,728
8	52	66	11,425
8	52	67	6,512
8	52	68	11,206
8	52	70	6,459
8	52	71	8,465
8	52	75	12,809
8	52	82	1,983
8	52	83	5,93
8	52	84	1,391
8	52	85	2,92
8	52	86	8,014
8	52	90	16,626
8	52	92	8,429
8	52	93	12,529
8	61	1	7,378
8	61	19	2,09
8	61	21	2,551
8	61	29	5,376
8	61	30	1,942
8	61	32	8,901
8	61	47	2,85
8	61	51	1,887
8	61	52	5,973
8	61	64	9,051
8	61	66	6,431
8	61	67	0,743
8	61	68	13,511
8	61	70	2,719
8	61	71	1,037
8	61	75	2,389
8	61	82	14,184
8	61	83	1,778
8	61	84	2,066
8	61	85	6,522
8	61	86	6,502
8	61	90	2,02
8	61	92	1,989
8	61	93	2,362
8	64	1	3,434
8	64	19	6,733
8	64	21	4,057
8	64	29	1,276
8	64	30	4,422
8	64	32	9,109
8	64	47	7,283
8	64	51	29,072
8	64	52	2,271
8	64	61	4,647
8	64	66	0,836
8	64	67	0,694
8	64	68	3,379
8	64	70	0,604
8	64	71	2,791
8	64	75	2,609
8	64	82	6,803
8	64	83	9,358
8	64	84	7,311
8	64	85	1,131
8	64	86	8,021
8	64	90	7,097
8	64	92	3,686
8	64	93	4,473
8	66	1	5,012
8	66	19	2,411
8	66	21	3,39
8	66	29	3,236
8	66	30	5,622
8	66	32	2,208
8	66	47	1,507
8	66	51	8,884
8	66	52	2,994
8	66	61	6,989
8	66	64	5,675
8	66	67	1,515
8	66	68	0,858
8	66	70	8,629
8	66	71	2,8
8	66	75	23,067
8	66	82	0,767
8	66	83	4,992
8	66	84	1,485
8	66	85	4,724
8	66	86	4,152
8	66	90	12,303
8	66	92	2,767
8	66	93	4,691
8	67	1	2,731
8	67	19	1,652
8	67	21	5,962
8	67	29	6,707
8	67	30	1,712
8	67	32	67,797
8	67	47	0,777
8	67	51	0,702
8	67	52	2,361
8	67	61	12,528
8	67	64	3,995
8	67	66	12,969
8	67	68	2,386
8	67	70	2,679
8	67	71	6,651
8	67	75	2,623
8	67	82	2,376
8	67	83	5,952
8	67	84	2,274
8	67	85	4,151
8	67	86	0,966
8	67	90	8,922
8	67	92	2,109
8	67	93	10,384
8	68	1	2,934
8	68	19	1,345
8	68	21	2,688
8	68	29	1,935
8	68	30	9,054
8	68	32	2,566
8	68	47	2,968
8	68	51	3,007
8	68	52	2,481
8	68	61	2,369
8	68	64	10,406
8	68	66	11,593
8	68	67	6,968
8	68	70	2,733
8	68	71	0,659
8	68	75	11,88
8	68	82	0,512
8	68	83	11,521
8	68	84	5,451
8	68	85	4,745
8	68	86	10,436
8	68	90	17,143
8	68	92	0,7
8	68	93	31,349
8	70	1	1,382
8	70	19	1,9
8	70	21	6,495
8	70	29	1,934
8	70	30	13,93
8	70	32	4,286
8	70	47	9,057
8	70	51	4,462
8	70	52	1,917
8	70	61	10,025
8	70	64	5,9
8	70	66	13,323
8	70	67	5,575
8	70	68	1,598
8	70	71	3,348
8	70	75	14,597
8	70	82	4,62
8	70	83	9,793
8	70	84	1,102
8	70	85	7,238
8	70	86	0,76
8	70	90	0,704
8	70	92	6,439
8	70	93	3,411
8	71	1	5,171
8	71	19	22,459
8	71	21	13,092
8	71	29	0,524
8	71	30	3,461
8	71	32	4,682
8	71	47	6,047
8	71	51	5,899
8	71	52	2,502
8	71	61	2,385
8	71	64	4,208
8	71	66	2,645
8	71	67	2,238
8	71	68	0,688
8	71	70	3,321
8	71	75	4,42
8	71	82	7,26
8	71	83	1,474
8	71	84	7,032
8	71	85	1,211
8	71	86	7,583
8	71	90	2,526
8	71	92	1,658
8	71	93	5,093
8	75	1	1,698
8	75	19	0,878
8	75	21	3,48
8	75	29	0,713
8	75	30	1,483
8	75	32	9,654
8	75	47	12,771
8	75	51	2,479
8	75	52	5,091
8	75	61	11,847
8	75	64	2,692
8	75	66	5,043
8	75	67	3,018
8	75	68	2,798
8	75	70	3,968
8	75	71	2,526
8	75	82	0,781
8	75	83	5,608
8	75	84	3,602
8	75	85	3,891
8	75	86	5,883
8	75	90	8,328
8	75	92	0,721
8	75	93	8,506
8	82	1	9,264
8	82	19	4,039
8	82	21	2,403
8	82	29	1,798
8	82	30	1,957
8	82	32	9,427
8	82	47	0,562
8	82	51	2,577
8	82	52	1,334
8	82	61	1,764
8	82	64	5,721
8	82	66	4,143
8	82	67	1,614
8	82	68	2,871
8	82	70	22,129
8	82	71	3,637
8	82	75	16,575
8	82	83	6,023
8	82	84	10,451
8	82	85	10,995
8	82	86	2,206
8	82	90	3,012
8	82	92	5,189
8	82	93	2,636
8	83	1	0,833
8	83	19	0,949
8	83	21	6,474
8	83	29	14,536
8	83	30	15,468
8	83	32	2,903
8	83	47	1,952
8	83	51	4,689
8	83	52	1,401
8	83	61	10,667
8	83	64	0,548
8	83	66	0,838
8	83	67	11,118
8	83	68	1,129
8	83	70	2,658
8	83	71	6,244
8	83	75	1,606
8	83	82	14,083
8	83	84	2,056
8	83	85	12,028
8	83	86	18,43
8	83	90	1,436
8	83	92	3,37
8	83	93	1,857
8	84	1	5,255
8	84	19	7,075
8	84	21	14,139
8	84	29	24,634
8	84	30	10,046
8	84	32	4,846
8	84	47	2,089
8	84	51	8,513
8	84	52	6,037
8	84	61	5,587
8	84	64	3,006
8	84	66	6,492
8	84	67	3,492
8	84	68	1,908
8	84	70	0,974
8	84	71	23,498
8	84	75	4,631
8	84	82	16,915
8	84	83	20,949
8	84	85	5,334
8	84	86	3,276
8	84	90	2,375
8	84	92	4,512
8	84	93	2,433
8	85	1	9,772
8	85	19	16,47
8	85	21	3,765
8	85	29	6,257
8	85	30	10,28
8	85	32	12,832
8	85	47	16,529
8	85	51	7,988
8	85	52	8,106
8	85	61	3,076
8	85	64	3,988
8	85	66	2,513
8	85	67	2,465
8	85	68	3,945
8	85	70	1,301
8	85	71	5,335
8	85	75	22,315
8	85	82	6,73
8	85	83	5,467
8	85	84	2,738
8	85	86	3,899
8	85	90	0,789
8	85	92	4,049
8	85	93	1,113
8	86	1	2,828
8	86	19	10,398
8	86	21	5,255
8	86	29	0,904
8	86	30	5,358
8	86	32	1,826
8	86	47	14,097
8	86	51	0,506
8	86	52	0,552
8	86	61	6,671
8	86	64	11,498
8	86	66	7,42
8	86	67	3,451
8	86	68	7,206
8	86	70	11,119
8	86	71	10,06
8	86	75	3,84
8	86	82	18,633
8	86	83	2,357
8	86	84	14,334
8	86	85	5,84
8	86	90	5,8
8	86	92	1,871
8	86	93	2,231
8	90	1	9,466
8	90	19	2,904
8	90	21	2,327
8	90	29	0,75
8	90	30	2,416
8	90	32	2,775
8	90	47	3,825
8	90	51	0,914
8	90	52	11,318
8	90	61	3,553
8	90	64	3,343
8	90	66	3,417
8	90	67	4,376
8	90	68	5,961
8	90	70	16,604
8	90	71	0,849
8	90	75	17,733
8	90	82	14,446
8	90	83	5,415
8	90	84	0,862
8	90	85	4,693
8	90	86	11,349
8	90	92	4,061
8	90	93	2,945
8	92	1	7,032
8	92	19	1,105
8	92	21	0,643
8	92	29	7,501
8	92	30	17,598
8	92	32	5,203
8	92	47	2,052
8	92	51	13,851
8	92	52	3,894
8	92	61	3,564
8	92	64	4,233
8	92	66	0,786
8	92	67	9,905
8	92	68	9,435
8	92	70	0,628
8	92	71	7,645
8	92	75	4,145
8	92	82	3,293
8	92	83	6,408
8	92	84	17,879
8	92	85	12,917
8	92	86	4,957
8	92	90	1,426
8	92	93	2,689
8	93	1	1,978
8	93	19	2,466
8	93	21	1,078
8	93	29	8,061
8	93	30	16,278
8	93	32	5,067
8	93	47	1,526
8	93	51	14,498
8	93	52	3,819
8	93	61	20,737
8	93	64	5,077
8	93	66	14,122
8	93	67	3,71
8	93	68	0,514
8	93	70	0,703
8	93	71	19,667
8	93	75	4,463
8	93	82	0,696
8	93	83	2,772
8	93	84	12,754
8	93	85	6,699
8	93	86	0,661
8	93	90	1,327
8	93	92	9,948
9	6	7	0,924
9	6	10	22,244
9	6	11	6,766
9	6	14	0,544
9	6	16	3,324
9	6	24	6,483
9	6	27	4,149
9	6	30	0,808
9	6	38	0,765
9	6	51	6,781
9	6	52	3,223
9	6	55	18,83
9	6	60	7,971
9	6	61	1,611
9	6	63	15,182
9	6	73	5,829
9	6	81	6,462
9	6	84	3,673
9	6	96	6,796
9	6	98	4,379
9	7	6	1,741
9	7	10	2,605
9	7	11	22,107
9	7	14	4,466
9	7	16	2,049
9	7	24	5,649
9	7	27	0,967
9	7	30	0,768
9	7	38	2,598
9	7	51	11,109
9	7	52	2,361
9	7	55	3,236
9	7	60	17,661
9	7	61	47,813
9	7	63	9,173
9	7	73	5,857
9	7	81	13,395
9	7	84	8,561
9	7	96	11,788
9	7	98	13,006
9	10	6	3,745
9	10	7	0,519
9	10	11	6,27
9	10	14	5,701
9	10	16	4,444
9	10	24	3,782
9	10	27	4,997
9	10	30	8,269
9	10	38	2,742
9	10	51	12,276
9	10	52	1,848
9	10	55	6,868
9	10	60	1,232
9	10	61	13,133
9	10	63	0,993
9	10	73	0,802
9	10	81	2,061
9	10	84	2,144
9	10	96	8,509
9	10	98	4,567
9	11	6	2,916
9	11	7	3,423
9	11	10	11,131
9	11	14	1,094
9	11	16	14,363
9	11	24	2,592
9	11	27	2,342
9	11	30	2,317
9	11	38	0,842
9	11	51	0,692
9	11	52	26,806
9	11	55	7,835
9	11	60	4,093
9	11	61	2,366
9	11	63	4,699
9	11	73	7,403
9	11	81	6,254
9	11	84	6,249
9	11	96	1,514
9	11	98	1,254
9	14	6	11,179
9	14	7	4,934
9	14	10	0,878
9	14	11	13,491
9	14	16	0,709
9	14	24	4,229
9	14	27	1,66
9	14	30	1,058
9	14	38	3,929
9	14	51	8,774
9	14	52	9,252
9	14	55	4,998
9	14	60	5,596
9	14	61	0,765
9	14	63	1,943
9	14	73	7,093
9	14	81	15,001
9	14	84	12,517
9	14	96	5,75
9	14	98	0,782
9	16	6	3,242
9	16	7	1,635
9	16	10	7,252
9	16	11	15,618
9	16	14	6,996
9	16	24	5,214
9	16	27	6,843
9	16	30	2,267
9	16	38	1,939
9	16	51	1,632
9	16	52	2,568
9	16	55	1,31
9	16	60	7,726
9	16	61	10,161
9	16	63	20,658
9	16	73	5,517
9	16	81	1,987
9	16	84	1,431
9	16	96	7,056
9	16	98	0,583
9	24	6	2,419
9	24	7	10,847
9	24	10	6,956
9	24	11	20,496
9	24	14	7,327
9	24	16	20,319
9	24	27	8,314
9	24	30	9,759
9	24	38	9,153
9	24	51	3,384
9	24	52	1,572
9	24	55	12,448
9	24	60	11,644
9	24	61	6,208
9	24	63	3,44
9	24	73	2,229
9	24	81	10,762
9	24	84	5,028
9	24	96	4,909
9	24	98	1,112
9	27	6	15,247
9	27	7	4,543
9	27	10	20,864
9	27	11	9,551
9	27	14	11,939
9	27	16	0,987
9	27	24	0,589
9	27	30	3,546
9	27	38	2,974
9	27	51	19,797
9	27	52	1,496
9	27	55	15,561
9	27	60	6,108
9	27	61	18,844
9	27	63	6,226
9	27	73	4,017
9	27	81	2,38
9	27	84	16,404
9	27	96	1,544
9	27	98	10,384
9	30	6	2,059
9	30	7	1,512
9	30	10	2,663
9	30	11	9,638
9	30	14	1,396
9	30	16	7,844
9	30	24	3,225
9	30	27	8,237
9	30	38	5,142
9	30	51	3,466
9	30	52	13,339
9	30	55	3,36
9	30	60	6,718
9	30	61	31,276
9	30	63	2,136
9	30	73	3,528
9	30	81	1,987
9	30	84	3,171
9	30	96	8,666
9	30	98	19,981
9	38	6	2,877
9	38	7	0,533
9	38	10	29,173
9	38	11	0,698
9	38	14	8,782
9	38	16	1,288
9	38	24	3,233
9	38	27	1,315
9	38	30	1,579
9	38	51	5,782
9	38	52	0,529
9	38	55	3,078
9	38	60	4,668
9	38	61	2,049
9	38	63	0,951
9	38	73	1,851
9	38	81	2,315
9	38	84	3,843
9	38	96	5,951
9	38	98	1,444
9	51	6	5,937
9	51	7	8,618
9	51	10	5,428
9	51	11	1,417
9	51	14	9,504
9	51	16	3,252
9	51	24	0,635
9	51	27	6,133
9	51	30	16,833
9	51	38	1,398
9	51	52	8,011
9	51	55	8,332
9	51	60	7,792
9	51	61	6,494
9	51	63	4,888
9	51	73	0,515
9	51	81	12,481
9	51	84	0,782
9	51	96	4,561
9	51	98	11,562
9	52	6	0,565
9	52	7	6,934
9	52	10	8,849
9	52	11	14,956
9	52	14	1,354
9	52	16	6,411
9	52	24	5,186
9	52	27	20,762
9	52	30	3,465
9	52	38	5,613
9	52	51	11,029
9	52	55	7,21
9	52	60	8,766
9	52	61	12,578
9	52	63	1,886
9	52	73	5,056
9	52	81	8,038
9	52	84	9,971
9	52	96	14,151
9	52	98	11,266
9	55	6	2,445
9	55	7	3,941
9	55	10	15,887
9	55	11	13,914
9	55	14	23,188
9	55	16	3,518
9	55	24	3,871
9	55	27	1,778
9	55	30	2,577
9	55	38	5,032
9	55	51	6,029
9	55	52	9,262
9	55	60	10,51
9	55	61	2,543
9	55	63	4,889
9	55	73	1,4
9	55	81	2,559
9	55	84	0,922
9	55	96	0,934
9	55	98	2,46
9	60	6	0,76
9	60	7	1,262
9	60	10	2,968
9	60	11	3,375
9	60	14	14,539
9	60	16	3,28
9	60	24	12,669
9	60	27	5,652
9	60	30	12,737
9	60	38	2,856
9	60	51	6,293
9	60	52	23,602
9	60	55	11,717
9	60	61	0,769
9	60	63	3,18
9	60	73	3,186
9	60	81	1,385
9	60	84	9,248
9	60	96	6,79
9	60	98	37,455
9	61	6	3,021
9	61	7	5,044
9	61	10	11,309
9	61	11	1,214
9	61	14	9,006
9	61	16	2,539
9	61	24	1,499
9	61	27	1,438
9	61	30	3,107
9	61	38	3,071
9	61	51	1,325
9	61	52	13,158
9	61	55	18,885
9	61	60	2,294
9	61	63	1,925
9	61	73	10,9
9	61	81	1,141
9	61	84	8,876
9	61	96	12,972
9	61	98	14,033
9	63	6	2,468
9	63	7	2,572
9	63	10	7,665
9	63	11	6,017
9	63	14	5,521
9	63	16	14,27
9	63	24	1,543
9	63	27	4,107
9	63	30	1,508
9	63	38	2,183
9	63	51	3,634
9	63	52	0,898
9	63	55	8,493
9	63	60	12,176
9	63	61	3,321
9	63	73	8,301
9	63	81	4,459
9	63	84	6,074
9	63	96	0,519
9	63	98	1,405
9	73	6	26,376
9	73	7	4,571
9	73	10	3,579
9	73	11	1,291
9	73	14	2,024
9	73	16	3,49
9	73	24	4,186
9	73	27	7,215
9	73	30	6,814
9	73	38	0,833
9	73	51	5,063
9	73	52	5,343
9	73	55	3,476
9	73	60	8,634
9	73	61	3,575
9	73	63	0,748
9	73	81	4,705
9	73	84	2,096
9	73	96	4,215
9	73	98	0,57
9	81	6	12,326
9	81	7	1,666
9	81	10	1,344
9	81	11	1,28
9	81	14	5,001
9	81	16	7,953
9	81	24	0,528
9	81	27	22,911
9	81	30	7,753
9	81	38	6,439
9	81	51	10,088
9	81	52	6,002
9	81	55	6,773
9	81	60	6,485
9	81	61	3,285
9	81	63	10,02
9	81	73	12,337
9	81	84	12,005
9	81	96	30,992
9	81	98	13,247
9	84	6	1,27
9	84	7	3,047
9	84	10	2,872
9	84	11	1,062
9	84	14	9,17
9	84	16	3,463
9	84	24	2,839
9	84	27	3,136
9	84	30	1,553
9	84	38	0,601
9	84	51	14,816
9	84	52	3,827
9	84	55	4,706
9	84	60	2,177
9	84	61	5,428
9	84	63	10,191
9	84	73	5,891
9	84	81	0,633
9	84	96	11,157
9	84	98	10,29
9	96	6	1,799
9	96	7	23,945
9	96	10	1,285
9	96	11	2,588
9	96	14	4,183
9	96	16	5,304
9	96	24	12,939
9	96	27	21,53
9	96	30	3,733
9	96	38	5,101
9	96	51	6,407
9	96	52	4,381
9	96	55	6,479
9	96	60	3,073
9	96	61	10,932
9	96	63	10,524
9	96	73	1,826
9	96	81	5,859
9	96	84	3,472
9	96	98	12,403
9	98	6	8,165
9	98	7	6,355
9	98	10	6,133
9	98	11	20,274
9	98	14	10,865
9	98	16	3,869
9	98	24	22,992
9	98	27	1,082
9	98	30	0,812
9	98	38	2,311
9	98	51	3,591
9	98	52	1,552
9	98	55	3,137
9	98	60	8,185
9	98	61	3,599
9	98	63	2,624
9	98	73	4,461
9	98	81	5,077
9	98	84	2,592
9	98	96	17,44
10	1	14	6,23
10	1	23	8,148
10	1	26	0,609
10	1	31	7,008
10	1	37	1,444
10	1	38	2,298
10	1	39	1,909
10	1	43	2,361
10	1	45	0,95
10	1	46	0,503
10	1	53	1,146
10	1	55	1,285
10	1	56	20,658
10	1	58	19,435
10	1	59	20,17
10	1	69	16,949
10	1	71	4,021
10	1	76	15,061
10	1	77	0,615
10	1	80	31,65
10	1	85	2,018
10	1	86	3,724
10	1	87	2,717
10	1	92	7,332
10	1	100	4,902
10	14	1	2,485
10	14	23	1,18
10	14	26	7,103
10	14	31	6,786
10	14	37	5,517
10	14	38	3,375
10	14	39	8,557
10	14	43	3,664
10	14	45	4,82
10	14	46	3,393
10	14	53	20,97
10	14	55	6,419
10	14	56	3,861
10	14	58	14,713
10	14	59	12,865
10	14	69	11,008
10	14	71	5,34
10	14	76	3,354
10	14	77	10,48
10	14	80	9,814
10	14	85	20,322
10	14	86	0,704
10	14	87	5,877
10	14	92	2,266
10	14	100	6,038
10	23	1	9,005
10	23	14	9,381
10	23	26	5,998
10	23	31	0,68
10	23	37	9,025
10	23	38	3,196
10	23	39	6,539
10	23	43	6,604
10	23	45	25,043
10	23	46	0,716
10	23	53	4,686
10	23	55	19,731
10	23	56	7,649
10	23	58	3,408
10	23	59	2,903
10	23	69	10,012
10	23	71	3,721
10	23	76	13,089
10	23	77	24,173
10	23	80	8,415
10	23	85	1,772
10	23	86	4,038
10	23	87	1,859
10	23	92	11,244
10	23	100	11,233
10	26	1	7,73
10	26	14	21,002
10	26	23	3,864
10	26	31	0,508
10	26	37	1,471
10	26	38	3,711
10	26	39	9,542
10	26	43	9,972
10	26	45	1,395
10	26	46	0,894
10	26	53	7,045
10	26	55	6,164
10	26	56	28,562
10	26	58	10,666
10	26	59	5,245
10	26	69	6,048
10	26	71	2,557
10	26	76	0,766
10	26	77	19,167
10	26	80	3,519
10	26	85	13,198
10	26	86	4,728
10	26	87	1,102
10	26	92	13,492
10	26	100	3,195
10	31	1	1,697
10	31	14	0,601
10	31	23	2,247
10	31	26	2,146
10	31	37	3,773
10	31	38	6,446
10	31	39	3,4
10	31	43	4,714
10	31	45	5,117
10	31	46	20,504
10	31	53	4,806
10	31	55	2,831
10	31	56	14,842
10	31	58	8,254
10	31	59	3,12
10	31	69	25,884
10	31	71	2,99
10	31	76	1,421
10	31	77	2,454
10	31	80	1,178
10	31	85	6,277
10	31	86	5,098
10	31	87	8,53
10	31	92	5,252
10	31	100	0,794
10	37	1	8,936
10	37	14	4,509
10	37	23	1,676
10	37	26	7,646
10	37	31	1,379
10	37	38	7,425
10	37	39	0,979
10	37	43	5,964
10	37	45	13,091
10	37	46	6,404
10	37	53	10,511
10	37	55	2,207
10	37	56	2,086
10	37	58	5,336
10	37	59	15,967
10	37	69	1,206
10	37	71	38,289
10	37	76	13,631
10	37	77	11,176
10	37	80	6,232
10	37	85	11,851
10	37	86	1,115
10	37	87	14,776
10	37	92	3,206
10	37	100	1,718
10	38	1	8,712
10	38	14	0,928
10	38	23	1,486
10	38	26	1,83
10	38	31	1,96
10	38	37	4,077
10	38	39	3,6
10	38	43	3,824
10	38	45	1,844
10	38	46	15,536
10	38	53	3,938
10	38	55	18,008
10	38	56	1,164
10	38	58	1,65
10	38	59	3,744
10	38	69	6,79
10	38	71	2,588
10	38	76	4,446
10	38	77	17,864
10	38	80	1,885
10	38	85	2,16
10	38	86	6,187
10	38	87	5,967
10	38	92	4,569
10	38	100	0,979
10	39	1	1,722
10	39	14	11,927
10	39	23	30,174
10	39	26	0,829
10	39	31	23,354
10	39	37	2,2
10	39	38	7,782
10	39	43	3,93
10	39	45	12,755
10	39	46	3,031
10	39	53	8,571
10	39	55	3,91
10	39	56	12,849
10	39	58	2,974
10	39	59	16,771
10	39	69	2,777
10	39	71	6,333
10	39	76	6,019
10	39	77	21,924
10	39	80	4,104
10	39	85	0,864
10	39	86	18,287
10	39	87	1,368
10	39	92	19,5
10	39	100	0,711
10	43	1	9,649
10	43	14	11,999
10	43	23	3,883
10	43	26	1,964
10	43	31	1,662
10	43	37	3,2
10	43	38	5,672
10	43	39	21,745
10	43	45	11,553
10	43	46	9,387
10	43	53	7,38
10	43	55	4,159
10	43	56	2,132
10	43	58	3,044
10	43	59	2,761
10	43	69	11,732
10	43	71	3,236
10	43	76	6,682
10	43	77	1,136
10	43	80	9,117
10	43	85	8,023
10	43	86	0,818
10	43	87	2,948
10	43	92	10,046
10	43	100	21,757
10	45	1	17,444
10	45	14	3,722
10	45	23	2,106
10	45	26	0,879
10	45	31	4,284
10	45	37	4,52
10	45	38	0,607
10	45	39	2,756
10	45	43	1,913
10	45	46	11,702
10	45	53	1,634
10	45	55	7,628
10	45	56	8,882
10	45	58	5,033
10	45	59	2,087
10	45	69	4,831
10	45	71	5,312
10	45	76	1,444
10	45	77	7,233
10	45	80	7,547
10	45	85	7,774
10	45	86	3,19
10	45	87	1,819
10	45	92	5,351
10	45	100	19,891
10	46	1	1,752
10	46	14	5,337
10	46	23	6,518
10	46	26	8,487
10	46	31	9,268
10	46	37	5,9
10	46	38	27,25
10	46	39	5,229
10	46	43	1,185
10	46	45	18,125
10	46	53	5,051
10	46	55	16,874
10	46	56	3,814
10	46	58	5,17
10	46	59	10,963
10	46	69	4,545
10	46	71	1,993
10	46	76	5,823
10	46	77	2,978
10	46	80	11,346
10	46	85	6,189
10	46	86	0,899
10	46	87	12,833
10	46	92	14,385
10	46	100	0,984
10	53	1	15,39
10	53	14	0,603
10	53	23	4,95
10	53	26	1,979
10	53	31	2,709
10	53	37	3,351
10	53	38	5,161
10	53	39	6,243
10	53	43	6,132
10	53	45	0,839
10	53	46	1,723
10	53	55	7,087
10	53	56	2,575
10	53	58	2,488
10	53	59	4,18
10	53	69	3,446
10	53	71	22,82
10	53	76	10,709
10	53	77	5,345
10	53	80	5,537
10	53	85	1,262
10	53	86	3,826
10	53	87	9,311
10	53	92	8,004
10	53	100	15,457
10	55	1	1,774
10	55	14	6,475
10	55	23	3,709
10	55	26	3,004
10	55	31	6,922
10	55	37	4,562
10	55	38	8,106
10	55	39	16,622
10	55	43	8,013
10	55	45	1,849
10	55	46	3,651
10	55	53	1,98
10	55	56	0,855
10	55	58	13,129
10	55	59	24,016
10	55	69	4,712
10	55	71	3,935
10	55	76	3,264
10	55	77	1,694
10	55	80	8,213
10	55	85	1,025
10	55	86	5,18
10	55	87	2,154
10	55	92	3,387
10	55	100	5,242
10	56	1	1,761
10	56	14	10,072
10	56	23	3,429
10	56	26	10,643
10	56	31	10,762
10	56	37	7,419
10	56	38	2,404
10	56	39	8,663
10	56	43	3,279
10	56	45	2,649
10	56	46	2,872
10	56	53	6,367
10	56	55	0,952
10	56	58	10,52
10	56	59	0,566
10	56	69	6,398
10	56	71	5,86
10	56	76	1,49
10	56	77	4,054
10	56	80	1,828
10	56	85	4,727
10	56	86	2,067
10	56	87	4,815
10	56	92	0,58
10	56	100	4,909
10	58	1	12,754
10	58	14	3,298
10	58	23	12,885
10	58	26	7,314
10	58	31	6,488
10	58	37	0,54
10	58	38	2,954
10	58	39	8,142
10	58	43	5,134
10	58	45	1,238
10	58	46	8,844
10	58	53	13,329
10	58	55	0,693
10	58	56	3,284
10	58	59	3,654
10	58	69	1,122
10	58	71	3,173
10	58	76	16,792
10	58	77	8,393
10	58	80	12,922
10	58	85	4,214
10	58	86	0,918
10	58	87	5,131
10	58	92	3,886
10	58	100	5,914
10	59	1	2,822
10	59	14	1,306
10	59	23	2,131
10	59	26	3,588
10	59	31	23,142
10	59	37	1,412
10	59	38	3,173
10	59	39	1,557
10	59	43	4,288
10	59	45	1,073
10	59	46	10,233
10	59	53	6,963
10	59	55	0,931
10	59	56	5,538
10	59	58	1,629
10	59	69	0,882
10	59	71	6,84
10	59	76	10,6
10	59	77	3,355
10	59	80	7,914
10	59	85	15,015
10	59	86	6,328
10	59	87	3,83
10	59	92	2,135
10	59	100	8,499
10	69	1	1,378
10	69	14	1,193
10	69	23	1,533
10	69	26	9,379
10	69	31	14,709
10	69	37	5,711
10	69	38	3,837
10	69	39	2,212
10	69	43	8,064
10	69	45	6,698
10	69	46	0,784
10	69	53	6,434
10	69	55	4,24
10	69	56	2,495
10	69	58	0,84
10	69	59	11,871
10	69	71	1,696
10	69	76	1,939
10	69	77	0,79
10	69	80	2,247
10	69	85	12,54
10	69	86	4,402
10	69	87	1,185
10	69	92	6,323
10	69	100	2,108
10	71	1	2,86
10	71	14	16,642
10	71	23	0,788
10	71	26	3,61
10	71	31	7,96
10	71	37	0,979
10	71	38	5,076
10	71	39	2,4
10	71	43	2,275
10	71	45	2,797
10	71	46	16,98
10	71	53	6,569
10	71	55	6,707
10	71	56	5,363
10	71	58	2,081
10	71	59	0,86
10	71	69	13,976
10	71	76	6,261
10	71	77	0,936
10	71	80	0,673
10	71	85	4,957
10	71	86	7,901
10	71	87	2,739
10	71	92	1,857
10	71	100	2,276
10	76	1	1,33
10	76	14	7,753
10	76	23	4,875
10	76	26	6,752
10	76	31	4,969
10	76	37	4,113
10	76	38	4,229
10	76	39	3,289
10	76	43	8,315
10	76	45	2,179
10	76	46	4,595
10	76	53	2,738
10	76	55	8,133
10	76	56	4,99
10	76	58	14,755
10	76	59	0,739
10	76	69	9,673
10	76	71	16,548
10	76	77	4,637
10	76	80	0,733
10	76	85	12,087
10	76	86	3,562
10	76	87	7,169
10	76	92	10,425
10	76	100	3,383
10	77	1	4,199
10	77	14	2,671
10	77	23	42,142
10	77	26	17,718
10	77	31	1,947
10	77	37	4,546
10	77	38	9,359
10	77	39	8,27
10	77	43	5,175
10	77	45	8,153
10	77	46	2,545
10	77	53	17,075
10	77	55	15,858
10	77	56	12,802
10	77	58	4,13
10	77	59	10,123
10	77	69	3,645
10	77	71	18,979
10	77	76	6,476
10	77	80	8,25
10	77	85	12,14
10	77	86	7,025
10	77	87	0,761
10	77	92	5,822
10	77	100	4,393
10	80	1	5,978
10	80	14	2,662
10	80	23	1,575
10	80	26	2,604
10	80	31	5,513
10	80	37	25,108
10	80	38	0,839
10	80	39	1,167
10	80	43	3,136
10	80	45	1,518
10	80	46	11,593
10	80	53	0,584
10	80	55	8,523
10	80	56	1,306
10	80	58	6,471
10	80	59	4,5
10	80	69	5,414
10	80	71	16,275
10	80	76	1,429
10	80	77	1,853
10	80	85	3,995
10	80	86	7,191
10	80	87	1,086
10	80	92	16,138
10	80	100	0,506
10	85	1	6,443
10	85	14	1,282
10	85	23	2,813
10	85	26	0,735
10	85	31	0,777
10	85	37	4,624
10	85	38	25,882
10	85	39	2,857
10	85	43	2,106
10	85	45	9,061
10	85	46	12,79
10	85	53	1,391
10	85	55	4,068
10	85	56	5,521
10	85	58	4,969
10	85	59	3,419
10	85	69	10,208
10	85	71	1,902
10	85	76	3,512
10	85	77	18,74
10	85	80	7,439
10	85	86	5,396
10	85	87	8,592
10	85	92	0,754
10	85	100	4,558
10	86	1	8,635
10	86	14	1,827
10	86	23	1,353
10	86	26	0,956
10	86	31	0,946
10	86	37	8,389
10	86	38	1,176
10	86	39	3,619
10	86	43	7,432
10	86	45	4,11
10	86	46	33,892
10	86	53	10,909
10	86	55	6,724
10	86	56	1,46
10	86	58	1,306
10	86	59	9,152
10	86	69	5,985
10	86	71	28,065
10	86	76	17,2
10	86	77	4,172
10	86	80	1,671
10	86	85	19,203
10	86	87	11,235
10	86	92	2,995
10	86	100	18,287
10	87	1	2,082
10	87	14	4,314
10	87	23	7,356
10	87	26	2,583
10	87	31	22,18
10	87	37	8,192
10	87	38	1,071
10	87	39	8,522
10	87	43	2,243
10	87	45	2,68
10	87	46	3,731
10	87	53	12,056
10	87	55	13,151
10	87	56	2,303
10	87	58	2,86
10	87	59	0,577
10	87	69	11,372
10	87	71	2,149
10	87	76	1,139
10	87	77	1,448
10	87	80	19,197
10	87	85	1,796
10	87	86	5,48
10	87	92	0,94
10	87	100	6,713
10	92	1	4,647
10	92	14	18,22
10	92	23	17,443
10	92	26	11,78
10	92	31	5,193
10	92	37	1,977
10	92	38	6,917
10	92	39	8,515
10	92	43	3,913
10	92	45	2,407
10	92	46	0,608
10	92	53	1,024
10	92	55	1,844
10	92	56	2,507
10	92	58	5,11
10	92	59	8,002
10	92	69	8,356
10	92	71	2,717
10	92	76	20,482
10	92	77	10,97
10	92	80	1,836
10	92	85	5,738
10	92	86	1,81
10	92	87	1,851
10	92	100	23,931
10	100	1	3,582
10	100	14	0,984
10	100	23	7,023
10	100	26	0,593
10	100	31	4,929
10	100	37	3,471
10	100	38	9,373
10	100	39	1,438
10	100	43	1,459
10	100	45	8,87
10	100	46	13,862
10	100	53	4,436
10	100	55	3,886
10	100	56	4,232
10	100	58	6,554
10	100	59	2,607
10	100	69	1,452
10	100	71	4,963
10	100	76	10,321
10	100	77	22,894
10	100	80	13,656
10	100	85	4,543
10	100	86	1,147
10	100	87	29,699
10	100	92	1,125

