#num jobs
100
#num machines
10

#jobId machId procTime energyCons
1	1	17,27	78,99
2	4	2,52	33,37
3	10	7,12	89,52
4	3	24,04	171,04
4	6	0,63	5,16
4	8	4,7	62,25
5	9	62,49	826,9
5	6	14,66	120,89
5	3	8,45	60,13
6	4	21,53	285,21
6	1	55,48	253,69
7	9	188,51	2494,32
7	8	27,02	357,93
7	4	19,5	258,33
7	2	39,52	158,93
8	6	21,03	173,34
9	7	14,7	56,28
9	1	23,3	106,55
10	5	46,14	154,92
11	5	10,07	33,8
11	8	7,5	99,38
12	1	14,67	67,11
12	4	7,41	98,15
12	7	2,45	9,36
13	1	46,19	211,2
13	7	198,26	759,21
13	8	35,3	467,51
14	4	4,44	58,77
15	4	25,1	332,45
16	4	25,94	343,58
17	4	386,56	5119,73
17	7	5,09	19,48
17	8	182	2410,61
18	9	10,58	139,95
18	8	5,68	75,23
18	4	7,36	97,49
19	8	41,49	549,52
19	6	9,16	75,52
20	6	56,1	462,46
20	8	4,28	56,7
21	9	2,29	30,27
21	1	2,85	13,05
22	7	20,52	78,57
22	2	40,82	164,17
22	1	91,71	419,38
23	2	4,16	16,74
24	7	1,67	6,39
25	9	14,53	192,22
25	8	7,75	102,6
26	1	8,9	40,69
27	10	122,99	1547,39
27	6	9,45	77,88
27	4	31,27	414,21
27	3	2,29	16,29
28	10	3,77	47,49
28	8	6,48	85,77
28	6	2,87	23,63
29	8	4,73	62,64
30	7	6,42	24,59
31	1	12,32	56,34
31	5	74,21	249,16
31	7	4,37	16,73
31	10	56,44	710,01
32	5	22,24	74,68
33	8	98,11	1299,5
34	3	129,02	917,98
34	4	12,48	165,33
35	2	6,2	24,93
36	3	8,25	58,67
36	2	10,43	41,95
37	4	87,7	1161,54
38	1	6,69	30,58
38	4	78,56	1040,46
39	2	2,28	9,16
39	10	2,35	29,55
40	9	6,28	83,09
40	8	56,21	744,47
40	3	14,94	106,31
41	1	1,37	6,24
41	3	4,83	34,36
42	10	9,6	120,78
42	5	3,28	11
43	1	7,04	32,21
43	3	11,62	82,65
43	6	27,22	224,38
44	2	7,48	30,07
44	8	173,46	2297,46
45	9	35,44	468,91
45	7	8,52	32,63
45	6	25,32	208,76
46	2	1	4,02
47	3	3,55	25,24
48	5	24,4	81,93
49	7	21,61	82,74
49	2	2,63	10,56
50	6	7,13	58,76
51	3	6,01	42,75
51	7	6,53	25,01
51	9	41,29	546,32
52	3	1,22	8,66
52	7	0,61	2,32
53	5	8,76	29,41
53	6	2,07	17,08
54	9	6,19	81,88
54	8	3,58	47,4
54	7	13,49	51,67
54	6	1,78	14,65
54	4	27,18	359,98
54	3	20,09	142,95
55	8	141,32	1871,77
55	7	13,05	49,98
55	5	179,48	602,62
55	1	2,51	11,46
56	10	39,11	492,03
56	9	2,3	30,49
57	4	4,52	59,83
57	7	1,4	5,38
58	6	16,1	132,71
59	1	15,67	71,64
59	8	13,8	182,83
60	8	3,72	49,25
61	6	210,46	1734,87
61	1	5,97	27,29
62	9	8,7	115,08
63	2	202,28	813,47
63	7	2,66	10,19
64	8	4,43	58,7
64	4	6,76	89,47
65	3	5,81	41,34
66	10	7,29	91,78
67	3	2,16	15,36
68	3	14,79	105,26
68	1	36,7	167,82
69	2	6265,06	25195,54
69	3	92,51	658,24
69	4	25,8	341,66
70	3	135,52	964,26
71	4	8,66	114,72
71	6	42,22	348,02
71	10	3,71	46,64
72	10	11,48	144,48
72	9	29,53	390,7
73	9	9,66	127,86
73	8	2,02	26,74
73	5	174,25	585,05
73	4	14,52	192,3
73	3	0,86	6,1
73	1	39,66	181,36
74	3	6,25	44,46
74	7	2,59	9,91
74	10	3,07	38,63
75	2	3,3	13,29
76	5	35,31	118,57
76	6	4,71	38,79
76	8	4,19	55,51
76	10	18,15	228,35
77	5	37,49	125,86
77	6	42,8	352,81
77	7	58,36	223,49
78	1	14,43	65,98
78	5	10,84	36,41
79	5	166,34	558,51
80	2	24,87	100,02
81	1	4,51	20,64
81	3	7,41	52,74
81	6	2,99	24,66
81	9	6,14	81,29
81	10	5,68	71,52
82	10	8,86	111,47
83	1	1,88	8,61
84	10	115,97	1459,04
84	5	51,14	171,7
84	4	1,96	25,93
84	1	4,66	21,3
85	7	4,38	16,77
85	6	103,08	849,71
85	4	2,78	36,81
86	9	5,55	73,43
87	3	23,96	170,47
87	6	22,79	187,89
88	9	0,4	5,32
88	4	11,3	149,61
89	1	1,44	6,57
90	5	1,45	4,87
90	6	25,14	207,26
90	9	99,67	1318,82
91	10	9,55	120,2
91	8	7,97	105,63
91	5	5,95	19,98
92	3	9,61	68,39
92	4	6,26	82,88
92	7	47,04	180,12
93	1	354,81	1622,53
94	1	18,93	86,57
94	7	24,65	94,38
95	9	2,79	36,94
95	4	14,6	193,39
96	10	4,65	58,51
96	1	4,44	20,32
97	2	4,48	18,03
97	8	29,48	390,51
98	10	15,45	194,43
99	1	120,5	551,03
99	6	4,01	33,04
100	7	2,3	8,81
100	3	31,05	220,95

#jobId ddate weight rdate
1	555,095	41	126,147
2	648,467	40	88,699
3	561,501	40	199,613
4	430,155	32	151,1
5	537,472	24	121,347
6	396,12	9	40,947
7	571,431	26	153,758
8	589,933	33	14,459
9	488,545	25	117,329
10	559,36	30	144,258
11	526,208	37	159,283
12	487,242	27	4,528
13	391,417	24	92,566
14	482,632	2	255,495
15	648,195	9	3,506
16	643,944	44	105,627
17	417,339	16	210,083
18	476,512	34	238,185
19	510,077	22	225,399
20	431,258	44	159,922
21	471,128	11	2,141
22	442,038	48	164,184
23	623,536	22	50,23
24	638,363	40	4,703
25	574,279	30	88,798
26	521,716	3	201,976
27	516,083	3	104,839
28	552,631	37	142,021
29	468,288	35	49,696
30	406,414	8	237,403
31	418,226	37	220,397
32	541,593	48	11,504
33	600,705	19	206,157
34	444,683	11	20,408
35	502,719	39	39,213
36	522,598	29	162,471
37	411,821	5	248,598
38	491,09	11	175,412
39	610,261	23	178,734
40	511,536	22	233,987
41	461,075	14	217,122
42	467,807	9	220,137
43	406,093	15	32,686
44	555,741	49	181,248
45	561,988	16	71,4
46	606,899	20	49,913
47	639,625	28	205,927
48	422,305	47	254,831
49	406,3	9	187,373
50	528,154	18	191,569
51	523,352	44	89,169
52	635,665	12	243,846
53	632,926	15	34,911
54	551,193	25	116,505
55	462,448	13	116,317
56	417,96	20	189,34
57	621,246	25	3,362
58	407,907	6	132,148
59	617,619	42	38,77
60	474,616	7	61,507
61	650,152	20	138,176
62	634,88	18	32,389
63	414,005	17	186,56
64	411,263	3	234,211
65	413,85	17	88,433
66	408,034	27	220,094
67	572,047	49	248,577
68	591,567	36	167,145
69	614,779	41	115,445
70	594,703	39	18,046
71	491,589	44	158,309
72	436,906	45	161,278
73	418,787	16	87,805
74	625,865	1	3,954
75	406,576	6	209,984
76	504,176	9	254,294
77	589,232	15	209,585
78	474,371	14	162,806
79	425,087	44	58,585
80	563,74	34	20,101
81	525,413	32	79,54
82	533,31	15	179,911
83	431,953	36	237,181
84	501,449	25	249,484
85	444,941	47	206,42
86	645,847	41	184,991
87	549,175	23	110,603
88	563,9	13	5,471
89	516,519	49	17,217
90	550,83	20	11,82
91	397,654	13	115,285
92	557,341	35	100,452
93	484,859	6	133,504
94	604,08	4	72,223
95	506,917	42	87,783
96	597,217	41	29,43
97	479,138	26	39,477
98	404,226	32	14,565
99	446,149	14	221,751
100	490,171	31	16,791

#machId jobPred jobSucc setupTime
1	1	6	9,701
1	1	9	10,628
1	1	12	0,649
1	1	13	1,35
1	1	21	2,706
1	1	22	1,878
1	1	26	17,102
1	1	31	49,919
1	1	38	13,533
1	1	41	1,572
1	1	43	1,688
1	1	55	1,518
1	1	59	21,552
1	1	61	8,933
1	1	68	6,863
1	1	73	13,752
1	1	78	5,317
1	1	81	6,51
1	1	83	0,9
1	1	84	3,357
1	1	89	4,045
1	1	93	12,03
1	1	94	4,581
1	1	96	14,074
1	1	99	4,268
1	6	1	11,497
1	6	9	0,851
1	6	12	1,747
1	6	13	19,164
1	6	21	6,89
1	6	22	6,308
1	6	26	6,948
1	6	31	5,802
1	6	38	9,512
1	6	41	11,789
1	6	43	10,797
1	6	55	8,285
1	6	59	3,814
1	6	61	2,962
1	6	68	13,302
1	6	73	12,437
1	6	78	11,243
1	6	81	2,641
1	6	83	9,029
1	6	84	8,159
1	6	89	1,637
1	6	93	4,032
1	6	94	22,907
1	6	96	0,917
1	6	99	2,43
1	9	1	0,559
1	9	6	4,836
1	9	12	0,538
1	9	13	0,944
1	9	21	8,221
1	9	22	1,759
1	9	26	4,802
1	9	31	3,369
1	9	38	26,634
1	9	41	11,305
1	9	43	5,961
1	9	55	2,04
1	9	59	6,752
1	9	61	2,116
1	9	68	5,704
1	9	73	2,999
1	9	78	21,582
1	9	81	1,374
1	9	83	11,071
1	9	84	11,176
1	9	89	29,679
1	9	93	6,376
1	9	94	12,864
1	9	96	1,142
1	9	99	7,93
1	12	1	6,989
1	12	6	11,882
1	12	9	4,412
1	12	13	6,558
1	12	21	22,915
1	12	22	11,802
1	12	26	13,734
1	12	31	3,235
1	12	38	7,885
1	12	41	2,944
1	12	43	3,634
1	12	55	0,51
1	12	59	5,085
1	12	61	8,59
1	12	68	14,378
1	12	73	0,818
1	12	78	13,314
1	12	81	1,135
1	12	83	10,714
1	12	84	1,99
1	12	89	2,416
1	12	93	1,936
1	12	94	2,99
1	12	96	3,204
1	12	99	5,313
1	13	1	9,365
1	13	6	5,597
1	13	9	2,137
1	13	12	1,951
1	13	21	1,645
1	13	22	12,1
1	13	26	13,166
1	13	31	9,216
1	13	38	5,543
1	13	41	11,081
1	13	43	7,607
1	13	55	4,901
1	13	59	1,39
1	13	61	4,836
1	13	68	2,068
1	13	73	20,085
1	13	78	7,32
1	13	81	3,1
1	13	83	7,382
1	13	84	6,332
1	13	89	14,129
1	13	93	0,574
1	13	94	7,058
1	13	96	1,569
1	13	99	1,852
1	21	1	15,876
1	21	6	12,746
1	21	9	6,01
1	21	12	9,2
1	21	13	1,181
1	21	22	2,937
1	21	26	26,299
1	21	31	1,774
1	21	38	7,033
1	21	41	3,522
1	21	43	11,798
1	21	55	2,711
1	21	59	3,025
1	21	61	4,37
1	21	68	1,282
1	21	73	1,669
1	21	78	9,281
1	21	81	1,268
1	21	83	1,576
1	21	84	17,715
1	21	89	21,061
1	21	93	4,16
1	21	94	11,675
1	21	96	5,843
1	21	99	12,609
1	22	1	1,93
1	22	6	0,528
1	22	9	23,032
1	22	12	0,92
1	22	13	18,566
1	22	21	8,755
1	22	26	6,258
1	22	31	7,13
1	22	38	3,835
1	22	41	0,541
1	22	43	5,966
1	22	55	3,12
1	22	59	0,969
1	22	61	4,355
1	22	68	9,223
1	22	73	4,383
1	22	78	5,662
1	22	81	0,514
1	22	83	1,101
1	22	84	3,977
1	22	89	3,932
1	22	93	3,7
1	22	94	2,884
1	22	96	2,301
1	22	99	0,893
1	26	1	1,713
1	26	6	12,482
1	26	9	2,104
1	26	12	4,118
1	26	13	1,034
1	26	21	3,526
1	26	22	3,967
1	26	31	0,501
1	26	38	7,46
1	26	41	13,396
1	26	43	1,318
1	26	55	0,9
1	26	59	1,735
1	26	61	12,109
1	26	68	20,269
1	26	73	6,278
1	26	78	4,367
1	26	81	4,446
1	26	83	8,964
1	26	84	53,124
1	26	89	11,823
1	26	93	4,36
1	26	94	9,342
1	26	96	3,978
1	26	99	3,567
1	31	1	19,113
1	31	6	7,803
1	31	9	3,832
1	31	12	99,434
1	31	13	33,642
1	31	21	0,932
1	31	22	8,316
1	31	26	3,287
1	31	38	45,747
1	31	41	7,744
1	31	43	2,923
1	31	55	3,15
1	31	59	4,392
1	31	61	2,865
1	31	68	0,606
1	31	73	1,805
1	31	78	4,599
1	31	81	4,185
1	31	83	1,562
1	31	84	7,882
1	31	89	3,601
1	31	93	3,438
1	31	94	32,98
1	31	96	6,739
1	31	99	0,645
1	38	1	22,948
1	38	6	4,275
1	38	9	12,652
1	38	12	4,495
1	38	13	1,757
1	38	21	36,532
1	38	22	0,733
1	38	26	2,893
1	38	31	0,531
1	38	41	1,521
1	38	43	2,785
1	38	55	5,122
1	38	59	1,272
1	38	61	13,464
1	38	68	10,747
1	38	73	0,85
1	38	78	5,906
1	38	81	2,234
1	38	83	1,346
1	38	84	12,194
1	38	89	1,878
1	38	93	5,33
1	38	94	1,506
1	38	96	6,631
1	38	99	0,88
1	41	1	2,547
1	41	6	6,731
1	41	9	15,596
1	41	12	5,872
1	41	13	7,94
1	41	21	8,888
1	41	22	0,962
1	41	26	6,592
1	41	31	8,154
1	41	38	4,02
1	41	43	2,338
1	41	55	1,421
1	41	59	3,598
1	41	61	6,071
1	41	68	3,118
1	41	73	37,18
1	41	78	13,971
1	41	81	12,754
1	41	83	11,575
1	41	84	11,797
1	41	89	3,47
1	41	93	17,702
1	41	94	0,915
1	41	96	1,624
1	41	99	2,76
1	43	1	2,769
1	43	6	1,661
1	43	9	2,157
1	43	12	4,236
1	43	13	17,791
1	43	21	1,239
1	43	22	5,068
1	43	26	1,827
1	43	31	6,675
1	43	38	1,397
1	43	41	6,19
1	43	55	3,58
1	43	59	14,701
1	43	61	3,373
1	43	68	2,108
1	43	73	13,418
1	43	78	1,849
1	43	81	7,668
1	43	83	0,603
1	43	84	0,527
1	43	89	16,246
1	43	93	2,544
1	43	94	3,164
1	43	96	6,327
1	43	99	3,54
1	55	1	0,539
1	55	6	3,287
1	55	9	0,799
1	55	12	19,86
1	55	13	11,667
1	55	21	5,089
1	55	22	0,915
1	55	26	21,523
1	55	31	10,986
1	55	38	20,614
1	55	41	4,697
1	55	43	10,189
1	55	59	2,636
1	55	61	1,5
1	55	68	5,188
1	55	73	3,673
1	55	78	0,979
1	55	81	8,579
1	55	83	6,842
1	55	84	6,191
1	55	89	6,61
1	55	93	2,391
1	55	94	2,722
1	55	96	3,63
1	55	99	0,757
1	59	1	4,762
1	59	6	2,498
1	59	9	36,993
1	59	12	5,173
1	59	13	8,973
1	59	21	7,077
1	59	22	6,773
1	59	26	8,273
1	59	31	14,152
1	59	38	3,491
1	59	41	3,123
1	59	43	1,924
1	59	55	19,259
1	59	61	1,875
1	59	68	16,183
1	59	73	7,152
1	59	78	3,059
1	59	81	50,952
1	59	83	11,19
1	59	84	8,269
1	59	89	17,976
1	59	93	2,921
1	59	94	1,51
1	59	96	1,125
1	59	99	0,96
1	61	1	0,757
1	61	6	7,752
1	61	9	19,483
1	61	12	4,831
1	61	13	12,877
1	61	21	2,115
1	61	22	1,86
1	61	26	1,974
1	61	31	1,384
1	61	38	2,537
1	61	41	5,364
1	61	43	5,632
1	61	55	4,533
1	61	59	2,771
1	61	68	16,681
1	61	73	6,254
1	61	78	14,668
1	61	81	2,732
1	61	83	2,524
1	61	84	2,344
1	61	89	1,197
1	61	93	3,242
1	61	94	0,545
1	61	96	2,469
1	61	99	3,95
1	68	1	27,068
1	68	6	6,772
1	68	9	2,729
1	68	12	4,253
1	68	13	0,91
1	68	21	4,232
1	68	22	2,321
1	68	26	5,659
1	68	31	7,023
1	68	38	0,746
1	68	41	2,773
1	68	43	1,316
1	68	55	20,276
1	68	59	1,907
1	68	61	1,336
1	68	73	4,9
1	68	78	0,828
1	68	81	11,165
1	68	83	5,241
1	68	84	6,655
1	68	89	1,068
1	68	93	7,544
1	68	94	6,808
1	68	96	2,726
1	68	99	14,351
1	73	1	6,784
1	73	6	17,318
1	73	9	1,527
1	73	12	4,771
1	73	13	0,79
1	73	21	1,632
1	73	22	3,471
1	73	26	4,908
1	73	31	20,594
1	73	38	1,85
1	73	41	3,711
1	73	43	5,068
1	73	55	4,849
1	73	59	6,614
1	73	61	4,083
1	73	68	5,95
1	73	78	1,731
1	73	81	4,259
1	73	83	3,616
1	73	84	1,923
1	73	89	3,509
1	73	93	11,414
1	73	94	7,912
1	73	96	2,652
1	73	99	6,355
1	78	1	1,378
1	78	6	1,153
1	78	9	4,91
1	78	12	4,581
1	78	13	2,256
1	78	21	19,587
1	78	22	0,719
1	78	26	8,697
1	78	31	1,606
1	78	38	3,429
1	78	41	7,205
1	78	43	6,352
1	78	55	1,819
1	78	59	19,406
1	78	61	3,316
1	78	68	2,17
1	78	73	2,441
1	78	81	7,248
1	78	83	9,217
1	78	84	5,703
1	78	89	18,762
1	78	93	21,487
1	78	94	2,235
1	78	96	0,57
1	78	99	4,632
1	81	1	4,587
1	81	6	3,136
1	81	9	11,937
1	81	12	10,334
1	81	13	0,698
1	81	21	17,541
1	81	22	3,275
1	81	26	2,53
1	81	31	2,327
1	81	38	4,469
1	81	41	4,574
1	81	43	6,616
1	81	55	1,299
1	81	59	8,668
1	81	61	7,842
1	81	68	3,07
1	81	73	8,497
1	81	78	2,519
1	81	83	4,074
1	81	84	0,947
1	81	89	2,84
1	81	93	15,649
1	81	94	6,959
1	81	96	1,922
1	81	99	2,75
1	83	1	4,889
1	83	6	1,188
1	83	9	15,039
1	83	12	3,293
1	83	13	3,514
1	83	21	6,929
1	83	22	3,238
1	83	26	9,355
1	83	31	4,271
1	83	38	1,255
1	83	41	5,769
1	83	43	0,64
1	83	55	2,007
1	83	59	2,607
1	83	61	1,196
1	83	68	10,885
1	83	73	6,473
1	83	78	11,282
1	83	81	1,647
1	83	84	0,885
1	83	89	10,045
1	83	93	2,544
1	83	94	5,359
1	83	96	2,152
1	83	99	6,688
1	84	1	1,709
1	84	6	3,136
1	84	9	5,316
1	84	12	13,34
1	84	13	7,092
1	84	21	22,153
1	84	22	3,872
1	84	26	22,467
1	84	31	1,475
1	84	38	10,418
1	84	41	3,538
1	84	43	2,862
1	84	55	2,459
1	84	59	1,93
1	84	61	6,806
1	84	68	5,589
1	84	73	4,923
1	84	78	1,969
1	84	81	12,115
1	84	83	20,696
1	84	89	5,481
1	84	93	1,257
1	84	94	0,841
1	84	96	3,645
1	84	99	2,615
1	89	1	2,957
1	89	6	3,739
1	89	9	6,156
1	89	12	3,849
1	89	13	16,892
1	89	21	8,856
1	89	22	1,673
1	89	26	3,743
1	89	31	6,212
1	89	38	8,318
1	89	41	5,348
1	89	43	14,934
1	89	55	7,818
1	89	59	4,855
1	89	61	0,739
1	89	68	2,241
1	89	73	3,418
1	89	78	2,836
1	89	81	5,855
1	89	83	3,556
1	89	84	5,076
1	89	93	4,253
1	89	94	0,918
1	89	96	1,228
1	89	99	5,325
1	93	1	27,095
1	93	6	5,475
1	93	9	5,11
1	93	12	4,312
1	93	13	6,124
1	93	21	28,027
1	93	22	1,926
1	93	26	5,464
1	93	31	7,979
1	93	38	5,974
1	93	41	2,322
1	93	43	23,441
1	93	55	3,156
1	93	59	2,058
1	93	61	14,543
1	93	68	24,911
1	93	73	8,445
1	93	78	7,512
1	93	81	2,518
1	93	83	22,266
1	93	84	7,252
1	93	89	5,112
1	93	94	8,054
1	93	96	2,8
1	93	99	4,345
1	94	1	7,764
1	94	6	4,769
1	94	9	12,971
1	94	12	0,893
1	94	13	33,895
1	94	21	2,981
1	94	22	5,227
1	94	26	5,045
1	94	31	3,116
1	94	38	4,717
1	94	41	4,946
1	94	43	7,478
1	94	55	5,043
1	94	59	13,226
1	94	61	2,405
1	94	68	6,524
1	94	73	2,52
1	94	78	4,998
1	94	81	11,673
1	94	83	0,553
1	94	84	1,46
1	94	89	0,755
1	94	93	2,967
1	94	96	5,224
1	94	99	2,728
1	96	1	0,768
1	96	6	7,804
1	96	9	6,638
1	96	12	8,56
1	96	13	8,957
1	96	21	6,594
1	96	22	2,141
1	96	26	15,036
1	96	31	3,042
1	96	38	10,022
1	96	41	8,517
1	96	43	2,749
1	96	55	1,615
1	96	59	6,324
1	96	61	4,63
1	96	68	5,215
1	96	73	8,148
1	96	78	15,005
1	96	81	2,248
1	96	83	0,627
1	96	84	8,831
1	96	89	6,497
1	96	93	4,433
1	96	94	4,19
1	96	99	4,278
1	99	1	6,185
1	99	6	3,304
1	99	9	3,128
1	99	12	6,533
1	99	13	21,623
1	99	21	3,133
1	99	22	1,181
1	99	26	1,427
1	99	31	2,139
1	99	38	1,241
1	99	41	1,01
1	99	43	12,383
1	99	55	2,269
1	99	59	2,469
1	99	61	12,001
1	99	68	2,516
1	99	73	10,163
1	99	78	15,613
1	99	81	2,2
1	99	83	9,317
1	99	84	0,518
1	99	89	1,707
1	99	93	1,325
1	99	94	0,946
1	99	96	1,179
2	7	22	14,863
2	7	23	13,42
2	7	35	14,951
2	7	36	10,732
2	7	39	0,577
2	7	44	9,428
2	7	46	4,356
2	7	49	4,948
2	7	63	6,28
2	7	69	2,467
2	7	75	7,702
2	7	80	2,577
2	7	97	1,994
2	22	7	0,546
2	22	23	1,258
2	22	35	3,983
2	22	36	18,391
2	22	39	1,169
2	22	44	8,521
2	22	46	6,004
2	22	49	0,838
2	22	63	3,545
2	22	69	0,67
2	22	75	3,449
2	22	80	5,779
2	22	97	6,824
2	23	7	1,244
2	23	22	10,128
2	23	35	0,885
2	23	36	0,538
2	23	39	3,441
2	23	44	37,368
2	23	46	2,952
2	23	49	6,517
2	23	63	10,626
2	23	69	89,095
2	23	75	22,752
2	23	80	1,779
2	23	97	3,229
2	35	7	2,288
2	35	22	8,602
2	35	23	1,005
2	35	36	2,374
2	35	39	8,234
2	35	44	4,621
2	35	46	11,917
2	35	49	4,94
2	35	63	0,895
2	35	69	1,376
2	35	75	5,397
2	35	80	8,547
2	35	97	3,698
2	36	7	3,216
2	36	22	4,605
2	36	23	6,142
2	36	35	7,132
2	36	39	2,311
2	36	44	26,825
2	36	46	0,671
2	36	49	8,62
2	36	63	1,528
2	36	69	6,356
2	36	75	9,197
2	36	80	4,722
2	36	97	8,38
2	39	7	3,475
2	39	22	9,516
2	39	23	0,961
2	39	35	2,452
2	39	36	2,815
2	39	44	3,837
2	39	46	3,9
2	39	49	2,812
2	39	63	14,469
2	39	69	15,516
2	39	75	15,136
2	39	80	5,988
2	39	97	18,602
2	44	7	5,625
2	44	22	1,73
2	44	23	0,8
2	44	35	5,169
2	44	36	10,428
2	44	39	15,463
2	44	46	0,993
2	44	49	2,986
2	44	63	15,016
2	44	69	16,953
2	44	75	1,052
2	44	80	3,653
2	44	97	16,04
2	46	7	1,447
2	46	22	2,974
2	46	23	3,208
2	46	35	1,852
2	46	36	15,213
2	46	39	14,878
2	46	44	6,422
2	46	49	12,199
2	46	63	4,042
2	46	69	1,99
2	46	75	2,347
2	46	80	0,682
2	46	97	36,196
2	49	7	2,214
2	49	22	1,018
2	49	23	1,828
2	49	35	6,562
2	49	36	2,32
2	49	39	38,804
2	49	44	2,28
2	49	46	14,409
2	49	63	5,099
2	49	69	0,601
2	49	75	3,285
2	49	80	13,954
2	49	97	13,384
2	63	7	3,103
2	63	22	12,508
2	63	23	2,509
2	63	35	4,67
2	63	36	2,537
2	63	39	9,867
2	63	44	3,541
2	63	46	1,14
2	63	49	7,79
2	63	69	1,104
2	63	75	3,216
2	63	80	13,367
2	63	97	13,248
2	69	7	22,677
2	69	22	1,519
2	69	23	2,449
2	69	35	2,949
2	69	36	1,711
2	69	39	0,692
2	69	44	15,574
2	69	46	8,865
2	69	49	0,557
2	69	63	3,273
2	69	75	2,382
2	69	80	0,613
2	69	97	1,702
2	75	7	13,904
2	75	22	3,021
2	75	23	2,117
2	75	35	11,496
2	75	36	3,433
2	75	39	6,33
2	75	44	7,933
2	75	46	2,435
2	75	49	1,172
2	75	63	7,652
2	75	69	7,836
2	75	80	3,448
2	75	97	15,096
2	80	7	7,239
2	80	22	0,597
2	80	23	11,251
2	80	35	1,368
2	80	36	1,738
2	80	39	0,968
2	80	44	2,105
2	80	46	7,838
2	80	49	1,676
2	80	63	10,554
2	80	69	1,311
2	80	75	5,582
2	80	97	5,324
2	97	7	17,916
2	97	22	4,719
2	97	23	2,288
2	97	35	5,011
2	97	36	0,931
2	97	39	27,048
2	97	44	11,146
2	97	46	10,333
2	97	49	4,278
2	97	63	13,73
2	97	69	2,732
2	97	75	3,601
2	97	80	2,403
3	4	5	1,124
3	4	27	12,866
3	4	34	3,13
3	4	36	7,141
3	4	40	5,428
3	4	41	4,493
3	4	43	3,111
3	4	47	1,585
3	4	51	1,598
3	4	52	17,748
3	4	54	2,111
3	4	65	1,942
3	4	67	1,695
3	4	68	3,64
3	4	69	0,987
3	4	70	5,827
3	4	73	1,047
3	4	74	2,675
3	4	81	3,055
3	4	87	4,088
3	4	92	3,867
3	4	100	4,742
3	5	4	1,458
3	5	27	2,095
3	5	34	1,662
3	5	36	2,153
3	5	40	12,888
3	5	41	0,857
3	5	43	5,981
3	5	47	9,842
3	5	51	2,107
3	5	52	2,616
3	5	54	4,219
3	5	65	7,641
3	5	67	2,518
3	5	68	6,193
3	5	69	3,106
3	5	70	5,496
3	5	73	1,445
3	5	74	2,411
3	5	81	7,415
3	5	87	0,525
3	5	92	1,845
3	5	100	11,979
3	27	4	14,128
3	27	5	0,908
3	27	34	2,29
3	27	36	0,642
3	27	40	1,054
3	27	41	1,814
3	27	43	24,201
3	27	47	17,436
3	27	51	7,16
3	27	52	1,642
3	27	54	6,532
3	27	65	2,055
3	27	67	1,126
3	27	68	7,818
3	27	69	4,144
3	27	70	13,214
3	27	73	17,723
3	27	74	4,677
3	27	81	3,404
3	27	87	10,706
3	27	92	5,993
3	27	100	8,174
3	34	4	2,504
3	34	5	4,852
3	34	27	2,119
3	34	36	0,893
3	34	40	11,729
3	34	41	1,656
3	34	43	6,71
3	34	47	12,021
3	34	51	2,699
3	34	52	4,156
3	34	54	5,025
3	34	65	3,68
3	34	67	2,458
3	34	68	2,395
3	34	69	2,72
3	34	70	5,592
3	34	73	4,235
3	34	74	9,479
3	34	81	8,219
3	34	87	10,115
3	34	92	4,219
3	34	100	5,66
3	36	4	6,753
3	36	5	7,969
3	36	27	10,456
3	36	34	35,345
3	36	40	1,28
3	36	41	1,496
3	36	43	4,12
3	36	47	5,128
3	36	51	133,192
3	36	52	7,931
3	36	54	0,685
3	36	65	1,505
3	36	67	1,641
3	36	68	2,129
3	36	69	1,395
3	36	70	0,748
3	36	73	1,46
3	36	74	3,676
3	36	81	10,251
3	36	87	1,718
3	36	92	13,039
3	36	100	14,489
3	40	4	2,869
3	40	5	7,494
3	40	27	2,331
3	40	34	1,615
3	40	36	0,994
3	40	41	2,183
3	40	43	7,246
3	40	47	1,991
3	40	51	5,084
3	40	52	4,427
3	40	54	1,394
3	40	65	3,086
3	40	67	39,83
3	40	68	15,482
3	40	69	11,741
3	40	70	1,099
3	40	73	2,128
3	40	74	9,555
3	40	81	21,4
3	40	87	1,648
3	40	92	1,113
3	40	100	6,475
3	41	4	12,726
3	41	5	8,342
3	41	27	5,918
3	41	34	20,049
3	41	36	3,527
3	41	40	1,29
3	41	43	12,495
3	41	47	2,497
3	41	51	1,512
3	41	52	5,488
3	41	54	4,488
3	41	65	2,03
3	41	67	9,833
3	41	68	1,627
3	41	69	2,565
3	41	70	8,015
3	41	73	9,174
3	41	74	4,048
3	41	81	3,124
3	41	87	4,549
3	41	92	2,125
3	41	100	6,87
3	43	4	8,284
3	43	5	0,97
3	43	27	6,396
3	43	34	14,428
3	43	36	0,586
3	43	40	0,659
3	43	41	7,032
3	43	47	3,542
3	43	51	12,454
3	43	52	0,753
3	43	54	2,661
3	43	65	1,366
3	43	67	13,704
3	43	68	9,268
3	43	69	4,687
3	43	70	5,857
3	43	73	4,249
3	43	74	0,904
3	43	81	1,752
3	43	87	20,622
3	43	92	4,821
3	43	100	4,696
3	47	4	10,076
3	47	5	3,101
3	47	27	2,125
3	47	34	17,287
3	47	36	7,275
3	47	40	12,913
3	47	41	7,64
3	47	43	7,602
3	47	51	2,068
3	47	52	4,663
3	47	54	1,441
3	47	65	1,743
3	47	67	12,061
3	47	68	1,166
3	47	69	3,216
3	47	70	3,727
3	47	73	0,823
3	47	74	1,867
3	47	81	12,539
3	47	87	1,862
3	47	92	12,507
3	47	100	0,919
3	51	4	1,518
3	51	5	1,839
3	51	27	13,365
3	51	34	0,676
3	51	36	1,318
3	51	40	11,248
3	51	41	5,17
3	51	43	5,599
3	51	47	0,916
3	51	52	4,556
3	51	54	1,997
3	51	65	1,013
3	51	67	10,968
3	51	68	4,774
3	51	69	1,615
3	51	70	2,885
3	51	73	1,574
3	51	74	3,923
3	51	81	2,206
3	51	87	3,199
3	51	92	7,974
3	51	100	4,511
3	52	4	2,541
3	52	5	4,852
3	52	27	7,942
3	52	34	2,134
3	52	36	1,58
3	52	40	5,088
3	52	41	10,986
3	52	43	2,617
3	52	47	0,581
3	52	51	18,405
3	52	54	20,564
3	52	65	2,966
3	52	67	2,26
3	52	68	4,285
3	52	69	2,185
3	52	70	1,738
3	52	73	7,324
3	52	74	2,027
3	52	81	0,807
3	52	87	1,701
3	52	92	17,096
3	52	100	2,238
3	54	4	11,387
3	54	5	1,078
3	54	27	6,256
3	54	34	10,78
3	54	36	3,061
3	54	40	9,692
3	54	41	2,53
3	54	43	11,544
3	54	47	21,322
3	54	51	17,882
3	54	52	17,694
3	54	65	2,128
3	54	67	3,395
3	54	68	1,862
3	54	69	14,861
3	54	70	0,617
3	54	73	1,072
3	54	74	2,632
3	54	81	5,091
3	54	87	4,003
3	54	92	12,04
3	54	100	4,95
3	65	4	4,946
3	65	5	11,314
3	65	27	5,212
3	65	34	9,096
3	65	36	1,791
3	65	40	1,096
3	65	41	2
3	65	43	1,699
3	65	47	13,679
3	65	51	7,787
3	65	52	4,844
3	65	54	11,152
3	65	67	0,784
3	65	68	4,323
3	65	69	6,947
3	65	70	6,39
3	65	73	0,963
3	65	74	17,757
3	65	81	2,7
3	65	87	0,658
3	65	92	3,633
3	65	100	5,488
3	67	4	1,819
3	67	5	4,685
3	67	27	7,034
3	67	34	2,214
3	67	36	12,409
3	67	40	5,482
3	67	41	4,057
3	67	43	6,032
3	67	47	6,239
3	67	51	1,059
3	67	52	1,208
3	67	54	1,191
3	67	65	6,993
3	67	68	1,266
3	67	69	1,662
3	67	70	8,038
3	67	73	3,262
3	67	74	9,047
3	67	81	4,799
3	67	87	3,206
3	67	92	4,383
3	67	100	4,2
3	68	4	4,776
3	68	5	6,002
3	68	27	16,126
3	68	34	1,214
3	68	36	1,322
3	68	40	1,727
3	68	41	52,943
3	68	43	2,148
3	68	47	12,754
3	68	51	3,628
3	68	52	6,478
3	68	54	1,463
3	68	65	0,933
3	68	67	21,762
3	68	69	2,473
3	68	70	17,282
3	68	73	2,155
3	68	74	5,312
3	68	81	4,047
3	68	87	3,486
3	68	92	10,976
3	68	100	1,412
3	69	4	2,427
3	69	5	17,549
3	69	27	2,354
3	69	34	10,108
3	69	36	5,368
3	69	40	0,75
3	69	41	1,745
3	69	43	3,341
3	69	47	5,155
3	69	51	3,596
3	69	52	1,855
3	69	54	1,69
3	69	65	11,231
3	69	67	1,109
3	69	68	4,454
3	69	70	0,927
3	69	73	1,259
3	69	74	6,801
3	69	81	8,779
3	69	87	9,71
3	69	92	5,91
3	69	100	4,618
3	70	4	3,068
3	70	5	1,068
3	70	27	1,999
3	70	34	1,06
3	70	36	5,073
3	70	40	0,607
3	70	41	1,105
3	70	43	2,336
3	70	47	7,354
3	70	51	0,837
3	70	52	4,376
3	70	54	1,148
3	70	65	28,078
3	70	67	3,92
3	70	68	2,029
3	70	69	1,059
3	70	73	5,238
3	70	74	1,69
3	70	81	11,977
3	70	87	25,808
3	70	92	6,75
3	70	100	1,058
3	73	4	14,72
3	73	5	6,671
3	73	27	4,908
3	73	34	9,869
3	73	36	2,397
3	73	40	1,549
3	73	41	1,802
3	73	43	11,391
3	73	47	8,074
3	73	51	4,82
3	73	52	2,742
3	73	54	6,085
3	73	65	1,42
3	73	67	4,12
3	73	68	5,766
3	73	69	1,336
3	73	70	2,317
3	73	74	3,136
3	73	81	23,879
3	73	87	1,574
3	73	92	1,276
3	73	100	5,182
3	74	4	2,737
3	74	5	2,348
3	74	27	3,733
3	74	34	5,37
3	74	36	8,428
3	74	40	2,882
3	74	41	11,336
3	74	43	2,01
3	74	47	25,5
3	74	51	3,51
3	74	52	5,146
3	74	54	7,454
3	74	65	3,592
3	74	67	6,231
3	74	68	1,612
3	74	69	4,221
3	74	70	5,425
3	74	73	2,066
3	74	81	4,237
3	74	87	23,22
3	74	92	1,459
3	74	100	3,974
3	81	4	0,858
3	81	5	6,86
3	81	27	10,431
3	81	34	10,398
3	81	36	6,312
3	81	40	2,39
3	81	41	4,371
3	81	43	5,719
3	81	47	7,986
3	81	51	1,124
3	81	52	28,134
3	81	54	1,434
3	81	65	10,611
3	81	67	2,216
3	81	68	3,446
3	81	69	3,149
3	81	70	4,249
3	81	73	8,006
3	81	74	6,47
3	81	87	12,136
3	81	92	17,945
3	81	100	6,065
3	87	4	4,018
3	87	5	3,73
3	87	27	11,291
3	87	34	4,475
3	87	36	8,154
3	87	40	11,014
3	87	41	4,059
3	87	43	0,926
3	87	47	1,328
3	87	51	2,698
3	87	52	6,149
3	87	54	13,472
3	87	65	8,893
3	87	67	3,945
3	87	68	0,788
3	87	69	0,823
3	87	70	3,827
3	87	73	5,597
3	87	74	11,811
3	87	81	7,233
3	87	92	6,754
3	87	100	28,752
3	92	4	0,831
3	92	5	2,57
3	92	27	6,673
3	92	34	6,045
3	92	36	3,349
3	92	40	17,559
3	92	41	38,83
3	92	43	1,917
3	92	47	3,129
3	92	51	1,705
3	92	52	3,411
3	92	54	4,645
3	92	65	0,529
3	92	67	6,775
3	92	68	5,466
3	92	69	9,7
3	92	70	5,521
3	92	73	4,96
3	92	74	4,248
3	92	81	2,613
3	92	87	7,62
3	92	100	11,168
3	100	4	6,596
3	100	5	19,597
3	100	27	0,734
3	100	34	1,591
3	100	36	17,099
3	100	40	5,742
3	100	41	1,836
3	100	43	0,736
3	100	47	6,734
3	100	51	0,857
3	100	52	3,042
3	100	54	2,455
3	100	65	2,275
3	100	67	4,715
3	100	68	1,709
3	100	69	7,045
3	100	70	8,607
3	100	73	1,855
3	100	74	1,589
3	100	81	10,793
3	100	87	5,356
3	100	92	5,247
4	2	6	2,073
4	2	7	9,821
4	2	12	3,041
4	2	14	0,76
4	2	15	2,751
4	2	16	15,732
4	2	17	3,263
4	2	18	8,167
4	2	27	1,27
4	2	34	18,454
4	2	37	14,791
4	2	38	7,717
4	2	54	1,775
4	2	57	2,804
4	2	64	17,566
4	2	69	0,826
4	2	71	12,149
4	2	73	13,274
4	2	84	3,451
4	2	85	5,521
4	2	88	3,655
4	2	92	6,748
4	2	95	2,62
4	6	2	15,069
4	6	7	15,833
4	6	12	9,514
4	6	14	7,548
4	6	15	1,08
4	6	16	2,957
4	6	17	11,662
4	6	18	3,741
4	6	27	0,606
4	6	34	1,268
4	6	37	3,025
4	6	38	18,003
4	6	54	3,392
4	6	57	6,017
4	6	64	0,527
4	6	69	17,303
4	6	71	6,552
4	6	73	11,093
4	6	84	1,055
4	6	85	2,891
4	6	88	0,577
4	6	92	1,656
4	6	95	11,213
4	7	2	6,054
4	7	6	22,019
4	7	12	7,584
4	7	14	3,536
4	7	15	5,972
4	7	16	3,578
4	7	17	5,41
4	7	18	8,189
4	7	27	1,211
4	7	34	7,852
4	7	37	1,417
4	7	38	9,95
4	7	54	17,579
4	7	57	11,385
4	7	64	1,54
4	7	69	15,008
4	7	71	7,376
4	7	73	0,674
4	7	84	5,186
4	7	85	3,897
4	7	88	8,015
4	7	92	5,551
4	7	95	4,908
4	12	2	2,855
4	12	6	21,262
4	12	7	5,658
4	12	14	4,345
4	12	15	3,716
4	12	16	1,416
4	12	17	4,003
4	12	18	6,117
4	12	27	20,716
4	12	34	14,657
4	12	37	6,938
4	12	38	1,028
4	12	54	5,749
4	12	57	3,986
4	12	64	4,07
4	12	69	0,684
4	12	71	16,193
4	12	73	8,025
4	12	84	4,083
4	12	85	0,728
4	12	88	1,766
4	12	92	2,967
4	12	95	4,425
4	14	2	1,233
4	14	6	10,892
4	14	7	5,177
4	14	12	1,215
4	14	15	0,724
4	14	16	1,271
4	14	17	1,895
4	14	18	9,706
4	14	27	1,372
4	14	34	22,391
4	14	37	5,264
4	14	38	14,423
4	14	54	4,436
4	14	57	17,827
4	14	64	4,408
4	14	69	3,387
4	14	71	5,093
4	14	73	3,25
4	14	84	3,631
4	14	85	0,857
4	14	88	6,404
4	14	92	1,51
4	14	95	4,053
4	15	2	1,123
4	15	6	11,769
4	15	7	16,34
4	15	12	0,88
4	15	14	4,318
4	15	16	17,832
4	15	17	1,916
4	15	18	6,982
4	15	27	2,608
4	15	34	1,465
4	15	37	2,635
4	15	38	6,984
4	15	54	10,006
4	15	57	8,378
4	15	64	8,114
4	15	69	0,973
4	15	71	4,868
4	15	73	4,39
4	15	84	3,372
4	15	85	7,053
4	15	88	35,123
4	15	92	0,685
4	15	95	7,368
4	16	2	4,367
4	16	6	8,167
4	16	7	8,939
4	16	12	32,392
4	16	14	2,154
4	16	15	2,301
4	16	17	1,49
4	16	18	10,222
4	16	27	3,203
4	16	34	9,475
4	16	37	2,134
4	16	38	3,736
4	16	54	3,861
4	16	57	8,515
4	16	64	0,956
4	16	69	6,612
4	16	71	3,847
4	16	73	15,434
4	16	84	10,262
4	16	85	7,74
4	16	88	8,606
4	16	92	6,502
4	16	95	7,098
4	17	2	2,976
4	17	6	0,755
4	17	7	0,745
4	17	12	8,234
4	17	14	2,984
4	17	15	6,729
4	17	16	2,614
4	17	18	30,44
4	17	27	2,583
4	17	34	8,614
4	17	37	1,94
4	17	38	5,56
4	17	54	7,61
4	17	57	2,4
4	17	64	3,658
4	17	69	6,568
4	17	71	0,623
4	17	73	3,489
4	17	84	2,136
4	17	85	11,555
4	17	88	3,439
4	17	92	10,146
4	17	95	22,466
4	18	2	6,079
4	18	6	2,941
4	18	7	10,722
4	18	12	2,714
4	18	14	4,118
4	18	15	5,371
4	18	16	8,686
4	18	17	7,85
4	18	27	0,88
4	18	34	4,714
4	18	37	0,519
4	18	38	5,04
4	18	54	3,45
4	18	57	4,692
4	18	64	7,616
4	18	69	1,616
4	18	71	1,779
4	18	73	10,215
4	18	84	0,917
4	18	85	2,391
4	18	88	0,607
4	18	92	2,112
4	18	95	34,006
4	27	2	12,058
4	27	6	16,043
4	27	7	13,318
4	27	12	1,609
4	27	14	9,305
4	27	15	1,562
4	27	16	6,553
4	27	17	8,456
4	27	18	11,648
4	27	34	1,576
4	27	37	6,554
4	27	38	9,849
4	27	54	1,876
4	27	57	20,076
4	27	64	2,358
4	27	69	2,616
4	27	71	3,501
4	27	73	11,868
4	27	84	1,662
4	27	85	3,345
4	27	88	7,124
4	27	92	1,355
4	27	95	3,085
4	34	2	7,487
4	34	6	6,096
4	34	7	5,903
4	34	12	12,688
4	34	14	8,126
4	34	15	3,668
4	34	16	13,81
4	34	17	5,725
4	34	18	2,938
4	34	27	7,852
4	34	37	4,634
4	34	38	2,158
4	34	54	0,643
4	34	57	9,58
4	34	64	0,6
4	34	69	6,989
4	34	71	9,485
4	34	73	71,172
4	34	84	4,601
4	34	85	16,266
4	34	88	6,241
4	34	92	2,348
4	34	95	12,007
4	37	2	7,562
4	37	6	0,622
4	37	7	1,677
4	37	12	0,713
4	37	14	5,632
4	37	15	15,669
4	37	16	9,059
4	37	17	2,224
4	37	18	2,156
4	37	27	2,793
4	37	34	23,188
4	37	38	1,525
4	37	54	4,438
4	37	57	2,587
4	37	64	0,68
4	37	69	2,771
4	37	71	5,633
4	37	73	4,792
4	37	84	4,682
4	37	85	14,665
4	37	88	43,062
4	37	92	4,313
4	37	95	12,235
4	38	2	7,83
4	38	6	30,691
4	38	7	12,99
4	38	12	4,1
4	38	14	4,027
4	38	15	0,815
4	38	16	1,334
4	38	17	5,436
4	38	18	6,818
4	38	27	8,043
4	38	34	5,27
4	38	37	11,005
4	38	54	9,456
4	38	57	8,143
4	38	64	3,356
4	38	69	2,341
4	38	71	25,039
4	38	73	1,344
4	38	84	4,052
4	38	85	4,478
4	38	88	21,398
4	38	92	1,13
4	38	95	4,315
4	54	2	1,826
4	54	6	1,608
4	54	7	3,364
4	54	12	1,658
4	54	14	9,099
4	54	15	7,796
4	54	16	4,789
4	54	17	16,011
4	54	18	0,733
4	54	27	6,121
4	54	34	1,798
4	54	37	1,577
4	54	38	1,066
4	54	57	7,358
4	54	64	4,489
4	54	69	0,909
4	54	71	1,815
4	54	73	7,003
4	54	84	3,134
4	54	85	4,084
4	54	88	0,794
4	54	92	3,184
4	54	95	0,764
4	57	2	1,5
4	57	6	9,043
4	57	7	1,101
4	57	12	30,258
4	57	14	1,215
4	57	15	3,188
4	57	16	2,57
4	57	17	5,425
4	57	18	12,833
4	57	27	3,899
4	57	34	0,783
4	57	37	2,355
4	57	38	4,628
4	57	54	1,105
4	57	64	8,626
4	57	69	5,533
4	57	71	8,997
4	57	73	9,655
4	57	84	2,207
4	57	85	2,572
4	57	88	1,882
4	57	92	2,575
4	57	95	9,134
4	64	2	6,784
4	64	6	3,447
4	64	7	7,742
4	64	12	1,36
4	64	14	1,393
4	64	15	2,041
4	64	16	4,613
4	64	17	3,455
4	64	18	17,727
4	64	27	6,297
4	64	34	5,628
4	64	37	6,495
4	64	38	13,345
4	64	54	0,657
4	64	57	2,273
4	64	69	9,18
4	64	71	27,31
4	64	73	3,14
4	64	84	1,773
4	64	85	15,197
4	64	88	3,503
4	64	92	8,263
4	64	95	15,367
4	69	2	18,237
4	69	6	1,247
4	69	7	5,513
4	69	12	10,018
4	69	14	3,42
4	69	15	3,089
4	69	16	0,615
4	69	17	0,566
4	69	18	2,126
4	69	27	2,432
4	69	34	0,695
4	69	37	6,74
4	69	38	1,339
4	69	54	5,502
4	69	57	3,238
4	69	64	7,018
4	69	71	4,514
4	69	73	3,965
4	69	84	9,358
4	69	85	17,436
4	69	88	0,729
4	69	92	1,043
4	69	95	7,276
4	71	2	11,047
4	71	6	4,803
4	71	7	23,016
4	71	12	3,422
4	71	14	1,826
4	71	15	5,6
4	71	16	7,879
4	71	17	1,884
4	71	18	5,082
4	71	27	5,122
4	71	34	4,033
4	71	37	11,505
4	71	38	3,822
4	71	54	7,3
4	71	57	2,936
4	71	64	15,851
4	71	69	6,38
4	71	73	2,046
4	71	84	4,941
4	71	85	3,333
4	71	88	4,612
4	71	92	3,341
4	71	95	1,461
4	73	2	7,09
4	73	6	7,995
4	73	7	3,91
4	73	12	5,242
4	73	14	8,418
4	73	15	8,603
4	73	16	8,063
4	73	17	3,419
4	73	18	1,334
4	73	27	0,553
4	73	34	1,305
4	73	37	2,124
4	73	38	1,444
4	73	54	6,203
4	73	57	15,794
4	73	64	33,972
4	73	69	0,968
4	73	71	1,455
4	73	84	5,851
4	73	85	4,927
4	73	88	20,95
4	73	92	1,545
4	73	95	1,973
4	84	2	4,056
4	84	6	1,414
4	84	7	12,528
4	84	12	4,701
4	84	14	11,99
4	84	15	1,439
4	84	16	1,478
4	84	17	3,458
4	84	18	2,755
4	84	27	3,723
4	84	34	1,736
4	84	37	20,188
4	84	38	3,833
4	84	54	6,553
4	84	57	1,122
4	84	64	5,961
4	84	69	37,194
4	84	71	13,14
4	84	73	11,184
4	84	85	5,611
4	84	88	9,011
4	84	92	5,718
4	84	95	1,142
4	85	2	12,501
4	85	6	3,704
4	85	7	0,778
4	85	12	3,01
4	85	14	0,793
4	85	15	2,711
4	85	16	56,722
4	85	17	4,825
4	85	18	30,797
4	85	27	2,157
4	85	34	4,355
4	85	37	1,924
4	85	38	8,374
4	85	54	7,039
4	85	57	7,031
4	85	64	6,703
4	85	69	0,635
4	85	71	2,033
4	85	73	7,487
4	85	84	7,312
4	85	88	0,92
4	85	92	11,736
4	85	95	0,571
4	88	2	3,907
4	88	6	2,046
4	88	7	0,503
4	88	12	0,564
4	88	14	5,869
4	88	15	1,739
4	88	16	6,119
4	88	17	1,77
4	88	18	1,081
4	88	27	4,784
4	88	34	37,14
4	88	37	4,37
4	88	38	6,902
4	88	54	3,357
4	88	57	6,242
4	88	64	3,446
4	88	69	0,805
4	88	71	3,444
4	88	73	3,315
4	88	84	1,819
4	88	85	6,672
4	88	92	7,797
4	88	95	0,559
4	92	2	1,069
4	92	6	4,511
4	92	7	1,075
4	92	12	1,267
4	92	14	10,734
4	92	15	2,773
4	92	16	7,577
4	92	17	1,019
4	92	18	8,727
4	92	27	1,577
4	92	34	2,564
4	92	37	8,624
4	92	38	2,532
4	92	54	5,882
4	92	57	40,363
4	92	64	18,562
4	92	69	2,526
4	92	71	1,377
4	92	73	0,617
4	92	84	1,653
4	92	85	3,538
4	92	88	1,088
4	92	95	4,26
4	95	2	5,423
4	95	6	0,895
4	95	7	12,663
4	95	12	3,949
4	95	14	0,581
4	95	15	9,038
4	95	16	0,749
4	95	17	3,251
4	95	18	2,916
4	95	27	12,187
4	95	34	5,83
4	95	37	5,563
4	95	38	3,8
4	95	54	1,214
4	95	57	1,83
4	95	64	5,604
4	95	69	13,287
4	95	71	1,84
4	95	73	2,438
4	95	84	4,305
4	95	85	3,182
4	95	88	2,657
4	95	92	1,128
5	10	11	1,929
5	10	31	0,538
5	10	32	2,773
5	10	42	8,712
5	10	48	12,448
5	10	53	13,05
5	10	55	8,196
5	10	73	2,236
5	10	76	1,338
5	10	77	9,906
5	10	78	2,141
5	10	79	0,909
5	10	84	3,872
5	10	90	21,216
5	10	91	1,05
5	11	10	0,703
5	11	31	1,059
5	11	32	2,013
5	11	42	9,066
5	11	48	2,217
5	11	53	3,099
5	11	55	24,574
5	11	73	2,202
5	11	76	0,868
5	11	77	2,16
5	11	78	9,985
5	11	79	20,304
5	11	84	5,879
5	11	90	10,76
5	11	91	1,739
5	31	10	7,135
5	31	11	15,267
5	31	32	1,574
5	31	42	8,77
5	31	48	1,323
5	31	53	15,834
5	31	55	1,22
5	31	73	2,063
5	31	76	1,952
5	31	77	26,851
5	31	78	4,176
5	31	79	0,782
5	31	84	12,463
5	31	90	13,84
5	31	91	20,69
5	32	10	3,31
5	32	11	2,815
5	32	31	2,137
5	32	42	22,066
5	32	48	10,582
5	32	53	6,973
5	32	55	22,954
5	32	73	9,465
5	32	76	9,998
5	32	77	1,88
5	32	78	9,516
5	32	79	9,239
5	32	84	2,435
5	32	90	3,186
5	32	91	2,699
5	42	10	1,33
5	42	11	1,757
5	42	31	6,353
5	42	32	2,001
5	42	48	5,427
5	42	53	3,554
5	42	55	2,07
5	42	73	2,732
5	42	76	13,442
5	42	77	5,798
5	42	78	2,473
5	42	79	3,228
5	42	84	3,616
5	42	90	1,952
5	42	91	1,583
5	48	10	4,924
5	48	11	3,69
5	48	31	1,025
5	48	32	7,214
5	48	42	5,213
5	48	53	22,974
5	48	55	4,543
5	48	73	9,847
5	48	76	4,302
5	48	77	11,841
5	48	78	21,039
5	48	79	14,643
5	48	84	8,951
5	48	90	8,397
5	48	91	4,181
5	53	10	6,676
5	53	11	3,866
5	53	31	8,868
5	53	32	0,608
5	53	42	6,37
5	53	48	14,083
5	53	55	2,149
5	53	73	7,085
5	53	76	2,155
5	53	77	17,421
5	53	78	1,385
5	53	79	2,492
5	53	84	3,93
5	53	90	4,937
5	53	91	26,552
5	55	10	9,732
5	55	11	5,032
5	55	31	1,831
5	55	32	7,404
5	55	42	1,358
5	55	48	2,467
5	55	53	3,191
5	55	73	10,74
5	55	76	2,35
5	55	77	39,228
5	55	78	1,036
5	55	79	4,891
5	55	84	11,455
5	55	90	9,196
5	55	91	7,345
5	73	10	3,542
5	73	11	4,666
5	73	31	0,517
5	73	32	2,265
5	73	42	4,407
5	73	48	3,709
5	73	53	2,686
5	73	55	10,03
5	73	76	10,256
5	73	77	6,313
5	73	78	7,456
5	73	79	8,922
5	73	84	6,211
5	73	90	6,723
5	73	91	8,117
5	76	10	1,096
5	76	11	6,523
5	76	31	3,229
5	76	32	3,903
5	76	42	0,772
5	76	48	11,445
5	76	53	6,709
5	76	55	1,552
5	76	73	17,506
5	76	77	5,273
5	76	78	6,492
5	76	79	2,817
5	76	84	0,855
5	76	90	4,242
5	76	91	2,241
5	77	10	0,563
5	77	11	20,217
5	77	31	7,318
5	77	32	2,076
5	77	42	7,731
5	77	48	7,36
5	77	53	1,729
5	77	55	4,347
5	77	73	7,584
5	77	76	1,546
5	77	78	5,565
5	77	79	5,676
5	77	84	1,07
5	77	90	2,95
5	77	91	2,54
5	78	10	4,972
5	78	11	1,696
5	78	31	1,262
5	78	32	6,415
5	78	42	4,238
5	78	48	17,387
5	78	53	7,737
5	78	55	27,135
5	78	73	2,553
5	78	76	11,967
5	78	77	2,745
5	78	79	39,572
5	78	84	13,238
5	78	90	4,292
5	78	91	6,42
5	79	10	3,005
5	79	11	6,229
5	79	31	1,726
5	79	32	1,264
5	79	42	2,968
5	79	48	3,802
5	79	53	0,961
5	79	55	4,549
5	79	73	4,486
5	79	76	0,912
5	79	77	2,186
5	79	78	3,743
5	79	84	0,525
5	79	90	2,386
5	79	91	7,306
5	84	10	1,999
5	84	11	2,155
5	84	31	0,924
5	84	32	2,765
5	84	42	5,823
5	84	48	1,603
5	84	53	4,142
5	84	55	4,444
5	84	73	11,13
5	84	76	2,47
5	84	77	2,165
5	84	78	10,741
5	84	79	11,55
5	84	90	4,407
5	84	91	2,998
5	90	10	1,152
5	90	11	17,393
5	90	31	4,531
5	90	32	4,695
5	90	42	6,506
5	90	48	2,225
5	90	53	1,512
5	90	55	5,556
5	90	73	0,66
5	90	76	11,426
5	90	77	9,98
5	90	78	0,882
5	90	79	0,984
5	90	84	16,879
5	90	91	4,75
5	91	10	3,996
5	91	11	25,571
5	91	31	3,82
5	91	32	8,609
5	91	42	5,262
5	91	48	0,564
5	91	53	5,75
5	91	55	32,341
5	91	73	4,795
5	91	76	2,216
5	91	77	10,808
5	91	78	3,734
5	91	79	8,934
5	91	84	7,138
5	91	90	16,641
6	4	5	9,142
6	4	8	1,482
6	4	19	0,887
6	4	20	1,652
6	4	27	0,777
6	4	28	10,892
6	4	43	9,3
6	4	45	3,772
6	4	50	3,511
6	4	53	3,733
6	4	54	36,34
6	4	58	1,203
6	4	61	3,246
6	4	71	5,758
6	4	76	2,25
6	4	77	8,226
6	4	81	4,899
6	4	85	0,686
6	4	87	21,928
6	4	90	7,241
6	4	99	14,794
6	5	4	2,176
6	5	8	3,613
6	5	19	3,038
6	5	20	3,855
6	5	27	6,596
6	5	28	0,782
6	5	43	37,345
6	5	45	0,557
6	5	50	0,702
6	5	53	5,784
6	5	54	11,851
6	5	58	3,556
6	5	61	0,555
6	5	71	48,365
6	5	76	7,555
6	5	77	5,791
6	5	81	0,989
6	5	85	2,76
6	5	87	11,375
6	5	90	18,958
6	5	99	5,797
6	8	4	7,588
6	8	5	1,73
6	8	19	5,557
6	8	20	12,605
6	8	27	1,288
6	8	28	1,423
6	8	43	5,064
6	8	45	6,918
6	8	50	2,101
6	8	53	3,437
6	8	54	3,154
6	8	58	9,099
6	8	61	11,639
6	8	71	10,776
6	8	76	0,795
6	8	77	10,172
6	8	81	4,481
6	8	85	23,616
6	8	87	2,971
6	8	90	5,566
6	8	99	7,473
6	19	4	1,126
6	19	5	4,527
6	19	8	0,617
6	19	20	2,757
6	19	27	12,805
6	19	28	9,28
6	19	43	9,8
6	19	45	5,372
6	19	50	8,944
6	19	53	0,739
6	19	54	0,575
6	19	58	1,265
6	19	61	2,152
6	19	71	5,896
6	19	76	4,295
6	19	77	5,42
6	19	81	1,561
6	19	85	2,427
6	19	87	12,178
6	19	90	3,189
6	19	99	6,459
6	20	4	0,71
6	20	5	6,19
6	20	8	12,901
6	20	19	4,214
6	20	27	6,087
6	20	28	0,97
6	20	43	6,042
6	20	45	4,753
6	20	50	0,748
6	20	53	1,279
6	20	54	4,088
6	20	58	1,542
6	20	61	4,881
6	20	71	66,207
6	20	76	24,277
6	20	77	9,725
6	20	81	1,845
6	20	85	1,622
6	20	87	1,104
6	20	90	0,601
6	20	99	1,144
6	27	4	1,907
6	27	5	1,711
6	27	8	1,166
6	27	19	5,165
6	27	20	4,211
6	27	28	17,707
6	27	43	5,601
6	27	45	12,644
6	27	50	1,985
6	27	53	6,786
6	27	54	5,118
6	27	58	5,903
6	27	61	5,769
6	27	71	7,233
6	27	76	6,712
6	27	77	1,129
6	27	81	5,963
6	27	85	9,284
6	27	87	2,344
6	27	90	17,594
6	27	99	15,482
6	28	4	8,271
6	28	5	0,707
6	28	8	2,737
6	28	19	1,844
6	28	20	1,939
6	28	27	2,252
6	28	43	3,265
6	28	45	5,005
6	28	50	8,225
6	28	53	7,868
6	28	54	3,455
6	28	58	1,351
6	28	61	2,377
6	28	71	2,043
6	28	76	12,017
6	28	77	13,733
6	28	81	1,058
6	28	85	6,557
6	28	87	0,904
6	28	90	2,855
6	28	99	1,867
6	43	4	2,699
6	43	5	15,378
6	43	8	1,176
6	43	19	3,757
6	43	20	3,864
6	43	27	12,203
6	43	28	3,986
6	43	45	3,166
6	43	50	0,564
6	43	53	15,411
6	43	54	1,112
6	43	58	2,516
6	43	61	0,516
6	43	71	1,524
6	43	76	0,594
6	43	77	0,914
6	43	81	14,299
6	43	85	5,444
6	43	87	11,233
6	43	90	21,782
6	43	99	3,434
6	45	4	5,422
6	45	5	1,9
6	45	8	1,739
6	45	19	7,284
6	45	20	2,359
6	45	27	5,97
6	45	28	5,541
6	45	43	5,657
6	45	50	4,515
6	45	53	9,101
6	45	54	1,568
6	45	58	3,589
6	45	61	14,275
6	45	71	1,917
6	45	76	3,829
6	45	77	2,391
6	45	81	18,581
6	45	85	5,701
6	45	87	21,394
6	45	90	4,498
6	45	99	9,183
6	50	4	1,328
6	50	5	5,17
6	50	8	1,184
6	50	19	6,123
6	50	20	2,105
6	50	27	4,673
6	50	28	4,039
6	50	43	19,507
6	50	45	3,412
6	50	53	5,714
6	50	54	2,642
6	50	58	9,895
6	50	61	16,687
6	50	71	4,777
6	50	76	8,785
6	50	77	13,494
6	50	81	1,696
6	50	85	13,273
6	50	87	1,062
6	50	90	6,16
6	50	99	4,571
6	53	4	26,983
6	53	5	0,937
6	53	8	26,491
6	53	19	28,324
6	53	20	2,277
6	53	27	8,023
6	53	28	15,261
6	53	43	1,566
6	53	45	1,079
6	53	50	15,112
6	53	54	2,872
6	53	58	6,984
6	53	61	1,969
6	53	71	7,042
6	53	76	3,894
6	53	77	10,503
6	53	81	0,618
6	53	85	0,91
6	53	87	17,706
6	53	90	1,449
6	53	99	7,13
6	54	4	4,82
6	54	5	7,487
6	54	8	0,697
6	54	19	2,199
6	54	20	8,851
6	54	27	13,347
6	54	28	29,931
6	54	43	0,777
6	54	45	2,142
6	54	50	2,906
6	54	53	17,958
6	54	58	2,018
6	54	61	1,767
6	54	71	0,582
6	54	76	5,915
6	54	77	10,475
6	54	81	2,214
6	54	85	14,241
6	54	87	3,162
6	54	90	4,24
6	54	99	1,879
6	58	4	9,384
6	58	5	18,097
6	58	8	0,51
6	58	19	0,589
6	58	20	1,429
6	58	27	1,289
6	58	28	3,535
6	58	43	5,246
6	58	45	8,674
6	58	50	9,129
6	58	53	16,907
6	58	54	11,317
6	58	61	2,326
6	58	71	6,402
6	58	76	5,616
6	58	77	20,758
6	58	81	2,108
6	58	85	19,969
6	58	87	24,859
6	58	90	16,166
6	58	99	1,04
6	61	4	4,564
6	61	5	2,221
6	61	8	5,133
6	61	19	2,332
6	61	20	4,495
6	61	27	1,185
6	61	28	31,205
6	61	43	2,617
6	61	45	1,526
6	61	50	13,451
6	61	53	2,83
6	61	54	8,686
6	61	58	18,955
6	61	71	12,042
6	61	76	10,619
6	61	77	1,662
6	61	81	0,832
6	61	85	5,104
6	61	87	1,664
6	61	90	3,566
6	61	99	14,703
6	71	4	4,059
6	71	5	2,772
6	71	8	0,689
6	71	19	8,75
6	71	20	5,249
6	71	27	5,66
6	71	28	2,594
6	71	43	2,795
6	71	45	1,207
6	71	50	1,923
6	71	53	9,082
6	71	54	1,578
6	71	58	0,546
6	71	61	1,281
6	71	76	2,221
6	71	77	5,318
6	71	81	16,73
6	71	85	7,2
6	71	87	2,684
6	71	90	2,999
6	71	99	8,005
6	76	4	3,624
6	76	5	7,103
6	76	8	17,847
6	76	19	3,198
6	76	20	1,022
6	76	27	2,65
6	76	28	1,934
6	76	43	3,245
6	76	45	1,563
6	76	50	1,156
6	76	53	1,91
6	76	54	2,696
6	76	58	2,784
6	76	61	6,596
6	76	71	2,173
6	76	77	9,685
6	76	81	0,877
6	76	85	0,891
6	76	87	1,331
6	76	90	9,728
6	76	99	1,676
6	77	4	12,433
6	77	5	37,744
6	77	8	1,108
6	77	19	9,4
6	77	20	5,273
6	77	27	4,172
6	77	28	0,97
6	77	43	19,673
6	77	45	3,749
6	77	50	4,949
6	77	53	2,663
6	77	54	4,043
6	77	58	0,685
6	77	61	14,553
6	77	71	2,981
6	77	76	4,448
6	77	81	25,205
6	77	85	8,584
6	77	87	2,326
6	77	90	12,793
6	77	99	3,125
6	81	4	9,707
6	81	5	1,325
6	81	8	3,025
6	81	19	19,663
6	81	20	9,027
6	81	27	3,047
6	81	28	2,816
6	81	43	11,205
6	81	45	9,545
6	81	50	10,683
6	81	53	3,822
6	81	54	4,972
6	81	58	5,379
6	81	61	0,854
6	81	71	1,173
6	81	76	0,985
6	81	77	11,459
6	81	85	17,32
6	81	87	4,987
6	81	90	3,346
6	81	99	4,889
6	85	4	1,644
6	85	5	10,479
6	85	8	1,738
6	85	19	1,606
6	85	20	8,086
6	85	27	1,156
6	85	28	35,363
6	85	43	1,534
6	85	45	16,974
6	85	50	1,615
6	85	53	5,92
6	85	54	8,469
6	85	58	1,245
6	85	61	1,742
6	85	71	8,292
6	85	76	16,516
6	85	77	8,259
6	85	81	3,474
6	85	87	4,091
6	85	90	2,62
6	85	99	8,255
6	87	4	1,646
6	87	5	4,286
6	87	8	14,02
6	87	19	5,202
6	87	20	5,557
6	87	27	3,862
6	87	28	0,549
6	87	43	16,703
6	87	45	12,861
6	87	50	3,361
6	87	53	2,043
6	87	54	5,882
6	87	58	2,881
6	87	61	8,78
6	87	71	2,993
6	87	76	4,519
6	87	77	2,287
6	87	81	6,446
6	87	85	2,153
6	87	90	5,24
6	87	99	4,552
6	90	4	6,769
6	90	5	7,733
6	90	8	10,478
6	90	19	20,218
6	90	20	7,551
6	90	27	0,724
6	90	28	13,209
6	90	43	17,193
6	90	45	3,2
6	90	50	32,869
6	90	53	2,741
6	90	54	0,765
6	90	58	1,986
6	90	61	7,303
6	90	71	9,63
6	90	76	1,489
6	90	77	5,307
6	90	81	9,884
6	90	85	1,851
6	90	87	2,832
6	90	99	2,786
6	99	4	6,225
6	99	5	7,307
6	99	8	5,836
6	99	19	2,207
6	99	20	37,654
6	99	27	3,958
6	99	28	7,287
6	99	43	2,497
6	99	45	25,198
6	99	50	3,049
6	99	53	6,141
6	99	54	3,41
6	99	58	0,858
6	99	61	16,712
6	99	71	2,699
6	99	76	3,063
6	99	77	17,037
6	99	81	5,77
6	99	85	0,618
6	99	87	14,846
6	99	90	3,794
7	9	12	4,249
7	9	13	4,145
7	9	17	4,535
7	9	22	19,69
7	9	24	1,456
7	9	30	2,548
7	9	31	2,51
7	9	45	4,574
7	9	49	5,253
7	9	51	0,507
7	9	52	3,049
7	9	54	4,007
7	9	55	2,568
7	9	57	10,313
7	9	63	25,626
7	9	74	3,245
7	9	77	9,248
7	9	85	7,976
7	9	92	5,71
7	9	94	1,338
7	9	100	7,817
7	12	9	0,99
7	12	13	29,344
7	12	17	0,967
7	12	22	5,522
7	12	24	0,653
7	12	30	8,994
7	12	31	7,542
7	12	45	11,796
7	12	49	0,571
7	12	51	5,14
7	12	52	2,036
7	12	54	6,502
7	12	55	2,72
7	12	57	7,118
7	12	63	0,509
7	12	74	10,08
7	12	77	13,278
7	12	85	6,48
7	12	92	1,581
7	12	94	1,813
7	12	100	5,653
7	13	9	2,782
7	13	12	11,17
7	13	17	11,442
7	13	22	1,989
7	13	24	7,806
7	13	30	28,3
7	13	31	12,296
7	13	45	6,8
7	13	49	4,075
7	13	51	4,387
7	13	52	3,408
7	13	54	1,354
7	13	55	24,347
7	13	57	1,054
7	13	63	1,264
7	13	74	64,187
7	13	77	1,387
7	13	85	3,758
7	13	92	13,131
7	13	94	16,102
7	13	100	1,61
7	17	9	1,174
7	17	12	3,998
7	17	13	3,329
7	17	22	4,042
7	17	24	0,637
7	17	30	1,137
7	17	31	1,356
7	17	45	2,383
7	17	49	20,496
7	17	51	13,171
7	17	52	1,4
7	17	54	17,112
7	17	55	10,352
7	17	57	11,728
7	17	63	3,251
7	17	74	3,329
7	17	77	25,579
7	17	85	0,884
7	17	92	11,584
7	17	94	0,709
7	17	100	1,893
7	22	9	4,144
7	22	12	11,14
7	22	13	4,793
7	22	17	15,942
7	22	24	3,825
7	22	30	11,15
7	22	31	5,034
7	22	45	19,228
7	22	49	1,059
7	22	51	4,425
7	22	52	4,484
7	22	54	4,196
7	22	55	3,909
7	22	57	0,971
7	22	63	6,859
7	22	74	2,916
7	22	77	2,503
7	22	85	7,943
7	22	92	1,702
7	22	94	6,156
7	22	100	4,832
7	24	9	5,837
7	24	12	21,352
7	24	13	1,318
7	24	17	2,627
7	24	22	21,294
7	24	30	1,925
7	24	31	7,563
7	24	45	5,881
7	24	49	2,062
7	24	51	1,752
7	24	52	7,026
7	24	54	1,441
7	24	55	2,745
7	24	57	1,566
7	24	63	1,934
7	24	74	5,591
7	24	77	4,027
7	24	85	2,776
7	24	92	2,919
7	24	94	2,472
7	24	100	7,315
7	30	9	17,896
7	30	12	14,743
7	30	13	1,846
7	30	17	1,741
7	30	22	11,636
7	30	24	2,805
7	30	31	2,887
7	30	45	7,831
7	30	49	31,453
7	30	51	27,753
7	30	52	1,527
7	30	54	1,759
7	30	55	8,233
7	30	57	1,589
7	30	63	1,401
7	30	74	9,448
7	30	77	1,671
7	30	85	5,968
7	30	92	9,824
7	30	94	3,322
7	30	100	15,863
7	31	9	1,403
7	31	12	5,739
7	31	13	1,174
7	31	17	13,512
7	31	22	1,355
7	31	24	18,517
7	31	30	1,002
7	31	45	2,773
7	31	49	2,901
7	31	51	0,582
7	31	52	4,689
7	31	54	8,707
7	31	55	3,789
7	31	57	3,601
7	31	63	3,916
7	31	74	1,134
7	31	77	2,314
7	31	85	9,976
7	31	92	6,81
7	31	94	1,155
7	31	100	1,232
7	45	9	23,294
7	45	12	2,786
7	45	13	2,651
7	45	17	2,172
7	45	22	13,611
7	45	24	22,669
7	45	30	0,594
7	45	31	2,394
7	45	49	3,052
7	45	51	12,044
7	45	52	6,187
7	45	54	6,912
7	45	55	1,763
7	45	57	1,542
7	45	63	19,884
7	45	74	12,848
7	45	77	0,865
7	45	85	8,789
7	45	92	7,715
7	45	94	5,773
7	45	100	11,605
7	49	9	12,296
7	49	12	0,686
7	49	13	5,762
7	49	17	12,229
7	49	22	4,793
7	49	24	0,723
7	49	30	3,478
7	49	31	2,571
7	49	45	4,218
7	49	51	3,947
7	49	52	1,854
7	49	54	4,874
7	49	55	6,501
7	49	57	6,68
7	49	63	10,979
7	49	74	5,218
7	49	77	16,711
7	49	85	4,836
7	49	92	15,106
7	49	94	12,011
7	49	100	2,655
7	51	9	14,951
7	51	12	0,93
7	51	13	0,795
7	51	17	3,723
7	51	22	2,116
7	51	24	2,611
7	51	30	0,86
7	51	31	1,368
7	51	45	15,359
7	51	49	7,597
7	51	52	2,385
7	51	54	2,952
7	51	55	3,596
7	51	57	0,622
7	51	63	4,274
7	51	74	0,553
7	51	77	8,522
7	51	85	4,756
7	51	92	8,985
7	51	94	4,196
7	51	100	0,991
7	52	9	2,965
7	52	12	8,311
7	52	13	2,28
7	52	17	11,024
7	52	22	8,134
7	52	24	1,001
7	52	30	4,698
7	52	31	5,244
7	52	45	2,245
7	52	49	1,516
7	52	51	10,542
7	52	54	8,139
7	52	55	0,578
7	52	57	13,524
7	52	63	3,468
7	52	74	5,298
7	52	77	1,956
7	52	85	4,932
7	52	92	1,922
7	52	94	9,66
7	52	100	4,387
7	54	9	1,121
7	54	12	5,266
7	54	13	12,546
7	54	17	0,691
7	54	22	6,758
7	54	24	2,388
7	54	30	7,312
7	54	31	1,004
7	54	45	1,335
7	54	49	1,97
7	54	51	2,424
7	54	52	1,772
7	54	55	8,882
7	54	57	3,677
7	54	63	12,755
7	54	74	1,621
7	54	77	5,662
7	54	85	2,456
7	54	92	0,963
7	54	94	10,023
7	54	100	4,392
7	55	9	2,392
7	55	12	19,358
7	55	13	0,95
7	55	17	3,745
7	55	22	1,226
7	55	24	6,606
7	55	30	4,063
7	55	31	0,554
7	55	45	28,979
7	55	49	1,094
7	55	51	9,812
7	55	52	2,576
7	55	54	3,082
7	55	57	6,37
7	55	63	0,504
7	55	74	10,223
7	55	77	9,411
7	55	85	4,041
7	55	92	14,563
7	55	94	6,802
7	55	100	5,465
7	57	9	13,137
7	57	12	5,82
7	57	13	5,128
7	57	17	4,365
7	57	22	2,288
7	57	24	1,915
7	57	30	20,72
7	57	31	8,504
7	57	45	13,28
7	57	49	20,07
7	57	51	1,352
7	57	52	3,012
7	57	54	3,596
7	57	55	12,509
7	57	63	10,906
7	57	74	3,692
7	57	77	3,386
7	57	85	9,542
7	57	92	3,37
7	57	94	1,008
7	57	100	0,902
7	63	9	5,577
7	63	12	6,786
7	63	13	5,492
7	63	17	3,207
7	63	22	6,067
7	63	24	13,851
7	63	30	5,244
7	63	31	6,247
7	63	45	20,41
7	63	49	1,057
7	63	51	4,652
7	63	52	2,036
7	63	54	1,034
7	63	55	11,506
7	63	57	4,518
7	63	74	2,701
7	63	77	9,831
7	63	85	6,455
7	63	92	0,988
7	63	94	2,744
7	63	100	4,059
7	74	9	11,694
7	74	12	3,063
7	74	13	4,351
7	74	17	6,77
7	74	22	0,7
7	74	24	5,382
7	74	30	1,164
7	74	31	12,792
7	74	45	1,571
7	74	49	0,504
7	74	51	3,85
7	74	52	15,5
7	74	54	16,312
7	74	55	25,731
7	74	57	8,929
7	74	63	2,391
7	74	77	1,424
7	74	85	21,249
7	74	92	5,496
7	74	94	3,081
7	74	100	9,072
7	77	9	11,839
7	77	12	7,092
7	77	13	3,15
7	77	17	3,109
7	77	22	24,752
7	77	24	0,608
7	77	30	3,26
7	77	31	2,299
7	77	45	9,041
7	77	49	1,584
7	77	51	9,535
7	77	52	1,436
7	77	54	2,258
7	77	55	11,03
7	77	57	1,133
7	77	63	2,689
7	77	74	1,551
7	77	85	13,94
7	77	92	17,451
7	77	94	7,062
7	77	100	0,54
7	85	9	10,826
7	85	12	0,817
7	85	13	2,239
7	85	17	8,995
7	85	22	6,138
7	85	24	4,317
7	85	30	1,524
7	85	31	7,711
7	85	45	0,951
7	85	49	0,662
7	85	51	2,213
7	85	52	2,395
7	85	54	2,816
7	85	55	1,807
7	85	57	10,757
7	85	63	8,418
7	85	74	2,222
7	85	77	3,395
7	85	92	3,741
7	85	94	1,483
7	85	100	0,762
7	92	9	1,334
7	92	12	10,534
7	92	13	2,589
7	92	17	2,568
7	92	22	4,097
7	92	24	0,969
7	92	30	1,117
7	92	31	3,017
7	92	45	2,31
7	92	49	6,188
7	92	51	0,554
7	92	52	1,687
7	92	54	1,812
7	92	55	1,703
7	92	57	8,135
7	92	63	9,115
7	92	74	4,501
7	92	77	0,775
7	92	85	13,595
7	92	94	5,366
7	92	100	17,339
7	94	9	7,999
7	94	12	29,285
7	94	13	2,395
7	94	17	1,2
7	94	22	2,926
7	94	24	2,776
7	94	30	2,177
7	94	31	1,611
7	94	45	3,995
7	94	49	0,919
7	94	51	0,583
7	94	52	23,807
7	94	54	17,034
7	94	55	5,337
7	94	57	3,998
7	94	63	9,645
7	94	74	5,452
7	94	77	7,244
7	94	85	3,74
7	94	92	4,016
7	94	100	1,055
7	100	9	0,916
7	100	12	7,534
7	100	13	7,941
7	100	17	7,829
7	100	22	1,622
7	100	24	12,437
7	100	30	0,816
7	100	31	0,679
7	100	45	14,671
7	100	49	1,702
7	100	51	5,934
7	100	52	0,517
7	100	54	18,397
7	100	55	0,645
7	100	57	18,461
7	100	63	0,938
7	100	74	42,979
7	100	77	23,422
7	100	85	2,627
7	100	92	3,174
7	100	94	8,231
8	4	7	3,634
8	4	11	11,114
8	4	13	13,26
8	4	17	1,445
8	4	18	4,168
8	4	19	1,826
8	4	20	0,628
8	4	25	25,462
8	4	28	0,749
8	4	29	2,442
8	4	33	5,011
8	4	40	19,858
8	4	44	11,383
8	4	54	7,711
8	4	55	6,023
8	4	59	9,692
8	4	60	16,457
8	4	64	2,419
8	4	73	10,341
8	4	76	3,799
8	4	91	10,974
8	4	97	5,578
8	7	4	3,639
8	7	11	2,815
8	7	13	0,584
8	7	17	14,336
8	7	18	19,489
8	7	19	3,454
8	7	20	10,257
8	7	25	15,485
8	7	28	2,365
8	7	29	12,756
8	7	33	4,306
8	7	40	4,489
8	7	44	0,722
8	7	54	2,042
8	7	55	18,803
8	7	59	14,587
8	7	60	4,432
8	7	64	9,054
8	7	73	2,742
8	7	76	0,64
8	7	91	0,843
8	7	97	0,51
8	11	4	1,893
8	11	7	3,592
8	11	13	2,248
8	11	17	7,917
8	11	18	5,283
8	11	19	2,341
8	11	20	0,743
8	11	25	5,44
8	11	28	0,571
8	11	29	0,763
8	11	33	1,118
8	11	40	10,617
8	11	44	12,019
8	11	54	11,97
8	11	55	1,026
8	11	59	3,933
8	11	60	2,171
8	11	64	1,359
8	11	73	2,439
8	11	76	5,339
8	11	91	5,04
8	11	97	4,733
8	13	4	12,994
8	13	7	1,946
8	13	11	4,333
8	13	17	2,832
8	13	18	8,547
8	13	19	10,035
8	13	20	1,36
8	13	25	2,687
8	13	28	3,343
8	13	29	5,859
8	13	33	5,692
8	13	40	14,663
8	13	44	10,651
8	13	54	27,477
8	13	55	3,87
8	13	59	1,099
8	13	60	9,11
8	13	64	9,103
8	13	73	3,233
8	13	76	7,428
8	13	91	1,412
8	13	97	19,09
8	17	4	9,829
8	17	7	16,461
8	17	11	8,02
8	17	13	2,253
8	17	18	5,266
8	17	19	11,203
8	17	20	7,413
8	17	25	4,9
8	17	28	8,831
8	17	29	5,128
8	17	33	1,907
8	17	40	1,354
8	17	44	0,563
8	17	54	2,059
8	17	55	10,543
8	17	59	15,536
8	17	60	6,346
8	17	64	6,366
8	17	73	5,517
8	17	76	1,836
8	17	91	0,982
8	17	97	2,79
8	18	4	4,864
8	18	7	4,916
8	18	11	17,996
8	18	13	5,444
8	18	17	13,128
8	18	19	7,339
8	18	20	0,94
8	18	25	4,382
8	18	28	7,004
8	18	29	1,819
8	18	33	4,966
8	18	40	6,21
8	18	44	1,339
8	18	54	3,219
8	18	55	1,549
8	18	59	2,431
8	18	60	4,8
8	18	64	1,86
8	18	73	4,71
8	18	76	29,183
8	18	91	6,915
8	18	97	2,322
8	19	4	2,212
8	19	7	4,489
8	19	11	21,19
8	19	13	11,514
8	19	17	11,896
8	19	18	8,644
8	19	20	11,937
8	19	25	3,847
8	19	28	2,625
8	19	29	5,339
8	19	33	2,101
8	19	40	3,042
8	19	44	17,198
8	19	54	1,161
8	19	55	3,031
8	19	59	6,135
8	19	60	3,152
8	19	64	3,87
8	19	73	3,669
8	19	76	2,756
8	19	91	1,669
8	19	97	2,495
8	20	4	0,964
8	20	7	6,757
8	20	11	1,646
8	20	13	9,181
8	20	17	5,253
8	20	18	10,964
8	20	19	2,923
8	20	25	4,416
8	20	28	3,824
8	20	29	2,907
8	20	33	3,302
8	20	40	4,169
8	20	44	2,91
8	20	54	4,86
8	20	55	19,358
8	20	59	6,265
8	20	60	1,899
8	20	64	1,406
8	20	73	2,542
8	20	76	11,365
8	20	91	2,766
8	20	97	10,771
8	25	4	7,798
8	25	7	0,783
8	25	11	3,742
8	25	13	1,382
8	25	17	1,777
8	25	18	1,079
8	25	19	12,539
8	25	20	2,891
8	25	28	3,84
8	25	29	3,688
8	25	33	10,22
8	25	40	4,376
8	25	44	1,168
8	25	54	6,608
8	25	55	24,081
8	25	59	3,215
8	25	60	4,715
8	25	64	5,368
8	25	73	36,548
8	25	76	16,532
8	25	91	10,629
8	25	97	4,045
8	28	4	8,893
8	28	7	7,634
8	28	11	0,746
8	28	13	15,827
8	28	17	9,994
8	28	18	1,221
8	28	19	1,833
8	28	20	0,755
8	28	25	7,461
8	28	29	3,422
8	28	33	1,572
8	28	40	1,65
8	28	44	9,422
8	28	54	1,4
8	28	55	4,118
8	28	59	9,302
8	28	60	6,727
8	28	64	7,926
8	28	73	1,808
8	28	76	0,538
8	28	91	0,888
8	28	97	2,885
8	29	4	3,514
8	29	7	3,415
8	29	11	2,684
8	29	13	13,182
8	29	17	11,407
8	29	18	4,024
8	29	19	1,948
8	29	20	1,459
8	29	25	4,758
8	29	28	3,823
8	29	33	3,715
8	29	40	15,427
8	29	44	11,142
8	29	54	2,428
8	29	55	1,016
8	29	59	1,399
8	29	60	5,472
8	29	64	13,983
8	29	73	2,495
8	29	76	8,368
8	29	91	27,908
8	29	97	7,642
8	33	4	3,066
8	33	7	3,796
8	33	11	4,902
8	33	13	8,328
8	33	17	0,51
8	33	18	12,521
8	33	19	1,018
8	33	20	5,599
8	33	25	1,098
8	33	28	6,062
8	33	29	1,027
8	33	40	1,908
8	33	44	4,409
8	33	54	0,575
8	33	55	1,024
8	33	59	21,803
8	33	60	12,238
8	33	64	39,023
8	33	73	15,119
8	33	76	3,727
8	33	91	3,206
8	33	97	7,866
8	40	4	0,604
8	40	7	7,101
8	40	11	1,209
8	40	13	23,453
8	40	17	3,581
8	40	18	2,611
8	40	19	6,877
8	40	20	2,512
8	40	25	6,778
8	40	28	1,289
8	40	29	3,783
8	40	33	35,621
8	40	44	0,765
8	40	54	0,862
8	40	55	3,67
8	40	59	2,539
8	40	60	0,63
8	40	64	2,687
8	40	73	7,309
8	40	76	7,13
8	40	91	3,383
8	40	97	20,386
8	44	4	1,498
8	44	7	2,067
8	44	11	1,502
8	44	13	8,214
8	44	17	9,476
8	44	18	7,933
8	44	19	0,758
8	44	20	1,81
8	44	25	7,481
8	44	28	6,551
8	44	29	7,227
8	44	33	5,686
8	44	40	8,958
8	44	54	3,942
8	44	55	1,985
8	44	59	1,779
8	44	60	4,629
8	44	64	3,565
8	44	73	3,448
8	44	76	3,812
8	44	91	4,11
8	44	97	3,147
8	54	4	2,644
8	54	7	3,479
8	54	11	4,702
8	54	13	5,874
8	54	17	1,746
8	54	18	1,419
8	54	19	8,803
8	54	20	0,712
8	54	25	10,471
8	54	28	1,832
8	54	29	13,839
8	54	33	0,572
8	54	40	6,57
8	54	44	0,703
8	54	55	13,993
8	54	59	8,01
8	54	60	8,938
8	54	64	2,383
8	54	73	3,502
8	54	76	3,188
8	54	91	1,688
8	54	97	3,084
8	55	4	28,162
8	55	7	16,27
8	55	11	1,829
8	55	13	2,761
8	55	17	6,132
8	55	18	0,688
8	55	19	9,281
8	55	20	19,949
8	55	25	1,668
8	55	28	1,528
8	55	29	0,571
8	55	33	2,056
8	55	40	2,723
8	55	44	14,977
8	55	54	3,55
8	55	59	9,055
8	55	60	8,819
8	55	64	16,665
8	55	73	5,824
8	55	76	1,883
8	55	91	1,422
8	55	97	1,75
8	59	4	6,35
8	59	7	1,665
8	59	11	14,898
8	59	13	10,31
8	59	17	24,143
8	59	18	9,004
8	59	19	1,426
8	59	20	3,77
8	59	25	1,834
8	59	28	1,948
8	59	29	6,313
8	59	33	3,513
8	59	40	5,454
8	59	44	3,142
8	59	54	18,612
8	59	55	4,92
8	59	60	1,116
8	59	64	3,631
8	59	73	12,711
8	59	76	0,808
8	59	91	3,288
8	59	97	9,046
8	60	4	3,897
8	60	7	0,991
8	60	11	9,99
8	60	13	4,873
8	60	17	10,961
8	60	18	7,541
8	60	19	7,052
8	60	20	2,597
8	60	25	0,538
8	60	28	0,985
8	60	29	1,19
8	60	33	5,001
8	60	40	3,32
8	60	44	2,32
8	60	54	2,618
8	60	55	0,607
8	60	59	4,579
8	60	64	0,982
8	60	73	5,861
8	60	76	1,317
8	60	91	12,478
8	60	97	1,166
8	64	4	1,63
8	64	7	4,855
8	64	11	6,859
8	64	13	0,653
8	64	17	6,499
8	64	18	23,883
8	64	19	7,469
8	64	20	3,01
8	64	25	9,47
8	64	28	3,821
8	64	29	8,955
8	64	33	11,028
8	64	40	5,073
8	64	44	5,405
8	64	54	7,901
8	64	55	7,315
8	64	59	7,45
8	64	60	0,883
8	64	73	6,912
8	64	76	4,937
8	64	91	1,509
8	64	97	2,028
8	73	4	2,935
8	73	7	5,971
8	73	11	1,98
8	73	13	0,969
8	73	17	2,557
8	73	18	4,987
8	73	19	2,056
8	73	20	6,61
8	73	25	2,205
8	73	28	10,179
8	73	29	4,454
8	73	33	17,734
8	73	40	8,708
8	73	44	14,898
8	73	54	9,034
8	73	55	3,847
8	73	59	5,054
8	73	60	34,806
8	73	64	3,019
8	73	76	1,401
8	73	91	1,257
8	73	97	0,684
8	76	4	6,954
8	76	7	0,884
8	76	11	3,327
8	76	13	1,669
8	76	17	6,948
8	76	18	9,964
8	76	19	4,466
8	76	20	0,656
8	76	25	6,541
8	76	28	9,103
8	76	29	0,672
8	76	33	10,77
8	76	40	1,693
8	76	44	2,503
8	76	54	4,062
8	76	55	2,462
8	76	59	5,413
8	76	60	9,674
8	76	64	26,779
8	76	73	2,553
8	76	91	9,61
8	76	97	5,65
8	91	4	7,722
8	91	7	5,641
8	91	11	8,97
8	91	13	4,409
8	91	17	3,113
8	91	18	1,583
8	91	19	12,343
8	91	20	2,317
8	91	25	5,06
8	91	28	0,846
8	91	29	4,389
8	91	33	1,407
8	91	40	2,91
8	91	44	1,784
8	91	54	0,761
8	91	55	4,802
8	91	59	6,813
8	91	60	0,584
8	91	64	19,176
8	91	73	7,486
8	91	76	1,281
8	91	97	25,48
8	97	4	4,758
8	97	7	1,769
8	97	11	1,255
8	97	13	2,762
8	97	17	11,965
8	97	18	1,996
8	97	19	1,02
8	97	20	12,35
8	97	25	8,498
8	97	28	7,798
8	97	29	1,459
8	97	33	8,108
8	97	40	2,596
8	97	44	15,397
8	97	54	0,585
8	97	55	14,523
8	97	59	3,977
8	97	60	2,093
8	97	64	8,387
8	97	73	1,098
8	97	76	4,688
8	97	91	2,134
9	5	7	11,079
9	5	18	12,133
9	5	21	1,889
9	5	25	8,839
9	5	40	10,443
9	5	45	7,711
9	5	51	6,464
9	5	54	2,592
9	5	56	4,912
9	5	62	0,784
9	5	72	6,732
9	5	73	10,034
9	5	81	4,959
9	5	86	0,861
9	5	88	1,446
9	5	90	26,664
9	5	95	10,115
9	7	5	20,2
9	7	18	4,084
9	7	21	1,987
9	7	25	9,494
9	7	40	1,392
9	7	45	5,048
9	7	51	2,584
9	7	54	2,048
9	7	56	0,72
9	7	62	3,47
9	7	72	3,654
9	7	73	18,263
9	7	81	5,423
9	7	86	10,931
9	7	88	7,465
9	7	90	4,18
9	7	95	6,637
9	18	5	4,012
9	18	7	2,565
9	18	21	6,081
9	18	25	4,524
9	18	40	1,177
9	18	45	2,114
9	18	51	5,195
9	18	54	17,048
9	18	56	1,005
9	18	62	2,221
9	18	72	1,631
9	18	73	6,231
9	18	81	1,604
9	18	86	2,368
9	18	88	2,638
9	18	90	4,503
9	18	95	1,217
9	21	5	11,73
9	21	7	36,473
9	21	18	0,66
9	21	25	3,686
9	21	40	3,672
9	21	45	9,302
9	21	51	8,994
9	21	54	6,517
9	21	56	5,529
9	21	62	8,495
9	21	72	11,098
9	21	73	1,084
9	21	81	5,467
9	21	86	6,221
9	21	88	2,501
9	21	90	2,312
9	21	95	6,218
9	25	5	14,402
9	25	7	12,252
9	25	18	2,344
9	25	21	3,347
9	25	40	20,395
9	25	45	6,593
9	25	51	1,267
9	25	54	4,893
9	25	56	13,133
9	25	62	9,452
9	25	72	3,913
9	25	73	3,319
9	25	81	6,889
9	25	86	11,841
9	25	88	4,237
9	25	90	11,957
9	25	95	1,59
9	40	5	1,602
9	40	7	37,221
9	40	18	13,237
9	40	21	3,359
9	40	25	1,205
9	40	45	1,819
9	40	51	5,512
9	40	54	8,968
9	40	56	9,101
9	40	62	18,2
9	40	72	10,268
9	40	73	0,593
9	40	81	1,365
9	40	86	17,626
9	40	88	14,325
9	40	90	6,365
9	40	95	1,56
9	45	5	0,623
9	45	7	4,102
9	45	18	3,977
9	45	21	14,868
9	45	25	6,354
9	45	40	14,377
9	45	51	7,598
9	45	54	2,907
9	45	56	0,593
9	45	62	1,161
9	45	72	7,06
9	45	73	1,81
9	45	81	5,897
9	45	86	0,667
9	45	88	4,913
9	45	90	20,98
9	45	95	0,743
9	51	5	3,338
9	51	7	2,883
9	51	18	3,979
9	51	21	3,5
9	51	25	4,111
9	51	40	11,714
9	51	45	2,23
9	51	54	16,399
9	51	56	1,345
9	51	62	4,175
9	51	72	20,314
9	51	73	1,035
9	51	81	4,22
9	51	86	9,567
9	51	88	3,989
9	51	90	11,461
9	51	95	3,344
9	54	5	0,586
9	54	7	2,435
9	54	18	3,736
9	54	21	3,631
9	54	25	5,306
9	54	40	3,291
9	54	45	5,894
9	54	51	1,73
9	54	56	10,365
9	54	62	1,224
9	54	72	78,899
9	54	73	2,92
9	54	81	1,514
9	54	86	2,67
9	54	88	2,602
9	54	90	3,064
9	54	95	2,365
9	56	5	4,276
9	56	7	18,096
9	56	18	2,311
9	56	21	13,691
9	56	25	3,157
9	56	40	11,02
9	56	45	21,234
9	56	51	5,214
9	56	54	12,915
9	56	62	1,401
9	56	72	8,699
9	56	73	4,843
9	56	81	1,563
9	56	86	6,73
9	56	88	5,212
9	56	90	5,975
9	56	95	6,039
9	62	5	0,622
9	62	7	3,019
9	62	18	18,41
9	62	21	11,248
9	62	25	0,802
9	62	40	2,367
9	62	45	17,572
9	62	51	0,914
9	62	54	16,447
9	62	56	3,379
9	62	72	8,724
9	62	73	4,059
9	62	81	5,819
9	62	86	10,676
9	62	88	4,209
9	62	90	4,033
9	62	95	18,985
9	72	5	2,026
9	72	7	9,605
9	72	18	6,874
9	72	21	11,658
9	72	25	4,547
9	72	40	13,623
9	72	45	5,927
9	72	51	7,662
9	72	54	12,258
9	72	56	3,53
9	72	62	2,766
9	72	73	7,552
9	72	81	3,353
9	72	86	10,451
9	72	88	3,765
9	72	90	9,56
9	72	95	6,528
9	73	5	10,353
9	73	7	3,018
9	73	18	0,972
9	73	21	8,816
9	73	25	3,307
9	73	40	13,077
9	73	45	1,133
9	73	51	3,122
9	73	54	8,35
9	73	56	5,201
9	73	62	4,516
9	73	72	6,894
9	73	81	3,727
9	73	86	7,397
9	73	88	3,013
9	73	90	4,227
9	73	95	16,507
9	81	5	9,728
9	81	7	0,711
9	81	18	9,236
9	81	21	2,086
9	81	25	7,341
9	81	40	8,122
9	81	45	1,039
9	81	51	2,903
9	81	54	7,514
9	81	56	7,939
9	81	62	5,052
9	81	72	0,572
9	81	73	6,011
9	81	86	1,632
9	81	88	5,193
9	81	90	7,457
9	81	95	1,12
9	86	5	3,484
9	86	7	0,721
9	86	18	11,126
9	86	21	6,813
9	86	25	3,744
9	86	40	3,727
9	86	45	3,009
9	86	51	8,461
9	86	54	2,924
9	86	56	12,34
9	86	62	29,854
9	86	72	0,558
9	86	73	1,458
9	86	81	2,772
9	86	88	11,071
9	86	90	10,188
9	86	95	2,148
9	88	5	1,56
9	88	7	2,65
9	88	18	2,78
9	88	21	0,811
9	88	25	1,834
9	88	40	8,391
9	88	45	2,038
9	88	51	15,138
9	88	54	25,16
9	88	56	3,535
9	88	62	5,376
9	88	72	2,811
9	88	73	9,615
9	88	81	7,251
9	88	86	2,287
9	88	90	2,88
9	88	95	10,163
9	90	5	16,28
9	90	7	6,848
9	90	18	24,048
9	90	21	1,289
9	90	25	15,082
9	90	40	1,073
9	90	45	15,351
9	90	51	7,2
9	90	54	3,188
9	90	56	0,613
9	90	62	19,107
9	90	72	6,472
9	90	73	21,879
9	90	81	40,739
9	90	86	1,445
9	90	88	4,268
9	90	95	8,401
9	95	5	1,488
9	95	7	14,211
9	95	18	3,468
9	95	21	9,243
9	95	25	3,167
9	95	40	1,005
9	95	45	8,878
9	95	51	3,104
9	95	54	7,221
9	95	56	25,874
9	95	62	14,271
9	95	72	1,036
9	95	73	6,347
9	95	81	1,536
9	95	86	3,086
9	95	88	6,694
9	95	90	12,486
10	3	27	0,964
10	3	28	3,011
10	3	31	56,134
10	3	39	5,205
10	3	42	4,307
10	3	56	0,739
10	3	66	14,875
10	3	71	5,687
10	3	72	3,721
10	3	74	9,057
10	3	76	4,468
10	3	81	0,842
10	3	82	7,819
10	3	84	0,932
10	3	91	6,662
10	3	96	4,572
10	3	98	2,549
10	27	3	2,907
10	27	28	6,386
10	27	31	18,113
10	27	39	13,847
10	27	42	4,759
10	27	56	4,261
10	27	66	3,271
10	27	71	4,92
10	27	72	2,621
10	27	74	5,379
10	27	76	33,297
10	27	81	3,999
10	27	82	2,434
10	27	84	7,13
10	27	91	1,977
10	27	96	19,005
10	27	98	3,953
10	28	3	1,661
10	28	27	4,285
10	28	31	5,927
10	28	39	3,27
10	28	42	5,59
10	28	56	12,318
10	28	66	7,748
10	28	71	0,918
10	28	72	2,379
10	28	74	1,389
10	28	76	2,214
10	28	81	3,063
10	28	82	3,005
10	28	84	4,577
10	28	91	8,516
10	28	96	7,052
10	28	98	3,252
10	31	3	3,554
10	31	27	8,18
10	31	28	4,18
10	31	39	1,552
10	31	42	2,856
10	31	56	1,389
10	31	66	1,454
10	31	71	12,765
10	31	72	5,424
10	31	74	1,393
10	31	76	3,001
10	31	81	3,112
10	31	82	3,329
10	31	84	0,714
10	31	91	9,031
10	31	96	8,453
10	31	98	3,899
10	39	3	0,646
10	39	27	7,21
10	39	28	16,813
10	39	31	5,061
10	39	42	0,806
10	39	56	4,094
10	39	66	14,101
10	39	71	0,904
10	39	72	0,885
10	39	74	0,676
10	39	76	3,176
10	39	81	3,383
10	39	82	1,338
10	39	84	28,069
10	39	91	7,326
10	39	96	2,345
10	39	98	27,76
10	42	3	1,736
10	42	27	1,169
10	42	28	5,697
10	42	31	1,486
10	42	39	8,028
10	42	56	3,134
10	42	66	6,793
10	42	71	3,119
10	42	72	12,854
10	42	74	6,274
10	42	76	5,239
10	42	81	12,974
10	42	82	5,602
10	42	84	1,366
10	42	91	1,094
10	42	96	0,76
10	42	98	19,003
10	56	3	0,954
10	56	27	10,671
10	56	28	4,913
10	56	31	4,318
10	56	39	15,39
10	56	42	4,209
10	56	66	2,07
10	56	71	2,761
10	56	72	4,797
10	56	74	11,315
10	56	76	6,085
10	56	81	7,612
10	56	82	2,002
10	56	84	12,895
10	56	91	3,873
10	56	96	41,657
10	56	98	4,718
10	66	3	6,77
10	66	27	0,544
10	66	28	0,753
10	66	31	2,377
10	66	39	4,047
10	66	42	2,657
10	66	56	8,476
10	66	71	4,267
10	66	72	1,096
10	66	74	1,441
10	66	76	0,83
10	66	81	9,18
10	66	82	29,091
10	66	84	1,293
10	66	91	2,959
10	66	96	3,021
10	66	98	1,267
10	71	3	5,077
10	71	27	12,26
10	71	28	6,387
10	71	31	14,193
10	71	39	2,792
10	71	42	23,973
10	71	56	11,943
10	71	66	11,256
10	71	72	26,903
10	71	74	1,846
10	71	76	16,222
10	71	81	1,172
10	71	82	6,594
10	71	84	4,233
10	71	91	3,149
10	71	96	1,276
10	71	98	9,818
10	72	3	2,911
10	72	27	3,082
10	72	28	7,476
10	72	31	12,432
10	72	39	15,928
10	72	42	4,956
10	72	56	1,02
10	72	66	2,671
10	72	71	11,628
10	72	74	13,586
10	72	76	2,855
10	72	81	2,652
10	72	82	1,944
10	72	84	7,693
10	72	91	4,264
10	72	96	0,882
10	72	98	4,508
10	74	3	5,538
10	74	27	11,532
10	74	28	17,92
10	74	31	15,55
10	74	39	4,216
10	74	42	17,627
10	74	56	0,538
10	74	66	9,79
10	74	71	10,058
10	74	72	2,733
10	74	76	1,208
10	74	81	7,794
10	74	82	25,095
10	74	84	1,959
10	74	91	7,067
10	74	96	4,335
10	74	98	1,4
10	76	3	5,504
10	76	27	2,417
10	76	28	9,671
10	76	31	3,735
10	76	39	6,644
10	76	42	3,671
10	76	56	4,806
10	76	66	24,221
10	76	71	13,946
10	76	72	3,384
10	76	74	2,058
10	76	81	0,875
10	76	82	9,743
10	76	84	0,663
10	76	91	0,799
10	76	96	0,755
10	76	98	11,106
10	81	3	7,672
10	81	27	18,815
10	81	28	5,844
10	81	31	36,368
10	81	39	4,84
10	81	42	5,124
10	81	56	5,901
10	81	66	1,204
10	81	71	2,685
10	81	72	3,217
10	81	74	3,939
10	81	76	4,026
10	81	82	2,288
10	81	84	5,421
10	81	91	5,027
10	81	96	8,08
10	81	98	3,418
10	82	3	7,249
10	82	27	2,491
10	82	28	0,762
10	82	31	0,97
10	82	39	11,631
10	82	42	2,232
10	82	56	1,433
10	82	66	7,219
10	82	71	17,853
10	82	72	8,204
10	82	74	10,776
10	82	76	9,328
10	82	81	3,727
10	82	84	1,278
10	82	91	20,572
10	82	96	1,745
10	82	98	2,53
10	84	3	1,268
10	84	27	1,209
10	84	28	9,6
10	84	31	37,306
10	84	39	2,897
10	84	42	1,589
10	84	56	11,961
10	84	66	17,833
10	84	71	3,862
10	84	72	5,207
10	84	74	3,527
10	84	76	17,891
10	84	81	7,735
10	84	82	4,972
10	84	91	9,419
10	84	96	16,233
10	84	98	8,604
10	91	3	0,869
10	91	27	4,289
10	91	28	3,464
10	91	31	8,804
10	91	39	1,397
10	91	42	2,425
10	91	56	8,427
10	91	66	3,551
10	91	71	7,166
10	91	72	7,065
10	91	74	18,705
10	91	76	3,99
10	91	81	3,795
10	91	82	1,373
10	91	84	18,616
10	91	96	3,526
10	91	98	3,887
10	96	3	2,562
10	96	27	3,657
10	96	28	1,092
10	96	31	14,373
10	96	39	0,65
10	96	42	4,606
10	96	56	7,368
10	96	66	2,373
10	96	71	0,538
10	96	72	2,703
10	96	74	11,774
10	96	76	10,461
10	96	81	2,546
10	96	82	13,518
10	96	84	1,406
10	96	91	0,554
10	96	98	9,013
10	98	3	3,619
10	98	27	5,36
10	98	28	5,309
10	98	31	8,689
10	98	39	16,528
10	98	42	9,214
10	98	56	6,286
10	98	66	26,758
10	98	71	6,466
10	98	72	11,009
10	98	74	1,776
10	98	76	11,119
10	98	81	3,067
10	98	82	6,476
10	98	84	1,499
10	98	91	4,22
10	98	96	7,734

