#num jobs
100
#num machines
10

#jobId machId procTime energyCons
1	6	19,11	119,19
1	5	6,17	48,96
1	3	188,74	1105,77
1	2	27,96	98,14
1	1	4,12	28,49
2	8	14,3	46,23
2	5	5,91	46,92
2	2	1,19	4,19
3	9	4,86	20,3
3	5	21,49	170,6
3	1	3,67	25,38
4	7	140,19	1058,63
5	5	11,97	95,05
6	6	7,86	49,01
6	1	174,41	1206,1
7	9	10,77	45,01
7	4	28,25	155,91
8	1	19,15	132,43
9	2	92,2	323,63
10	2	1,74	6,11
10	7	4,28	32,34
11	10	479,26	2721,48
11	7	21,89	165,3
12	8	1,28	4,13
13	2	46,09	161,77
13	5	34,4	273,13
13	10	51,2	290,74
14	8	17,08	55,21
14	2	2,01	7,07
14	1	9,11	63,02
15	6	9,63	60,08
15	1	15,51	107,27
16	8	36,41	117,71
16	4	9,82	54,17
16	1	2,51	17,37
17	5	20,7	164,39
17	7	1,41	10,61
18	2	679,61	2385,58
18	3	65,81	385,58
18	4	1,69	9,31
18	5	7,96	63,23
18	7	7,48	56,51
18	9	431,89	1804,76
18	10	135,64	770,22
19	1	3,85	26,65
19	8	10,77	34,82
19	10	709,26	4027,52
20	9	3,6	15,03
20	7	13,19	99,57
20	3	149,28	874,59
21	10	3,01	17,08
21	7	11,2	84,58
21	4	23,19	127,95
22	8	25,69	83,05
23	9	212,35	887,36
24	10	16,59	94,19
25	1	4,07	28,13
25	5	11,21	89,02
25	10	129,33	734,42
26	10	6,7	38,04
26	1	16,88	116,71
27	1	61,72	426,83
27	5	36,1	286,62
28	4	29,93	165,16
28	9	0,69	2,87
29	3	6,74	39,48
30	1	1,57	10,84
30	2	0,58	2,05
30	5	28,72	228,07
31	8	8,05	26,03
32	7	2,1	15,87
32	6	17,94	111,9
33	7	2,98	22,49
33	6	51,08	318,62
33	1	13,65	94,41
34	10	2,39	13,58
34	9	19,13	79,95
34	5	3,69	29,32
35	7	16,52	124,76
35	5	18,33	145,53
36	2	66,37	232,96
36	4	12,59	69,45
36	9	7,58	31,69
37	1	1,97	13,6
37	8	62,26	201,27
37	9	18,96	79,24
37	10	16,81	95,43
38	2	3,96	13,91
38	7	7,42	56,03
38	10	164,98	936,85
39	5	15,91	126,36
39	8	2,35	7,6
40	10	0,43	2,46
40	5	11,01	87,44
40	1	83,6	578,13
41	2	0,94	3,29
41	6	31,89	198,9
42	4	22,95	126,65
42	8	2,73	8,82
43	10	3,24	18,38
44	10	19,14	108,7
44	2	43,89	154,07
45	10	11,51	65,35
45	6	3,02	18,87
46	9	18,25	76,26
47	3	7,68	45
47	7	70,75	534,23
47	10	18,8	106,73
48	10	0,66	3,75
48	7	7,53	56,86
48	5	378,3	3003,82
48	2	48,9	171,64
48	1	885,87	6126,12
49	4	22,13	122,13
50	10	6,46	36,66
50	6	2,77	17,26
50	4	10,89	60,1
51	5	14,32	113,69
51	2	133,91	470,04
52	10	28,79	163,48
52	4	6,82	37,64
52	2	500,19	1755,75
53	4	39,58	218,39
53	8	4,76	15,4
53	10	10,35	58,79
54	9	15,46	64,59
55	7	23,02	173,81
55	4	4,06	22,42
56	4	2,88	15,89
56	2	326,11	1144,71
57	1	8,27	57,19
57	5	39,62	314,59
57	6	2,96	18,45
57	8	1,77	5,72
58	8	2,77	8,96
58	5	31,96	253,73
59	7	2,99	22,6
59	10	2,98	16,92
60	7	12,46	94,08
60	6	2752,54	17169,72
60	2	50,23	176,3
61	6	15,05	93,85
61	9	13,32	55,67
62	8	8,36	27,03
62	9	8,29	34,64
63	9	10,73	44,84
64	3	139,98	820,14
65	10	6,26	35,56
65	2	3,87	13,58
66	10	12,09	68,64
66	4	9	49,68
67	5	13,39	106,33
68	3	79,08	463,3
69	1	1,77	12,23
69	6	1,95	12,18
69	7	0,65	4,91
69	9	19,02	79,5
70	10	8,45	47,97
70	8	0,47	1,52
70	5	24,63	195,57
70	3	2,74	16,05
71	9	18,07	75,5
71	5	33,16	263,27
71	3	15,62	91,51
72	9	3,87	16,17
73	8	8,12	26,25
73	9	5,94	24,82
74	1	2,57	17,8
74	5	9,95	79,03
74	6	8,68	54,17
74	7	10,12	76,44
75	9	44,28	185,05
75	8	3,75	12,11
75	5	5,27	41,82
75	1	2,39	16,54
76	8	15,12	48,87
76	3	9,45	55,37
77	3	21	123,02
78	5	7,92	62,88
79	9	2,89	12,06
79	7	24,67	186,31
80	9	10,21	42,67
81	10	9,4	53,36
81	5	4,04	32,04
81	3	53,72	314,76
82	3	2,25	13,15
83	3	4,6	26,94
83	5	14,12	112,08
83	7	4,7	35,51
83	9	81,46	340,4
84	6	95,94	598,42
84	5	17,44	138,48
85	3	8,01	46,95
85	6	33,5	208,95
85	7	245,02	1850,17
85	8	31,1	100,53
86	3	3,99	23,35
86	7	3,5	26,43
87	2	43,66	153,25
88	3	37,96	222,42
88	4	11,62	64,12
88	5	193,31	1534,9
88	6	4,6	28,67
89	7	2,35	17,76
89	8	2,93	9,48
89	10	10,81	61,39
90	2	13,04	45,77
90	6	12,65	78,91
90	8	3,5	11,33
91	5	11,7	92,9
91	2	3,01	10,57
92	9	18,75	78,36
92	3	0,72	4,2
92	2	9,15	32,12
92	1	3,69	25,5
93	5	23,13	183,67
93	2	5,74	20,16
94	7	2,12	15,97
94	6	10,55	65,83
94	1	10,63	73,51
95	7	2,48	18,73
96	4	24,42	134,76
97	9	11,18	46,73
97	2	13,59	47,71
97	1	221,17	1529,49
98	1	12,03	83,22
98	2	6,94	24,35
98	3	19,46	114,03
99	4	3,23	17,84
99	2	9,36	32,87
100	1	60,32	417,13
100	6	15,32	95,56
100	7	7,88	59,48

#jobId ddate weight rdate
1	289,39	28	434,358
2	384,036	27	912,699
3	605,727	22	1764,698
4	397,445	16	469,014
5	330,116	14	2137,276
6	151,125	21	95,066
7	14,622	7	751,643
8	441,427	36	1219,871
9	615,119	41	2121,724
10	102,394	32	788,633
11	654,889	38	1204,153
12	518,07	26	1760,848
13	520,762	4	341,777
14	248,773	38	2171,02
15	300,959	15	905,365
16	61,166	33	2181,281
17	472,302	33	2031,52
18	188,259	41	136,842
19	290,374	33	1814,517
20	559,188	24	1529,952
21	472,005	21	1812,001
22	523,383	34	1435,053
23	361,745	8	1685,215
24	500,2	44	1031,157
25	231,296	20	1518,905
26	243,319	7	505,686
27	282,106	48	1994,233
28	104,253	24	1030,18
29	637,038	23	1679,867
30	619,762	48	819,705
31	555,198	25	2223,515
32	377,764	8	1558,215
33	228,368	39	1561,121
34	393,736	11	1279,765
35	335,71	21	2261,419
36	509,976	21	2206,916
37	277,177	28	169,398
38	350,509	40	997,497
39	336,773	17	1323,908
40	616,375	44	1952,692
41	155,389	18	1432,992
42	119,471	25	2163,858
43	261,518	49	1834,568
44	162,071	28	53,823
45	234,498	15	1959,982
46	501,73	24	1528,605
47	32,945	39	457,426
48	24,312	14	1233,304
49	277,597	26	736,881
50	454,988	5	147,565
51	538,624	41	965,025
52	576,938	46	858,05
53	553,446	3	778,46
54	609,089	8	894,448
55	283,082	3	414,382
56	0,671	30	417,639
57	328,639	45	1768,006
58	559,183	32	2100,35
59	78,398	5	471,877
60	59,779	30	1792,597
61	640,368	35	1665,357
62	580,065	31	1006,259
63	471,663	23	1129,068
64	241,027	16	2175,673
65	286,959	40	287,732
66	406,237	17	1430,278
67	148,536	7	996,935
68	607,918	16	454,857
69	121,945	26	2287,839
70	131,948	9	1794,742
71	558,038	28	1777,201
72	286,787	34	2249,246
73	290,888	37	1292,712
74	285,216	35	666,28
75	82,621	41	315,405
76	390,836	38	980,009
77	536,747	30	1181,631
78	484,06	17	2042,324
79	307,704	26	116,822
80	262,665	23	1649,232
81	62,256	36	1222,973
82	198,822	9	1220,611
83	490,079	9	0,619
84	92,746	3	415,258
85	391,888	7	1869,804
86	286,298	3	1891,069
87	319,188	28	1393,845
88	493,266	13	904,575
89	373,493	44	266,318
90	153,347	45	2286,548
91	105,678	42	101,603
92	191,584	38	802,655
93	643,36	31	1943,526
94	432,142	21	2004,576
95	392,301	16	1598,402
96	351,634	4	331,819
97	129,169	13	77,065
98	297,513	6	2158,366
99	592,859	7	810,215
100	300,852	20	1733,035

#machId jobPred jobSucc setupTime
1	1	3	0,583
1	1	6	1,812
1	1	8	0,764
1	1	14	8,023
1	1	15	9,829
1	1	16	2,224
1	1	19	10,04
1	1	25	6,273
1	1	26	0,921
1	1	27	0,996
1	1	30	5,088
1	1	33	1,721
1	1	37	5,094
1	1	40	1,949
1	1	48	0,679
1	1	57	8,226
1	1	69	13,201
1	1	74	1,749
1	1	75	5,9
1	1	92	9,603
1	1	94	5,935
1	1	97	0,927
1	1	98	3,365
1	1	100	23,102
1	3	1	2,786
1	3	6	9,14
1	3	8	3,409
1	3	14	9,797
1	3	15	5,938
1	3	16	6,257
1	3	19	5,499
1	3	25	11,467
1	3	26	0,881
1	3	27	17,866
1	3	30	5,858
1	3	33	4,403
1	3	37	1,751
1	3	40	14,259
1	3	48	1,789
1	3	57	4,349
1	3	69	6,747
1	3	74	1,798
1	3	75	17,765
1	3	92	6,139
1	3	94	16,2
1	3	97	4,223
1	3	98	5
1	3	100	1,229
1	6	1	0,868
1	6	3	2,17
1	6	8	27,22
1	6	14	5,871
1	6	15	9,171
1	6	16	3,212
1	6	19	2,73
1	6	25	4,446
1	6	26	10,05
1	6	27	8,363
1	6	30	20,704
1	6	33	1,381
1	6	37	5,548
1	6	40	1,478
1	6	48	0,706
1	6	57	2,634
1	6	69	1,988
1	6	74	5,416
1	6	75	5,642
1	6	92	6,703
1	6	94	3,181
1	6	97	25,5
1	6	98	8,403
1	6	100	2,487
1	8	1	24,65
1	8	3	4,41
1	8	6	6,127
1	8	14	4,243
1	8	15	11,276
1	8	16	5,423
1	8	19	7,625
1	8	25	9,2
1	8	26	5,165
1	8	27	9,956
1	8	30	5,04
1	8	33	1,376
1	8	37	2,655
1	8	40	1,677
1	8	48	1,153
1	8	57	1,589
1	8	69	28,671
1	8	74	1,422
1	8	75	7,115
1	8	92	1,687
1	8	94	20,163
1	8	97	3,16
1	8	98	8,141
1	8	100	0,917
1	14	1	5,996
1	14	3	4,038
1	14	6	9,561
1	14	8	1,82
1	14	15	5,439
1	14	16	1,918
1	14	19	2,786
1	14	25	12,298
1	14	26	1,378
1	14	27	7,485
1	14	30	2,633
1	14	33	14,083
1	14	37	2,942
1	14	40	18,151
1	14	48	14,594
1	14	57	8,421
1	14	69	13,374
1	14	74	17,313
1	14	75	6,181
1	14	92	1,805
1	14	94	1,513
1	14	97	7,62
1	14	98	4,715
1	14	100	2,89
1	15	1	8,471
1	15	3	1,138
1	15	6	2,2
1	15	8	5,317
1	15	14	4,359
1	15	16	10,716
1	15	19	4,072
1	15	25	9,498
1	15	26	2,254
1	15	27	9,757
1	15	30	0,533
1	15	33	1,011
1	15	37	2,967
1	15	40	1,359
1	15	48	8,87
1	15	57	2,191
1	15	69	8,362
1	15	74	1,691
1	15	75	9,115
1	15	92	0,949
1	15	94	7,669
1	15	97	1,81
1	15	98	1,533
1	15	100	0,995
1	16	1	7,074
1	16	3	3,144
1	16	6	7,968
1	16	8	0,548
1	16	14	5,166
1	16	15	9,58
1	16	19	5,705
1	16	25	3,126
1	16	26	3,31
1	16	27	18,715
1	16	30	0,886
1	16	33	16,893
1	16	37	9,894
1	16	40	2,721
1	16	48	16,544
1	16	57	25,975
1	16	69	0,772
1	16	74	1,483
1	16	75	11,582
1	16	92	1,126
1	16	94	15,704
1	16	97	6,837
1	16	98	10,03
1	16	100	4,575
1	19	1	3,295
1	19	3	5,074
1	19	6	5,414
1	19	8	11,094
1	19	14	0,968
1	19	15	11,949
1	19	16	23,463
1	19	25	7,058
1	19	26	28,761
1	19	27	0,951
1	19	30	5,021
1	19	33	3,561
1	19	37	12,93
1	19	40	6,253
1	19	48	12,923
1	19	57	13,422
1	19	69	1,347
1	19	74	10,642
1	19	75	5,167
1	19	92	2,055
1	19	94	3,405
1	19	97	6,75
1	19	98	8,859
1	19	100	3,995
1	25	1	15,052
1	25	3	10,97
1	25	6	12,683
1	25	8	3,605
1	25	14	4,494
1	25	15	2,578
1	25	16	14,241
1	25	19	2,171
1	25	26	10,532
1	25	27	15,58
1	25	30	22,662
1	25	33	12,859
1	25	37	7,393
1	25	40	19,256
1	25	48	21,785
1	25	57	0,615
1	25	69	0,677
1	25	74	5,24
1	25	75	2,304
1	25	92	27,884
1	25	94	15,625
1	25	97	3,944
1	25	98	3,945
1	25	100	5,94
1	26	1	8,79
1	26	3	2,643
1	26	6	1,294
1	26	8	1,443
1	26	14	2,944
1	26	15	1,361
1	26	16	1,796
1	26	19	10,23
1	26	25	8,588
1	26	27	0,765
1	26	30	9,328
1	26	33	7,078
1	26	37	0,616
1	26	40	7,546
1	26	48	1,963
1	26	57	8,066
1	26	69	19,046
1	26	74	8,934
1	26	75	20,807
1	26	92	7,027
1	26	94	2,839
1	26	97	2,242
1	26	98	13,427
1	26	100	9,031
1	27	1	1,977
1	27	3	0,709
1	27	6	1,183
1	27	8	2,255
1	27	14	0,566
1	27	15	8,222
1	27	16	1,3
1	27	19	22,154
1	27	25	14,546
1	27	26	2,893
1	27	30	1,291
1	27	33	2,227
1	27	37	10,398
1	27	40	0,673
1	27	48	2,852
1	27	57	14,993
1	27	69	1,413
1	27	74	6,874
1	27	75	0,718
1	27	92	3,395
1	27	94	5,777
1	27	97	2,054
1	27	98	4,58
1	27	100	0,745
1	30	1	3,357
1	30	3	8,585
1	30	6	2,608
1	30	8	12,811
1	30	14	21,544
1	30	15	1,393
1	30	16	1,734
1	30	19	9,345
1	30	25	6,162
1	30	26	0,79
1	30	27	5,217
1	30	33	1,996
1	30	37	1,731
1	30	40	7,713
1	30	48	2,386
1	30	57	24,099
1	30	69	10,567
1	30	74	0,511
1	30	75	2,265
1	30	92	0,604
1	30	94	10,963
1	30	97	0,733
1	30	98	5,77
1	30	100	4,341
1	33	1	11,907
1	33	3	9,371
1	33	6	3,468
1	33	8	4,713
1	33	14	8,49
1	33	15	0,824
1	33	16	7,945
1	33	19	3,28
1	33	25	5,263
1	33	26	3,646
1	33	27	12,582
1	33	30	7,362
1	33	37	3,073
1	33	40	5,768
1	33	48	15,894
1	33	57	4,63
1	33	69	1,352
1	33	74	6,462
1	33	75	0,915
1	33	92	16,431
1	33	94	3,244
1	33	97	5,761
1	33	98	5,356
1	33	100	30,71
1	37	1	5,352
1	37	3	16,185
1	37	6	7,748
1	37	8	13,076
1	37	14	5,222
1	37	15	8,45
1	37	16	44,258
1	37	19	4,697
1	37	25	1,014
1	37	26	4,63
1	37	27	7,656
1	37	30	0,647
1	37	33	13,921
1	37	40	13,431
1	37	48	10,369
1	37	57	3,402
1	37	69	2,863
1	37	74	0,551
1	37	75	10,927
1	37	92	2,682
1	37	94	1,056
1	37	97	3,794
1	37	98	1,046
1	37	100	1,807
1	40	1	0,622
1	40	3	5,187
1	40	6	10,605
1	40	8	8,479
1	40	14	15,574
1	40	15	15,134
1	40	16	2,77
1	40	19	5,871
1	40	25	3,066
1	40	26	7,931
1	40	27	17,419
1	40	30	1,512
1	40	33	6,925
1	40	37	6,473
1	40	48	16,623
1	40	57	6,106
1	40	69	0,542
1	40	74	2,342
1	40	75	3,985
1	40	92	1,769
1	40	94	3,254
1	40	97	0,847
1	40	98	10,655
1	40	100	5,357
1	48	1	5,721
1	48	3	15,397
1	48	6	1,159
1	48	8	4,576
1	48	14	3,626
1	48	15	14,189
1	48	16	5,359
1	48	19	2,271
1	48	25	5,068
1	48	26	4,165
1	48	27	2,226
1	48	30	0,846
1	48	33	4,397
1	48	37	3,816
1	48	40	4,226
1	48	57	4,831
1	48	69	0,612
1	48	74	13,623
1	48	75	10,98
1	48	92	17,198
1	48	94	15,082
1	48	97	9,034
1	48	98	19,199
1	48	100	4,77
1	57	1	4,615
1	57	3	0,926
1	57	6	2,85
1	57	8	2,132
1	57	14	12,067
1	57	15	12,992
1	57	16	15,521
1	57	19	25,693
1	57	25	6,662
1	57	26	1,673
1	57	27	3,037
1	57	30	2,769
1	57	33	17,19
1	57	37	0,54
1	57	40	6,254
1	57	48	5,465
1	57	69	0,887
1	57	74	5,666
1	57	75	3,859
1	57	92	4,193
1	57	94	12,049
1	57	97	1,367
1	57	98	3,069
1	57	100	8,007
1	69	1	11,606
1	69	3	5,634
1	69	6	9,795
1	69	8	8,907
1	69	14	4,924
1	69	15	0,666
1	69	16	6,591
1	69	19	5,01
1	69	25	9,484
1	69	26	3,658
1	69	27	9,642
1	69	30	3,697
1	69	33	5,135
1	69	37	5,765
1	69	40	1,206
1	69	48	17,51
1	69	57	1,146
1	69	74	5,734
1	69	75	1,684
1	69	92	7,723
1	69	94	4,922
1	69	97	0,777
1	69	98	4,935
1	69	100	7,242
1	74	1	1,262
1	74	3	6,759
1	74	6	28,583
1	74	8	7,815
1	74	14	3,557
1	74	15	2,647
1	74	16	3,918
1	74	19	1,216
1	74	25	11,15
1	74	26	3,219
1	74	27	1,707
1	74	30	12,181
1	74	33	6,315
1	74	37	0,761
1	74	40	2,627
1	74	48	4,711
1	74	57	1,36
1	74	69	4,94
1	74	75	1,819
1	74	92	4,629
1	74	94	9,125
1	74	97	2,763
1	74	98	3
1	74	100	4,733
1	75	1	1,878
1	75	3	12,085
1	75	6	5,455
1	75	8	11,558
1	75	14	1,941
1	75	15	3,031
1	75	16	0,969
1	75	19	1,331
1	75	25	29,993
1	75	26	10,05
1	75	27	4,7
1	75	30	3,716
1	75	33	43,182
1	75	37	3,2
1	75	40	3,725
1	75	48	7,809
1	75	57	15,068
1	75	69	1,779
1	75	74	14,305
1	75	92	42,096
1	75	94	7,762
1	75	97	9,766
1	75	98	4,869
1	75	100	14,407
1	92	1	37,722
1	92	3	7,262
1	92	6	21,427
1	92	8	17,779
1	92	14	18,918
1	92	15	0,671
1	92	16	1,295
1	92	19	14,741
1	92	25	12,181
1	92	26	6,186
1	92	27	0,885
1	92	30	9,324
1	92	33	8,433
1	92	37	1,57
1	92	40	2,424
1	92	48	3,029
1	92	57	4,485
1	92	69	0,887
1	92	74	4,123
1	92	75	16,17
1	92	94	6,346
1	92	97	35,417
1	92	98	4,016
1	92	100	4,106
1	94	1	2,438
1	94	3	9,335
1	94	6	2,816
1	94	8	3,487
1	94	14	13,573
1	94	15	13,205
1	94	16	3,802
1	94	19	11,036
1	94	25	5,156
1	94	26	6,655
1	94	27	7,565
1	94	30	5,277
1	94	33	5,239
1	94	37	12,186
1	94	40	1,804
1	94	48	0,545
1	94	57	7,441
1	94	69	0,642
1	94	74	0,628
1	94	75	6,688
1	94	92	4,08
1	94	97	14,311
1	94	98	1,816
1	94	100	10,606
1	97	1	2,042
1	97	3	3,192
1	97	6	1,402
1	97	8	1,894
1	97	14	1,441
1	97	15	4,092
1	97	16	4,749
1	97	19	5,195
1	97	25	1,732
1	97	26	0,893
1	97	27	5,353
1	97	30	1,154
1	97	33	2,873
1	97	37	8,769
1	97	40	1,875
1	97	48	4,866
1	97	57	4,846
1	97	69	8,24
1	97	74	3,613
1	97	75	9,114
1	97	92	0,575
1	97	94	3,293
1	97	98	11,387
1	97	100	5,405
1	98	1	7,678
1	98	3	0,843
1	98	6	0,903
1	98	8	3,848
1	98	14	8,166
1	98	15	1,055
1	98	16	4,109
1	98	19	20,258
1	98	25	4,029
1	98	26	3,686
1	98	27	7,207
1	98	30	6,033
1	98	33	1,532
1	98	37	1,664
1	98	40	12,675
1	98	48	3,35
1	98	57	21,095
1	98	69	7,57
1	98	74	2,008
1	98	75	2,882
1	98	92	2,952
1	98	94	6,045
1	98	97	3,839
1	98	100	27,684
1	100	1	14,15
1	100	3	4,699
1	100	6	1,97
1	100	8	2,871
1	100	14	1,756
1	100	15	1,019
1	100	16	3,427
1	100	19	1,135
1	100	25	8,152
1	100	26	6,5
1	100	27	1,023
1	100	30	5,769
1	100	33	7,276
1	100	37	2,853
1	100	40	5,321
1	100	48	1,657
1	100	57	6,06
1	100	69	11,412
1	100	74	5,323
1	100	75	3,615
1	100	92	2,925
1	100	94	1,571
1	100	97	1,58
1	100	98	4,53
2	1	2	6,365
2	1	9	4,998
2	1	10	4,396
2	1	13	1,159
2	1	14	17,966
2	1	18	1,02
2	1	30	4,528
2	1	36	17,202
2	1	38	1,816
2	1	41	11,205
2	1	44	13,435
2	1	48	0,756
2	1	51	34,907
2	1	52	3,345
2	1	56	3,111
2	1	60	0,579
2	1	65	34,319
2	1	87	2,321
2	1	90	9,319
2	1	91	4,422
2	1	92	12,715
2	1	93	3,139
2	1	97	4,613
2	1	98	5,215
2	1	99	2,199
2	2	1	5,851
2	2	9	0,803
2	2	10	8,72
2	2	13	20,322
2	2	14	0,71
2	2	18	10,181
2	2	30	19,624
2	2	36	2,577
2	2	38	8,25
2	2	41	1,267
2	2	44	1,018
2	2	48	5,194
2	2	51	5,077
2	2	52	3,349
2	2	56	5,533
2	2	60	39,45
2	2	65	5,964
2	2	87	1,444
2	2	90	8,462
2	2	91	20,093
2	2	92	5,992
2	2	93	1,212
2	2	97	5,711
2	2	98	5,074
2	2	99	16,791
2	9	1	22,082
2	9	2	10,095
2	9	10	1,798
2	9	13	4,744
2	9	14	4,643
2	9	18	3,763
2	9	30	11,513
2	9	36	19,115
2	9	38	5,649
2	9	41	50,447
2	9	44	4,807
2	9	48	11,983
2	9	51	7,981
2	9	52	17
2	9	56	10,471
2	9	60	10,283
2	9	65	13,087
2	9	87	2,628
2	9	90	6,623
2	9	91	12,176
2	9	92	3,054
2	9	93	3,065
2	9	97	28,383
2	9	98	4,328
2	9	99	5,963
2	10	1	0,736
2	10	2	1,875
2	10	9	7,268
2	10	13	15,431
2	10	14	1,623
2	10	18	6,139
2	10	30	10,503
2	10	36	5,284
2	10	38	2,24
2	10	41	3,529
2	10	44	6,962
2	10	48	0,598
2	10	51	0,683
2	10	52	3,892
2	10	56	7,794
2	10	60	2,037
2	10	65	3,096
2	10	87	12,896
2	10	90	20,798
2	10	91	6,645
2	10	92	2,574
2	10	93	4,493
2	10	97	23,147
2	10	98	2,409
2	10	99	32,707
2	13	1	1,668
2	13	2	19,551
2	13	9	5,404
2	13	10	6,704
2	13	14	4,135
2	13	18	6,687
2	13	30	3,12
2	13	36	1,811
2	13	38	1,392
2	13	41	8,222
2	13	44	2,5
2	13	48	10,694
2	13	51	3,263
2	13	52	3,127
2	13	56	3,571
2	13	60	1,224
2	13	65	2,42
2	13	87	0,83
2	13	90	5,699
2	13	91	23,014
2	13	92	3,89
2	13	93	13,039
2	13	97	4,734
2	13	98	1,538
2	13	99	1,528
2	14	1	7,109
2	14	2	0,639
2	14	9	3,353
2	14	10	1,646
2	14	13	4,416
2	14	18	8,833
2	14	30	3,276
2	14	36	1,324
2	14	38	2,612
2	14	41	12,912
2	14	44	4,034
2	14	48	2,412
2	14	51	32,278
2	14	52	0,732
2	14	56	7,198
2	14	60	18,886
2	14	65	3,789
2	14	87	4,383
2	14	90	6,781
2	14	91	5,573
2	14	92	0,719
2	14	93	22,692
2	14	97	22,083
2	14	98	7,983
2	14	99	2,039
2	18	1	3,036
2	18	2	7,55
2	18	9	3,42
2	18	10	8,108
2	18	13	4,947
2	18	14	1,941
2	18	30	0,666
2	18	36	4,551
2	18	38	5,456
2	18	41	9,469
2	18	44	2,415
2	18	48	9,364
2	18	51	18,72
2	18	52	7,664
2	18	56	0,77
2	18	60	3,807
2	18	65	1,569
2	18	87	2,657
2	18	90	1,014
2	18	91	1,223
2	18	92	2,928
2	18	93	1,753
2	18	97	4,89
2	18	98	11,871
2	18	99	29,075
2	30	1	11,09
2	30	2	9,865
2	30	9	2,17
2	30	10	0,586
2	30	13	2,034
2	30	14	2,369
2	30	18	22,193
2	30	36	9,098
2	30	38	5,356
2	30	41	4,073
2	30	44	12,746
2	30	48	8,033
2	30	51	7,119
2	30	52	2,88
2	30	56	4,853
2	30	60	8,263
2	30	65	10,288
2	30	87	8,119
2	30	90	6,606
2	30	91	12,258
2	30	92	1,242
2	30	93	0,561
2	30	97	1,729
2	30	98	7,225
2	30	99	5,596
2	36	1	7,294
2	36	2	6,995
2	36	9	1,253
2	36	10	1,304
2	36	13	4,47
2	36	14	3,82
2	36	18	0,913
2	36	30	0,952
2	36	38	1,229
2	36	41	2,039
2	36	44	1,157
2	36	48	0,742
2	36	51	1,996
2	36	52	2,563
2	36	56	0,957
2	36	60	19,489
2	36	65	10,363
2	36	87	23,356
2	36	90	12,97
2	36	91	15,878
2	36	92	3,695
2	36	93	3,968
2	36	97	0,858
2	36	98	3,273
2	36	99	1,853
2	38	1	2,374
2	38	2	25,616
2	38	9	6,49
2	38	10	14,758
2	38	13	2,989
2	38	14	1,607
2	38	18	3,557
2	38	30	6,898
2	38	36	9,646
2	38	41	5,849
2	38	44	12,477
2	38	48	56,304
2	38	51	8,463
2	38	52	1,256
2	38	56	14,123
2	38	60	45,425
2	38	65	1,716
2	38	87	24,596
2	38	90	1,393
2	38	91	1,179
2	38	92	14,021
2	38	93	11,092
2	38	97	0,734
2	38	98	7,818
2	38	99	5,043
2	41	1	8,105
2	41	2	10,366
2	41	9	5,674
2	41	10	9,283
2	41	13	6,571
2	41	14	22,234
2	41	18	10,985
2	41	30	8,231
2	41	36	4,447
2	41	38	2,22
2	41	44	1,495
2	41	48	1,569
2	41	51	3,252
2	41	52	1,028
2	41	56	25,425
2	41	60	2,01
2	41	65	2,058
2	41	87	28,987
2	41	90	0,917
2	41	91	0,563
2	41	92	3,203
2	41	93	8,435
2	41	97	15,232
2	41	98	2,587
2	41	99	3,684
2	44	1	1,815
2	44	2	19,48
2	44	9	5,216
2	44	10	15,877
2	44	13	4,787
2	44	14	2,205
2	44	18	28,039
2	44	30	3,698
2	44	36	11,403
2	44	38	6,709
2	44	41	1,848
2	44	48	9,958
2	44	51	1,148
2	44	52	6,216
2	44	56	11,132
2	44	60	3,224
2	44	65	3,079
2	44	87	10,017
2	44	90	21,86
2	44	91	5,346
2	44	92	28,518
2	44	93	8,003
2	44	97	2,713
2	44	98	1,797
2	44	99	33,582
2	48	1	21,182
2	48	2	4,521
2	48	9	4,593
2	48	10	1,101
2	48	13	18,053
2	48	14	7,588
2	48	18	1,952
2	48	30	4,277
2	48	36	5,381
2	48	38	11,165
2	48	41	1,008
2	48	44	1,047
2	48	51	12,14
2	48	52	4,474
2	48	56	2,677
2	48	60	8,704
2	48	65	8,715
2	48	87	6,233
2	48	90	3,235
2	48	91	7,513
2	48	92	1,901
2	48	93	2,129
2	48	97	16,591
2	48	98	8,961
2	48	99	6,031
2	51	1	11,696
2	51	2	2,232
2	51	9	8,859
2	51	10	4,856
2	51	13	8,338
2	51	14	3,903
2	51	18	19,826
2	51	30	11,373
2	51	36	3,37
2	51	38	2,445
2	51	41	22,573
2	51	44	0,74
2	51	48	13,088
2	51	52	3,101
2	51	56	1,1
2	51	60	3,775
2	51	65	0,786
2	51	87	11,244
2	51	90	2,068
2	51	91	1,794
2	51	92	1,747
2	51	93	0,677
2	51	97	2,976
2	51	98	7,997
2	51	99	1,32
2	52	1	3,343
2	52	2	4,163
2	52	9	0,554
2	52	10	3,465
2	52	13	0,547
2	52	14	17,961
2	52	18	3,092
2	52	30	12,061
2	52	36	3,059
2	52	38	3,446
2	52	41	17,17
2	52	44	0,737
2	52	48	4,762
2	52	51	9,115
2	52	56	6,265
2	52	60	7,001
2	52	65	24,51
2	52	87	6,185
2	52	90	1,964
2	52	91	2,798
2	52	92	13,105
2	52	93	12,531
2	52	97	3,141
2	52	98	4,677
2	52	99	4,888
2	56	1	3,538
2	56	2	5,49
2	56	9	10,294
2	56	10	3,942
2	56	13	2,797
2	56	14	2,177
2	56	18	6,053
2	56	30	6,799
2	56	36	3,841
2	56	38	0,861
2	56	41	4,309
2	56	44	2,043
2	56	48	6,758
2	56	51	6,775
2	56	52	5,574
2	56	60	4,64
2	56	65	1,035
2	56	87	6,383
2	56	90	9,356
2	56	91	4,988
2	56	92	4,038
2	56	93	10,796
2	56	97	4,655
2	56	98	2,896
2	56	99	1,631
2	60	1	2,609
2	60	2	2,159
2	60	9	1,24
2	60	10	13,599
2	60	13	17,064
2	60	14	1,704
2	60	18	15,225
2	60	30	3,545
2	60	36	6,978
2	60	38	2,325
2	60	41	9,385
2	60	44	3,875
2	60	48	3,681
2	60	51	3,096
2	60	52	1,02
2	60	56	5,458
2	60	65	35,065
2	60	87	3,622
2	60	90	1,54
2	60	91	13,46
2	60	92	6,651
2	60	93	3,734
2	60	97	5,107
2	60	98	10,796
2	60	99	22,427
2	65	1	3,466
2	65	2	6,308
2	65	9	0,7
2	65	10	0,809
2	65	13	1,631
2	65	14	11,469
2	65	18	13,106
2	65	30	2,251
2	65	36	2,363
2	65	38	1,386
2	65	41	6,402
2	65	44	8,09
2	65	48	3,887
2	65	51	6,181
2	65	52	8,203
2	65	56	18,303
2	65	60	14,142
2	65	87	1,368
2	65	90	1,037
2	65	91	8,236
2	65	92	20,317
2	65	93	2,224
2	65	97	5,392
2	65	98	17,873
2	65	99	3,387
2	87	1	14,52
2	87	2	0,968
2	87	9	0,792
2	87	10	0,542
2	87	13	5,723
2	87	14	5,714
2	87	18	1,873
2	87	30	3,522
2	87	36	1,263
2	87	38	1,759
2	87	41	2,974
2	87	44	3,213
2	87	48	3,91
2	87	51	18,582
2	87	52	2,25
2	87	56	0,683
2	87	60	2,926
2	87	65	2,844
2	87	90	0,814
2	87	91	2,727
2	87	92	11,351
2	87	93	2,569
2	87	97	5,443
2	87	98	30,947
2	87	99	1,018
2	90	1	4,355
2	90	2	13,135
2	90	9	8,135
2	90	10	2,433
2	90	13	0,973
2	90	14	2,126
2	90	18	4,377
2	90	30	0,676
2	90	36	16,681
2	90	38	5,48
2	90	41	6,297
2	90	44	1,354
2	90	48	5,492
2	90	51	0,769
2	90	52	3,03
2	90	56	3,767
2	90	60	1,197
2	90	65	2,598
2	90	87	6,832
2	90	91	14,721
2	90	92	19,041
2	90	93	2,119
2	90	97	7,091
2	90	98	10,227
2	90	99	6,255
2	91	1	8,322
2	91	2	8,322
2	91	9	1,982
2	91	10	2,45
2	91	13	3,189
2	91	14	4,117
2	91	18	8,56
2	91	30	1,487
2	91	36	6,769
2	91	38	3,888
2	91	41	3,132
2	91	44	7,105
2	91	48	1,922
2	91	51	4,66
2	91	52	5,278
2	91	56	1,991
2	91	60	0,94
2	91	65	0,78
2	91	87	12,565
2	91	90	1,382
2	91	92	2,269
2	91	93	33,531
2	91	97	2,732
2	91	98	1,562
2	91	99	4,941
2	92	1	3,079
2	92	2	0,915
2	92	9	1,351
2	92	10	7,587
2	92	13	7
2	92	14	1,602
2	92	18	0,709
2	92	30	3,684
2	92	36	4,343
2	92	38	1,969
2	92	41	9,482
2	92	44	21,191
2	92	48	1,494
2	92	51	5,002
2	92	52	3,602
2	92	56	4,676
2	92	60	13,216
2	92	65	1,47
2	92	87	3,658
2	92	90	7,233
2	92	91	2,753
2	92	93	4,636
2	92	97	3,483
2	92	98	0,605
2	92	99	9,227
2	93	1	12,386
2	93	2	8,006
2	93	9	2,035
2	93	10	8,237
2	93	13	0,609
2	93	14	6,295
2	93	18	4,802
2	93	30	0,509
2	93	36	43,591
2	93	38	6,964
2	93	41	4,677
2	93	44	1,816
2	93	48	9,234
2	93	51	17,702
2	93	52	3,603
2	93	56	2,469
2	93	60	7,191
2	93	65	0,534
2	93	87	10,96
2	93	90	2,368
2	93	91	10,07
2	93	92	12,716
2	93	97	1,772
2	93	98	2,867
2	93	99	5,922
2	97	1	3,371
2	97	2	3,927
2	97	9	11,369
2	97	10	0,777
2	97	13	6,514
2	97	14	27,889
2	97	18	9,564
2	97	30	4,521
2	97	36	4,938
2	97	38	10,131
2	97	41	9,833
2	97	44	1,728
2	97	48	1,013
2	97	51	8,337
2	97	52	1,523
2	97	56	4,795
2	97	60	7,745
2	97	65	2,882
2	97	87	19,243
2	97	90	1,857
2	97	91	1,762
2	97	92	9,602
2	97	93	2,18
2	97	98	3,555
2	97	99	2,874
2	98	1	4,906
2	98	2	15,106
2	98	9	43,674
2	98	10	2,562
2	98	13	9,557
2	98	14	4,393
2	98	18	1,494
2	98	30	10,479
2	98	36	7,041
2	98	38	14,651
2	98	41	2,304
2	98	44	2,067
2	98	48	4,69
2	98	51	8,78
2	98	52	1,444
2	98	56	13,617
2	98	60	35,734
2	98	65	1,25
2	98	87	2,541
2	98	90	6,299
2	98	91	3,95
2	98	92	0,62
2	98	93	2,05
2	98	97	2,55
2	98	99	1,182
2	99	1	7,76
2	99	2	7,613
2	99	9	7,271
2	99	10	5,998
2	99	13	2,818
2	99	14	1,041
2	99	18	12,883
2	99	30	6,285
2	99	36	7,62
2	99	38	11,572
2	99	41	3,732
2	99	44	4,403
2	99	48	2,171
2	99	51	7,719
2	99	52	9,891
2	99	56	43,732
2	99	60	1,352
2	99	65	23,929
2	99	87	3,465
2	99	90	4,308
2	99	91	0,704
2	99	92	4,225
2	99	93	3,288
2	99	97	0,721
2	99	98	0,799
3	1	18	9,699
3	1	20	23,633
3	1	29	0,841
3	1	47	9,06
3	1	64	2,871
3	1	68	1,01
3	1	70	0,816
3	1	71	7,121
3	1	76	14,696
3	1	77	1,233
3	1	81	20,747
3	1	82	4,063
3	1	83	1,161
3	1	85	2,862
3	1	86	0,516
3	1	88	2,674
3	1	92	4,337
3	1	98	1,918
3	18	1	26,181
3	18	20	5,505
3	18	29	11,181
3	18	47	0,591
3	18	64	1,911
3	18	68	3,28
3	18	70	2,196
3	18	71	4,51
3	18	76	9,747
3	18	77	16,119
3	18	81	12,424
3	18	82	11,761
3	18	83	4,573
3	18	85	2,469
3	18	86	37,131
3	18	88	5,156
3	18	92	1,003
3	18	98	1,51
3	20	1	6,028
3	20	18	1,695
3	20	29	2,618
3	20	47	2,351
3	20	64	5,461
3	20	68	2,258
3	20	70	2,697
3	20	71	58,254
3	20	76	0,524
3	20	77	9,706
3	20	81	2,693
3	20	82	5,269
3	20	83	10,073
3	20	85	1,571
3	20	86	3,311
3	20	88	0,933
3	20	92	0,932
3	20	98	1,673
3	29	1	10,583
3	29	18	1,229
3	29	20	1,413
3	29	47	4,157
3	29	64	18,891
3	29	68	1,5
3	29	70	2,417
3	29	71	1,238
3	29	76	1,961
3	29	77	3,159
3	29	81	3,852
3	29	82	0,722
3	29	83	1,184
3	29	85	8,353
3	29	86	1,094
3	29	88	6,86
3	29	92	2,513
3	29	98	6,637
3	47	1	6,461
3	47	18	3,033
3	47	20	0,674
3	47	29	6,744
3	47	64	2,767
3	47	68	6,159
3	47	70	1,279
3	47	71	0,503
3	47	76	3,381
3	47	77	2,466
3	47	81	0,672
3	47	82	3,678
3	47	83	20,954
3	47	85	1,913
3	47	86	13,251
3	47	88	1,523
3	47	92	3,504
3	47	98	6,564
3	64	1	2,195
3	64	18	0,92
3	64	20	16,162
3	64	29	3,981
3	64	47	7,854
3	64	68	1,609
3	64	70	0,711
3	64	71	1,222
3	64	76	17,321
3	64	77	14,551
3	64	81	9,669
3	64	82	6,852
3	64	83	0,534
3	64	85	3,038
3	64	86	4,582
3	64	88	14,242
3	64	92	1,12
3	64	98	1,466
3	68	1	0,565
3	68	18	2,522
3	68	20	11,694
3	68	29	0,925
3	68	47	25,234
3	68	64	12,548
3	68	70	4,404
3	68	71	1,248
3	68	76	2,415
3	68	77	1,787
3	68	81	0,949
3	68	82	1,782
3	68	83	3,44
3	68	85	14,767
3	68	86	4,702
3	68	88	1,884
3	68	92	0,904
3	68	98	1,767
3	70	1	1,169
3	70	18	4,187
3	70	20	4,272
3	70	29	14,277
3	70	47	14,446
3	70	64	1,702
3	70	68	3,683
3	70	71	6,241
3	70	76	9,34
3	70	77	5,253
3	70	81	12,937
3	70	82	10,837
3	70	83	1,141
3	70	85	59,557
3	70	86	6,717
3	70	88	5,153
3	70	92	8,27
3	70	98	13,008
3	71	1	11,156
3	71	18	1,707
3	71	20	2,51
3	71	29	2,108
3	71	47	5,067
3	71	64	7,577
3	71	68	5,779
3	71	70	2,143
3	71	76	14,446
3	71	77	24,501
3	71	81	10,99
3	71	82	6,646
3	71	83	1,329
3	71	85	3,734
3	71	86	1,473
3	71	88	10,96
3	71	92	0,65
3	71	98	20,177
3	76	1	2,165
3	76	18	4,272
3	76	20	14,417
3	76	29	4,63
3	76	47	1,8
3	76	64	1,152
3	76	68	5,039
3	76	70	1,288
3	76	71	2,528
3	76	77	10,308
3	76	81	9,151
3	76	82	9,729
3	76	83	6,502
3	76	85	4,517
3	76	86	4,349
3	76	88	5,649
3	76	92	4,174
3	76	98	2,744
3	77	1	15,252
3	77	18	0,856
3	77	20	13,103
3	77	29	2,874
3	77	47	0,797
3	77	64	4,541
3	77	68	0,652
3	77	70	11,481
3	77	71	1,596
3	77	76	5,19
3	77	81	11,45
3	77	82	1,168
3	77	83	6,035
3	77	85	2,265
3	77	86	8,967
3	77	88	8,242
3	77	92	5,966
3	77	98	3,552
3	81	1	11,675
3	81	18	5,019
3	81	20	2,252
3	81	29	0,979
3	81	47	6,656
3	81	64	2,976
3	81	68	7,624
3	81	70	3,551
3	81	71	2,835
3	81	76	3,479
3	81	77	0,953
3	81	82	0,831
3	81	83	5,649
3	81	85	0,534
3	81	86	4,091
3	81	88	5,38
3	81	92	0,857
3	81	98	2,187
3	82	1	22,25
3	82	18	2,893
3	82	20	2,182
3	82	29	0,785
3	82	47	8,896
3	82	64	19,398
3	82	68	0,911
3	82	70	2,339
3	82	71	3,83
3	82	76	0,667
3	82	77	0,851
3	82	81	2,364
3	82	83	0,571
3	82	85	20,692
3	82	86	7,976
3	82	88	18,854
3	82	92	1,807
3	82	98	0,515
3	83	1	2,823
3	83	18	2,313
3	83	20	2,402
3	83	29	26,796
3	83	47	8,394
3	83	64	4,07
3	83	68	5,491
3	83	70	7,316
3	83	71	7,327
3	83	76	44,817
3	83	77	3,132
3	83	81	10,206
3	83	82	7,938
3	83	85	5,434
3	83	86	2,634
3	83	88	0,863
3	83	92	9,032
3	83	98	5,184
3	85	1	5,452
3	85	18	1,698
3	85	20	11,093
3	85	29	11,283
3	85	47	0,809
3	85	64	1,645
3	85	68	4,503
3	85	70	2,306
3	85	71	3,012
3	85	76	2,354
3	85	77	9,587
3	85	81	6,824
3	85	82	1,421
3	85	83	0,529
3	85	86	6,558
3	85	88	17,816
3	85	92	1,041
3	85	98	5,677
3	86	1	5,214
3	86	18	2,576
3	86	20	17,748
3	86	29	6,922
3	86	47	0,92
3	86	64	0,699
3	86	68	6,97
3	86	70	2,732
3	86	71	2,617
3	86	76	0,87
3	86	77	21,36
3	86	81	1,432
3	86	82	20,544
3	86	83	6,118
3	86	85	2,536
3	86	88	22,703
3	86	92	1,361
3	86	98	12,984
3	88	1	4,706
3	88	18	6,259
3	88	20	12,973
3	88	29	20,033
3	88	47	3,191
3	88	64	1,065
3	88	68	3,595
3	88	70	6,463
3	88	71	9,12
3	88	76	1,101
3	88	77	4,531
3	88	81	3,963
3	88	82	13,778
3	88	83	1,45
3	88	85	5,043
3	88	86	3,517
3	88	92	8,428
3	88	98	3,167
3	92	1	2,863
3	92	18	1,45
3	92	20	1,834
3	92	29	0,586
3	92	47	20,634
3	92	64	12,027
3	92	68	5,123
3	92	70	14,664
3	92	71	1,128
3	92	76	1,523
3	92	77	3,288
3	92	81	3,124
3	92	82	0,673
3	92	83	0,919
3	92	85	0,542
3	92	86	2,34
3	92	88	6,074
3	92	98	8,505
3	98	1	3,319
3	98	18	1,551
3	98	20	14,357
3	98	29	16,476
3	98	47	4,756
3	98	64	2,387
3	98	68	3,897
3	98	70	2,839
3	98	71	4,002
3	98	76	0,802
3	98	77	3,422
3	98	81	8,056
3	98	82	3,776
3	98	83	4,499
3	98	85	2,473
3	98	86	6,752
3	98	88	1,131
3	98	92	1,553
4	7	16	2,399
4	7	18	7,85
4	7	21	11,319
4	7	28	19,224
4	7	36	9,834
4	7	42	5,146
4	7	49	2,337
4	7	50	2,547
4	7	52	1,31
4	7	53	5,091
4	7	55	5,788
4	7	56	4,829
4	7	66	3,57
4	7	88	30,502
4	7	96	1,675
4	7	99	5,397
4	16	7	6,652
4	16	18	25,499
4	16	21	0,744
4	16	28	8,568
4	16	36	8,094
4	16	42	2,67
4	16	49	3,501
4	16	50	0,649
4	16	52	8,571
4	16	53	1,88
4	16	55	2,945
4	16	56	1,417
4	16	66	6,264
4	16	88	0,639
4	16	96	1,084
4	16	99	23,651
4	18	7	9,778
4	18	16	4,358
4	18	21	0,723
4	18	28	10,453
4	18	36	3,341
4	18	42	33,333
4	18	49	7,801
4	18	50	4,155
4	18	52	5,319
4	18	53	7,672
4	18	55	7,371
4	18	56	1,524
4	18	66	3,511
4	18	88	6,392
4	18	96	5,25
4	18	99	1,833
4	21	7	5,562
4	21	16	2,227
4	21	18	11,629
4	21	28	2,031
4	21	36	35,152
4	21	42	4,893
4	21	49	3,94
4	21	50	4,62
4	21	52	2,666
4	21	53	6,483
4	21	55	8,862
4	21	56	1,493
4	21	66	12,025
4	21	88	2,297
4	21	96	3,085
4	21	99	23,144
4	28	7	0,594
4	28	16	3,776
4	28	18	1,677
4	28	21	1,936
4	28	36	3,768
4	28	42	3,265
4	28	49	0,968
4	28	50	8,297
4	28	52	1,727
4	28	53	14,622
4	28	55	12,645
4	28	56	4,213
4	28	66	2,35
4	28	88	4,789
4	28	96	0,701
4	28	99	2,821
4	36	7	7,739
4	36	16	1,102
4	36	18	6,644
4	36	21	24,143
4	36	28	7,583
4	36	42	21,025
4	36	49	1,574
4	36	50	0,942
4	36	52	4,979
4	36	53	1,099
4	36	55	7,07
4	36	56	0,594
4	36	66	2,009
4	36	88	23,838
4	36	96	4,973
4	36	99	1,836
4	42	7	6,253
4	42	16	2,403
4	42	18	18,636
4	42	21	6,4
4	42	28	4,416
4	42	36	15,991
4	42	49	12,055
4	42	50	11,119
4	42	52	0,662
4	42	53	45,301
4	42	55	10,976
4	42	56	7,797
4	42	66	6,322
4	42	88	4,155
4	42	96	2,38
4	42	99	7,061
4	49	7	1,527
4	49	16	1,279
4	49	18	12,153
4	49	21	12,404
4	49	28	2,615
4	49	36	3,199
4	49	42	3,491
4	49	50	2,829
4	49	52	5,635
4	49	53	0,812
4	49	55	7,111
4	49	56	7,018
4	49	66	2,206
4	49	88	9,266
4	49	96	4,638
4	49	99	6,356
4	50	7	26,161
4	50	16	2,402
4	50	18	5,315
4	50	21	2,256
4	50	28	12,828
4	50	36	8,281
4	50	42	0,819
4	50	49	20,88
4	50	52	4,98
4	50	53	6,053
4	50	55	10,849
4	50	56	2,741
4	50	66	8,815
4	50	88	16,055
4	50	96	13,238
4	50	99	0,58
4	52	7	4,56
4	52	16	0,747
4	52	18	2,037
4	52	21	20,046
4	52	28	5,017
4	52	36	19,477
4	52	42	3,42
4	52	49	1,254
4	52	50	21,783
4	52	53	4,166
4	52	55	9,682
4	52	56	9,835
4	52	66	4,969
4	52	88	6,386
4	52	96	7,901
4	52	99	4,26
4	53	7	3,676
4	53	16	1,326
4	53	18	6,455
4	53	21	11,788
4	53	28	0,514
4	53	36	14,835
4	53	42	15,926
4	53	49	5,7
4	53	50	10,365
4	53	52	26,045
4	53	55	2,723
4	53	56	1,124
4	53	66	23,566
4	53	88	26,123
4	53	96	2,355
4	53	99	1,916
4	55	7	1,625
4	55	16	9,668
4	55	18	13,072
4	55	21	16,408
4	55	28	11,015
4	55	36	5,189
4	55	42	2,294
4	55	49	1,661
4	55	50	6,831
4	55	52	10,587
4	55	53	2,942
4	55	56	7,601
4	55	66	7,952
4	55	88	2,606
4	55	96	3,772
4	55	99	2,615
4	56	7	3,662
4	56	16	20,125
4	56	18	2,54
4	56	21	12,671
4	56	28	3,495
4	56	36	2,984
4	56	42	12,992
4	56	49	0,775
4	56	50	8,213
4	56	52	2,411
4	56	53	4,318
4	56	55	12,025
4	56	66	1,62
4	56	88	11,761
4	56	96	4,531
4	56	99	0,972
4	66	7	4,906
4	66	16	7,027
4	66	18	7,412
4	66	21	1,253
4	66	28	0,696
4	66	36	21,228
4	66	42	17,12
4	66	49	1,197
4	66	50	8,726
4	66	52	27,072
4	66	53	5,342
4	66	55	1,585
4	66	56	11,04
4	66	88	10,889
4	66	96	1,559
4	66	99	3,832
4	88	7	2,899
4	88	16	15,947
4	88	18	2,47
4	88	21	5,802
4	88	28	3,278
4	88	36	2,838
4	88	42	14,072
4	88	49	22,218
4	88	50	6,826
4	88	52	2,478
4	88	53	1,862
4	88	55	3,03
4	88	56	7,405
4	88	66	8,889
4	88	96	2,842
4	88	99	3,926
4	96	7	3,202
4	96	16	5,098
4	96	18	2,661
4	96	21	3,604
4	96	28	3,254
4	96	36	4,547
4	96	42	5,433
4	96	49	7,269
4	96	50	1,035
4	96	52	11,655
4	96	53	4,271
4	96	55	37,826
4	96	56	0,729
4	96	66	2,316
4	96	88	7,135
4	96	99	1,758
4	99	7	1,626
4	99	16	2,134
4	99	18	3,032
4	99	21	5,828
4	99	28	6,916
4	99	36	1,136
4	99	42	6,383
4	99	49	0,629
4	99	50	3,285
4	99	52	4,898
4	99	53	8,921
4	99	55	8,216
4	99	56	8,426
4	99	66	4,015
4	99	88	11,752
4	99	96	5,875
5	1	2	1,764
5	1	3	8,158
5	1	5	2,185
5	1	13	4,61
5	1	17	2,208
5	1	18	3,212
5	1	25	11,106
5	1	27	4,842
5	1	30	2,286
5	1	34	10,251
5	1	35	3,489
5	1	39	0,607
5	1	40	3,076
5	1	48	3,322
5	1	51	25,726
5	1	57	7,143
5	1	58	3,146
5	1	67	5,544
5	1	70	7,566
5	1	71	14,794
5	1	74	2,787
5	1	75	1,652
5	1	78	0,514
5	1	81	5,806
5	1	83	10,941
5	1	84	8,265
5	1	88	3,406
5	1	91	0,535
5	1	93	7,625
5	2	1	1,021
5	2	3	1,305
5	2	5	6,792
5	2	13	5,924
5	2	17	1,113
5	2	18	5,546
5	2	25	13,718
5	2	27	1,775
5	2	30	4,053
5	2	34	4,934
5	2	35	9,682
5	2	39	1,727
5	2	40	1,504
5	2	48	11,803
5	2	51	0,725
5	2	57	6,929
5	2	58	1,711
5	2	67	3,882
5	2	70	7,692
5	2	71	1,899
5	2	74	11,302
5	2	75	1,277
5	2	78	22,236
5	2	81	32,95
5	2	83	4,587
5	2	84	2,587
5	2	88	15,871
5	2	91	1,356
5	2	93	2,026
5	3	1	2,857
5	3	2	11,033
5	3	5	14,331
5	3	13	3,995
5	3	17	3,53
5	3	18	2,184
5	3	25	1,963
5	3	27	2,359
5	3	30	7,883
5	3	34	45,459
5	3	35	13,437
5	3	39	1,124
5	3	40	3,6
5	3	48	2,184
5	3	51	1,774
5	3	57	5,936
5	3	58	1,718
5	3	67	3,967
5	3	70	6,986
5	3	71	1,486
5	3	74	36,486
5	3	75	9,178
5	3	78	8,33
5	3	81	1,832
5	3	83	1,654
5	3	84	3,533
5	3	88	22,239
5	3	91	3,404
5	3	93	3,879
5	5	1	1,916
5	5	2	2,057
5	5	3	2,082
5	5	13	4,293
5	5	17	5,034
5	5	18	1,611
5	5	25	2,893
5	5	27	5,053
5	5	30	8,463
5	5	34	1,658
5	5	35	1,027
5	5	39	2,948
5	5	40	54,064
5	5	48	6,032
5	5	51	4,75
5	5	57	0,545
5	5	58	1,69
5	5	67	18,526
5	5	70	2,959
5	5	71	1,99
5	5	74	3,048
5	5	75	1,719
5	5	78	4,065
5	5	81	4,584
5	5	83	12,349
5	5	84	8,674
5	5	88	1,61
5	5	91	14,536
5	5	93	19,742
5	13	1	2,266
5	13	2	8,415
5	13	3	1,928
5	13	5	10,209
5	13	17	3,605
5	13	18	5,763
5	13	25	0,591
5	13	27	1,319
5	13	30	12,516
5	13	34	3,965
5	13	35	1,222
5	13	39	10,274
5	13	40	2,736
5	13	48	18,397
5	13	51	14,481
5	13	57	9,552
5	13	58	14,985
5	13	67	3,625
5	13	70	6,519
5	13	71	8,261
5	13	74	5,535
5	13	75	1,231
5	13	78	2,164
5	13	81	5,137
5	13	83	13,647
5	13	84	2,886
5	13	88	1,017
5	13	91	4,566
5	13	93	1,127
5	17	1	21,353
5	17	2	16,141
5	17	3	1,717
5	17	5	13,368
5	17	13	9,859
5	17	18	5,611
5	17	25	1,283
5	17	27	3,098
5	17	30	2,979
5	17	34	2,494
5	17	35	4,157
5	17	39	3,17
5	17	40	1,031
5	17	48	5,977
5	17	51	2,334
5	17	57	1,668
5	17	58	1,756
5	17	67	1,162
5	17	70	3,516
5	17	71	1,508
5	17	74	24,45
5	17	75	2,921
5	17	78	1,204
5	17	81	2,108
5	17	83	3,276
5	17	84	5,987
5	17	88	4,727
5	17	91	4,441
5	17	93	14,11
5	18	1	8,082
5	18	2	11,036
5	18	3	18,288
5	18	5	1,086
5	18	13	5,825
5	18	17	6,805
5	18	25	7,363
5	18	27	5,33
5	18	30	29,886
5	18	34	10,617
5	18	35	1,023
5	18	39	2,007
5	18	40	5,783
5	18	48	2,361
5	18	51	0,822
5	18	57	1,366
5	18	58	5,162
5	18	67	0,676
5	18	70	11,479
5	18	71	1,049
5	18	74	1,435
5	18	75	3,777
5	18	78	14,318
5	18	81	2,182
5	18	83	1,625
5	18	84	1,484
5	18	88	21,232
5	18	91	5,745
5	18	93	3,835
5	25	1	2,125
5	25	2	5,496
5	25	3	19,326
5	25	5	2,642
5	25	13	2,858
5	25	17	5,174
5	25	18	9,676
5	25	27	2,83
5	25	30	21,863
5	25	34	5,366
5	25	35	1,428
5	25	39	0,779
5	25	40	1,953
5	25	48	13,746
5	25	51	3,089
5	25	57	1,147
5	25	58	0,586
5	25	67	11,401
5	25	70	13,665
5	25	71	1,496
5	25	74	3,827
5	25	75	1,222
5	25	78	3,825
5	25	81	1,099
5	25	83	7,643
5	25	84	10,183
5	25	88	1,174
5	25	91	5,872
5	25	93	5,179
5	27	1	3,679
5	27	2	6,794
5	27	3	20,512
5	27	5	12,429
5	27	13	1,01
5	27	17	0,736
5	27	18	3,859
5	27	25	10,115
5	27	30	0,543
5	27	34	0,522
5	27	35	10,399
5	27	39	0,791
5	27	40	3,044
5	27	48	32,585
5	27	51	1,781
5	27	57	3,779
5	27	58	15,322
5	27	67	0,731
5	27	70	1,842
5	27	71	5,735
5	27	74	3,55
5	27	75	33,788
5	27	78	1,979
5	27	81	1,414
5	27	83	10,815
5	27	84	29,391
5	27	88	1,213
5	27	91	4,413
5	27	93	8,108
5	30	1	12,573
5	30	2	5,149
5	30	3	0,628
5	30	5	2,237
5	30	13	21,722
5	30	17	3,635
5	30	18	3,971
5	30	25	33,59
5	30	27	2,693
5	30	34	1,461
5	30	35	2,941
5	30	39	5,715
5	30	40	6,544
5	30	48	0,71
5	30	51	5,416
5	30	57	0,804
5	30	58	6,398
5	30	67	2,828
5	30	70	0,527
5	30	71	1,656
5	30	74	1,089
5	30	75	13,386
5	30	78	14,128
5	30	81	21,603
5	30	83	0,654
5	30	84	4,041
5	30	88	1,184
5	30	91	7,482
5	30	93	5,415
5	34	1	7,866
5	34	2	0,657
5	34	3	8,42
5	34	5	11,317
5	34	13	9,158
5	34	17	3,717
5	34	18	3,55
5	34	25	3,302
5	34	27	5,172
5	34	30	6,429
5	34	35	8,932
5	34	39	10,699
5	34	40	3,31
5	34	48	6,04
5	34	51	6,201
5	34	57	3,752
5	34	58	10,991
5	34	67	2,615
5	34	70	14,121
5	34	71	1,437
5	34	74	3,522
5	34	75	6,048
5	34	78	8,422
5	34	81	2,158
5	34	83	4,437
5	34	84	4,245
5	34	88	7,051
5	34	91	1,302
5	34	93	3,454
5	35	1	3,69
5	35	2	1,921
5	35	3	0,727
5	35	5	12,647
5	35	13	8,344
5	35	17	21,927
5	35	18	2,833
5	35	25	2,37
5	35	27	16,021
5	35	30	6,045
5	35	34	1,063
5	35	39	6,054
5	35	40	6,16
5	35	48	1,024
5	35	51	2,667
5	35	57	21,251
5	35	58	4,756
5	35	67	10,564
5	35	70	9,566
5	35	71	1,511
5	35	74	9,254
5	35	75	7,577
5	35	78	1,878
5	35	81	4,661
5	35	83	21,23
5	35	84	2,623
5	35	88	11,452
5	35	91	0,948
5	35	93	1,876
5	39	1	0,829
5	39	2	1,022
5	39	3	1,06
5	39	5	3,009
5	39	13	15,493
5	39	17	4,192
5	39	18	11,379
5	39	25	3,1
5	39	27	3,272
5	39	30	1,96
5	39	34	1,772
5	39	35	1,904
5	39	40	1,951
5	39	48	2,142
5	39	51	0,569
5	39	57	6,1
5	39	58	0,946
5	39	67	6,782
5	39	70	2,804
5	39	71	1,813
5	39	74	5,152
5	39	75	1,367
5	39	78	7,305
5	39	81	1,801
5	39	83	1,745
5	39	84	11,471
5	39	88	2,083
5	39	91	5,385
5	39	93	0,788
5	40	1	3,623
5	40	2	14,142
5	40	3	1,029
5	40	5	0,54
5	40	13	14,992
5	40	17	4,529
5	40	18	11,429
5	40	25	5,146
5	40	27	1,211
5	40	30	3,499
5	40	34	1,769
5	40	35	0,82
5	40	39	1,458
5	40	48	3,809
5	40	51	0,889
5	40	57	3,386
5	40	58	11,233
5	40	67	6,808
5	40	70	6,611
5	40	71	0,629
5	40	74	13,493
5	40	75	0,87
5	40	78	5,92
5	40	81	10,359
5	40	83	8,047
5	40	84	3,378
5	40	88	0,858
5	40	91	25,083
5	40	93	8,94
5	48	1	11,131
5	48	2	1,453
5	48	3	1,012
5	48	5	3,625
5	48	13	6,496
5	48	17	5,94
5	48	18	0,625
5	48	25	0,875
5	48	27	3,851
5	48	30	1,671
5	48	34	4,402
5	48	35	4,873
5	48	39	5,648
5	48	40	1,278
5	48	51	1,163
5	48	57	1,603
5	48	58	6,001
5	48	67	8,116
5	48	70	3,011
5	48	71	3,701
5	48	74	17,678
5	48	75	0,842
5	48	78	17,117
5	48	81	4,903
5	48	83	3,503
5	48	84	2,089
5	48	88	25,078
5	48	91	2,122
5	48	93	1,633
5	51	1	0,902
5	51	2	1,858
5	51	3	1,818
5	51	5	4,253
5	51	13	4,934
5	51	17	10,683
5	51	18	4,545
5	51	25	1,929
5	51	27	8,603
5	51	30	3,146
5	51	34	24,804
5	51	35	20,032
5	51	39	4,288
5	51	40	12,657
5	51	48	4,634
5	51	57	6,143
5	51	58	1,041
5	51	67	1,275
5	51	70	4,142
5	51	71	0,863
5	51	74	6,235
5	51	75	0,536
5	51	78	0,666
5	51	81	6,555
5	51	83	0,852
5	51	84	2,617
5	51	88	0,507
5	51	91	2,323
5	51	93	6,256
5	57	1	0,598
5	57	2	6,652
5	57	3	5,534
5	57	5	4,282
5	57	13	7,034
5	57	17	1,139
5	57	18	0,525
5	57	25	1,408
5	57	27	9,123
5	57	30	0,703
5	57	34	2,059
5	57	35	2,294
5	57	39	10,756
5	57	40	1,85
5	57	48	2,808
5	57	51	10,696
5	57	58	1,765
5	57	67	3,293
5	57	70	12,717
5	57	71	1,803
5	57	74	16,33
5	57	75	21,223
5	57	78	14,177
5	57	81	4,107
5	57	83	13,394
5	57	84	0,525
5	57	88	34,158
5	57	91	7,146
5	57	93	38,85
5	58	1	9,343
5	58	2	9,339
5	58	3	1,226
5	58	5	5,434
5	58	13	1,514
5	58	17	17,622
5	58	18	29,311
5	58	25	19,434
5	58	27	5,816
5	58	30	14,309
5	58	34	22,925
5	58	35	5,062
5	58	39	7,665
5	58	40	2,535
5	58	48	1,157
5	58	51	11,979
5	58	57	9,743
5	58	67	2,06
5	58	70	1,846
5	58	71	3,568
5	58	74	6,623
5	58	75	4,415
5	58	78	0,798
5	58	81	1,455
5	58	83	1,526
5	58	84	4,247
5	58	88	2,179
5	58	91	11,203
5	58	93	37,329
5	67	1	1,603
5	67	2	0,779
5	67	3	13,931
5	67	5	5,746
5	67	13	5,242
5	67	17	4,19
5	67	18	10,338
5	67	25	2,161
5	67	27	3,042
5	67	30	6,176
5	67	34	1,555
5	67	35	0,686
5	67	39	4,617
5	67	40	5,79
5	67	48	23,574
5	67	51	1,907
5	67	57	6,769
5	67	58	11,142
5	67	70	4,836
5	67	71	47,715
5	67	74	3,39
5	67	75	18,365
5	67	78	9,189
5	67	81	1,326
5	67	83	7,986
5	67	84	5,42
5	67	88	0,515
5	67	91	2,996
5	67	93	14,206
5	70	1	2,943
5	70	2	3,858
5	70	3	7,959
5	70	5	7,105
5	70	13	5,869
5	70	17	8,694
5	70	18	8,74
5	70	25	0,952
5	70	27	1,238
5	70	30	2,124
5	70	34	2,219
5	70	35	0,588
5	70	39	1,244
5	70	40	2,042
5	70	48	5,793
5	70	51	2,474
5	70	57	5,719
5	70	58	3,397
5	70	67	27,882
5	70	71	6,09
5	70	74	5,049
5	70	75	2,219
5	70	78	1,326
5	70	81	1,737
5	70	83	6,868
5	70	84	2,612
5	70	88	7,895
5	70	91	7,984
5	70	93	7,644
5	71	1	5,902
5	71	2	4,192
5	71	3	2,145
5	71	5	11,053
5	71	13	1,423
5	71	17	1,61
5	71	18	1,794
5	71	25	1,636
5	71	27	1,901
5	71	30	2,943
5	71	34	5,145
5	71	35	9,822
5	71	39	9,897
5	71	40	14,152
5	71	48	1,204
5	71	51	10,306
5	71	57	4,986
5	71	58	0,74
5	71	67	7,655
5	71	70	6,222
5	71	74	1,518
5	71	75	10,08
5	71	78	9,883
5	71	81	5,513
5	71	83	2,884
5	71	84	13,088
5	71	88	2,962
5	71	91	1,575
5	71	93	16,883
5	74	1	3,414
5	74	2	4,39
5	74	3	9,457
5	74	5	3,355
5	74	13	2,12
5	74	17	3,5
5	74	18	2,787
5	74	25	8,098
5	74	27	11,271
5	74	30	2,937
5	74	34	3,923
5	74	35	1,777
5	74	39	3,32
5	74	40	6,007
5	74	48	2,59
5	74	51	0,778
5	74	57	26,579
5	74	58	17,402
5	74	67	2,994
5	74	70	3,769
5	74	71	5,333
5	74	75	5,634
5	74	78	3,612
5	74	81	2,606
5	74	83	5,983
5	74	84	12,529
5	74	88	1
5	74	91	8,794
5	74	93	2,025
5	75	1	6,759
5	75	2	0,679
5	75	3	1,573
5	75	5	17,176
5	75	13	2,482
5	75	17	20,012
5	75	18	1,181
5	75	25	13,455
5	75	27	1,904
5	75	30	2,736
5	75	34	5,674
5	75	35	1,27
5	75	39	11,032
5	75	40	30,576
5	75	48	4,358
5	75	51	7,939
5	75	57	17,374
5	75	58	3,594
5	75	67	1,14
5	75	70	1,148
5	75	71	6,988
5	75	74	8,823
5	75	78	0,715
5	75	81	8,648
5	75	83	23,384
5	75	84	13,744
5	75	88	1,282
5	75	91	12,549
5	75	93	1,65
5	78	1	1,189
5	78	2	3,497
5	78	3	2,64
5	78	5	1,235
5	78	13	5,975
5	78	17	2,46
5	78	18	1,068
5	78	25	0,786
5	78	27	16,169
5	78	30	5,216
5	78	34	5,53
5	78	35	7,127
5	78	39	1,915
5	78	40	25,028
5	78	48	2,591
5	78	51	0,682
5	78	57	16,947
5	78	58	4,385
5	78	67	9,014
5	78	70	2,251
5	78	71	2,732
5	78	74	3,734
5	78	75	10,759
5	78	81	9,12
5	78	83	4,826
5	78	84	7,933
5	78	88	8,851
5	78	91	10,139
5	78	93	0,767
5	81	1	4,299
5	81	2	4,006
5	81	3	1,521
5	81	5	1,607
5	81	13	11,101
5	81	17	1,048
5	81	18	3,069
5	81	25	7,821
5	81	27	2,669
5	81	30	2,561
5	81	34	0,68
5	81	35	12,014
5	81	39	5,494
5	81	40	5,053
5	81	48	2,695
5	81	51	15,072
5	81	57	2,653
5	81	58	3,813
5	81	67	11,6
5	81	70	3,021
5	81	71	2,821
5	81	74	3,05
5	81	75	1,598
5	81	78	5,835
5	81	83	1,335
5	81	84	1,662
5	81	88	0,725
5	81	91	4,694
5	81	93	11,552
5	83	1	3,336
5	83	2	9,248
5	83	3	12,995
5	83	5	4,116
5	83	13	2,812
5	83	17	4,497
5	83	18	3,371
5	83	25	6,913
5	83	27	10,076
5	83	30	6,419
5	83	34	4,38
5	83	35	7,709
5	83	39	0,619
5	83	40	1,743
5	83	48	1,09
5	83	51	6,855
5	83	57	8,125
5	83	58	17,814
5	83	67	2,673
5	83	70	8,316
5	83	71	14,859
5	83	74	4,548
5	83	75	1,998
5	83	78	1,061
5	83	81	0,949
5	83	84	1,008
5	83	88	10,749
5	83	91	2,24
5	83	93	1,224
5	84	1	47,591
5	84	2	1,858
5	84	3	11,64
5	84	5	4,29
5	84	13	3,358
5	84	17	0,789
5	84	18	13,194
5	84	25	6,847
5	84	27	5,139
5	84	30	1,732
5	84	34	5,032
5	84	35	7,868
5	84	39	0,867
5	84	40	2,759
5	84	48	1,403
5	84	51	9,547
5	84	57	3,288
5	84	58	2,676
5	84	67	7,786
5	84	70	3,176
5	84	71	19,027
5	84	74	5,547
5	84	75	1,387
5	84	78	20,657
5	84	81	3,684
5	84	83	10,229
5	84	88	4,045
5	84	91	3,472
5	84	93	2,639
5	88	1	2,17
5	88	2	5,256
5	88	3	3,096
5	88	5	5,021
5	88	13	8,478
5	88	17	1,338
5	88	18	30,449
5	88	25	13,461
5	88	27	2,656
5	88	30	3,528
5	88	34	11,699
5	88	35	2,552
5	88	39	1,171
5	88	40	4,939
5	88	48	9,297
5	88	51	17,588
5	88	57	2,977
5	88	58	2,45
5	88	67	0,661
5	88	70	2,656
5	88	71	1,685
5	88	74	1,574
5	88	75	3,98
5	88	78	1,252
5	88	81	1,199
5	88	83	4,615
5	88	84	4,962
5	88	91	3,059
5	88	93	2,109
5	91	1	10,577
5	91	2	4,293
5	91	3	0,598
5	91	5	5,485
5	91	13	5,85
5	91	17	7,208
5	91	18	5,221
5	91	25	4,567
5	91	27	9,009
5	91	30	20,226
5	91	34	2,097
5	91	35	15,047
5	91	39	6,593
5	91	40	0,619
5	91	48	9,955
5	91	51	1,19
5	91	57	5,001
5	91	58	1,615
5	91	67	0,768
5	91	70	2,725
5	91	71	11,428
5	91	74	11,597
5	91	75	1,189
5	91	78	2,443
5	91	81	0,769
5	91	83	5,46
5	91	84	1,549
5	91	88	5,494
5	91	93	3,629
5	93	1	1,145
5	93	2	1,56
5	93	3	34,326
5	93	5	2,99
5	93	13	4,478
5	93	17	1,258
5	93	18	10,951
5	93	25	1,402
5	93	27	0,734
5	93	30	10,364
5	93	34	5,856
5	93	35	5,682
5	93	39	2,538
5	93	40	3,469
5	93	48	37,585
5	93	51	5,495
5	93	57	4,952
5	93	58	2,51
5	93	67	9,911
5	93	70	7,086
5	93	71	2,231
5	93	74	4,821
5	93	75	0,89
5	93	78	11,56
5	93	81	7,958
5	93	83	2,677
5	93	84	2,815
5	93	88	1,339
5	93	91	4,422
6	1	6	15,559
6	1	15	1,611
6	1	32	4,647
6	1	33	9,869
6	1	41	28,278
6	1	45	0,684
6	1	50	1,518
6	1	57	14,164
6	1	60	32,308
6	1	61	0,85
6	1	69	8,434
6	1	74	2,295
6	1	84	4,449
6	1	85	11,805
6	1	88	6,965
6	1	90	1,322
6	1	94	7,697
6	1	100	7,397
6	6	1	0,775
6	6	15	0,904
6	6	32	1,144
6	6	33	4,721
6	6	41	1,76
6	6	45	0,667
6	6	50	1,165
6	6	57	1,582
6	6	60	3,728
6	6	61	5,833
6	6	69	5,337
6	6	74	5,905
6	6	84	4,124
6	6	85	3,529
6	6	88	3,265
6	6	90	1,798
6	6	94	7,945
6	6	100	4,612
6	15	1	18,463
6	15	6	5,295
6	15	32	2,158
6	15	33	22,691
6	15	41	8,687
6	15	45	3,907
6	15	50	1,669
6	15	57	2,891
6	15	60	10,779
6	15	61	1,995
6	15	69	4,648
6	15	74	7,931
6	15	84	4,808
6	15	85	14,999
6	15	88	5,359
6	15	90	1,529
6	15	94	2,032
6	15	100	1,627
6	32	1	1,977
6	32	6	11,765
6	32	15	0,751
6	32	33	27,637
6	32	41	8,651
6	32	45	3,346
6	32	50	13,121
6	32	57	15,369
6	32	60	10,889
6	32	61	2,55
6	32	69	1,232
6	32	74	1,986
6	32	84	0,91
6	32	85	1,258
6	32	88	9,087
6	32	90	6,589
6	32	94	10,669
6	32	100	6,563
6	33	1	8,214
6	33	6	35,725
6	33	15	2,869
6	33	32	1,3
6	33	41	4,605
6	33	45	1,064
6	33	50	3,153
6	33	57	1,825
6	33	60	0,632
6	33	61	3,9
6	33	69	5,481
6	33	74	4,628
6	33	84	9,061
6	33	85	8,817
6	33	88	12,2
6	33	90	5,123
6	33	94	6,574
6	33	100	3,292
6	41	1	4,251
6	41	6	2,064
6	41	15	4,832
6	41	32	10,277
6	41	33	13,808
6	41	45	0,917
6	41	50	1,671
6	41	57	11,036
6	41	60	2,459
6	41	61	3,312
6	41	69	1,163
6	41	74	11,888
6	41	84	3,565
6	41	85	1,455
6	41	88	20,523
6	41	90	5,72
6	41	94	6,17
6	41	100	2,182
6	45	1	2,678
6	45	6	0,59
6	45	15	7,433
6	45	32	1,492
6	45	33	3,715
6	45	41	1,328
6	45	50	7,764
6	45	57	10,116
6	45	60	4,49
6	45	61	0,871
6	45	69	11,408
6	45	74	4,414
6	45	84	0,802
6	45	85	5,626
6	45	88	2,131
6	45	90	1,07
6	45	94	6,074
6	45	100	15,106
6	50	1	0,954
6	50	6	4,568
6	50	15	8,88
6	50	32	3,194
6	50	33	6,51
6	50	41	2,078
6	50	45	1,589
6	50	57	20,392
6	50	60	22,885
6	50	61	4,225
6	50	69	0,591
6	50	74	2,547
6	50	84	3,017
6	50	85	6,29
6	50	88	16,591
6	50	90	2,685
6	50	94	3,469
6	50	100	4,072
6	57	1	6,523
6	57	6	9,74
6	57	15	0,65
6	57	32	0,99
6	57	33	5,38
6	57	41	7,643
6	57	45	6,472
6	57	50	1,666
6	57	60	0,542
6	57	61	8,816
6	57	69	7,72
6	57	74	9,18
6	57	84	2,472
6	57	85	4,086
6	57	88	12,815
6	57	90	1,759
6	57	94	5,185
6	57	100	10,003
6	60	1	15,72
6	60	6	13,626
6	60	15	1,597
6	60	32	2,293
6	60	33	5,044
6	60	41	1,587
6	60	45	9,473
6	60	50	1,774
6	60	57	2,151
6	60	61	8,888
6	60	69	1,339
6	60	74	5,432
6	60	84	6,02
6	60	85	28,098
6	60	88	8,796
6	60	90	6,355
6	60	94	11,403
6	60	100	0,529
6	61	1	1,112
6	61	6	5,974
6	61	15	3,026
6	61	32	17,659
6	61	33	3,005
6	61	41	13,788
6	61	45	10,714
6	61	50	14,154
6	61	57	7,505
6	61	60	14,578
6	61	69	0,565
6	61	74	2,321
6	61	84	4,103
6	61	85	6,217
6	61	88	9,339
6	61	90	3,679
6	61	94	3,348
6	61	100	2,558
6	69	1	0,753
6	69	6	6,077
6	69	15	2,985
6	69	32	1,091
6	69	33	4,643
6	69	41	7,902
6	69	45	6,639
6	69	50	4,029
6	69	57	2,052
6	69	60	3,255
6	69	61	5,11
6	69	74	9,129
6	69	84	8,21
6	69	85	1,045
6	69	88	8,688
6	69	90	0,782
6	69	94	3,962
6	69	100	11,941
6	74	1	1,512
6	74	6	2,017
6	74	15	2,467
6	74	32	2,001
6	74	33	0,551
6	74	41	2,755
6	74	45	4,675
6	74	50	3,141
6	74	57	3,339
6	74	60	11,841
6	74	61	8,173
6	74	69	0,666
6	74	84	5,782
6	74	85	6,781
6	74	88	4,005
6	74	90	4,438
6	74	94	14,16
6	74	100	12,584
6	84	1	1,343
6	84	6	3,219
6	84	15	5,749
6	84	32	6,046
6	84	33	5,499
6	84	41	11,23
6	84	45	12,675
6	84	50	5,848
6	84	57	6,069
6	84	60	3,875
6	84	61	1,056
6	84	69	7,238
6	84	74	1,62
6	84	85	4,159
6	84	88	1,368
6	84	90	1,311
6	84	94	4,746
6	84	100	12,675
6	85	1	1,869
6	85	6	5,429
6	85	15	2,966
6	85	32	11,547
6	85	33	14,808
6	85	41	3,345
6	85	45	1,001
6	85	50	4,989
6	85	57	10,535
6	85	60	0,612
6	85	61	3,272
6	85	69	4,504
6	85	74	2,677
6	85	84	16,951
6	85	88	16,339
6	85	90	10,626
6	85	94	1,491
6	85	100	5,993
6	88	1	0,895
6	88	6	10,436
6	88	15	22,913
6	88	32	6,654
6	88	33	5,102
6	88	41	1,796
6	88	45	5,674
6	88	50	3,613
6	88	57	1,996
6	88	60	15,714
6	88	61	6,103
6	88	69	5,464
6	88	74	0,633
6	88	84	6,026
6	88	85	4,247
6	88	90	2,155
6	88	94	0,698
6	88	100	1,453
6	90	1	12,806
6	90	6	3,002
6	90	15	1,455
6	90	32	0,92
6	90	33	1,105
6	90	41	11,001
6	90	45	1,369
6	90	50	2,931
6	90	57	3,164
6	90	60	11,88
6	90	61	19,757
6	90	69	1,191
6	90	74	4,561
6	90	84	3,113
6	90	85	9,503
6	90	88	3,807
6	90	94	8,306
6	90	100	26,712
6	94	1	1,452
6	94	6	1,935
6	94	15	12,853
6	94	32	17,72
6	94	33	5,331
6	94	41	1,484
6	94	45	3,69
6	94	50	3,3
6	94	57	1,834
6	94	60	2,656
6	94	61	8,56
6	94	69	8,062
6	94	74	2,115
6	94	84	4,242
6	94	85	29,928
6	94	88	2,219
6	94	90	36,058
6	94	100	4,029
6	100	1	34,364
6	100	6	2,067
6	100	15	11,29
6	100	32	26,006
6	100	33	1,535
6	100	41	2,576
6	100	45	0,632
6	100	50	2,513
6	100	57	10,84
6	100	60	5,87
6	100	61	17,168
6	100	69	8,031
6	100	74	10,466
6	100	84	5,645
6	100	85	2,726
6	100	88	4,678
6	100	90	1,391
6	100	94	10,613
7	4	10	9,491
7	4	11	2,119
7	4	17	11,191
7	4	18	6,308
7	4	20	45,462
7	4	21	6,54
7	4	32	31,856
7	4	33	1,488
7	4	35	3,066
7	4	38	9,754
7	4	47	1,245
7	4	48	10,782
7	4	55	17,58
7	4	59	5,239
7	4	60	2,663
7	4	69	0,528
7	4	74	10,651
7	4	79	15,914
7	4	83	5,951
7	4	85	4,504
7	4	86	9,076
7	4	89	5,048
7	4	94	5,581
7	4	95	2,364
7	4	100	0,521
7	10	4	0,903
7	10	11	13,432
7	10	17	1,89
7	10	18	12,4
7	10	20	2,299
7	10	21	2,041
7	10	32	0,889
7	10	33	2,656
7	10	35	4,586
7	10	38	6,48
7	10	47	4,208
7	10	48	5,737
7	10	55	10,038
7	10	59	1,294
7	10	60	31,136
7	10	69	3,328
7	10	74	65,816
7	10	79	9,799
7	10	83	3,946
7	10	85	7,874
7	10	86	2,242
7	10	89	1,148
7	10	94	12,197
7	10	95	2,119
7	10	100	1,391
7	11	4	8,136
7	11	10	1,142
7	11	17	17,029
7	11	18	3,51
7	11	20	3,683
7	11	21	19,829
7	11	32	7,131
7	11	33	8,105
7	11	35	6,261
7	11	38	2,677
7	11	47	11,492
7	11	48	2,521
7	11	55	8,586
7	11	59	12,414
7	11	60	10,931
7	11	69	4,805
7	11	74	1,618
7	11	79	18,429
7	11	83	7,205
7	11	85	28,2
7	11	86	4,943
7	11	89	1,278
7	11	94	13,149
7	11	95	2,098
7	11	100	6,301
7	17	4	4,228
7	17	10	1,061
7	17	11	3,73
7	17	18	18,865
7	17	20	1,834
7	17	21	1,921
7	17	32	2,974
7	17	33	13,826
7	17	35	2,679
7	17	38	6,72
7	17	47	8,522
7	17	48	1,545
7	17	55	10,031
7	17	59	10,235
7	17	60	19,517
7	17	69	2,326
7	17	74	5,448
7	17	79	1,56
7	17	83	5,729
7	17	85	2,072
7	17	86	1,723
7	17	89	10,089
7	17	94	3,968
7	17	95	15,006
7	17	100	3,353
7	18	4	3,524
7	18	10	11,393
7	18	11	6,667
7	18	17	16,412
7	18	20	42,592
7	18	21	27,239
7	18	32	2,745
7	18	33	1,042
7	18	35	5,703
7	18	38	5,471
7	18	47	6,201
7	18	48	8,154
7	18	55	3,112
7	18	59	10,237
7	18	60	1,445
7	18	69	6,7
7	18	74	5,764
7	18	79	5,233
7	18	83	4,503
7	18	85	8,494
7	18	86	4,529
7	18	89	3,221
7	18	94	1,502
7	18	95	0,856
7	18	100	4,334
7	20	4	8,562
7	20	10	9,226
7	20	11	43,614
7	20	17	4,698
7	20	18	6,891
7	20	21	0,868
7	20	32	2,485
7	20	33	1,753
7	20	35	2,574
7	20	38	6,432
7	20	47	2,936
7	20	48	1,708
7	20	55	17,262
7	20	59	4,921
7	20	60	2,79
7	20	69	2,285
7	20	74	0,935
7	20	79	7,22
7	20	83	6,699
7	20	85	2,579
7	20	86	4,19
7	20	89	12,014
7	20	94	1,944
7	20	95	10,956
7	20	100	1,5
7	21	4	21,052
7	21	10	17,37
7	21	11	1,899
7	21	17	8,532
7	21	18	0,65
7	21	20	17,573
7	21	32	27,224
7	21	33	0,688
7	21	35	2,148
7	21	38	12,146
7	21	47	12,863
7	21	48	7,454
7	21	55	5,461
7	21	59	1,833
7	21	60	0,774
7	21	69	6,785
7	21	74	1,601
7	21	79	1,346
7	21	83	2,39
7	21	85	2,764
7	21	86	21,566
7	21	89	5,968
7	21	94	1,405
7	21	95	1,767
7	21	100	3,266
7	32	4	15,436
7	32	10	30,055
7	32	11	8,809
7	32	17	2,724
7	32	18	11,181
7	32	20	3,859
7	32	21	3,681
7	32	33	10,835
7	32	35	32,22
7	32	38	3,519
7	32	47	4,861
7	32	48	3,237
7	32	55	4,753
7	32	59	0,748
7	32	60	3,329
7	32	69	21,505
7	32	74	3,019
7	32	79	11,581
7	32	83	7,8
7	32	85	19,504
7	32	86	14,887
7	32	89	10,592
7	32	94	5,026
7	32	95	8,106
7	32	100	43,479
7	33	4	2,627
7	33	10	12,218
7	33	11	11,886
7	33	17	7,321
7	33	18	1,293
7	33	20	2,002
7	33	21	22,832
7	33	32	1,05
7	33	35	5,8
7	33	38	3,547
7	33	47	4,404
7	33	48	2,59
7	33	55	13,946
7	33	59	9,579
7	33	60	2,311
7	33	69	22,071
7	33	74	13,655
7	33	79	19,694
7	33	83	0,931
7	33	85	10,002
7	33	86	13,286
7	33	89	3,042
7	33	94	5,825
7	33	95	21,067
7	33	100	1,589
7	35	4	2,98
7	35	10	16,474
7	35	11	3,49
7	35	17	5,942
7	35	18	7,646
7	35	20	4,473
7	35	21	12,174
7	35	32	1,073
7	35	33	5,189
7	35	38	5,779
7	35	47	3,704
7	35	48	28,952
7	35	55	3,008
7	35	59	1,079
7	35	60	20,366
7	35	69	6,634
7	35	74	16,943
7	35	79	1,636
7	35	83	9,09
7	35	85	0,799
7	35	86	3,268
7	35	89	0,792
7	35	94	0,659
7	35	95	7,775
7	35	100	9,343
7	38	4	13,32
7	38	10	6,412
7	38	11	5,526
7	38	17	22,303
7	38	18	3,079
7	38	20	8,373
7	38	21	2,73
7	38	32	5,195
7	38	33	6,564
7	38	35	3,184
7	38	47	9,185
7	38	48	3,627
7	38	55	6,99
7	38	59	9,63
7	38	60	12,037
7	38	69	1,763
7	38	74	6,523
7	38	79	5,081
7	38	83	13,345
7	38	85	6,528
7	38	86	0,778
7	38	89	8,766
7	38	94	2,892
7	38	95	3,768
7	38	100	0,507
7	47	4	6,177
7	47	10	3,321
7	47	11	2,339
7	47	17	0,676
7	47	18	3,511
7	47	20	8,038
7	47	21	1,583
7	47	32	2,284
7	47	33	4,654
7	47	35	7,596
7	47	38	1,077
7	47	48	20,137
7	47	55	0,692
7	47	59	6,788
7	47	60	1,381
7	47	69	1,743
7	47	74	3,393
7	47	79	3,684
7	47	83	15,065
7	47	85	5,63
7	47	86	1,439
7	47	89	3,278
7	47	94	18,101
7	47	95	4,944
7	47	100	2,279
7	48	4	7,096
7	48	10	0,884
7	48	11	18,779
7	48	17	1,418
7	48	18	6,578
7	48	20	9,256
7	48	21	32,129
7	48	32	8,007
7	48	33	1,303
7	48	35	12,294
7	48	38	4,662
7	48	47	11,719
7	48	55	1,792
7	48	59	3,633
7	48	60	9,351
7	48	69	4,219
7	48	74	5,497
7	48	79	9,302
7	48	83	18,311
7	48	85	12,519
7	48	86	18,478
7	48	89	2,444
7	48	94	2,701
7	48	95	8,522
7	48	100	32,847
7	55	4	2,922
7	55	10	5,608
7	55	11	3,22
7	55	17	1,385
7	55	18	3,393
7	55	20	2,96
7	55	21	14,769
7	55	32	8,656
7	55	33	5,189
7	55	35	1,541
7	55	38	9,344
7	55	47	4,438
7	55	48	1,982
7	55	59	2,151
7	55	60	2,155
7	55	69	5,81
7	55	74	2,004
7	55	79	1,533
7	55	83	5,815
7	55	85	11,281
7	55	86	0,79
7	55	89	3,049
7	55	94	2,243
7	55	95	2,585
7	55	100	5,576
7	59	4	3,591
7	59	10	2,159
7	59	11	3,63
7	59	17	6,708
7	59	18	12,154
7	59	20	12,073
7	59	21	1,736
7	59	32	23,251
7	59	33	6,97
7	59	35	19,297
7	59	38	20,442
7	59	47	16,213
7	59	48	3,991
7	59	55	27,132
7	59	60	18,725
7	59	69	30,442
7	59	74	14,482
7	59	79	9,351
7	59	83	7,973
7	59	85	1,236
7	59	86	6,403
7	59	89	6,171
7	59	94	10,05
7	59	95	2,14
7	59	100	2,559
7	60	4	2,723
7	60	10	1,917
7	60	11	10,333
7	60	17	0,902
7	60	18	41,558
7	60	20	0,638
7	60	21	3,634
7	60	32	1,064
7	60	33	8,742
7	60	35	3,441
7	60	38	6,296
7	60	47	1,753
7	60	48	9,683
7	60	55	3,693
7	60	59	7,636
7	60	69	0,77
7	60	74	15,224
7	60	79	13,792
7	60	83	11,946
7	60	85	7,07
7	60	86	4,879
7	60	89	9,387
7	60	94	1,331
7	60	95	9,832
7	60	100	6,424
7	69	4	6,181
7	69	10	8,746
7	69	11	2,143
7	69	17	9,124
7	69	18	2,945
7	69	20	15,604
7	69	21	0,688
7	69	32	0,904
7	69	33	4,711
7	69	35	8,376
7	69	38	15,992
7	69	47	0,623
7	69	48	10,024
7	69	55	1,173
7	69	59	6,136
7	69	60	16,546
7	69	74	4,551
7	69	79	3,669
7	69	83	0,737
7	69	85	9,138
7	69	86	1,904
7	69	89	3,106
7	69	94	4,48
7	69	95	19,011
7	69	100	17,458
7	74	4	6,878
7	74	10	2,095
7	74	11	1,154
7	74	17	4,699
7	74	18	1,458
7	74	20	2,553
7	74	21	10,678
7	74	32	1,479
7	74	33	3,138
7	74	35	4,11
7	74	38	1,55
7	74	47	5,999
7	74	48	12,603
7	74	55	6,186
7	74	59	4,057
7	74	60	7,722
7	74	69	2,193
7	74	79	15,306
7	74	83	1,582
7	74	85	5,119
7	74	86	22,25
7	74	89	9,207
7	74	94	1,284
7	74	95	5,282
7	74	100	3,54
7	79	4	2,105
7	79	10	3,11
7	79	11	8,337
7	79	17	9,144
7	79	18	7,093
7	79	20	28,716
7	79	21	2,376
7	79	32	13,554
7	79	33	2,435
7	79	35	12,685
7	79	38	2,347
7	79	47	9,638
7	79	48	5,841
7	79	55	10,423
7	79	59	1,401
7	79	60	18,787
7	79	69	0,512
7	79	74	14,82
7	79	83	13,074
7	79	85	22,999
7	79	86	8,508
7	79	89	2,267
7	79	94	11,261
7	79	95	27,197
7	79	100	2,342
7	83	4	2,903
7	83	10	8,122
7	83	11	8,497
7	83	17	9,877
7	83	18	8,257
7	83	20	2,184
7	83	21	10,21
7	83	32	6,465
7	83	33	1,062
7	83	35	1,06
7	83	38	1,586
7	83	47	1,331
7	83	48	14,057
7	83	55	1,293
7	83	59	10,738
7	83	60	16,627
7	83	69	1,441
7	83	74	11,8
7	83	79	2,411
7	83	85	7,081
7	83	86	2,653
7	83	89	1,527
7	83	94	5,027
7	83	95	3,38
7	83	100	2,55
7	85	4	8,77
7	85	10	6,843
7	85	11	14,167
7	85	17	2,588
7	85	18	14,06
7	85	20	7,396
7	85	21	14,361
7	85	32	15,708
7	85	33	1,441
7	85	35	6,077
7	85	38	6,459
7	85	47	1,506
7	85	48	3,56
7	85	55	1,77
7	85	59	4,156
7	85	60	6,617
7	85	69	4,409
7	85	74	36,025
7	85	79	2,994
7	85	83	1,588
7	85	86	1,422
7	85	89	2,636
7	85	94	2,934
7	85	95	2,11
7	85	100	1,787
7	86	4	2,16
7	86	10	1,504
7	86	11	1,936
7	86	17	19,822
7	86	18	1,084
7	86	20	8,769
7	86	21	1,742
7	86	32	0,596
7	86	33	3,969
7	86	35	40,133
7	86	38	12,231
7	86	47	4,892
7	86	48	0,579
7	86	55	5,013
7	86	59	6,884
7	86	60	9,021
7	86	69	10,007
7	86	74	1,69
7	86	79	1,471
7	86	83	7,404
7	86	85	11,876
7	86	89	4,619
7	86	94	1,164
7	86	95	3,274
7	86	100	32,484
7	89	4	13,585
7	89	10	1,645
7	89	11	3,998
7	89	17	1,255
7	89	18	1,225
7	89	20	2,605
7	89	21	21,608
7	89	32	1,03
7	89	33	4,336
7	89	35	1,887
7	89	38	1,679
7	89	47	2,102
7	89	48	2,125
7	89	55	0,541
7	89	59	6,153
7	89	60	6,375
7	89	69	1,533
7	89	74	1,637
7	89	79	11,01
7	89	83	7,051
7	89	85	11,798
7	89	86	1,959
7	89	94	9,647
7	89	95	9,044
7	89	100	1,861
7	94	4	2,866
7	94	10	6,799
7	94	11	9,905
7	94	17	0,723
7	94	18	11,404
7	94	20	7,9
7	94	21	9,489
7	94	32	4,824
7	94	33	5,779
7	94	35	11,238
7	94	38	15,063
7	94	47	2,987
7	94	48	1,602
7	94	55	12,52
7	94	59	0,998
7	94	60	2,893
7	94	69	0,518
7	94	74	10,138
7	94	79	30,358
7	94	83	13,25
7	94	85	3,572
7	94	86	12,315
7	94	89	8,285
7	94	95	21,425
7	94	100	24,299
7	95	4	3,831
7	95	10	6,604
7	95	11	4,029
7	95	17	27,112
7	95	18	8,926
7	95	20	15,883
7	95	21	1,846
7	95	32	30,862
7	95	33	14,675
7	95	35	1,433
7	95	38	6,952
7	95	47	3,32
7	95	48	1,655
7	95	55	18,185
7	95	59	0,605
7	95	60	4,227
7	95	69	9,087
7	95	74	8,25
7	95	79	11,831
7	95	83	9,303
7	95	85	2,587
7	95	86	3,844
7	95	89	4,249
7	95	94	2,403
7	95	100	2,872
7	100	4	0,739
7	100	10	1,122
7	100	11	3,745
7	100	17	0,969
7	100	18	3,342
7	100	20	5,849
7	100	21	13,937
7	100	32	12,106
7	100	33	4,614
7	100	35	14,979
7	100	38	2,956
7	100	47	8,558
7	100	48	16,311
7	100	55	17,266
7	100	59	17,485
7	100	60	1
7	100	69	6,819
7	100	74	1,675
7	100	79	4,14
7	100	83	4,517
7	100	85	9,413
7	100	86	46,316
7	100	89	6,225
7	100	94	1,601
7	100	95	6,855
8	2	12	5,748
8	2	14	2,507
8	2	16	1,452
8	2	19	6,869
8	2	22	10,219
8	2	31	1,285
8	2	37	2,433
8	2	39	44,574
8	2	42	2,28
8	2	53	2,653
8	2	57	11,312
8	2	58	8,298
8	2	62	2,708
8	2	70	4,33
8	2	73	2,188
8	2	75	3,446
8	2	76	1,689
8	2	85	3,811
8	2	89	3,409
8	2	90	2,66
8	12	2	3,187
8	12	14	1,923
8	12	16	4,743
8	12	19	2,551
8	12	22	7,293
8	12	31	0,974
8	12	37	5,667
8	12	39	2,692
8	12	42	2,398
8	12	53	14,661
8	12	57	0,747
8	12	58	17,589
8	12	62	3,543
8	12	70	0,564
8	12	73	14,019
8	12	75	4,079
8	12	76	0,876
8	12	85	3,31
8	12	89	2,044
8	12	90	7,321
8	14	2	3,589
8	14	12	2,945
8	14	16	3,979
8	14	19	3,257
8	14	22	3,561
8	14	31	8,615
8	14	37	4,75
8	14	39	5,705
8	14	42	2,812
8	14	53	2,016
8	14	57	5,07
8	14	58	8,78
8	14	62	2,183
8	14	70	7,785
8	14	73	4,088
8	14	75	13,089
8	14	76	3,093
8	14	85	29,561
8	14	89	2,069
8	14	90	9,462
8	16	2	8,251
8	16	12	1,124
8	16	14	1,631
8	16	19	2,499
8	16	22	0,897
8	16	31	1,765
8	16	37	10,732
8	16	39	1,707
8	16	42	0,984
8	16	53	2,073
8	16	57	15,235
8	16	58	11,3
8	16	62	3,797
8	16	70	20,827
8	16	73	16,977
8	16	75	4,568
8	16	76	1,647
8	16	85	6,559
8	16	89	6,7
8	16	90	5,075
8	19	2	17,3
8	19	12	11,96
8	19	14	5,134
8	19	16	3,319
8	19	22	17,917
8	19	31	1,121
8	19	37	1,417
8	19	39	13,915
8	19	42	12,114
8	19	53	1,13
8	19	57	1,598
8	19	58	1,885
8	19	62	1,108
8	19	70	0,934
8	19	73	6,293
8	19	75	32,928
8	19	76	0,774
8	19	85	2,405
8	19	89	5,905
8	19	90	0,988
8	22	2	1,204
8	22	12	3,885
8	22	14	2,407
8	22	16	9,234
8	22	19	5,034
8	22	31	0,548
8	22	37	0,976
8	22	39	18,371
8	22	42	2,724
8	22	53	8,304
8	22	57	4,629
8	22	58	3,641
8	22	62	2,753
8	22	70	5,501
8	22	73	2,114
8	22	75	6,425
8	22	76	3,008
8	22	85	4,793
8	22	89	3,797
8	22	90	2,98
8	31	2	4,291
8	31	12	10,543
8	31	14	2,644
8	31	16	10,041
8	31	19	1,608
8	31	22	0,54
8	31	37	2,013
8	31	39	2,6
8	31	42	3,684
8	31	53	2,107
8	31	57	2,327
8	31	58	3,074
8	31	62	8,23
8	31	70	11,312
8	31	73	2,912
8	31	75	5,158
8	31	76	10,699
8	31	85	9,699
8	31	89	1,757
8	31	90	2,219
8	37	2	3,445
8	37	12	11,516
8	37	14	4,778
8	37	16	5,986
8	37	19	18,61
8	37	22	12,627
8	37	31	3,017
8	37	39	18,549
8	37	42	0,858
8	37	53	4,483
8	37	57	18,705
8	37	58	9,719
8	37	62	7,605
8	37	70	5,723
8	37	73	0,523
8	37	75	13,754
8	37	76	5,429
8	37	85	6,6
8	37	89	14,881
8	37	90	4,036
8	39	2	4,517
8	39	12	13,297
8	39	14	8,891
8	39	16	2,725
8	39	19	5,218
8	39	22	0,598
8	39	31	6,779
8	39	37	5,866
8	39	42	6,34
8	39	53	2,187
8	39	57	5,843
8	39	58	5,171
8	39	62	5,005
8	39	70	0,53
8	39	73	6,081
8	39	75	11,64
8	39	76	2,682
8	39	85	6,787
8	39	89	1,075
8	39	90	9,588
8	42	2	22,067
8	42	12	1,436
8	42	14	1,831
8	42	16	5,441
8	42	19	0,963
8	42	22	1,717
8	42	31	1,225
8	42	37	14,883
8	42	39	7,326
8	42	53	2,929
8	42	57	23,519
8	42	58	14,863
8	42	62	1,674
8	42	70	0,893
8	42	73	3,436
8	42	75	2,686
8	42	76	4,31
8	42	85	2,232
8	42	89	8,02
8	42	90	4,144
8	53	2	0,621
8	53	12	5,446
8	53	14	13,924
8	53	16	4,824
8	53	19	1,009
8	53	22	26,58
8	53	31	4,522
8	53	37	8,96
8	53	39	1,493
8	53	42	8,866
8	53	57	3,405
8	53	58	0,967
8	53	62	14,13
8	53	70	1,159
8	53	73	21,755
8	53	75	14,258
8	53	76	7,184
8	53	85	1,259
8	53	89	0,931
8	53	90	5,453
8	57	2	10,181
8	57	12	5,381
8	57	14	21,542
8	57	16	2,05
8	57	19	8,867
8	57	22	3,022
8	57	31	11,475
8	57	37	6,575
8	57	39	3,488
8	57	42	4,451
8	57	53	1,145
8	57	58	1,265
8	57	62	1,367
8	57	70	1,945
8	57	73	4,338
8	57	75	1,827
8	57	76	1,029
8	57	85	0,841
8	57	89	2,665
8	57	90	1,588
8	58	2	1,596
8	58	12	11,011
8	58	14	35,298
8	58	16	2,041
8	58	19	6,101
8	58	22	0,729
8	58	31	32,199
8	58	37	11,902
8	58	39	11,479
8	58	42	1,838
8	58	53	1,489
8	58	57	2,953
8	58	62	8,706
8	58	70	20,123
8	58	73	4,953
8	58	75	9,309
8	58	76	2,111
8	58	85	2,183
8	58	89	1,152
8	58	90	8,17
8	62	2	6,213
8	62	12	5,581
8	62	14	2,134
8	62	16	6,997
8	62	19	19,126
8	62	22	5,54
8	62	31	4,238
8	62	37	2,577
8	62	39	13,82
8	62	42	1,871
8	62	53	14,256
8	62	57	4,629
8	62	58	1,994
8	62	70	3,065
8	62	73	12,55
8	62	75	8,405
8	62	76	1,167
8	62	85	3,635
8	62	89	3,533
8	62	90	1,682
8	70	2	0,604
8	70	12	1,049
8	70	14	6,056
8	70	16	1,799
8	70	19	7,444
8	70	22	25,019
8	70	31	16,592
8	70	37	3,354
8	70	39	6,134
8	70	42	1,942
8	70	53	1,75
8	70	57	1,031
8	70	58	3,82
8	70	62	2,898
8	70	73	6,863
8	70	75	8,169
8	70	76	1,512
8	70	85	2,204
8	70	89	1,102
8	70	90	9,324
8	73	2	1,175
8	73	12	2,132
8	73	14	0,582
8	73	16	8,974
8	73	19	4,452
8	73	22	3,081
8	73	31	6,415
8	73	37	22,692
8	73	39	14,382
8	73	42	14,377
8	73	53	19,393
8	73	57	4,029
8	73	58	3,004
8	73	62	5,227
8	73	70	1,526
8	73	75	2,629
8	73	76	3,357
8	73	85	10,191
8	73	89	3,822
8	73	90	18,456
8	75	2	1,262
8	75	12	0,845
8	75	14	17,233
8	75	16	2,867
8	75	19	0,976
8	75	22	0,533
8	75	31	2,256
8	75	37	33,204
8	75	39	8,597
8	75	42	3,194
8	75	53	3,572
8	75	57	4,29
8	75	58	6,934
8	75	62	10,968
8	75	70	3,906
8	75	73	11,771
8	75	76	1,698
8	75	85	5,522
8	75	89	5,309
8	75	90	3,935
8	76	2	5,891
8	76	12	9,504
8	76	14	4,301
8	76	16	1,559
8	76	19	2,49
8	76	22	1,876
8	76	31	19,008
8	76	37	0,62
8	76	39	1,615
8	76	42	36,285
8	76	53	6,77
8	76	57	3,672
8	76	58	1,172
8	76	62	8,877
8	76	70	3,898
8	76	73	14,617
8	76	75	3,293
8	76	85	3,543
8	76	89	1,113
8	76	90	4,423
8	85	2	8,254
8	85	12	0,735
8	85	14	8,727
8	85	16	5,871
8	85	19	3,495
8	85	22	0,91
8	85	31	10,26
8	85	37	1,698
8	85	39	1,904
8	85	42	0,99
8	85	53	5,556
8	85	57	14,039
8	85	58	3,572
8	85	62	1,61
8	85	70	3,987
8	85	73	1,234
8	85	75	4,902
8	85	76	2,197
8	85	89	21,177
8	85	90	2,763
8	89	2	10,924
8	89	12	3,395
8	89	14	6,471
8	89	16	1,309
8	89	19	2,583
8	89	22	4,677
8	89	31	1,708
8	89	37	7,854
8	89	39	5,405
8	89	42	7,409
8	89	53	0,904
8	89	57	11,133
8	89	58	1,877
8	89	62	24,965
8	89	70	1,588
8	89	73	6,543
8	89	75	2,793
8	89	76	1,865
8	89	85	17,662
8	89	90	16,989
8	90	2	1,268
8	90	12	1,092
8	90	14	8,08
8	90	16	7,277
8	90	19	19,904
8	90	22	5,748
8	90	31	5,704
8	90	37	9,438
8	90	39	6,041
8	90	42	13,321
8	90	53	3,328
8	90	57	8,813
8	90	58	1,396
8	90	62	0,929
8	90	70	1,907
8	90	73	3,878
8	90	75	4,732
8	90	76	2,834
8	90	85	0,976
8	90	89	3,539
9	3	7	4,104
9	3	18	1,592
9	3	20	3,279
9	3	23	2,564
9	3	28	3,733
9	3	34	4,409
9	3	36	14,996
9	3	37	6,366
9	3	46	4,082
9	3	54	4,367
9	3	61	6,065
9	3	62	12,355
9	3	63	3,442
9	3	69	21,867
9	3	71	4,413
9	3	72	4,955
9	3	73	10,814
9	3	75	41,715
9	3	79	10,602
9	3	80	15,552
9	3	83	2,345
9	3	92	4,63
9	3	97	0,949
9	7	3	14,185
9	7	18	0,524
9	7	20	2,869
9	7	23	6,809
9	7	28	14,045
9	7	34	0,607
9	7	36	14,022
9	7	37	1,685
9	7	46	27,03
9	7	54	0,692
9	7	61	12,109
9	7	62	3,843
9	7	63	2,5
9	7	69	13,373
9	7	71	11,215
9	7	72	1,682
9	7	73	2,281
9	7	75	15,738
9	7	79	19,649
9	7	80	5,602
9	7	83	9,298
9	7	92	3,965
9	7	97	4,354
9	18	3	5,104
9	18	7	9,768
9	18	20	5,786
9	18	23	5,741
9	18	28	16,274
9	18	34	6,023
9	18	36	15,41
9	18	37	3,395
9	18	46	3,931
9	18	54	5,041
9	18	61	4,815
9	18	62	6,889
9	18	63	3,414
9	18	69	14,271
9	18	71	2,241
9	18	72	0,931
9	18	73	5,948
9	18	75	3,895
9	18	79	7,668
9	18	80	3,549
9	18	83	5,786
9	18	92	7,748
9	18	97	2,075
9	20	3	3,071
9	20	7	11,701
9	20	18	0,829
9	20	23	6,985
9	20	28	3,851
9	20	34	6,354
9	20	36	4,474
9	20	37	1,285
9	20	46	8,47
9	20	54	2,195
9	20	61	2,117
9	20	62	12,69
9	20	63	3,747
9	20	69	3,536
9	20	71	1,635
9	20	72	4,731
9	20	73	0,855
9	20	75	2,548
9	20	79	17,057
9	20	80	2,204
9	20	83	4,757
9	20	92	12,015
9	20	97	15,592
9	23	3	3,252
9	23	7	0,655
9	23	18	4,405
9	23	20	2,398
9	23	28	10,226
9	23	34	3,289
9	23	36	1,501
9	23	37	1,614
9	23	46	4,436
9	23	54	9,203
9	23	61	3,398
9	23	62	5,674
9	23	63	14,763
9	23	69	2,57
9	23	71	12,915
9	23	72	8,362
9	23	73	18,273
9	23	75	1,422
9	23	79	2,953
9	23	80	9,23
9	23	83	10,344
9	23	92	4,747
9	23	97	1,874
9	28	3	4,176
9	28	7	2,238
9	28	18	3,383
9	28	20	3,048
9	28	23	10,824
9	28	34	15,013
9	28	36	13,163
9	28	37	10,277
9	28	46	24,543
9	28	54	0,677
9	28	61	0,801
9	28	62	2,805
9	28	63	16,688
9	28	69	3,238
9	28	71	7,874
9	28	72	6,137
9	28	73	2,306
9	28	75	5,683
9	28	79	4,688
9	28	80	17,075
9	28	83	2,78
9	28	92	3,13
9	28	97	0,561
9	34	3	4,738
9	34	7	5,543
9	34	18	2,022
9	34	20	4,38
9	34	23	13,256
9	34	28	3,475
9	34	36	2,604
9	34	37	2,324
9	34	46	6,466
9	34	54	5,557
9	34	61	1,928
9	34	62	10,329
9	34	63	21,341
9	34	69	4,815
9	34	71	2,746
9	34	72	5,317
9	34	73	2,114
9	34	75	5,111
9	34	79	9,214
9	34	80	19,078
9	34	83	5,07
9	34	92	0,998
9	34	97	1,254
9	36	3	2,448
9	36	7	9,18
9	36	18	15,407
9	36	20	2,71
9	36	23	5,801
9	36	28	4,92
9	36	34	2,951
9	36	37	4,615
9	36	46	1,72
9	36	54	19,241
9	36	61	8,388
9	36	62	8,465
9	36	63	1,874
9	36	69	7,117
9	36	71	2,269
9	36	72	10,576
9	36	73	1,223
9	36	75	0,742
9	36	79	1,657
9	36	80	5,355
9	36	83	0,946
9	36	92	3,971
9	36	97	4,151
9	37	3	0,705
9	37	7	0,731
9	37	18	4,777
9	37	20	1,251
9	37	23	9,302
9	37	28	12,669
9	37	34	1,147
9	37	36	0,839
9	37	46	14,021
9	37	54	10,13
9	37	61	1,752
9	37	62	12,013
9	37	63	2,754
9	37	69	10,097
9	37	71	16,506
9	37	72	9,126
9	37	73	8,977
9	37	75	1,785
9	37	79	29,781
9	37	80	20,405
9	37	83	5,66
9	37	92	6,49
9	37	97	0,806
9	46	3	13,578
9	46	7	8,936
9	46	18	1,67
9	46	20	1,249
9	46	23	1,923
9	46	28	1,641
9	46	34	7,068
9	46	36	14,407
9	46	37	1,725
9	46	54	2,323
9	46	61	8,597
9	46	62	3,739
9	46	63	2,603
9	46	69	1,464
9	46	71	1,782
9	46	72	2,237
9	46	73	4,863
9	46	75	2,591
9	46	79	2,846
9	46	80	3,896
9	46	83	6,967
9	46	92	4,955
9	46	97	3,769
9	54	3	5,185
9	54	7	1,827
9	54	18	9,74
9	54	20	7,303
9	54	23	16,009
9	54	28	4,047
9	54	34	3,79
9	54	36	1,585
9	54	37	3,849
9	54	46	11,093
9	54	61	14,432
9	54	62	0,565
9	54	63	6,642
9	54	69	6,611
9	54	71	3,071
9	54	72	9,255
9	54	73	24,165
9	54	75	0,875
9	54	79	3,995
9	54	80	3,427
9	54	83	1,516
9	54	92	8,504
9	54	97	3,364
9	61	3	7,332
9	61	7	1,982
9	61	18	6,283
9	61	20	2,207
9	61	23	6,344
9	61	28	5,764
9	61	34	16,793
9	61	36	12,833
9	61	37	5,973
9	61	46	9,189
9	61	54	3,054
9	61	62	4,22
9	61	63	23,933
9	61	69	5,752
9	61	71	1,356
9	61	72	2,168
9	61	73	5,701
9	61	75	2,889
9	61	79	5,943
9	61	80	0,573
9	61	83	0,885
9	61	92	1,265
9	61	97	17,674
9	62	3	7,316
9	62	7	12,929
9	62	18	16,421
9	62	20	33,71
9	62	23	6,088
9	62	28	3,39
9	62	34	2,181
9	62	36	16,171
9	62	37	26,831
9	62	46	2,311
9	62	54	5,637
9	62	61	3,134
9	62	63	1,793
9	62	69	2,038
9	62	71	0,849
9	62	72	4,784
9	62	73	7,471
9	62	75	1,273
9	62	79	1,805
9	62	80	3,574
9	62	83	2,088
9	62	92	0,649
9	62	97	2,815
9	63	3	12,765
9	63	7	2,671
9	63	18	12,505
9	63	20	1,909
9	63	23	6,67
9	63	28	2,359
9	63	34	1,203
9	63	36	1,967
9	63	37	1,77
9	63	46	4,187
9	63	54	14,321
9	63	61	6,849
9	63	62	22,851
9	63	69	12,414
9	63	71	1,105
9	63	72	1,981
9	63	73	8,884
9	63	75	5,853
9	63	79	1,664
9	63	80	6,713
9	63	83	8,338
9	63	92	0,726
9	63	97	6,283
9	69	3	7,094
9	69	7	4,801
9	69	18	1,176
9	69	20	11,442
9	69	23	1,202
9	69	28	4,693
9	69	34	16,283
9	69	36	26,386
9	69	37	3,922
9	69	46	1,614
9	69	54	41,187
9	69	61	10,701
9	69	62	2,186
9	69	63	3,599
9	69	71	7,215
9	69	72	4,566
9	69	73	2,792
9	69	75	4,122
9	69	79	22,997
9	69	80	1,373
9	69	83	1,781
9	69	92	0,892
9	69	97	4,475
9	71	3	2,085
9	71	7	7,773
9	71	18	6,781
9	71	20	4,533
9	71	23	3,885
9	71	28	1,492
9	71	34	4,587
9	71	36	4,281
9	71	37	1,819
9	71	46	9,503
9	71	54	59,962
9	71	61	1,788
9	71	62	8,679
9	71	63	1,993
9	71	69	0,633
9	71	72	12,154
9	71	73	7,002
9	71	75	9,287
9	71	79	0,892
9	71	80	1,012
9	71	83	3,775
9	71	92	0,773
9	71	97	7,38
9	72	3	9,722
9	72	7	10,449
9	72	18	6,184
9	72	20	4,569
9	72	23	11,923
9	72	28	8,67
9	72	34	2,136
9	72	36	3,336
9	72	37	3,097
9	72	46	14,619
9	72	54	6,649
9	72	61	2,467
9	72	62	26,99
9	72	63	2,191
9	72	69	1,14
9	72	71	2,923
9	72	73	3,347
9	72	75	2,868
9	72	79	0,829
9	72	80	4,388
9	72	83	38,804
9	72	92	5,129
9	72	97	7,466
9	73	3	3,39
9	73	7	3,956
9	73	18	5,075
9	73	20	10,754
9	73	23	21,346
9	73	28	8,781
9	73	34	1,575
9	73	36	3,678
9	73	37	11,233
9	73	46	4,151
9	73	54	1,73
9	73	61	1,487
9	73	62	5,362
9	73	63	10,362
9	73	69	6,603
9	73	71	4,808
9	73	72	2,662
9	73	75	1,264
9	73	79	3,749
9	73	80	4,298
9	73	83	6,689
9	73	92	1,531
9	73	97	3,429
9	75	3	6,981
9	75	7	7,512
9	75	18	14,297
9	75	20	3,773
9	75	23	2,076
9	75	28	3,292
9	75	34	1,876
9	75	36	16,02
9	75	37	3,156
9	75	46	1,358
9	75	54	3,798
9	75	61	20,917
9	75	62	1,426
9	75	63	2,393
9	75	69	5,666
9	75	71	19,994
9	75	72	10,387
9	75	73	11,207
9	75	79	0,746
9	75	80	0,689
9	75	83	16,301
9	75	92	2,164
9	75	97	2,419
9	79	3	0,938
9	79	7	7,584
9	79	18	24,963
9	79	20	4,514
9	79	23	10,857
9	79	28	3,855
9	79	34	1,89
9	79	36	4,043
9	79	37	11,16
9	79	46	2,685
9	79	54	3,513
9	79	61	1,752
9	79	62	0,64
9	79	63	37,709
9	79	69	3,98
9	79	71	3,248
9	79	72	3,686
9	79	73	3,795
9	79	75	1,338
9	79	80	12,835
9	79	83	31,359
9	79	92	4,053
9	79	97	18,451
9	80	3	0,74
9	80	7	2,38
9	80	18	0,813
9	80	20	4,532
9	80	23	9,468
9	80	28	2,011
9	80	34	5,165
9	80	36	1,387
9	80	37	5,007
9	80	46	5,971
9	80	54	4,629
9	80	61	15,582
9	80	62	3,756
9	80	63	4,779
9	80	69	15,306
9	80	71	3,751
9	80	72	5,316
9	80	73	0,88
9	80	75	0,972
9	80	79	4,352
9	80	83	5,473
9	80	92	1,458
9	80	97	5,582
9	83	3	3,691
9	83	7	6,456
9	83	18	1,928
9	83	20	1,658
9	83	23	4,967
9	83	28	8,687
9	83	34	13,317
9	83	36	2,578
9	83	37	4,24
9	83	46	7,535
9	83	54	5,818
9	83	61	9,645
9	83	62	0,782
9	83	63	8,866
9	83	69	8,768
9	83	71	1,144
9	83	72	0,693
9	83	73	3,135
9	83	75	13,049
9	83	79	3,295
9	83	80	1,672
9	83	92	3,238
9	83	97	5,138
9	92	3	2,132
9	92	7	1,833
9	92	18	4,883
9	92	20	5,444
9	92	23	2,764
9	92	28	1,826
9	92	34	9,872
9	92	36	3,723
9	92	37	10,987
9	92	46	6,456
9	92	54	6,02
9	92	61	11,721
9	92	62	1,155
9	92	63	8,487
9	92	69	6,549
9	92	71	1,866
9	92	72	2,154
9	92	73	1,383
9	92	75	12,432
9	92	79	18,426
9	92	80	0,658
9	92	83	1,38
9	92	97	2,491
9	97	3	2,122
9	97	7	9,715
9	97	18	1,413
9	97	20	6,445
9	97	23	9,853
9	97	28	3,502
9	97	34	4,129
9	97	36	2,147
9	97	37	0,977
9	97	46	5,581
9	97	54	5,027
9	97	61	6,721
9	97	62	2,031
9	97	63	1,209
9	97	69	1,126
9	97	71	1,932
9	97	72	4,134
9	97	73	1,517
9	97	75	6,896
9	97	79	3,965
9	97	80	11,255
9	97	83	10,982
9	97	92	0,89
10	11	13	6,948
10	11	18	11,251
10	11	19	1,741
10	11	21	22,546
10	11	24	4,278
10	11	25	15,748
10	11	26	11,282
10	11	34	1,726
10	11	37	2,536
10	11	38	6,276
10	11	40	18,998
10	11	43	18,191
10	11	44	3,687
10	11	45	2,036
10	11	47	14,182
10	11	48	2,754
10	11	50	13,341
10	11	52	32,747
10	11	53	7,665
10	11	59	1,218
10	11	65	2,592
10	11	66	5,15
10	11	70	2,069
10	11	81	8,105
10	11	89	7,177
10	13	11	4,629
10	13	18	6,185
10	13	19	4,204
10	13	21	13,899
10	13	24	3,995
10	13	25	1,607
10	13	26	7,033
10	13	34	8,482
10	13	37	21,911
10	13	38	4,32
10	13	40	3,151
10	13	43	2,742
10	13	44	10,458
10	13	45	11,99
10	13	47	11,489
10	13	48	9,312
10	13	50	0,557
10	13	52	1,638
10	13	53	8,592
10	13	59	2,615
10	13	65	3,349
10	13	66	7,979
10	13	70	5,798
10	13	81	1,849
10	13	89	2,701
10	18	11	12,858
10	18	13	4,086
10	18	19	2,849
10	18	21	0,64
10	18	24	1,168
10	18	25	3,329
10	18	26	14,496
10	18	34	15,526
10	18	37	2,068
10	18	38	5,435
10	18	40	9,057
10	18	43	7,377
10	18	44	4,339
10	18	45	3,156
10	18	47	1,912
10	18	48	10,481
10	18	50	4,576
10	18	52	8,152
10	18	53	9,629
10	18	59	10,095
10	18	65	19,576
10	18	66	10,903
10	18	70	2,633
10	18	81	0,912
10	18	89	4,575
10	19	11	10,054
10	19	13	1,701
10	19	18	20,807
10	19	21	0,547
10	19	24	2,279
10	19	25	0,634
10	19	26	5,087
10	19	34	6,151
10	19	37	4,469
10	19	38	1,224
10	19	40	1,219
10	19	43	7,812
10	19	44	10,791
10	19	45	1,614
10	19	47	3,709
10	19	48	2,731
10	19	50	3,135
10	19	52	20,462
10	19	53	12,534
10	19	59	1,418
10	19	65	0,839
10	19	66	19,25
10	19	70	8,638
10	19	81	3,277
10	19	89	1,97
10	21	11	12,283
10	21	13	8,207
10	21	18	5,171
10	21	19	25,206
10	21	24	8,12
10	21	25	6,731
10	21	26	2,166
10	21	34	5,65
10	21	37	8,178
10	21	38	3,328
10	21	40	4,024
10	21	43	6,021
10	21	44	9,29
10	21	45	0,931
10	21	47	0,775
10	21	48	3,391
10	21	50	5,452
10	21	52	2,183
10	21	53	9,375
10	21	59	23,565
10	21	65	1,341
10	21	66	1,882
10	21	70	1,785
10	21	81	10,421
10	21	89	2,154
10	24	11	1,008
10	24	13	0,852
10	24	18	4,487
10	24	19	6,691
10	24	21	14,625
10	24	25	7,388
10	24	26	2,785
10	24	34	8,127
10	24	37	5,526
10	24	38	13,554
10	24	40	7,827
10	24	43	0,801
10	24	44	2,984
10	24	45	2,615
10	24	47	0,68
10	24	48	1,903
10	24	50	5,483
10	24	52	15,014
10	24	53	6,511
10	24	59	18,577
10	24	65	3,114
10	24	66	10,032
10	24	70	4,032
10	24	81	1,22
10	24	89	2,248
10	25	11	2,328
10	25	13	15,396
10	25	18	4,675
10	25	19	2,581
10	25	21	2,918
10	25	24	30,199
10	25	26	3,863
10	25	34	2,368
10	25	37	4,676
10	25	38	11,057
10	25	40	2,371
10	25	43	12,683
10	25	44	1,517
10	25	45	1,899
10	25	47	8,628
10	25	48	13,107
10	25	50	2,724
10	25	52	5,795
10	25	53	3,036
10	25	59	2,192
10	25	65	7,721
10	25	66	4,347
10	25	70	24,745
10	25	81	11,074
10	25	89	1,39
10	26	11	4,281
10	26	13	6,552
10	26	18	24,34
10	26	19	1,282
10	26	21	4,76
10	26	24	10,917
10	26	25	0,94
10	26	34	6,176
10	26	37	7,67
10	26	38	3,194
10	26	40	0,744
10	26	43	2,233
10	26	44	27,793
10	26	45	1,899
10	26	47	19,929
10	26	48	5,605
10	26	50	3,83
10	26	52	11,57
10	26	53	1,539
10	26	59	9,798
10	26	65	0,994
10	26	66	2,786
10	26	70	0,603
10	26	81	8,259
10	26	89	9,767
10	34	11	5,861
10	34	13	3,395
10	34	18	0,559
10	34	19	2,478
10	34	21	5,586
10	34	24	2,637
10	34	25	0,685
10	34	26	4,322
10	34	37	2,087
10	34	38	1,521
10	34	40	25,218
10	34	43	14,167
10	34	44	26,578
10	34	45	2,466
10	34	47	22,535
10	34	48	8,07
10	34	50	6,292
10	34	52	1,886
10	34	53	0,585
10	34	59	7,12
10	34	65	31,547
10	34	66	1,435
10	34	70	7,992
10	34	81	2,858
10	34	89	6,801
10	37	11	8,513
10	37	13	2,501
10	37	18	11,674
10	37	19	2,037
10	37	21	1,107
10	37	24	4,832
10	37	25	7,527
10	37	26	8,927
10	37	34	0,81
10	37	38	3,94
10	37	40	3,144
10	37	43	7,211
10	37	44	2,864
10	37	45	9,784
10	37	47	5,712
10	37	48	2,469
10	37	50	3,602
10	37	52	1,862
10	37	53	3,638
10	37	59	2,291
10	37	65	1,744
10	37	66	2,125
10	37	70	3,831
10	37	81	9,782
10	37	89	4,688
10	38	11	2,692
10	38	13	1,596
10	38	18	1,929
10	38	19	6,731
10	38	21	1,067
10	38	24	12,423
10	38	25	3,998
10	38	26	0,758
10	38	34	9,014
10	38	37	3,267
10	38	40	1,328
10	38	43	5,963
10	38	44	11,235
10	38	45	6,028
10	38	47	7,819
10	38	48	6,877
10	38	50	0,861
10	38	52	2,089
10	38	53	3,977
10	38	59	1,137
10	38	65	7,469
10	38	66	0,982
10	38	70	7,48
10	38	81	3,97
10	38	89	2,326
10	40	11	0,582
10	40	13	1,306
10	40	18	0,526
10	40	19	10,813
10	40	21	9,629
10	40	24	1,957
10	40	25	3,393
10	40	26	7,373
10	40	34	5,43
10	40	37	2,144
10	40	38	3,464
10	40	43	2,035
10	40	44	7,137
10	40	45	9,366
10	40	47	1,634
10	40	48	26,053
10	40	50	0,887
10	40	52	4,967
10	40	53	1,162
10	40	59	3,798
10	40	65	0,672
10	40	66	0,577
10	40	70	1,196
10	40	81	14,059
10	40	89	1,737
10	43	11	23,345
10	43	13	4,08
10	43	18	1,358
10	43	19	1,6
10	43	21	3,754
10	43	24	7,004
10	43	25	1,045
10	43	26	10,284
10	43	34	1,969
10	43	37	27,39
10	43	38	4,192
10	43	40	5,09
10	43	44	1,416
10	43	45	19,673
10	43	47	15,757
10	43	48	19,462
10	43	50	4,426
10	43	52	2,53
10	43	53	3,341
10	43	59	0,528
10	43	65	0,799
10	43	66	4,113
10	43	70	1,118
10	43	81	0,959
10	43	89	4,482
10	44	11	1,406
10	44	13	5,243
10	44	18	5,8
10	44	19	14,092
10	44	21	18,304
10	44	24	1,068
10	44	25	1,611
10	44	26	1,805
10	44	34	5,65
10	44	37	1,669
10	44	38	19,298
10	44	40	2,061
10	44	43	3,33
10	44	45	1,534
10	44	47	2,939
10	44	48	1,401
10	44	50	3,381
10	44	52	1,285
10	44	53	6,515
10	44	59	4,089
10	44	65	6,094
10	44	66	0,677
10	44	70	3,286
10	44	81	10,854
10	44	89	0,893
10	45	11	2,585
10	45	13	2,496
10	45	18	10,681
10	45	19	3,123
10	45	21	2,765
10	45	24	1,273
10	45	25	6,338
10	45	26	8,618
10	45	34	11,901
10	45	37	0,593
10	45	38	9,861
10	45	40	4,648
10	45	43	6,562
10	45	44	1,929
10	45	47	0,935
10	45	48	6,378
10	45	50	1,714
10	45	52	15,863
10	45	53	1,276
10	45	59	2,614
10	45	65	17,316
10	45	66	3,483
10	45	70	12,618
10	45	81	8,598
10	45	89	2,753
10	47	11	18,406
10	47	13	2,502
10	47	18	12,174
10	47	19	4,918
10	47	21	5,165
10	47	24	6,526
10	47	25	0,582
10	47	26	4,21
10	47	34	3,431
10	47	37	9,524
10	47	38	4,571
10	47	40	7,756
10	47	43	24,038
10	47	44	3,461
10	47	45	2,645
10	47	48	9,726
10	47	50	10,489
10	47	52	6,806
10	47	53	4,797
10	47	59	11,711
10	47	65	4,685
10	47	66	5,888
10	47	70	5,503
10	47	81	4,876
10	47	89	11,887
10	48	11	5,577
10	48	13	4,827
10	48	18	1,849
10	48	19	0,862
10	48	21	1,682
10	48	24	0,84
10	48	25	9,528
10	48	26	4,098
10	48	34	3,365
10	48	37	0,817
10	48	38	8,416
10	48	40	1,01
10	48	43	1,337
10	48	44	0,772
10	48	45	1,549
10	48	47	7,195
10	48	50	2,7
10	48	52	0,767
10	48	53	2,947
10	48	59	1,137
10	48	65	9,806
10	48	66	11,199
10	48	70	3,041
10	48	81	1,925
10	48	89	5,19
10	50	11	2,405
10	50	13	6,143
10	50	18	11,127
10	50	19	7,857
10	50	21	4,549
10	50	24	1,855
10	50	25	2,936
10	50	26	17,055
10	50	34	0,658
10	50	37	12,901
10	50	38	3,178
10	50	40	5,163
10	50	43	11,013
10	50	44	4,882
10	50	45	26,556
10	50	47	2,172
10	50	48	1,059
10	50	52	23,138
10	50	53	1,024
10	50	59	15,568
10	50	65	2,091
10	50	66	6,141
10	50	70	1,526
10	50	81	6,222
10	50	89	2,411
10	52	11	1,29
10	52	13	10,727
10	52	18	3,796
10	52	19	2,409
10	52	21	3,222
10	52	24	6,763
10	52	25	1,772
10	52	26	3,831
10	52	34	2,401
10	52	37	22,638
10	52	38	1,981
10	52	40	1,231
10	52	43	2,007
10	52	44	5,979
10	52	45	4,154
10	52	47	1,115
10	52	48	5,148
10	52	50	11,394
10	52	53	4,692
10	52	59	13,688
10	52	65	4,661
10	52	66	7,704
10	52	70	1,463
10	52	81	21,779
10	52	89	17,785
10	53	11	1,076
10	53	13	17,949
10	53	18	9,832
10	53	19	0,85
10	53	21	10,745
10	53	24	3,458
10	53	25	4,188
10	53	26	26,076
10	53	34	2,366
10	53	37	7,377
10	53	38	2,735
10	53	40	1,288
10	53	43	5,254
10	53	44	1,718
10	53	45	12,944
10	53	47	2,075
10	53	48	1,981
10	53	50	2,655
10	53	52	7,497
10	53	59	1,32
10	53	65	0,557
10	53	66	1,745
10	53	70	4,417
10	53	81	6,129
10	53	89	11,766
10	59	11	1,089
10	59	13	3,203
10	59	18	23,143
10	59	19	4,063
10	59	21	5,96
10	59	24	0,577
10	59	25	15,514
10	59	26	28,288
10	59	34	13,345
10	59	37	6,15
10	59	38	2,578
10	59	40	1,233
10	59	43	3,008
10	59	44	0,817
10	59	45	4,694
10	59	47	4,186
10	59	48	3,808
10	59	50	8,306
10	59	52	1,302
10	59	53	1,775
10	59	65	0,595
10	59	66	8,458
10	59	70	5,744
10	59	81	11,119
10	59	89	6,733
10	65	11	4,641
10	65	13	1,183
10	65	18	10,617
10	65	19	5,088
10	65	21	1,597
10	65	24	9,275
10	65	25	2,981
10	65	26	1,62
10	65	34	2,496
10	65	37	1,932
10	65	38	8,429
10	65	40	1,041
10	65	43	3,93
10	65	44	1,518
10	65	45	3,994
10	65	47	8,72
10	65	48	10,61
10	65	50	6,255
10	65	52	2,659
10	65	53	15,609
10	65	59	0,51
10	65	66	4,328
10	65	70	7,618
10	65	81	3,696
10	65	89	2,245
10	66	11	18,304
10	66	13	44,779
10	66	18	12,965
10	66	19	1,879
10	66	21	14,744
10	66	24	0,549
10	66	25	11,476
10	66	26	5,874
10	66	34	1,489
10	66	37	10,42
10	66	38	1,946
10	66	40	2,158
10	66	43	3,447
10	66	44	7,237
10	66	45	3,575
10	66	47	0,874
10	66	48	3,156
10	66	50	1,567
10	66	52	10,997
10	66	53	0,698
10	66	59	18,021
10	66	65	1,589
10	66	70	4,937
10	66	81	29,514
10	66	89	1,834
10	70	11	12,254
10	70	13	4,083
10	70	18	10,137
10	70	19	3,192
10	70	21	11,04
10	70	24	6,23
10	70	25	4,906
10	70	26	1,988
10	70	34	4,472
10	70	37	13,537
10	70	38	1,188
10	70	40	3,474
10	70	43	0,983
10	70	44	0,706
10	70	45	1,206
10	70	47	17,809
10	70	48	0,716
10	70	50	5,287
10	70	52	3,296
10	70	53	5,947
10	70	59	7,648
10	70	65	8,248
10	70	66	6,763
10	70	81	10,014
10	70	89	2,932
10	81	11	5,482
10	81	13	4,964
10	81	18	6,242
10	81	19	5,143
10	81	21	1,463
10	81	24	6,951
10	81	25	1,68
10	81	26	0,592
10	81	34	16,811
10	81	37	13,917
10	81	38	7,972
10	81	40	9,712
10	81	43	9,887
10	81	44	12,153
10	81	45	11,304
10	81	47	0,955
10	81	48	2,434
10	81	50	7,874
10	81	52	7,478
10	81	53	0,663
10	81	59	4,517
10	81	65	23,467
10	81	66	9,434
10	81	70	2,509
10	81	89	0,863
10	89	11	0,741
10	89	13	10,917
10	89	18	7,212
10	89	19	9,203
10	89	21	15,224
10	89	24	3,329
10	89	25	1,261
10	89	26	11,349
10	89	34	3,543
10	89	37	9,715
10	89	38	6,871
10	89	40	11,719
10	89	43	6,305
10	89	44	3,379
10	89	45	6,18
10	89	47	2,444
10	89	48	2,194
10	89	50	0,893
10	89	52	4,225
10	89	53	0,558
10	89	59	5,468
10	89	65	3,515
10	89	66	15,308
10	89	70	2,399
10	89	81	12,286

