#num jobs
100
#num machines
10

#jobId machId procTime energyCons
1	5	8,95	9,95
2	10	20,27	51,49
3	2	17,27	75,96
3	3	3,34	33,94
4	5	6,6	7,35
4	2	30,78	135,35
5	5	57,99	64,52
6	7	21,72	139,14
6	10	70	177,85
7	5	69,39	77,21
8	10	24,4	61,98
8	5	2,98	3,32
9	6	11,21	96,63
10	5	61,76	68,71
10	10	49,6	126,02
11	9	58,46	215,71
11	2	56,85	250,02
12	7	436,85	2798,64
13	8	173,59	1469,43
13	7	0,84	5,38
13	1	87,77	564,43
14	1	44,7	287,45
15	5	7,02	7,82
15	1	1145,18	7364,49
16	6	11,42	98,45
16	9	5,27	19,46
16	10	6,25	15,89
17	10	7,02	17,85
17	8	14,47	122,48
17	3	16,78	170,75
17	2	18,6	81,81
17	1	3,61	23,18
18	8	70,57	597,37
19	8	9,77	82,71
19	7	7,19	46,05
19	6	99,28	855,71
19	3	955,35	9719,3
20	1	6,55	42,12
20	6	19,81	170,76
20	10	47,91	121,73
21	9	1,04	3,84
21	3	294,2	2993,01
22	7	6,74	43,2
23	5	3,55	3,95
23	3	10,05	102,21
23	1	9,37	60,28
24	3	3,71	37,78
24	7	4,81	30,84
24	10	1,16	2,96
25	7	4,59	29,41
26	10	17,23	43,77
26	7	9,51	60,93
26	4	18,64	190,81
26	3	16,17	164,48
26	2	7,55	33,2
26	1	4,96	31,91
27	4	34,49	353,01
27	7	14,62	93,64
28	6	159,58	1375,45
28	8	7,94	67,24
29	8	12,73	107,75
30	10	38,48	97,76
30	7	6,21	39,76
31	7	1,87	11,96
32	10	5,98	15,18
32	3	2,47	25,09
32	2	5,69	25
33	8	6,24	52,8
34	2	1,54	6,77
34	9	21,03	77,61
34	10	3,75	9,53
35	7	4,97	31,81
36	9	24,56	90,61
37	10	0,62	1,58
37	8	20,12	170,34
37	7	28,79	184,47
37	5	36,61	40,73
37	2	6,85	30,11
38	1	45,64	293,52
38	4	70,46	721,13
39	3	5,84	59,37
39	9	24,59	90,72
40	8	8,49	71,88
40	2	17,45	76,74
41	1	2,34	15,05
41	6	167,79	1446,19
42	2	1,7	7,48
43	9	1,84	6,79
43	1	5,4	34,72
44	5	24,99	27,8
45	6	1,39	12,02
45	5	62,99	70,08
45	1	443,6	2852,74
46	1	1,25	8,05
47	8	0,77	6,49
48	8	8,7	73,6
48	6	1,36	11,69
48	5	6,55	7,28
49	1	8,46	54,38
49	6	2,09	18,03
49	7	22,37	143,29
50	4	13,07	133,79
51	6	11,4	98,23
51	10	11,16	28,36
52	2	11,59	50,97
52	7	34,06	218,19
53	8	5,58	47,28
53	9	80,59	297,39
54	2	61,49	270,42
54	5	10,21	11,36
55	6	12,94	111,51
55	10	4,03	10,23
56	6	17,58	151,54
56	4	9,41	96,35
57	6	197,87	1705,47
57	5	5,56	6,19
57	2	3,29	14,48
58	2	4,49	19,74
58	3	5,6	57,01
58	8	10,7	90,57
59	1	25,6	164,6
60	9	7,56	27,91
60	10	20,69	52,57
61	1	11,5	73,95
61	9	3789,09	13981,53
62	3	13,72	139,62
62	2	65,68	288,83
63	1	193,83	1246,48
63	3	42,12	428,54
63	6	33,87	291,93
63	7	110,83	710,03
64	3	13,18	134,14
64	4	24,39	249,62
64	5	14,55	16,19
64	7	0,97	6,22
64	9	1,64	6,05
65	1	2,73	17,54
66	10	8,63	21,93
66	7	9,24	59,21
66	2	32,59	143,31
66	1	7,05	45,31
67	2	52,46	230,69
67	1	20,34	130,82
68	3	3,7	37,63
69	6	549,1	4732,78
69	5	1,94	2,16
70	1	4,3	27,65
70	10	6,06	15,39
71	9	2,04	7,52
71	5	13,92	15,49
72	1	3,63	23,36
72	2	5,52	24,28
72	9	1,75	6,46
73	1	10,92	70,2
73	7	16,64	106,59
73	9	-0,21	-0,79
74	4	137,71	1409,53
75	3	9,12	92,74
75	8	1,76	14,91
75	10	19,03	48,36
76	2	14,39	63,27
77	1	8,17	52,57
77	4	28,75	294,3
77	6	15,16	130,64
77	9	8,73	32,2
78	9	3,22	11,89
78	2	19,83	87,19
78	1	166,34	1069,71
79	2	13,58	59,71
79	7	12,02	77
79	10	13,96	35,47
80	9	8,01	29,56
80	4	2,18	22,35
80	3	627,69	6385,79
81	5	0,09	0,1
81	8	7,92	67,01
81	10	0,25	0,63
82	9	7,05	26,01
82	4	32,11	328,7
83	7	18,69	119,71
83	10	15,61	39,67
84	8	4,74	40,11
84	4	3,66	37,43
84	3	5,67	57,73
85	5	5,83	6,49
85	7	9,65	61,79
85	8	112,55	952,76
86	4	6,61	67,66
86	6	25,34	218,37
86	7	8,64	55,32
86	10	18,26	46,39
87	9	17,68	65,22
87	7	46,26	296,35
87	4	17,63	180,49
88	10	6,42	16,32
88	7	20,69	132,52
89	2	49,03	215,63
89	4	1358,25	13902,14
89	9	151,75	559,96
90	8	2,06	17,41
90	10	1374,78	3492,82
91	10	11,79	29,94
92	3	4,24	43,14
92	4	4,61	47,19
92	8	24,22	205,05
92	10	1,09	2,78
93	6	0,86	7,39
93	8	92,09	779,55
94	2	2,26	9,94
94	10	6,66	16,92
95	10	23,76	60,37
95	7	23,34	149,54
95	4	149,92	1534,47
95	2	8,18	35,97
95	1	3,82	24,57
96	1	6,15	39,55
96	3	4,19	42,62
96	4	4,66	47,72
96	10	19,49	49,52
97	7	6	38,44
98	10	9,87	25,08
98	9	0,94	3,47
98	7	56,22	360,14
98	1	9,21	59,26
99	4	14,69	150,36
100	3	9,81	99,79

#jobId ddate weight rdate
1	462,818	7	14,042
2	92,14	3	30,785
3	423,158	16	195,806
4	771,74	13	257,03
5	175,387	45	187,943
6	577,835	12	314,355
7	97,497	37	100,586
8	987,104	17	288,93
9	302,989	42	264,356
10	889,284	3	8,202
11	12,492	27	58,345
12	436,596	14	144,061
13	442,166	10	14,436
14	382,653	6	270,684
15	888,391	1	293,047
16	95,762	1	190,088
17	214,915	9	36,61
18	707,313	46	99,067
19	489,258	9	154,276
20	777,569	15	258,756
21	201,99	28	173,663
22	266,086	30	253,083
23	699,433	7	241,969
24	633,15	45	45,223
25	33,435	24	233,986
26	621,201	49	32,904
27	320,676	12	69,076
28	829,479	45	224,79
29	873,884	43	97,431
30	606,505	48	311,484
31	102,407	13	217,237
32	898,854	15	60,221
33	543,124	6	207,435
34	406,762	42	127,814
35	857,845	48	189,627
36	250,336	29	224,626
37	442,01	19	285,057
38	174,798	29	152,298
39	63,596	42	119,875
40	648,034	24	126,439
41	718,224	39	30,976
42	162,29	24	176,914
43	645,601	26	40,565
44	185,756	24	26,026
45	854,874	41	300,343
46	378,446	6	319,583
47	927,733	31	207,849
48	282,589	4	54,832
49	592,354	10	304,908
50	672,232	41	278,419
51	444,442	13	294,068
52	640,053	15	225,218
53	52,907	2	231,852
54	490,203	28	197,283
55	61,062	39	85,418
56	887,708	27	102,347
57	745,256	20	224,088
58	728,247	37	235,805
59	848,54	46	145,212
60	699,285	30	185,684
61	276,253	14	320,161
62	700,258	10	242,81
63	220,534	12	71,607
64	520,383	14	108,513
65	67,352	2	145,843
66	53,346	45	73,842
67	289,302	31	230,587
68	638,956	9	304,697
69	420,16	9	234,437
70	487,22	12	259,543
71	362,083	7	113,579
72	422,119	31	71,317
73	278,63	26	115,973
74	594,107	5	222,391
75	317,601	18	74,958
76	124,799	14	220,299
77	711,186	11	265,065
78	20,191	43	136,661
79	982,564	3	208,137
80	110,561	2	93,366
81	8,199	22	240,143
82	972,475	49	52,767
83	124,69	12	210,783
84	400,332	43	253,944
85	380,416	2	227,437
86	515,466	35	107,118
87	803,382	3	98,454
88	892,018	49	254,383
89	25,909	46	113,964
90	273,215	29	142,223
91	572,088	4	56,023
92	489,822	47	195,302
93	656,026	4	110,747
94	361,923	2	0,036
95	46,307	2	103,618
96	340,5	36	208,963
97	827,817	16	155,699
98	344,29	49	98,098
99	969,819	47	34,432
100	439,875	40	315,522

#machId jobPred jobSucc setupTime
1	13	14	2,366
1	13	15	7,968
1	13	17	39,827
1	13	20	3,683
1	13	23	29,53
1	13	26	7,801
1	13	38	11,869
1	13	41	10,969
1	13	43	15,462
1	13	45	1,718
1	13	46	4,096
1	13	49	8,865
1	13	59	0,695
1	13	61	0,655
1	13	63	2,298
1	13	65	7,764
1	13	66	15,185
1	13	67	2,781
1	13	70	7,167
1	13	72	6,135
1	13	73	2,722
1	13	77	0,592
1	13	78	5,019
1	13	95	6,212
1	13	96	4,012
1	13	98	5,291
1	14	13	2,667
1	14	15	1,25
1	14	17	6,236
1	14	20	0,501
1	14	23	5,181
1	14	26	1,968
1	14	38	3,357
1	14	41	1,386
1	14	43	1,266
1	14	45	3,113
1	14	46	6,51
1	14	49	7,891
1	14	59	2,892
1	14	61	2,58
1	14	63	2,566
1	14	65	15,2
1	14	66	14,43
1	14	67	0,945
1	14	70	5,462
1	14	72	9,667
1	14	73	3,893
1	14	77	1,442
1	14	78	8,095
1	14	95	5,407
1	14	96	0,824
1	14	98	9,967
1	15	13	11,06
1	15	14	13,945
1	15	17	17,474
1	15	20	5,094
1	15	23	4,716
1	15	26	7,832
1	15	38	1,381
1	15	41	5,82
1	15	43	1,9
1	15	45	4,835
1	15	46	5,725
1	15	49	32,675
1	15	59	2,515
1	15	61	9,119
1	15	63	1,605
1	15	65	8,874
1	15	66	2,362
1	15	67	1,959
1	15	70	2,297
1	15	72	2,566
1	15	73	12,406
1	15	77	2,467
1	15	78	12,834
1	15	95	1,203
1	15	96	14,183
1	15	98	0,588
1	17	13	22,284
1	17	14	3,955
1	17	15	1,286
1	17	20	4,877
1	17	23	11,845
1	17	26	6,977
1	17	38	3,394
1	17	41	1,582
1	17	43	17,311
1	17	45	19,78
1	17	46	5,408
1	17	49	11,647
1	17	59	1,959
1	17	61	1,633
1	17	63	2,626
1	17	65	20,658
1	17	66	0,808
1	17	67	11,691
1	17	70	2,991
1	17	72	6,155
1	17	73	6,927
1	17	77	1,142
1	17	78	2,005
1	17	95	12,952
1	17	96	4,361
1	17	98	6,139
1	20	13	3,289
1	20	14	5,223
1	20	15	2,019
1	20	17	0,777
1	20	23	6,212
1	20	26	1,425
1	20	38	8,665
1	20	41	3,316
1	20	43	0,847
1	20	45	19,692
1	20	46	1,747
1	20	49	2,653
1	20	59	3,926
1	20	61	3,649
1	20	63	11,016
1	20	65	1,188
1	20	66	5,284
1	20	67	3,626
1	20	70	0,695
1	20	72	20,216
1	20	73	14,471
1	20	77	10,518
1	20	78	6,858
1	20	95	3,224
1	20	96	3,696
1	20	98	14,383
1	23	13	12,092
1	23	14	11,571
1	23	15	7,008
1	23	17	16,374
1	23	20	2,817
1	23	26	5,655
1	23	38	9,902
1	23	41	0,859
1	23	43	3,375
1	23	45	8,949
1	23	46	0,665
1	23	49	0,966
1	23	59	6,921
1	23	61	0,926
1	23	63	2,446
1	23	65	19,759
1	23	66	2,698
1	23	67	6,646
1	23	70	0,822
1	23	72	2,957
1	23	73	4,796
1	23	77	1,937
1	23	78	5,612
1	23	95	20,969
1	23	96	3,347
1	23	98	33,346
1	26	13	2,443
1	26	14	4,195
1	26	15	5,155
1	26	17	1,885
1	26	20	8,319
1	26	23	2,028
1	26	38	7,53
1	26	41	0,904
1	26	43	26,259
1	26	45	9,731
1	26	46	37,567
1	26	49	0,845
1	26	59	1,256
1	26	61	3,357
1	26	63	5,833
1	26	65	5,415
1	26	66	0,761
1	26	67	3,872
1	26	70	1,138
1	26	72	2,91
1	26	73	2,444
1	26	77	4,022
1	26	78	1,402
1	26	95	4,701
1	26	96	2,729
1	26	98	0,806
1	38	13	8,398
1	38	14	1,008
1	38	15	1,914
1	38	17	2,893
1	38	20	3,576
1	38	23	4,291
1	38	26	2,789
1	38	41	2,132
1	38	43	3,114
1	38	45	0,969
1	38	46	9,351
1	38	49	5,298
1	38	59	0,932
1	38	61	4,011
1	38	63	2,526
1	38	65	17,117
1	38	66	31,21
1	38	67	0,586
1	38	70	9,14
1	38	72	10,155
1	38	73	10,502
1	38	77	9,63
1	38	78	8,637
1	38	95	2,156
1	38	96	6,661
1	38	98	3,073
1	41	13	6,876
1	41	14	4,151
1	41	15	4,719
1	41	17	6,827
1	41	20	3,183
1	41	23	3,377
1	41	26	0,668
1	41	38	7,618
1	41	43	3,979
1	41	45	0,875
1	41	46	1,882
1	41	49	30,798
1	41	59	9,366
1	41	61	29,697
1	41	63	1,618
1	41	65	4,852
1	41	66	2,211
1	41	67	1,552
1	41	70	11,143
1	41	72	3,328
1	41	73	0,692
1	41	77	12,408
1	41	78	1,876
1	41	95	2,509
1	41	96	0,835
1	41	98	1,701
1	43	13	5,944
1	43	14	0,919
1	43	15	2,16
1	43	17	3,2
1	43	20	2,973
1	43	23	5,471
1	43	26	5,71
1	43	38	4,426
1	43	41	3,932
1	43	45	1,635
1	43	46	16,137
1	43	49	6,213
1	43	59	23,769
1	43	61	16,125
1	43	63	16,653
1	43	65	1,998
1	43	66	5,639
1	43	67	0,514
1	43	70	4,941
1	43	72	3,984
1	43	73	3,799
1	43	77	0,815
1	43	78	3,672
1	43	95	0,84
1	43	96	4,334
1	43	98	6,38
1	45	13	0,762
1	45	14	3,477
1	45	15	0,863
1	45	17	12,909
1	45	20	3,476
1	45	23	3,036
1	45	26	1,208
1	45	38	30,576
1	45	41	9,409
1	45	43	11,999
1	45	46	4,41
1	45	49	1,522
1	45	59	5,436
1	45	61	8,706
1	45	63	2,094
1	45	65	2,204
1	45	66	1,869
1	45	67	14,666
1	45	70	9,423
1	45	72	4,347
1	45	73	3,921
1	45	77	0,913
1	45	78	8,107
1	45	95	4,847
1	45	96	2,34
1	45	98	6,536
1	46	13	0,781
1	46	14	5,29
1	46	15	3,292
1	46	17	3,184
1	46	20	1,178
1	46	23	7,162
1	46	26	2,813
1	46	38	2,177
1	46	41	8,229
1	46	43	5,89
1	46	45	3,659
1	46	49	6,685
1	46	59	5,954
1	46	61	0,933
1	46	63	3,54
1	46	65	3,335
1	46	66	10,703
1	46	67	23,098
1	46	70	5,375
1	46	72	6,013
1	46	73	6,21
1	46	77	4,974
1	46	78	11,09
1	46	95	4,165
1	46	96	2,403
1	46	98	0,83
1	49	13	0,735
1	49	14	1,192
1	49	15	11,994
1	49	17	8,024
1	49	20	4,671
1	49	23	6,779
1	49	26	9,094
1	49	38	1,169
1	49	41	3,158
1	49	43	3,124
1	49	45	2,711
1	49	46	1,178
1	49	59	6,063
1	49	61	1,377
1	49	63	12,014
1	49	65	7,897
1	49	66	14,483
1	49	67	4,965
1	49	70	5,464
1	49	72	11,917
1	49	73	10,549
1	49	77	6,376
1	49	78	8,144
1	49	95	4,476
1	49	96	0,584
1	49	98	38,358
1	59	13	1,663
1	59	14	37,832
1	59	15	9,295
1	59	17	1,987
1	59	20	3,678
1	59	23	1,733
1	59	26	6,29
1	59	38	2,138
1	59	41	4,828
1	59	43	0,758
1	59	45	7,545
1	59	46	3,026
1	59	49	9,719
1	59	61	2,403
1	59	63	12,57
1	59	65	4,006
1	59	66	7,447
1	59	67	6,478
1	59	70	0,959
1	59	72	1,326
1	59	73	12,054
1	59	77	4,937
1	59	78	2,917
1	59	95	6,058
1	59	96	1,24
1	59	98	1,673
1	61	13	9,988
1	61	14	0,645
1	61	15	4,305
1	61	17	10,201
1	61	20	9,664
1	61	23	5,761
1	61	26	9,059
1	61	38	1,222
1	61	41	1,484
1	61	43	5,825
1	61	45	0,778
1	61	46	3,611
1	61	49	11,45
1	61	59	3,386
1	61	63	1,842
1	61	65	1,098
1	61	66	1,806
1	61	67	1,712
1	61	70	21,84
1	61	72	4,677
1	61	73	1,313
1	61	77	7,52
1	61	78	8,977
1	61	95	10,053
1	61	96	7,146
1	61	98	8,392
1	63	13	1,721
1	63	14	9,018
1	63	15	2,203
1	63	17	21,787
1	63	20	10,348
1	63	23	7,543
1	63	26	14,558
1	63	38	10,278
1	63	41	52,396
1	63	43	7,185
1	63	45	7,455
1	63	46	3,779
1	63	49	11,386
1	63	59	5,105
1	63	61	35,51
1	63	65	2,334
1	63	66	6,205
1	63	67	11,595
1	63	70	13,362
1	63	72	7,97
1	63	73	13,811
1	63	77	0,752
1	63	78	4,376
1	63	95	19,73
1	63	96	7,618
1	63	98	1,431
1	65	13	2,298
1	65	14	1,633
1	65	15	1,397
1	65	17	3,419
1	65	20	1,257
1	65	23	7,579
1	65	26	4,838
1	65	38	9,075
1	65	41	7,675
1	65	43	1,975
1	65	45	3,279
1	65	46	3,578
1	65	49	7,514
1	65	59	2,694
1	65	61	6,155
1	65	63	5,72
1	65	66	1,012
1	65	67	22,065
1	65	70	0,607
1	65	72	3,844
1	65	73	4,73
1	65	77	1,264
1	65	78	1,162
1	65	95	8,965
1	65	96	4,639
1	65	98	4,248
1	66	13	3,706
1	66	14	1,445
1	66	15	45,69
1	66	17	8,313
1	66	20	5,611
1	66	23	0,788
1	66	26	0,698
1	66	38	3,974
1	66	41	4,313
1	66	43	6,749
1	66	45	8,324
1	66	46	4,512
1	66	49	2,357
1	66	59	8,757
1	66	61	3,026
1	66	63	0,579
1	66	65	12,331
1	66	67	12,545
1	66	70	5,123
1	66	72	1,781
1	66	73	6,465
1	66	77	2,832
1	66	78	31,908
1	66	95	1,751
1	66	96	0,591
1	66	98	4,847
1	67	13	5,528
1	67	14	9,008
1	67	15	5,537
1	67	17	5,164
1	67	20	4,978
1	67	23	6,311
1	67	26	12,168
1	67	38	15,908
1	67	41	4,759
1	67	43	2,057
1	67	45	2,833
1	67	46	6,732
1	67	49	18,609
1	67	59	3,011
1	67	61	26,027
1	67	63	1,725
1	67	65	8,427
1	67	66	9,276
1	67	70	2,619
1	67	72	3,173
1	67	73	4,766
1	67	77	1,386
1	67	78	9,849
1	67	95	10,033
1	67	96	3,664
1	67	98	1,553
1	70	13	7,374
1	70	14	5,849
1	70	15	4,395
1	70	17	1,757
1	70	20	3,615
1	70	23	11,155
1	70	26	2,558
1	70	38	5,078
1	70	41	14,711
1	70	43	5,915
1	70	45	1,052
1	70	46	12,177
1	70	49	10,21
1	70	59	4,368
1	70	61	0,778
1	70	63	4,282
1	70	65	12,583
1	70	66	7,765
1	70	67	3,632
1	70	72	1,569
1	70	73	4,38
1	70	77	2,637
1	70	78	5,152
1	70	95	10,411
1	70	96	4,098
1	70	98	3,341
1	72	13	6,357
1	72	14	3,59
1	72	15	2,351
1	72	17	10,695
1	72	20	22,239
1	72	23	7,122
1	72	26	1,275
1	72	38	6,29
1	72	41	4,378
1	72	43	3,024
1	72	45	0,76
1	72	46	2,564
1	72	49	1,462
1	72	59	3,119
1	72	61	7,82
1	72	63	3,486
1	72	65	6,535
1	72	66	0,861
1	72	67	1,992
1	72	70	2,492
1	72	73	2,627
1	72	77	14,099
1	72	78	21,609
1	72	95	9,007
1	72	96	0,513
1	72	98	0,881
1	73	13	6,006
1	73	14	1,442
1	73	15	0,712
1	73	17	0,741
1	73	20	2,302
1	73	23	2,035
1	73	26	13,736
1	73	38	7,682
1	73	41	0,809
1	73	43	3,283
1	73	45	6,487
1	73	46	3,563
1	73	49	12,777
1	73	59	4,198
1	73	61	1,584
1	73	63	1,441
1	73	65	12,294
1	73	66	3,575
1	73	67	1,211
1	73	70	3,992
1	73	72	3,934
1	73	77	4,157
1	73	78	22,018
1	73	95	2,505
1	73	96	1,969
1	73	98	3,167
1	77	13	9,089
1	77	14	12,484
1	77	15	1,854
1	77	17	0,572
1	77	20	4,239
1	77	23	1,391
1	77	26	4,285
1	77	38	1,518
1	77	41	1,716
1	77	43	7,869
1	77	45	6,635
1	77	46	4,683
1	77	49	1,159
1	77	59	12,988
1	77	61	10,258
1	77	63	24,011
1	77	65	4,943
1	77	66	9,211
1	77	67	0,71
1	77	70	9,341
1	77	72	1,488
1	77	73	8,971
1	77	78	10,496
1	77	95	1,495
1	77	96	7,063
1	77	98	1,207
1	78	13	1,675
1	78	14	1,749
1	78	15	4,855
1	78	17	15,055
1	78	20	3,788
1	78	23	1,111
1	78	26	12,442
1	78	38	9,769
1	78	41	16,425
1	78	43	18,966
1	78	45	17,124
1	78	46	7,473
1	78	49	3,018
1	78	59	12,552
1	78	61	5,511
1	78	63	2,637
1	78	65	0,7
1	78	66	0,86
1	78	67	0,963
1	78	70	1,99
1	78	72	4,334
1	78	73	2,826
1	78	77	3,703
1	78	95	8,945
1	78	96	2,785
1	78	98	2,76
1	95	13	3,113
1	95	14	5,612
1	95	15	10,169
1	95	17	2,14
1	95	20	2,552
1	95	23	12,715
1	95	26	6,888
1	95	38	2,38
1	95	41	10,806
1	95	43	1,19
1	95	45	1,335
1	95	46	2,385
1	95	49	5,267
1	95	59	6,739
1	95	61	1,256
1	95	63	6,143
1	95	65	2,19
1	95	66	1,075
1	95	67	11,516
1	95	70	1,902
1	95	72	13,355
1	95	73	4,823
1	95	77	3,793
1	95	78	4,218
1	95	96	1,321
1	95	98	1,062
1	96	13	11,515
1	96	14	1,384
1	96	15	0,682
1	96	17	7,329
1	96	20	3,57
1	96	23	4,463
1	96	26	2,392
1	96	38	5,216
1	96	41	4,583
1	96	43	5,308
1	96	45	4,653
1	96	46	14,51
1	96	49	4,885
1	96	59	1,416
1	96	61	0,759
1	96	63	9,632
1	96	65	11,35
1	96	66	9,423
1	96	67	13,092
1	96	70	6,865
1	96	72	1,024
1	96	73	5,019
1	96	77	0,977
1	96	78	2,241
1	96	95	17,946
1	96	98	2,395
1	98	13	8,972
1	98	14	0,819
1	98	15	6,652
1	98	17	8,433
1	98	20	11,059
1	98	23	1,841
1	98	26	4,78
1	98	38	4,766
1	98	41	3,855
1	98	43	9,061
1	98	45	15,438
1	98	46	18,229
1	98	49	5,323
1	98	59	3,892
1	98	61	3,742
1	98	63	1,24
1	98	65	4,979
1	98	66	0,596
1	98	67	32,242
1	98	70	0,742
1	98	72	0,835
1	98	73	0,614
1	98	77	8,242
1	98	78	0,572
1	98	95	6,062
1	98	96	8,558
2	3	4	0,897
2	3	11	6,353
2	3	17	1,229
2	3	26	1,234
2	3	32	1,333
2	3	34	12,488
2	3	37	4,343
2	3	40	0,642
2	3	42	7,523
2	3	52	2,12
2	3	54	10,56
2	3	57	6,456
2	3	58	7,424
2	3	62	10,863
2	3	66	2,699
2	3	67	8,564
2	3	72	1,662
2	3	76	1,254
2	3	78	5,452
2	3	79	6,323
2	3	89	19,32
2	3	94	1,213
2	3	95	4,315
2	4	3	21,541
2	4	11	19,726
2	4	17	6,465
2	4	26	8,953
2	4	32	2,079
2	4	34	17,286
2	4	37	2,758
2	4	40	6,682
2	4	42	28,125
2	4	52	5,833
2	4	54	7,145
2	4	57	13,617
2	4	58	7,698
2	4	62	1,185
2	4	66	3,612
2	4	67	3,064
2	4	72	0,761
2	4	76	4,517
2	4	78	6,462
2	4	79	3,761
2	4	89	6,449
2	4	94	9,977
2	4	95	0,713
2	11	3	6,145
2	11	4	11,068
2	11	17	8,415
2	11	26	0,949
2	11	32	3,754
2	11	34	11,287
2	11	37	37,606
2	11	40	8,312
2	11	42	18,026
2	11	52	1,659
2	11	54	0,773
2	11	57	1,269
2	11	58	13,008
2	11	62	5,56
2	11	66	9,721
2	11	67	6,313
2	11	72	0,588
2	11	76	1,061
2	11	78	17,253
2	11	79	2,777
2	11	89	13,099
2	11	94	1,17
2	11	95	2,168
2	17	3	6,102
2	17	4	1,346
2	17	11	13,693
2	17	26	2,98
2	17	32	3,668
2	17	34	12,213
2	17	37	4,889
2	17	40	4,163
2	17	42	2,121
2	17	52	12,861
2	17	54	13,201
2	17	57	10,548
2	17	58	0,906
2	17	62	10,657
2	17	66	1,048
2	17	67	6,535
2	17	72	2,376
2	17	76	7,944
2	17	78	5,305
2	17	79	26,856
2	17	89	20,9
2	17	94	9,507
2	17	95	2,186
2	26	3	3,948
2	26	4	10,198
2	26	11	8,105
2	26	17	1,241
2	26	32	13,338
2	26	34	7,595
2	26	37	5,245
2	26	40	10,45
2	26	42	23,088
2	26	52	1,71
2	26	54	26,448
2	26	57	6,635
2	26	58	9,279
2	26	62	5,673
2	26	66	5,025
2	26	67	27,332
2	26	72	2,803
2	26	76	3,865
2	26	78	1,011
2	26	79	2,604
2	26	89	0,516
2	26	94	1,946
2	26	95	2,876
2	32	3	5,247
2	32	4	1,63
2	32	11	28,912
2	32	17	0,712
2	32	26	6,977
2	32	34	2,362
2	32	37	8,25
2	32	40	17,467
2	32	42	1,663
2	32	52	13,514
2	32	54	1,597
2	32	57	4,358
2	32	58	3,05
2	32	62	0,834
2	32	66	7,846
2	32	67	1,655
2	32	72	0,859
2	32	76	4,803
2	32	78	6,87
2	32	79	18,738
2	32	89	4,778
2	32	94	8,114
2	32	95	5,275
2	34	3	11,328
2	34	4	1,612
2	34	11	2,802
2	34	17	27,283
2	34	26	12,296
2	34	32	4,495
2	34	37	1,159
2	34	40	2,773
2	34	42	10,619
2	34	52	11,459
2	34	54	2,609
2	34	57	0,947
2	34	58	5,475
2	34	62	0,554
2	34	66	5,572
2	34	67	3,516
2	34	72	3,036
2	34	76	4,93
2	34	78	14,189
2	34	79	1,005
2	34	89	10,543
2	34	94	12,922
2	34	95	0,889
2	37	3	19,643
2	37	4	1,931
2	37	11	28,373
2	37	17	5,345
2	37	26	3,106
2	37	32	5,943
2	37	34	1,359
2	37	40	2,214
2	37	42	5,996
2	37	52	34,423
2	37	54	12,744
2	37	57	0,745
2	37	58	0,847
2	37	62	1,385
2	37	66	6,872
2	37	67	1,267
2	37	72	2,245
2	37	76	1,558
2	37	78	0,899
2	37	79	3,284
2	37	89	4,324
2	37	94	2,35
2	37	95	8,216
2	40	3	11,186
2	40	4	6,234
2	40	11	1,838
2	40	17	1,265
2	40	26	5,109
2	40	32	2,448
2	40	34	4,522
2	40	37	2,732
2	40	42	3,352
2	40	52	7,314
2	40	54	5,114
2	40	57	0,7
2	40	58	5,645
2	40	62	0,931
2	40	66	17,599
2	40	67	1,4
2	40	72	2,006
2	40	76	0,505
2	40	78	2,361
2	40	79	2,097
2	40	89	10,684
2	40	94	5,532
2	40	95	2,914
2	42	3	4,31
2	42	4	5,564
2	42	11	13,534
2	42	17	0,608
2	42	26	4,207
2	42	32	11,252
2	42	34	4,848
2	42	37	2,559
2	42	40	7,416
2	42	52	2,825
2	42	54	0,534
2	42	57	1,336
2	42	58	2,907
2	42	62	6,355
2	42	66	11,485
2	42	67	3,268
2	42	72	2,058
2	42	76	1,116
2	42	78	3,899
2	42	79	7,263
2	42	89	2,482
2	42	94	4,558
2	42	95	3,695
2	52	3	30,953
2	52	4	3,502
2	52	11	18,01
2	52	17	2,642
2	52	26	10,427
2	52	32	1,111
2	52	34	4,231
2	52	37	8,284
2	52	40	1,912
2	52	42	3,726
2	52	54	9,202
2	52	57	4,361
2	52	58	5,847
2	52	62	2,343
2	52	66	6,751
2	52	67	31,15
2	52	72	5,88
2	52	76	13,923
2	52	78	4,749
2	52	79	30,418
2	52	89	0,686
2	52	94	22,434
2	52	95	7,695
2	54	3	5,505
2	54	4	0,641
2	54	11	18,23
2	54	17	7,625
2	54	26	4,177
2	54	32	1,309
2	54	34	1,25
2	54	37	2,581
2	54	40	7,677
2	54	42	0,524
2	54	52	16,219
2	54	57	1,161
2	54	58	4,637
2	54	62	5,34
2	54	66	3,685
2	54	67	9,884
2	54	72	9,205
2	54	76	0,645
2	54	78	4,993
2	54	79	14,355
2	54	89	2,232
2	54	94	5,736
2	54	95	12,315
2	57	3	22,567
2	57	4	3,987
2	57	11	1,387
2	57	17	1,138
2	57	26	0,523
2	57	32	5,221
2	57	34	7,758
2	57	37	3,043
2	57	40	4,625
2	57	42	3,518
2	57	52	1,391
2	57	54	2,358
2	57	58	1,636
2	57	62	0,959
2	57	66	11,635
2	57	67	9,604
2	57	72	13,264
2	57	76	1,492
2	57	78	1,6
2	57	79	8,621
2	57	89	2,214
2	57	94	7,074
2	57	95	0,658
2	58	3	7,456
2	58	4	6,597
2	58	11	1,209
2	58	17	1,99
2	58	26	3,791
2	58	32	3,065
2	58	34	1,042
2	58	37	14,772
2	58	40	8,464
2	58	42	3,324
2	58	52	3,357
2	58	54	6,171
2	58	57	12,823
2	58	62	10,746
2	58	66	4,125
2	58	67	8,642
2	58	72	7,138
2	58	76	5,438
2	58	78	2,514
2	58	79	1,336
2	58	89	1,748
2	58	94	3,987
2	58	95	4,761
2	62	3	0,802
2	62	4	15,447
2	62	11	3,603
2	62	17	3,56
2	62	26	12,291
2	62	32	3,85
2	62	34	2,813
2	62	37	1,725
2	62	40	5,98
2	62	42	8,966
2	62	52	0,843
2	62	54	2,228
2	62	57	11,01
2	62	58	5,468
2	62	66	15,63
2	62	67	2,647
2	62	72	16,621
2	62	76	2,566
2	62	78	7,347
2	62	79	4,795
2	62	89	0,661
2	62	94	0,845
2	62	95	4,728
2	66	3	2,274
2	66	4	5,027
2	66	11	1,367
2	66	17	13,197
2	66	26	3,027
2	66	32	5,915
2	66	34	2,424
2	66	37	2,941
2	66	40	39,5
2	66	42	5,332
2	66	52	2,227
2	66	54	3,615
2	66	57	17,429
2	66	58	18,34
2	66	62	13,773
2	66	67	1,124
2	66	72	3,08
2	66	76	11,399
2	66	78	0,974
2	66	79	4,145
2	66	89	1,129
2	66	94	0,854
2	66	95	2,516
2	67	3	0,782
2	67	4	3,701
2	67	11	9,486
2	67	17	1,062
2	67	26	11,292
2	67	32	21,317
2	67	34	6,317
2	67	37	0,774
2	67	40	8,046
2	67	42	9,048
2	67	52	5,962
2	67	54	4,004
2	67	57	7,374
2	67	58	8,286
2	67	62	2,89
2	67	66	11,648
2	67	72	21,977
2	67	76	1,828
2	67	78	4,568
2	67	79	4,273
2	67	89	4,257
2	67	94	13,368
2	67	95	1,948
2	72	3	7,231
2	72	4	2,321
2	72	11	5,257
2	72	17	6,687
2	72	26	0,929
2	72	32	8,641
2	72	34	4,848
2	72	37	1,033
2	72	40	7,564
2	72	42	4,597
2	72	52	2,59
2	72	54	6,587
2	72	57	3,224
2	72	58	5,543
2	72	62	4,682
2	72	66	7,372
2	72	67	17,172
2	72	76	22,224
2	72	78	20,699
2	72	79	3,233
2	72	89	2,695
2	72	94	1,399
2	72	95	20,904
2	76	3	1,06
2	76	4	1,548
2	76	11	5,655
2	76	17	19,357
2	76	26	4,116
2	76	32	19,145
2	76	34	10,037
2	76	37	3,103
2	76	40	8,669
2	76	42	9,025
2	76	52	2,804
2	76	54	1,464
2	76	57	14,718
2	76	58	4,038
2	76	62	6,054
2	76	66	2,089
2	76	67	3,103
2	76	72	31,625
2	76	78	2,581
2	76	79	7,535
2	76	89	0,788
2	76	94	3,443
2	76	95	1,626
2	78	3	2,883
2	78	4	4,226
2	78	11	16,078
2	78	17	26,572
2	78	26	14,487
2	78	32	1,705
2	78	34	8,126
2	78	37	4,767
2	78	40	6,38
2	78	42	0,643
2	78	52	5,183
2	78	54	4,304
2	78	57	11,725
2	78	58	0,822
2	78	62	7,41
2	78	66	1,891
2	78	67	9,012
2	78	72	1,662
2	78	76	1,43
2	78	79	7,928
2	78	89	17,401
2	78	94	2,05
2	78	95	0,639
2	79	3	1,422
2	79	4	1,379
2	79	11	0,539
2	79	17	6,501
2	79	26	3,654
2	79	32	3,378
2	79	34	2,567
2	79	37	2,657
2	79	40	4,317
2	79	42	1,879
2	79	52	3,765
2	79	54	12,084
2	79	57	1,28
2	79	58	1,122
2	79	62	1,08
2	79	66	3,325
2	79	67	1,221
2	79	72	7,454
2	79	76	17,086
2	79	78	7,046
2	79	89	10,962
2	79	94	3,848
2	79	95	1,408
2	89	3	1,33
2	89	4	4,798
2	89	11	6,947
2	89	17	2,474
2	89	26	6,459
2	89	32	9,952
2	89	34	5,939
2	89	37	3,985
2	89	40	0,777
2	89	42	2,395
2	89	52	1,777
2	89	54	2,845
2	89	57	23,274
2	89	58	4,592
2	89	62	13,801
2	89	66	3,129
2	89	67	10,388
2	89	72	0,723
2	89	76	5,917
2	89	78	7,6
2	89	79	6,59
2	89	94	1,031
2	89	95	5,638
2	94	3	2,628
2	94	4	1,552
2	94	11	5,125
2	94	17	1,684
2	94	26	5,762
2	94	32	2,584
2	94	34	0,866
2	94	37	4,567
2	94	40	3,48
2	94	42	17,778
2	94	52	2,988
2	94	54	9,32
2	94	57	13,145
2	94	58	2,72
2	94	62	9,442
2	94	66	4,046
2	94	67	2,635
2	94	72	1,893
2	94	76	3,282
2	94	78	2,187
2	94	79	1,448
2	94	89	7,484
2	94	95	1,178
2	95	3	0,51
2	95	4	11,382
2	95	11	3,264
2	95	17	3,78
2	95	26	3,103
2	95	32	0,953
2	95	34	3,849
2	95	37	0,902
2	95	40	16,924
2	95	42	1,05
2	95	52	2,321
2	95	54	14,36
2	95	57	2,651
2	95	58	4,928
2	95	62	2,247
2	95	66	5,62
2	95	67	15,392
2	95	72	27,385
2	95	76	1,032
2	95	78	42,654
2	95	79	4,497
2	95	89	11,385
2	95	94	5,319
3	3	17	1,044
3	3	19	14,672
3	3	21	1,522
3	3	23	3,003
3	3	24	7,785
3	3	26	7,154
3	3	32	5,681
3	3	39	7,943
3	3	58	13,56
3	3	62	3,476
3	3	63	1,958
3	3	64	5,651
3	3	68	1,481
3	3	75	1,827
3	3	80	11,37
3	3	84	0,532
3	3	92	2,283
3	3	96	8,988
3	3	100	0,83
3	17	3	1,01
3	17	19	18,827
3	17	21	1,369
3	17	23	0,83
3	17	24	2,04
3	17	26	4,008
3	17	32	2,277
3	17	39	9,57
3	17	58	0,571
3	17	62	0,972
3	17	63	8,055
3	17	64	2,205
3	17	68	16,679
3	17	75	1,363
3	17	80	7,322
3	17	84	8,825
3	17	92	3,558
3	17	96	0,622
3	17	100	10,78
3	19	3	3,637
3	19	17	2,139
3	19	21	10,804
3	19	23	3,552
3	19	24	11,408
3	19	26	14,501
3	19	32	0,847
3	19	39	9,235
3	19	58	6,347
3	19	62	11,276
3	19	63	1,835
3	19	64	6,879
3	19	68	3,451
3	19	75	7,395
3	19	80	5,592
3	19	84	7,418
3	19	92	29,756
3	19	96	0,91
3	19	100	2,549
3	21	3	2,224
3	21	17	0,726
3	21	19	8,687
3	21	23	1,08
3	21	24	3,92
3	21	26	0,981
3	21	32	12,327
3	21	39	4,027
3	21	58	12,871
3	21	62	1,068
3	21	63	6,168
3	21	64	0,789
3	21	68	1,804
3	21	75	5,306
3	21	80	4,172
3	21	84	1,585
3	21	92	1,475
3	21	96	7,747
3	21	100	3,599
3	23	3	9,742
3	23	17	20,485
3	23	19	2,109
3	23	21	4,571
3	23	24	15,611
3	23	26	0,523
3	23	32	0,768
3	23	39	1,741
3	23	58	0,743
3	23	62	3,918
3	23	63	14,282
3	23	64	2,357
3	23	68	8,237
3	23	75	2,594
3	23	80	9,278
3	23	84	2,525
3	23	92	16,022
3	23	96	0,999
3	23	100	2,043
3	24	3	11,574
3	24	17	2,418
3	24	19	1,386
3	24	21	3,441
3	24	23	1,017
3	24	26	2,137
3	24	32	16,301
3	24	39	12,151
3	24	58	1,788
3	24	62	4,5
3	24	63	3,794
3	24	64	13,095
3	24	68	12,914
3	24	75	2,919
3	24	80	7,709
3	24	84	1,063
3	24	92	12,344
3	24	96	2,636
3	24	100	16,44
3	26	3	4,782
3	26	17	2,166
3	26	19	1,893
3	26	21	2,879
3	26	23	24,94
3	26	24	2,388
3	26	32	4,922
3	26	39	9,3
3	26	58	35,472
3	26	62	27,342
3	26	63	7,196
3	26	64	4,883
3	26	68	1,277
3	26	75	14,118
3	26	80	1,657
3	26	84	1,841
3	26	92	2,332
3	26	96	5,134
3	26	100	0,531
3	32	3	7,537
3	32	17	4,918
3	32	19	0,739
3	32	21	5,015
3	32	23	8,19
3	32	24	1,254
3	32	26	5,766
3	32	39	6,039
3	32	58	6,242
3	32	62	11,356
3	32	63	8,536
3	32	64	3,621
3	32	68	4,666
3	32	75	4,853
3	32	80	3,469
3	32	84	3,487
3	32	92	24,269
3	32	96	1,688
3	32	100	11,654
3	39	3	1,005
3	39	17	0,546
3	39	19	0,876
3	39	21	1,822
3	39	23	7,583
3	39	24	5,984
3	39	26	1,997
3	39	32	2,348
3	39	58	10,339
3	39	62	1,141
3	39	63	5,938
3	39	64	0,776
3	39	68	5,477
3	39	75	7,219
3	39	80	15,516
3	39	84	1,83
3	39	92	6,983
3	39	96	2,524
3	39	100	7,213
3	58	3	2,871
3	58	17	9,478
3	58	19	18,757
3	58	21	3,492
3	58	23	3,507
3	58	24	2,924
3	58	26	5,853
3	58	32	2,573
3	58	39	16,383
3	58	62	14,662
3	58	63	4,765
3	58	64	0,976
3	58	68	3,27
3	58	75	5,379
3	58	80	0,941
3	58	84	11,79
3	58	92	5,804
3	58	96	17,373
3	58	100	8,711
3	62	3	3,744
3	62	17	0,997
3	62	19	6,386
3	62	21	1,19
3	62	23	5,154
3	62	24	13,12
3	62	26	1,526
3	62	32	30,951
3	62	39	0,991
3	62	58	5,201
3	62	63	10,599
3	62	64	1,419
3	62	68	5,32
3	62	75	3,376
3	62	80	0,803
3	62	84	27,729
3	62	92	4,851
3	62	96	2,074
3	62	100	3,362
3	63	3	2,833
3	63	17	5,856
3	63	19	21,922
3	63	21	4,963
3	63	23	24,278
3	63	24	3,431
3	63	26	1,056
3	63	32	13,78
3	63	39	5,368
3	63	58	1,374
3	63	62	2,858
3	63	64	0,629
3	63	68	1,622
3	63	75	2,629
3	63	80	11,184
3	63	84	2,906
3	63	92	9,509
3	63	96	0,536
3	63	100	3,613
3	64	3	3,799
3	64	17	3,683
3	64	19	2,464
3	64	21	4,835
3	64	23	2,653
3	64	24	24,667
3	64	26	18,045
3	64	32	3,676
3	64	39	2,068
3	64	58	6,055
3	64	62	22,364
3	64	63	19,867
3	64	68	12,562
3	64	75	13,305
3	64	80	6,086
3	64	84	5,179
3	64	92	2,235
3	64	96	5,342
3	64	100	6,518
3	68	3	0,863
3	68	17	5,953
3	68	19	10,285
3	68	21	0,73
3	68	23	7,721
3	68	24	20,596
3	68	26	1,901
3	68	32	2,349
3	68	39	7,402
3	68	58	17,263
3	68	62	0,563
3	68	63	2,365
3	68	64	0,548
3	68	75	11,271
3	68	80	5,048
3	68	84	6,273
3	68	92	6,534
3	68	96	15,524
3	68	100	10,978
3	75	3	0,564
3	75	17	4,254
3	75	19	5,626
3	75	21	0,853
3	75	23	3,161
3	75	24	6,951
3	75	26	1,79
3	75	32	2,739
3	75	39	3,913
3	75	58	5,063
3	75	62	4,823
3	75	63	0,955
3	75	64	3,697
3	75	68	4,271
3	75	80	10,556
3	75	84	1,157
3	75	92	1,382
3	75	96	5,883
3	75	100	3,381
3	80	3	3,172
3	80	17	3,861
3	80	19	2,626
3	80	21	2,622
3	80	23	10,18
3	80	24	11,066
3	80	26	2,546
3	80	32	1,803
3	80	39	12,907
3	80	58	19,624
3	80	62	3,501
3	80	63	2,028
3	80	64	2,717
3	80	68	3,514
3	80	75	1,307
3	80	84	2,704
3	80	92	2,76
3	80	96	7,171
3	80	100	6,269
3	84	3	9,146
3	84	17	7,666
3	84	19	13,751
3	84	21	20,085
3	84	23	1,282
3	84	24	2,416
3	84	26	3,434
3	84	32	19,687
3	84	39	7,887
3	84	58	2,44
3	84	62	4,54
3	84	63	12,961
3	84	64	1,212
3	84	68	2,884
3	84	75	5,119
3	84	80	1,324
3	84	92	1,002
3	84	96	1,292
3	84	100	8,263
3	92	3	0,595
3	92	17	2,646
3	92	19	9,871
3	92	21	12,559
3	92	23	4,441
3	92	24	4,201
3	92	26	5,5
3	92	32	7,541
3	92	39	1,486
3	92	58	15,453
3	92	62	0,779
3	92	63	3,777
3	92	64	2,832
3	92	68	1,298
3	92	75	2,678
3	92	80	5,146
3	92	84	1,793
3	92	96	3,937
3	92	100	11,845
3	96	3	5,498
3	96	17	2,379
3	96	19	3,029
3	96	21	14,872
3	96	23	3,359
3	96	24	4,284
3	96	26	0,59
3	96	32	2,07
3	96	39	1,659
3	96	58	35,375
3	96	62	0,901
3	96	63	0,512
3	96	64	3,172
3	96	68	0,85
3	96	75	1,505
3	96	80	8,304
3	96	84	5,805
3	96	92	9,706
3	96	100	2,123
3	100	3	6,137
3	100	17	6,519
3	100	19	7,996
3	100	21	5,58
3	100	23	1,786
3	100	24	4,703
3	100	26	2,298
3	100	32	12,68
3	100	39	0,625
3	100	58	8,005
3	100	62	0,597
3	100	63	6,626
3	100	64	0,535
3	100	68	1,649
3	100	75	0,583
3	100	80	21,485
3	100	84	16,715
3	100	92	3,099
3	100	96	1,135
4	26	27	17,401
4	26	38	1,53
4	26	50	0,864
4	26	56	1,51
4	26	64	10,953
4	26	74	27,445
4	26	77	0,766
4	26	80	3,774
4	26	82	6,04
4	26	84	0,845
4	26	86	1,462
4	26	87	0,554
4	26	89	7,124
4	26	92	11,916
4	26	95	1,077
4	26	96	0,9
4	26	99	23,767
4	27	26	48,609
4	27	38	2,806
4	27	50	0,638
4	27	56	0,647
4	27	64	3,94
4	27	74	6,73
4	27	77	14,283
4	27	80	5,998
4	27	82	16,453
4	27	84	1,723
4	27	86	8,16
4	27	87	9,561
4	27	89	42,578
4	27	92	3,276
4	27	95	0,717
4	27	96	1,813
4	27	99	5,055
4	38	26	12,564
4	38	27	3,211
4	38	50	4,498
4	38	56	3,558
4	38	64	23,441
4	38	74	2,282
4	38	77	3,043
4	38	80	11,12
4	38	82	10,286
4	38	84	3,253
4	38	86	3,153
4	38	87	1,317
4	38	89	2,735
4	38	92	0,559
4	38	95	10,723
4	38	96	7,088
4	38	99	16,863
4	50	26	1,908
4	50	27	9,75
4	50	38	2,62
4	50	56	1,891
4	50	64	4,668
4	50	74	18,957
4	50	77	3,514
4	50	80	13,37
4	50	82	2,304
4	50	84	28,684
4	50	86	4,818
4	50	87	3,07
4	50	89	20,497
4	50	92	6,285
4	50	95	4,078
4	50	96	3,479
4	50	99	2,231
4	56	26	4,618
4	56	27	1,188
4	56	38	15,287
4	56	50	0,97
4	56	64	24,005
4	56	74	1,529
4	56	77	10,061
4	56	80	3,597
4	56	82	0,975
4	56	84	2,46
4	56	86	3,549
4	56	87	7,984
4	56	89	6,873
4	56	92	15,308
4	56	95	20,796
4	56	96	2,132
4	56	99	4,549
4	64	26	1,17
4	64	27	0,515
4	64	38	0,911
4	64	50	1,439
4	64	56	3,239
4	64	74	1,041
4	64	77	4,122
4	64	80	7,024
4	64	82	4,476
4	64	84	7,152
4	64	86	26,195
4	64	87	67,353
4	64	89	4,393
4	64	92	17,804
4	64	95	39,353
4	64	96	1,684
4	64	99	0,632
4	74	26	2,041
4	74	27	7,287
4	74	38	6,058
4	74	50	4,552
4	74	56	3,985
4	74	64	3,533
4	74	77	5,003
4	74	80	3,575
4	74	82	3,449
4	74	84	2,129
4	74	86	0,723
4	74	87	1,386
4	74	89	5,584
4	74	92	1,709
4	74	95	5,559
4	74	96	7,742
4	74	99	3,157
4	77	26	0,633
4	77	27	0,958
4	77	38	0,999
4	77	50	0,911
4	77	56	1,63
4	77	64	1,513
4	77	74	2,556
4	77	80	4,824
4	77	82	5,983
4	77	84	22,098
4	77	86	8,353
4	77	87	1,221
4	77	89	3,148
4	77	92	22,357
4	77	95	1,989
4	77	96	1,026
4	77	99	13,211
4	80	26	5,784
4	80	27	1,029
4	80	38	3,819
4	80	50	11,84
4	80	56	2,179
4	80	64	1,914
4	80	74	13,706
4	80	77	6,395
4	80	82	8,041
4	80	84	15,3
4	80	86	20,067
4	80	87	2,243
4	80	89	1,338
4	80	92	5,049
4	80	95	14,457
4	80	96	1,018
4	80	99	2,958
4	82	26	7,156
4	82	27	7,835
4	82	38	1,698
4	82	50	2,037
4	82	56	4,595
4	82	64	0,83
4	82	74	4,79
4	82	77	6,99
4	82	80	3,135
4	82	84	6,319
4	82	86	15,069
4	82	87	8,502
4	82	89	8,273
4	82	92	1,556
4	82	95	0,517
4	82	96	12,932
4	82	99	34,625
4	84	26	1,777
4	84	27	0,807
4	84	38	12,409
4	84	50	0,704
4	84	56	7,587
4	84	64	8,019
4	84	74	1,215
4	84	77	0,849
4	84	80	7,188
4	84	82	25,492
4	84	86	4,95
4	84	87	8,866
4	84	89	42,058
4	84	92	0,747
4	84	95	11,373
4	84	96	2,332
4	84	99	0,71
4	86	26	11,828
4	86	27	3,354
4	86	38	1,483
4	86	50	4,978
4	86	56	6,704
4	86	64	5,253
4	86	74	6,665
4	86	77	0,727
4	86	80	4,337
4	86	82	6,197
4	86	84	13,183
4	86	87	3,005
4	86	89	54,747
4	86	92	6,234
4	86	95	2,189
4	86	96	10,884
4	86	99	0,922
4	87	26	6,354
4	87	27	0,645
4	87	38	14,171
4	87	50	1,827
4	87	56	6,377
4	87	64	11,55
4	87	74	8,427
4	87	77	1,066
4	87	80	10,947
4	87	82	10,308
4	87	84	1,921
4	87	86	1,548
4	87	89	3,199
4	87	92	2,591
4	87	95	4,655
4	87	96	10,152
4	87	99	4,923
4	89	26	0,7
4	89	27	4,83
4	89	38	15,947
4	89	50	60,71
4	89	56	2,058
4	89	64	9,733
4	89	74	7,451
4	89	77	9,716
4	89	80	4,948
4	89	82	3,992
4	89	84	9,393
4	89	86	2,735
4	89	87	15,437
4	89	92	7,27
4	89	95	1,874
4	89	96	2,605
4	89	99	10,637
4	92	26	2,631
4	92	27	7,99
4	92	38	5,062
4	92	50	10,649
4	92	56	7,358
4	92	64	25,212
4	92	74	0,564
4	92	77	12,517
4	92	80	8,114
4	92	82	10,66
4	92	84	12,523
4	92	86	1,612
4	92	87	2,333
4	92	89	16,648
4	92	95	14,422
4	92	96	15,961
4	92	99	10,165
4	95	26	19,791
4	95	27	2,189
4	95	38	9,623
4	95	50	3,621
4	95	56	39,497
4	95	64	2,294
4	95	74	1,463
4	95	77	7,274
4	95	80	6,049
4	95	82	8,026
4	95	84	1,932
4	95	86	3,168
4	95	87	2,767
4	95	89	2,168
4	95	92	1,774
4	95	96	0,612
4	95	99	20,489
4	96	26	1,024
4	96	27	2,122
4	96	38	6,705
4	96	50	12,199
4	96	56	2,819
4	96	64	0,504
4	96	74	5,267
4	96	77	8,315
4	96	80	2,137
4	96	82	4,457
4	96	84	3,019
4	96	86	11,016
4	96	87	5,329
4	96	89	0,566
4	96	92	3,905
4	96	95	3,09
4	96	99	1,654
4	99	26	5,025
4	99	27	3,635
4	99	38	1,693
4	99	50	6,768
4	99	56	6,171
4	99	64	3,718
4	99	74	2,009
4	99	77	6,255
4	99	80	4,902
4	99	82	1,84
4	99	84	0,694
4	99	86	10,439
4	99	87	1,929
4	99	89	4,683
4	99	92	7,988
4	99	95	3,371
4	99	96	19,022
5	1	4	7,718
5	1	5	8,886
5	1	7	11,889
5	1	8	5,781
5	1	10	2,689
5	1	15	3,1
5	1	23	7,919
5	1	37	3,397
5	1	44	6,204
5	1	45	2,662
5	1	48	7,832
5	1	54	1,929
5	1	57	5,344
5	1	64	6,558
5	1	69	2,538
5	1	71	1,629
5	1	81	2,099
5	1	85	2,238
5	4	1	2,014
5	4	5	1,165
5	4	7	0,855
5	4	8	9,72
5	4	10	0,806
5	4	15	23,547
5	4	23	3,235
5	4	37	4,636
5	4	44	1,187
5	4	45	1,029
5	4	48	3,879
5	4	54	12,655
5	4	57	6,703
5	4	64	0,573
5	4	69	0,722
5	4	71	1,178
5	4	81	8,344
5	4	85	1,736
5	5	1	2,362
5	5	4	3,821
5	5	7	6,199
5	5	8	18,812
5	5	10	4,749
5	5	15	3,969
5	5	23	19,001
5	5	37	12,929
5	5	44	2,696
5	5	45	4,173
5	5	48	1,915
5	5	54	1,915
5	5	57	7,249
5	5	64	4,841
5	5	69	8,184
5	5	71	8,925
5	5	81	0,891
5	5	85	7,522
5	7	1	24,395
5	7	4	6,417
5	7	5	10,65
5	7	8	10,298
5	7	10	2,265
5	7	15	15,828
5	7	23	4,476
5	7	37	22,381
5	7	44	26,57
5	7	45	2,47
5	7	48	1,693
5	7	54	2,58
5	7	57	1,101
5	7	64	30,441
5	7	69	3,107
5	7	71	22,691
5	7	81	4,13
5	7	85	12,207
5	8	1	2,75
5	8	4	6,583
5	8	5	21,28
5	8	7	0,705
5	8	10	0,59
5	8	15	1,411
5	8	23	7,506
5	8	37	19,833
5	8	44	7,029
5	8	45	4,206
5	8	48	8,794
5	8	54	7,421
5	8	57	1,417
5	8	64	1,289
5	8	69	0,559
5	8	71	2,989
5	8	81	3,577
5	8	85	3,424
5	10	1	0,865
5	10	4	5,094
5	10	5	1,054
5	10	7	7,099
5	10	8	1,16
5	10	15	1,412
5	10	23	5,452
5	10	37	2,217
5	10	44	7,232
5	10	45	4,217
5	10	48	24,945
5	10	54	17,142
5	10	57	5,276
5	10	64	7,496
5	10	69	2,625
5	10	71	0,597
5	10	81	5,587
5	10	85	2,261
5	15	1	5,997
5	15	4	8,158
5	15	5	2,111
5	15	7	3,584
5	15	8	9,605
5	15	10	1,382
5	15	23	7,094
5	15	37	6,191
5	15	44	1,841
5	15	45	2,648
5	15	48	2,333
5	15	54	15,411
5	15	57	14,267
5	15	64	1
5	15	69	4,552
5	15	71	9,058
5	15	81	2,764
5	15	85	6,821
5	23	1	2,325
5	23	4	1,274
5	23	5	6,974
5	23	7	1,844
5	23	8	1,336
5	23	10	3,017
5	23	15	1,634
5	23	37	9,124
5	23	44	2,598
5	23	45	1,542
5	23	48	1,016
5	23	54	2,155
5	23	57	1,684
5	23	64	1,065
5	23	69	48,341
5	23	71	0,767
5	23	81	3,273
5	23	85	1,178
5	37	1	13,637
5	37	4	2,23
5	37	5	2,656
5	37	7	6,535
5	37	8	2,11
5	37	10	1,05
5	37	15	3,178
5	37	23	5,889
5	37	44	6,098
5	37	45	5,592
5	37	48	0,862
5	37	54	4,178
5	37	57	1,753
5	37	64	10,213
5	37	69	2,169
5	37	71	12,037
5	37	81	4,227
5	37	85	7,192
5	44	1	0,765
5	44	4	8,376
5	44	5	2,257
5	44	7	3,015
5	44	8	0,734
5	44	10	1,969
5	44	15	5,57
5	44	23	2,035
5	44	37	2,821
5	44	45	10,764
5	44	48	1,396
5	44	54	9,026
5	44	57	2,388
5	44	64	2,528
5	44	69	27,676
5	44	71	3,442
5	44	81	4,356
5	44	85	23,524
5	45	1	11,951
5	45	4	0,909
5	45	5	1,275
5	45	7	4,271
5	45	8	2,874
5	45	10	2,713
5	45	15	1,997
5	45	23	14,383
5	45	37	0,821
5	45	44	4,617
5	45	48	3,556
5	45	54	7,221
5	45	57	3,033
5	45	64	3,112
5	45	69	9,194
5	45	71	2,427
5	45	81	0,84
5	45	85	19,298
5	48	1	7,222
5	48	4	2,002
5	48	5	1,977
5	48	7	3,104
5	48	8	3,186
5	48	10	4,605
5	48	15	20,767
5	48	23	3,74
5	48	37	3,407
5	48	44	0,521
5	48	45	15,87
5	48	54	0,544
5	48	57	8,336
5	48	64	1,972
5	48	69	7,478
5	48	71	1,515
5	48	81	1,104
5	48	85	0,668
5	54	1	0,876
5	54	4	0,898
5	54	5	6,091
5	54	7	1,456
5	54	8	0,941
5	54	10	1,928
5	54	15	2,329
5	54	23	2,014
5	54	37	10,333
5	54	44	10,693
5	54	45	3,629
5	54	48	2,317
5	54	57	4,494
5	54	64	5,391
5	54	69	14,918
5	54	71	10,572
5	54	81	6,616
5	54	85	1,194
5	57	1	5,393
5	57	4	1,781
5	57	5	2,894
5	57	7	3,8
5	57	8	0,896
5	57	10	2,688
5	57	15	3,588
5	57	23	5,843
5	57	37	2,714
5	57	44	1,559
5	57	45	1,755
5	57	48	1,425
5	57	54	10,597
5	57	64	3,197
5	57	69	6,181
5	57	71	3,505
5	57	81	31,249
5	57	85	10,673
5	64	1	14,058
5	64	4	10,449
5	64	5	2,118
5	64	7	12,413
5	64	8	3,551
5	64	10	2,278
5	64	15	4,127
5	64	23	3,91
5	64	37	6,45
5	64	44	7,548
5	64	45	1,501
5	64	48	7,216
5	64	54	2,608
5	64	57	6,481
5	64	69	8,077
5	64	71	5,757
5	64	81	19,014
5	64	85	1,124
5	69	1	0,733
5	69	4	1,04
5	69	5	2,229
5	69	7	3,697
5	69	8	1,499
5	69	10	4,322
5	69	15	24,517
5	69	23	10,078
5	69	37	5,91
5	69	44	2,515
5	69	45	5,884
5	69	48	3,28
5	69	54	2,785
5	69	57	6,027
5	69	64	3,091
5	69	71	1,64
5	69	81	7,479
5	69	85	8,729
5	71	1	6,762
5	71	4	1,507
5	71	5	14,633
5	71	7	8,115
5	71	8	23,664
5	71	10	6,673
5	71	15	0,891
5	71	23	4,153
5	71	37	10,629
5	71	44	3,368
5	71	45	0,816
5	71	48	12,657
5	71	54	1,523
5	71	57	3,81
5	71	64	0,836
5	71	69	1,14
5	71	81	12,351
5	71	85	4,966
5	81	1	1,718
5	81	4	6,403
5	81	5	1,536
5	81	7	10,621
5	81	8	5,09
5	81	10	4,104
5	81	15	7,203
5	81	23	4,679
5	81	37	0,651
5	81	44	1,279
5	81	45	6,085
5	81	48	1,67
5	81	54	3,355
5	81	57	0,542
5	81	64	7,804
5	81	69	2,049
5	81	71	11,162
5	81	85	2,978
5	85	1	15,558
5	85	4	20,694
5	85	5	4,164
5	85	7	4,171
5	85	8	3,379
5	85	10	2,435
5	85	15	5,922
5	85	23	4,412
5	85	37	4,04
5	85	44	4,227
5	85	45	8,351
5	85	48	2,827
5	85	54	2,603
5	85	57	9,57
5	85	64	2,146
5	85	69	1,412
5	85	71	2,089
5	85	81	1,914
6	9	16	6,795
6	9	19	13,127
6	9	20	6,201
6	9	28	5,625
6	9	41	3,672
6	9	45	1,7
6	9	48	5,943
6	9	49	29,932
6	9	51	12,887
6	9	55	1,277
6	9	56	2,453
6	9	57	3,338
6	9	63	5,185
6	9	69	3,253
6	9	77	2,459
6	9	86	1,583
6	9	93	8,187
6	16	9	5,116
6	16	19	2,533
6	16	20	3,708
6	16	28	0,71
6	16	41	41,612
6	16	45	9,897
6	16	48	10,342
6	16	49	0,689
6	16	51	3,843
6	16	55	4,486
6	16	56	0,897
6	16	57	0,514
6	16	63	7,418
6	16	69	1,301
6	16	77	6,284
6	16	86	3,149
6	16	93	0,575
6	19	9	3,796
6	19	16	2,677
6	19	20	11,499
6	19	28	1,937
6	19	41	4,619
6	19	45	7,089
6	19	48	1,977
6	19	49	2,875
6	19	51	4,515
6	19	55	3,835
6	19	56	0,827
6	19	57	0,85
6	19	63	4,524
6	19	69	0,876
6	19	77	8,781
6	19	86	2,993
6	19	93	0,624
6	20	9	9,787
6	20	16	1,57
6	20	19	1,222
6	20	28	7,856
6	20	41	6,014
6	20	45	7,451
6	20	48	2,778
6	20	49	12,079
6	20	51	19,801
6	20	55	9,178
6	20	56	3,563
6	20	57	12,036
6	20	63	1,273
6	20	69	12,241
6	20	77	1,3
6	20	86	2,302
6	20	93	4,421
6	28	9	2,861
6	28	16	5,782
6	28	19	0,983
6	28	20	0,808
6	28	41	9,551
6	28	45	1,822
6	28	48	4,516
6	28	49	24,533
6	28	51	5,31
6	28	55	9,681
6	28	56	14,257
6	28	57	2,129
6	28	63	6,764
6	28	69	7,942
6	28	77	0,673
6	28	86	0,863
6	28	93	6,646
6	41	9	6,22
6	41	16	1,971
6	41	19	0,969
6	41	20	1,549
6	41	28	2,046
6	41	45	1,625
6	41	48	3,952
6	41	49	3,61
6	41	51	3,46
6	41	55	2,631
6	41	56	0,615
6	41	57	25,996
6	41	63	0,732
6	41	69	1,319
6	41	77	12,086
6	41	86	6,377
6	41	93	7,03
6	45	9	3,672
6	45	16	6,808
6	45	19	1,131
6	45	20	5,781
6	45	28	4,413
6	45	41	5,386
6	45	48	6,909
6	45	49	13,514
6	45	51	1,766
6	45	55	2,124
6	45	56	3,334
6	45	57	6,264
6	45	63	1,664
6	45	69	8,851
6	45	77	7,056
6	45	86	4,256
6	45	93	1,094
6	48	9	2,767
6	48	16	5,022
6	48	19	25,596
6	48	20	1,117
6	48	28	0,985
6	48	41	2,075
6	48	45	2,167
6	48	49	12,103
6	48	51	19,543
6	48	55	3,027
6	48	56	7,053
6	48	57	7,665
6	48	63	1,329
6	48	69	1,196
6	48	77	6,772
6	48	86	6,019
6	48	93	9,144
6	49	9	5,676
6	49	16	2,025
6	49	19	0,513
6	49	20	11,096
6	49	28	20,607
6	49	41	1,356
6	49	45	13,038
6	49	48	5,368
6	49	51	1,313
6	49	55	1,598
6	49	56	7,206
6	49	57	2,959
6	49	63	17,693
6	49	69	2,558
6	49	77	47,778
6	49	86	1,914
6	49	93	3,177
6	51	9	5,535
6	51	16	10,082
6	51	19	6,713
6	51	20	15,163
6	51	28	3,689
6	51	41	1,185
6	51	45	1,035
6	51	48	5,474
6	51	49	2,237
6	51	55	11,398
6	51	56	5,743
6	51	57	3,68
6	51	63	1,674
6	51	69	4,377
6	51	77	8,262
6	51	86	4,954
6	51	93	6,325
6	55	9	24,558
6	55	16	10,879
6	55	19	1,423
6	55	20	3,854
6	55	28	4,363
6	55	41	1,473
6	55	45	15,309
6	55	48	2,822
6	55	49	3,232
6	55	51	3,168
6	55	56	2,909
6	55	57	5,795
6	55	63	5,935
6	55	69	0,748
6	55	77	1,734
6	55	86	3,096
6	55	93	3,958
6	56	9	5,385
6	56	16	1,761
6	56	19	6,276
6	56	20	20,022
6	56	28	1,398
6	56	41	9,695
6	56	45	0,987
6	56	48	4,892
6	56	49	13,997
6	56	51	4,719
6	56	55	4,936
6	56	57	16,121
6	56	63	7,446
6	56	69	5,471
6	56	77	4,806
6	56	86	0,791
6	56	93	2,889
6	57	9	1,542
6	57	16	8,511
6	57	19	9,606
6	57	20	0,645
6	57	28	9,317
6	57	41	0,785
6	57	45	5,359
6	57	48	3,942
6	57	49	2,157
6	57	51	6,728
6	57	55	6,202
6	57	56	1,303
6	57	63	2,026
6	57	69	5,868
6	57	77	2,601
6	57	86	20,36
6	57	93	0,593
6	63	9	5,157
6	63	16	0,658
6	63	19	2,668
6	63	20	6,222
6	63	28	2,097
6	63	41	17,123
6	63	45	15,21
6	63	48	26,839
6	63	49	0,957
6	63	51	2,418
6	63	55	0,975
6	63	56	1,362
6	63	57	1,666
6	63	69	5,147
6	63	77	1,525
6	63	86	6,418
6	63	93	1,897
6	69	9	8,125
6	69	16	3,248
6	69	19	17,097
6	69	20	1,456
6	69	28	2,34
6	69	41	2,411
6	69	45	1,997
6	69	48	4,655
6	69	49	7,896
6	69	51	4,652
6	69	55	2,268
6	69	56	1,11
6	69	57	2,063
6	69	63	9,448
6	69	77	13,283
6	69	86	6,702
6	69	93	1,89
6	77	9	4,971
6	77	16	7,751
6	77	19	12,513
6	77	20	3,194
6	77	28	2,77
6	77	41	1,866
6	77	45	3,24
6	77	48	35,549
6	77	49	2,033
6	77	51	7,321
6	77	55	17,899
6	77	56	1,057
6	77	57	5,127
6	77	63	4,696
6	77	69	7,44
6	77	86	1,422
6	77	93	5,085
6	86	9	9,171
6	86	16	4,198
6	86	19	2,386
6	86	20	0,902
6	86	28	5,528
6	86	41	2,283
6	86	45	2,395
6	86	48	1,218
6	86	49	0,692
6	86	51	0,531
6	86	55	8,634
6	86	56	6,809
6	86	57	7,381
6	86	63	3,794
6	86	69	9,872
6	86	77	1,469
6	86	93	11,57
6	93	9	3,908
6	93	16	4,076
6	93	19	1,659
6	93	20	7,218
6	93	28	1,735
6	93	41	5,742
6	93	45	18,531
6	93	48	16,153
6	93	49	23,649
6	93	51	5,458
6	93	55	9,782
6	93	56	0,973
6	93	57	8,708
6	93	63	1,019
6	93	69	26,609
6	93	77	5,895
6	93	86	0,509
7	6	12	0,969
7	6	13	3,614
7	6	19	27,758
7	6	22	9,004
7	6	24	4,904
7	6	25	1,839
7	6	26	7,069
7	6	27	3,524
7	6	30	2,988
7	6	31	0,727
7	6	35	0,762
7	6	37	1,367
7	6	49	0,664
7	6	52	0,829
7	6	63	1,565
7	6	64	7,322
7	6	66	7,714
7	6	73	14,57
7	6	79	2,903
7	6	83	0,507
7	6	85	2,666
7	6	86	4,032
7	6	87	3,666
7	6	88	28,432
7	6	95	2,453
7	6	97	13,866
7	6	98	5,765
7	12	6	3,321
7	12	13	8,272
7	12	19	1,806
7	12	22	9,678
7	12	24	3,432
7	12	25	6,557
7	12	26	2,163
7	12	27	5,171
7	12	30	6,41
7	12	31	1,573
7	12	35	3,433
7	12	37	22,911
7	12	49	3,089
7	12	52	4,857
7	12	63	6,613
7	12	64	0,831
7	12	66	2,812
7	12	73	0,975
7	12	79	2,328
7	12	83	4,397
7	12	85	18,761
7	12	86	9,423
7	12	87	0,895
7	12	88	4,438
7	12	95	0,815
7	12	97	2,606
7	12	98	2,065
7	13	6	11,412
7	13	12	6,913
7	13	19	1,956
7	13	22	15,389
7	13	24	1,329
7	13	25	4,776
7	13	26	15,96
7	13	27	1,121
7	13	30	1,113
7	13	31	1,293
7	13	35	2,946
7	13	37	0,854
7	13	49	2,826
7	13	52	8,364
7	13	63	3,071
7	13	64	13,708
7	13	66	0,559
7	13	73	5,923
7	13	79	5,318
7	13	83	4,369
7	13	85	6,193
7	13	86	3,107
7	13	87	2,736
7	13	88	2,099
7	13	95	6,901
7	13	97	9,862
7	13	98	1,095
7	19	6	18,382
7	19	12	4,216
7	19	13	24,202
7	19	22	1,81
7	19	24	27,717
7	19	25	2,587
7	19	26	3,127
7	19	27	1,6
7	19	30	8,096
7	19	31	3,319
7	19	35	55,864
7	19	37	4,439
7	19	49	8,561
7	19	52	19,249
7	19	63	0,946
7	19	64	20,591
7	19	66	7,575
7	19	73	1,081
7	19	79	0,714
7	19	83	41,661
7	19	85	2,65
7	19	86	5,689
7	19	87	2,1
7	19	88	2,385
7	19	95	4,538
7	19	97	0,564
7	19	98	0,559
7	22	6	5,911
7	22	12	3,675
7	22	13	11,123
7	22	19	0,98
7	22	24	0,9
7	22	25	3,624
7	22	26	0,56
7	22	27	9,016
7	22	30	4,809
7	22	31	1,342
7	22	35	2,162
7	22	37	1,515
7	22	49	1,901
7	22	52	3,067
7	22	63	4,583
7	22	64	5,918
7	22	66	3,886
7	22	73	9,157
7	22	79	1,898
7	22	83	1,421
7	22	85	3,139
7	22	86	3,382
7	22	87	5,001
7	22	88	5,708
7	22	95	5,838
7	22	97	5,017
7	22	98	4,446
7	24	6	2,022
7	24	12	33,638
7	24	13	9,125
7	24	19	16,578
7	24	22	6,5
7	24	25	8,03
7	24	26	3,174
7	24	27	1,793
7	24	30	2,325
7	24	31	5,378
7	24	35	4,916
7	24	37	1,093
7	24	49	22,412
7	24	52	4,685
7	24	63	19,558
7	24	64	3,55
7	24	66	9,547
7	24	73	19,873
7	24	79	19,72
7	24	83	2,137
7	24	85	9,051
7	24	86	4,288
7	24	87	4,6
7	24	88	0,61
7	24	95	1,008
7	24	97	7,669
7	24	98	7,115
7	25	6	4,675
7	25	12	47,509
7	25	13	20,649
7	25	19	1,478
7	25	22	5,259
7	25	24	6,618
7	25	26	2,82
7	25	27	12,388
7	25	30	13,295
7	25	31	1,986
7	25	35	6,961
7	25	37	5,888
7	25	49	3,24
7	25	52	9,929
7	25	63	26,986
7	25	64	10,103
7	25	66	6,615
7	25	73	11,928
7	25	79	6,862
7	25	83	2,866
7	25	85	2,373
7	25	86	2,321
7	25	87	6,607
7	25	88	0,89
7	25	95	17,147
7	25	97	14,966
7	25	98	10,265
7	26	6	3,1
7	26	12	4,501
7	26	13	6,893
7	26	19	1,381
7	26	22	12,983
7	26	24	2,655
7	26	25	7,813
7	26	27	1,387
7	26	30	12,673
7	26	31	6,003
7	26	35	10,931
7	26	37	3,295
7	26	49	1,201
7	26	52	4,039
7	26	63	10,199
7	26	64	2,116
7	26	66	5,13
7	26	73	2,823
7	26	79	2,452
7	26	83	1,711
7	26	85	1,414
7	26	86	0,738
7	26	87	0,685
7	26	88	3,477
7	26	95	12,345
7	26	97	6,981
7	26	98	1,132
7	27	6	8,17
7	27	12	3,682
7	27	13	1,001
7	27	19	17,767
7	27	22	5,939
7	27	24	1,369
7	27	25	7,806
7	27	26	2,202
7	27	30	8,256
7	27	31	9,861
7	27	35	9,151
7	27	37	7,745
7	27	49	1,832
7	27	52	11,126
7	27	63	16,588
7	27	64	8,495
7	27	66	20,9
7	27	73	2,911
7	27	79	5,199
7	27	83	3,019
7	27	85	0,542
7	27	86	2,001
7	27	87	7,931
7	27	88	6,49
7	27	95	1,562
7	27	97	1,339
7	27	98	1,095
7	30	6	1,082
7	30	12	14,591
7	30	13	0,72
7	30	19	5,458
7	30	22	3,699
7	30	24	7,22
7	30	25	2,443
7	30	26	2,172
7	30	27	5,234
7	30	31	0,695
7	30	35	6,841
7	30	37	7,803
7	30	49	9,848
7	30	52	1,029
7	30	63	11,511
7	30	64	9,213
7	30	66	2,04
7	30	73	5,376
7	30	79	11,001
7	30	83	0,51
7	30	85	1,639
7	30	86	2,822
7	30	87	15,176
7	30	88	4,018
7	30	95	4,647
7	30	97	1,344
7	30	98	1,956
7	31	6	8,682
7	31	12	0,78
7	31	13	1,172
7	31	19	2,02
7	31	22	0,878
7	31	24	16,302
7	31	25	4,881
7	31	26	3,794
7	31	27	7,57
7	31	30	7,278
7	31	35	10,831
7	31	37	6,181
7	31	49	1,759
7	31	52	24,393
7	31	63	4,464
7	31	64	0,822
7	31	66	1,964
7	31	73	8,994
7	31	79	4,742
7	31	83	4,741
7	31	85	9,395
7	31	86	0,645
7	31	87	6,003
7	31	88	3,148
7	31	95	1,48
7	31	97	17,137
7	31	98	8,546
7	35	6	2,133
7	35	12	4,144
7	35	13	5,243
7	35	19	5,988
7	35	22	0,699
7	35	24	1,549
7	35	25	26,355
7	35	26	0,536
7	35	27	1,339
7	35	30	3,137
7	35	31	1,856
7	35	37	4,939
7	35	49	4,939
7	35	52	4,112
7	35	63	2,486
7	35	64	2,223
7	35	66	5,294
7	35	73	14,56
7	35	79	26,656
7	35	83	4,04
7	35	85	9,375
7	35	86	5,713
7	35	87	17,49
7	35	88	7,637
7	35	95	7,162
7	35	97	7,383
7	35	98	11,517
7	37	6	0,54
7	37	12	6,082
7	37	13	2,635
7	37	19	9,038
7	37	22	3,916
7	37	24	5,502
7	37	25	0,582
7	37	26	4,155
7	37	27	0,553
7	37	30	1,608
7	37	31	4,409
7	37	35	5,304
7	37	49	5,501
7	37	52	10,085
7	37	63	5,41
7	37	64	22,362
7	37	66	31,91
7	37	73	0,501
7	37	79	21,372
7	37	83	2,688
7	37	85	4,467
7	37	86	4,919
7	37	87	5,201
7	37	88	0,59
7	37	95	4,502
7	37	97	1,489
7	37	98	0,945
7	49	6	20,488
7	49	12	4,332
7	49	13	2,996
7	49	19	2,044
7	49	22	8,836
7	49	24	3,353
7	49	25	2,91
7	49	26	23,804
7	49	27	3,861
7	49	30	1,396
7	49	31	5,462
7	49	35	6,641
7	49	37	10,552
7	49	52	4,337
7	49	63	22,629
7	49	64	21,372
7	49	66	16,736
7	49	73	1,429
7	49	79	2,588
7	49	83	6,433
7	49	85	1,496
7	49	86	6,795
7	49	87	10,864
7	49	88	1,886
7	49	95	9,098
7	49	97	10,399
7	49	98	0,824
7	52	6	1,388
7	52	12	1,265
7	52	13	3,497
7	52	19	2,479
7	52	22	2,621
7	52	24	3,055
7	52	25	6,593
7	52	26	8,27
7	52	27	2,785
7	52	30	2,756
7	52	31	5,584
7	52	35	3,308
7	52	37	4,513
7	52	49	9,232
7	52	63	2,343
7	52	64	4,304
7	52	66	7,179
7	52	73	1,016
7	52	79	0,885
7	52	83	2,399
7	52	85	1,816
7	52	86	14,473
7	52	87	11,349
7	52	88	2,627
7	52	95	3,057
7	52	97	4,406
7	52	98	11,273
7	63	6	7,698
7	63	12	4,086
7	63	13	6,275
7	63	19	5,417
7	63	22	14,459
7	63	24	20,04
7	63	25	22,74
7	63	26	0,606
7	63	27	7,286
7	63	30	3,701
7	63	31	3,404
7	63	35	3,967
7	63	37	5,758
7	63	49	4,426
7	63	52	0,553
7	63	64	5,734
7	63	66	18,868
7	63	73	14,368
7	63	79	9,898
7	63	83	4,577
7	63	85	7,396
7	63	86	0,969
7	63	87	2,181
7	63	88	1,723
7	63	95	1,033
7	63	97	2,506
7	63	98	6,13
7	64	6	0,589
7	64	12	2,578
7	64	13	0,925
7	64	19	0,938
7	64	22	15,483
7	64	24	5,666
7	64	25	6,409
7	64	26	1,369
7	64	27	6,654
7	64	30	6,592
7	64	31	2,849
7	64	35	4,678
7	64	37	15,662
7	64	49	1,316
7	64	52	5,156
7	64	63	24,58
7	64	66	9,629
7	64	73	2,011
7	64	79	30,675
7	64	83	2,483
7	64	85	6,076
7	64	86	3,139
7	64	87	0,975
7	64	88	5,578
7	64	95	1,227
7	64	97	2,043
7	64	98	6,712
7	66	6	3,602
7	66	12	5,222
7	66	13	3,127
7	66	19	1,387
7	66	22	2,892
7	66	24	6,291
7	66	25	8,198
7	66	26	3,871
7	66	27	7,959
7	66	30	0,526
7	66	31	1,09
7	66	35	8,064
7	66	37	7,245
7	66	49	8,916
7	66	52	1,08
7	66	63	11,711
7	66	64	5,851
7	66	73	7,948
7	66	79	1,857
7	66	83	1,178
7	66	85	0,903
7	66	86	3,494
7	66	87	10,878
7	66	88	0,508
7	66	95	0,721
7	66	97	6,485
7	66	98	37,145
7	73	6	9,701
7	73	12	1,481
7	73	13	11,59
7	73	19	19,384
7	73	22	8,369
7	73	24	22,898
7	73	25	7,498
7	73	26	8,805
7	73	27	1,251
7	73	30	0,721
7	73	31	2,924
7	73	35	1,374
7	73	37	1,922
7	73	49	1,513
7	73	52	5,64
7	73	63	4,705
7	73	64	27,891
7	73	66	1,056
7	73	79	1,542
7	73	83	5,659
7	73	85	6,344
7	73	86	0,693
7	73	87	5,675
7	73	88	0,813
7	73	95	2,798
7	73	97	6,268
7	73	98	0,761
7	79	6	12,934
7	79	12	7,537
7	79	13	2,26
7	79	19	0,692
7	79	22	15,373
7	79	24	6,236
7	79	25	7,08
7	79	26	8,391
7	79	27	17,934
7	79	30	6,932
7	79	31	8,919
7	79	35	2,335
7	79	37	5,052
7	79	49	12,928
7	79	52	2,53
7	79	63	7,162
7	79	64	7,583
7	79	66	4,426
7	79	73	1,424
7	79	83	3,607
7	79	85	13,064
7	79	86	6,45
7	79	87	5,806
7	79	88	4,032
7	79	95	3,383
7	79	97	33,57
7	79	98	7,259
7	83	6	10,432
7	83	12	1,564
7	83	13	3,741
7	83	19	0,727
7	83	22	25,643
7	83	24	7,876
7	83	25	4,291
7	83	26	10,451
7	83	27	8,143
7	83	30	30,475
7	83	31	2,079
7	83	35	1,346
7	83	37	2,334
7	83	49	5,607
7	83	52	5,718
7	83	63	7,04
7	83	64	3,923
7	83	66	5,405
7	83	73	3,777
7	83	79	7,899
7	83	85	6,348
7	83	86	3,101
7	83	87	14,442
7	83	88	14,469
7	83	95	15,918
7	83	97	7,684
7	83	98	1,939
7	85	6	6,666
7	85	12	16,965
7	85	13	4,556
7	85	19	5,734
7	85	22	3,408
7	85	24	4,966
7	85	25	0,586
7	85	26	7,384
7	85	27	6,696
7	85	30	0,717
7	85	31	2,794
7	85	35	0,661
7	85	37	8,992
7	85	49	2,16
7	85	52	1,855
7	85	63	1,347
7	85	64	1,928
7	85	66	1,232
7	85	73	4,395
7	85	79	11,016
7	85	83	5,933
7	85	86	3,706
7	85	87	12,406
7	85	88	1,154
7	85	95	4,176
7	85	97	6,083
7	85	98	1,592
7	86	6	2,916
7	86	12	3,056
7	86	13	8,364
7	86	19	0,593
7	86	22	6,939
7	86	24	22,957
7	86	25	0,615
7	86	26	5,288
7	86	27	13,066
7	86	30	4,982
7	86	31	1,295
7	86	35	20,57
7	86	37	12,716
7	86	49	0,72
7	86	52	16,518
7	86	63	6,997
7	86	64	2,226
7	86	66	3,287
7	86	73	10,064
7	86	79	1,637
7	86	83	3,52
7	86	85	0,858
7	86	87	2,421
7	86	88	5,946
7	86	95	5,881
7	86	97	6,597
7	86	98	9,214
7	87	6	2,731
7	87	12	2,506
7	87	13	2,649
7	87	19	2,608
7	87	22	2,218
7	87	24	3,478
7	87	25	10,576
7	87	26	12,098
7	87	27	7,719
7	87	30	4,775
7	87	31	1,518
7	87	35	4,755
7	87	37	3,926
7	87	49	4,386
7	87	52	3,834
7	87	63	0,65
7	87	64	0,713
7	87	66	3,474
7	87	73	4,972
7	87	79	28,104
7	87	83	1,334
7	87	85	1,369
7	87	86	16,282
7	87	88	19,687
7	87	95	0,515
7	87	97	2,037
7	87	98	2,947
7	88	6	3,408
7	88	12	1,846
7	88	13	1,349
7	88	19	1,136
7	88	22	4,207
7	88	24	21,99
7	88	25	1,126
7	88	26	11,564
7	88	27	1,433
7	88	30	5,389
7	88	31	18,494
7	88	35	5,128
7	88	37	7,222
7	88	49	1,365
7	88	52	1,552
7	88	63	7,551
7	88	64	3,461
7	88	66	2,23
7	88	73	3,479
7	88	79	0,748
7	88	83	3,886
7	88	85	32,914
7	88	86	1,132
7	88	87	0,704
7	88	95	4,467
7	88	97	8,323
7	88	98	4,446
7	95	6	8,477
7	95	12	0,815
7	95	13	0,516
7	95	19	0,932
7	95	22	21,962
7	95	24	5,718
7	95	25	1,836
7	95	26	12,123
7	95	27	9,716
7	95	30	4,076
7	95	31	4,369
7	95	35	7,463
7	95	37	2,831
7	95	49	2,25
7	95	52	6,194
7	95	63	10,21
7	95	64	3,506
7	95	66	5,617
7	95	73	8,238
7	95	79	11,983
7	95	83	6,886
7	95	85	0,722
7	95	86	1,894
7	95	87	0,835
7	95	88	21,744
7	95	97	40,609
7	95	98	2,023
7	97	6	14,212
7	97	12	0,573
7	97	13	3,392
7	97	19	4,992
7	97	22	2,649
7	97	24	1,235
7	97	25	5,713
7	97	26	1,449
7	97	27	2,485
7	97	30	3,774
7	97	31	1,391
7	97	35	14,37
7	97	37	4,331
7	97	49	2,835
7	97	52	3,011
7	97	63	3,235
7	97	64	8,188
7	97	66	1,215
7	97	73	4,835
7	97	79	2,034
7	97	83	6,587
7	97	85	1,486
7	97	86	16,431
7	97	87	4,067
7	97	88	1,135
7	97	95	1,416
7	97	98	33,317
7	98	6	4,644
7	98	12	15,742
7	98	13	10,874
7	98	19	1,988
7	98	22	3,07
7	98	24	1,547
7	98	25	13,585
7	98	26	0,912
7	98	27	8,708
7	98	30	13,667
7	98	31	5,697
7	98	35	11,335
7	98	37	8,031
7	98	49	9,57
7	98	52	13,884
7	98	63	0,57
7	98	64	3,095
7	98	66	1,798
7	98	73	12,939
7	98	79	5,397
7	98	83	0,606
7	98	85	4,964
7	98	86	2,351
7	98	87	7,845
7	98	88	9,488
7	98	95	14,766
7	98	97	25,4
8	13	17	3,082
8	13	18	0,759
8	13	19	6,083
8	13	28	2,889
8	13	29	6,658
8	13	33	1,325
8	13	37	3,103
8	13	40	6,398
8	13	47	4,346
8	13	48	2,519
8	13	53	1,481
8	13	58	6,826
8	13	75	1,289
8	13	81	1,502
8	13	84	7,416
8	13	85	10,146
8	13	90	5,042
8	13	92	3,072
8	13	93	1,635
8	17	13	4,965
8	17	18	8,421
8	17	19	3,71
8	17	28	12,705
8	17	29	9,379
8	17	33	22,529
8	17	37	1,942
8	17	40	19,728
8	17	47	6,161
8	17	48	6,083
8	17	53	2,827
8	17	58	8,815
8	17	75	0,774
8	17	81	12,293
8	17	84	0,978
8	17	85	8,562
8	17	90	6,327
8	17	92	0,628
8	17	93	0,691
8	18	13	0,797
8	18	17	21,118
8	18	19	9,462
8	18	28	1,765
8	18	29	15,849
8	18	33	9,955
8	18	37	18,696
8	18	40	2,296
8	18	47	0,703
8	18	48	13,82
8	18	53	1,807
8	18	58	0,632
8	18	75	5,067
8	18	81	11,393
8	18	84	2,475
8	18	85	2,441
8	18	90	1,413
8	18	92	10,802
8	18	93	2,139
8	19	13	2,242
8	19	17	23,884
8	19	18	5,56
8	19	28	5,493
8	19	29	12,278
8	19	33	3,798
8	19	37	0,931
8	19	40	9,1
8	19	47	7,054
8	19	48	8,83
8	19	53	17,314
8	19	58	8,195
8	19	75	3,733
8	19	81	1,554
8	19	84	1,75
8	19	85	6,808
8	19	90	7,523
8	19	92	1,794
8	19	93	5,566
8	28	13	2,72
8	28	17	13,655
8	28	18	1,177
8	28	19	9,231
8	28	29	0,728
8	28	33	4,512
8	28	37	0,765
8	28	40	0,937
8	28	47	16,765
8	28	48	3,741
8	28	53	11,931
8	28	58	1,697
8	28	75	4,468
8	28	81	5,397
8	28	84	22,787
8	28	85	2,575
8	28	90	12,948
8	28	92	9,495
8	28	93	5,57
8	29	13	7,089
8	29	17	1,717
8	29	18	8,594
8	29	19	42,507
8	29	28	1,435
8	29	33	2,944
8	29	37	2,077
8	29	40	2,101
8	29	47	0,858
8	29	48	3,724
8	29	53	2,644
8	29	58	0,502
8	29	75	6,709
8	29	81	3,778
8	29	84	10,423
8	29	85	15,859
8	29	90	1,591
8	29	92	9,424
8	29	93	9,491
8	33	13	0,747
8	33	17	0,959
8	33	18	4,207
8	33	19	6,392
8	33	28	6,313
8	33	29	10,296
8	33	37	7,39
8	33	40	6,833
8	33	47	8,875
8	33	48	1,384
8	33	53	1,349
8	33	58	21,48
8	33	75	7,463
8	33	81	0,787
8	33	84	8,306
8	33	85	21,446
8	33	90	10,6
8	33	92	4,221
8	33	93	7,875
8	37	13	26,769
8	37	17	1,172
8	37	18	4,332
8	37	19	6,187
8	37	28	5,348
8	37	29	2,334
8	37	33	0,882
8	37	40	1,307
8	37	47	14,058
8	37	48	10,977
8	37	53	2,328
8	37	58	5,1
8	37	75	2,4
8	37	81	5,847
8	37	84	3,746
8	37	85	8,715
8	37	90	0,859
8	37	92	1,962
8	37	93	2,568
8	40	13	1,112
8	40	17	15,566
8	40	18	2,408
8	40	19	1,137
8	40	28	2,84
8	40	29	10,736
8	40	33	1,266
8	40	37	10,776
8	40	47	0,755
8	40	48	10,694
8	40	53	2,67
8	40	58	2,125
8	40	75	1,066
8	40	81	15,177
8	40	84	2,664
8	40	85	2,653
8	40	90	0,672
8	40	92	2,646
8	40	93	5,953
8	47	13	2,533
8	47	17	1,267
8	47	18	12,946
8	47	19	0,626
8	47	28	4,823
8	47	29	1,65
8	47	33	3,129
8	47	37	18,99
8	47	40	1,627
8	47	48	10,747
8	47	53	0,804
8	47	58	4,079
8	47	75	0,594
8	47	81	0,857
8	47	84	3,654
8	47	85	7,961
8	47	90	5,177
8	47	92	0,794
8	47	93	8,191
8	48	13	3,324
8	48	17	8,89
8	48	18	2,957
8	48	19	0,923
8	48	28	2,093
8	48	29	3,553
8	48	33	1,572
8	48	37	16,316
8	48	40	0,914
8	48	47	7,321
8	48	53	17,358
8	48	58	1,406
8	48	75	4,791
8	48	81	25,534
8	48	84	2,484
8	48	85	10,482
8	48	90	7,538
8	48	92	3,547
8	48	93	2,912
8	53	13	0,653
8	53	17	8,916
8	53	18	3,824
8	53	19	0,622
8	53	28	5,344
8	53	29	1,418
8	53	33	11,427
8	53	37	19,42
8	53	40	3,767
8	53	47	13,518
8	53	48	5,413
8	53	58	1,892
8	53	75	1,345
8	53	81	6,267
8	53	84	13,185
8	53	85	0,877
8	53	90	1,295
8	53	92	14,096
8	53	93	4,62
8	58	13	7,52
8	58	17	4,934
8	58	18	1,686
8	58	19	20,681
8	58	28	6,022
8	58	29	2,844
8	58	33	2,924
8	58	37	14,683
8	58	40	2,803
8	58	47	0,746
8	58	48	3,449
8	58	53	22,973
8	58	75	25,119
8	58	81	1,451
8	58	84	17,403
8	58	85	1,976
8	58	90	16,304
8	58	92	4,733
8	58	93	6,293
8	75	13	3,155
8	75	17	0,535
8	75	18	1,454
8	75	19	9,247
8	75	28	0,566
8	75	29	1,943
8	75	33	9,836
8	75	37	3,087
8	75	40	19,812
8	75	47	5,36
8	75	48	7,62
8	75	53	5,348
8	75	58	2,46
8	75	81	3,709
8	75	84	2,759
8	75	85	6,442
8	75	90	4,608
8	75	92	0,815
8	75	93	9,818
8	81	13	4,339
8	81	17	1,155
8	81	18	1,663
8	81	19	9,469
8	81	28	14,602
8	81	29	1,339
8	81	33	1,244
8	81	37	8,575
8	81	40	1,601
8	81	47	14,882
8	81	48	5,71
8	81	53	4,483
8	81	58	2,227
8	81	75	1,918
8	81	84	3,758
8	81	85	3,201
8	81	90	16,621
8	81	92	4,819
8	81	93	4,807
8	84	13	9,773
8	84	17	1,36
8	84	18	0,651
8	84	19	6,988
8	84	28	1,357
8	84	29	10,359
8	84	33	2,131
8	84	37	6,542
8	84	40	14,711
8	84	47	4,279
8	84	48	0,97
8	84	53	0,758
8	84	58	4,459
8	84	75	3,29
8	84	81	2,233
8	84	85	19,803
8	84	90	3,737
8	84	92	5,62
8	84	93	16,478
8	85	13	1,745
8	85	17	2,195
8	85	18	5,407
8	85	19	12,087
8	85	28	0,991
8	85	29	1,436
8	85	33	4,828
8	85	37	0,916
8	85	40	2,182
8	85	47	2,071
8	85	48	11,084
8	85	53	2,055
8	85	58	12,577
8	85	75	1,754
8	85	81	1,011
8	85	84	0,845
8	85	90	9,975
8	85	92	0,82
8	85	93	14,223
8	90	13	13,152
8	90	17	2,122
8	90	18	3,9
8	90	19	1,475
8	90	28	1,336
8	90	29	1,096
8	90	33	5,125
8	90	37	2,832
8	90	40	3,559
8	90	47	5,787
8	90	48	2,172
8	90	53	12,478
8	90	58	10,548
8	90	75	6,692
8	90	81	3,264
8	90	84	1,808
8	90	85	4,108
8	90	92	3,847
8	90	93	9,086
8	92	13	0,586
8	92	17	1,602
8	92	18	2,556
8	92	19	4,626
8	92	28	12,471
8	92	29	7,451
8	92	33	1,776
8	92	37	0,626
8	92	40	7,056
8	92	47	1,122
8	92	48	9,389
8	92	53	0,537
8	92	58	6,921
8	92	75	3,869
8	92	81	5,474
8	92	84	10,221
8	92	85	1,168
8	92	90	7,638
8	92	93	8,025
8	93	13	10,148
8	93	17	7,336
8	93	18	9,783
8	93	19	3,31
8	93	28	7,152
8	93	29	3,452
8	93	33	6,122
8	93	37	1,484
8	93	40	3,76
8	93	47	5,227
8	93	48	1,138
8	93	53	0,911
8	93	58	3,59
8	93	75	31,732
8	93	81	9,704
8	93	84	5,868
8	93	85	2,025
8	93	90	19,189
8	93	92	2,727
9	11	16	0,532
9	11	21	6,549
9	11	34	4,987
9	11	36	2,026
9	11	39	5,866
9	11	43	14,766
9	11	53	8,464
9	11	60	3,878
9	11	61	2,952
9	11	64	2,093
9	11	71	2,973
9	11	72	13,332
9	11	73	7,223
9	11	77	2,206
9	11	78	2,091
9	11	80	8,665
9	11	82	3,278
9	11	87	1,751
9	11	89	3,98
9	11	98	4,54
9	16	11	5,831
9	16	21	0,502
9	16	34	8,043
9	16	36	2,163
9	16	39	4,708
9	16	43	11,59
9	16	53	4,598
9	16	60	5,927
9	16	61	2,111
9	16	64	4,299
9	16	71	2,424
9	16	72	10,98
9	16	73	2,83
9	16	77	28,246
9	16	78	2,352
9	16	80	1,272
9	16	82	1,803
9	16	87	1,863
9	16	89	1,556
9	16	98	0,703
9	21	11	3,37
9	21	16	14,153
9	21	34	5,319
9	21	36	12,539
9	21	39	11,507
9	21	43	1,523
9	21	53	3,513
9	21	60	1,717
9	21	61	4,501
9	21	64	4,715
9	21	71	3,568
9	21	72	10,843
9	21	73	4,417
9	21	77	43,329
9	21	78	2,229
9	21	80	6,374
9	21	82	11,833
9	21	87	3,99
9	21	89	16,97
9	21	98	5,83
9	34	11	6,394
9	34	16	3,704
9	34	21	11,911
9	34	36	0,594
9	34	39	4,932
9	34	43	4,383
9	34	53	3,938
9	34	60	11,906
9	34	61	2,651
9	34	64	1,09
9	34	71	4,912
9	34	72	6,019
9	34	73	8,124
9	34	77	8,023
9	34	78	1,49
9	34	80	12,47
9	34	82	1,658
9	34	87	5,191
9	34	89	4,767
9	34	98	6,483
9	36	11	3,154
9	36	16	1,834
9	36	21	1,025
9	36	34	9,771
9	36	39	2,961
9	36	43	10,511
9	36	53	1,131
9	36	60	2,093
9	36	61	3,844
9	36	64	1,521
9	36	71	10,727
9	36	72	3,354
9	36	73	5,178
9	36	77	1,537
9	36	78	2,051
9	36	80	14,075
9	36	82	8,114
9	36	87	9,579
9	36	89	13,047
9	36	98	1,364
9	39	11	1,169
9	39	16	11,505
9	39	21	1,977
9	39	34	1,603
9	39	36	4,007
9	39	43	13,983
9	39	53	8,341
9	39	60	1,247
9	39	61	0,565
9	39	64	2,223
9	39	71	1,057
9	39	72	9,298
9	39	73	1,358
9	39	77	10,111
9	39	78	6,408
9	39	80	6,929
9	39	82	0,769
9	39	87	10,621
9	39	89	23,05
9	39	98	2,058
9	43	11	0,609
9	43	16	2,16
9	43	21	5,837
9	43	34	6,712
9	43	36	0,606
9	43	39	1,158
9	43	53	4,433
9	43	60	2,917
9	43	61	16,209
9	43	64	26,997
9	43	71	4,532
9	43	72	1,103
9	43	73	2,737
9	43	77	2,333
9	43	78	14,203
9	43	80	5,752
9	43	82	4,06
9	43	87	12,605
9	43	89	9,689
9	43	98	2,014
9	53	11	8,271
9	53	16	18,477
9	53	21	0,561
9	53	34	1,454
9	53	36	2,886
9	53	39	1,717
9	53	43	2,422
9	53	60	7,942
9	53	61	2,527
9	53	64	14,329
9	53	71	2,167
9	53	72	1,213
9	53	73	5,703
9	53	77	6,782
9	53	78	3,245
9	53	80	2,172
9	53	82	8,198
9	53	87	1,013
9	53	89	2,301
9	53	98	2,689
9	60	11	0,794
9	60	16	6,833
9	60	21	10,051
9	60	34	3,609
9	60	36	2,443
9	60	39	2,981
9	60	43	6,412
9	60	53	2,65
9	60	61	6,616
9	60	64	10,989
9	60	71	12,329
9	60	72	3,203
9	60	73	4,249
9	60	77	2,016
9	60	78	2,637
9	60	80	4,454
9	60	82	5,463
9	60	87	2,77
9	60	89	22,455
9	60	98	1,752
9	61	11	19,645
9	61	16	1,548
9	61	21	2,53
9	61	34	7,907
9	61	36	0,814
9	61	39	0,887
9	61	43	11,442
9	61	53	19,103
9	61	60	1,119
9	61	64	6,254
9	61	71	3,089
9	61	72	8,056
9	61	73	5,067
9	61	77	2,289
9	61	78	4,404
9	61	80	1,295
9	61	82	7,794
9	61	87	6,942
9	61	89	4,382
9	61	98	2,947
9	64	11	1,079
9	64	16	12,11
9	64	21	16,662
9	64	34	9,9
9	64	36	1,324
9	64	39	6,515
9	64	43	2,852
9	64	53	5,652
9	64	60	13,331
9	64	61	8,863
9	64	71	1,138
9	64	72	3,115
9	64	73	11,821
9	64	77	6,171
9	64	78	0,637
9	64	80	12,548
9	64	82	6,157
9	64	87	12,903
9	64	89	6,649
9	64	98	3,116
9	71	11	16,778
9	71	16	3,447
9	71	21	15,137
9	71	34	2,564
9	71	36	2,031
9	71	39	3,003
9	71	43	2,446
9	71	53	29,593
9	71	60	25,462
9	71	61	4,177
9	71	64	4,57
9	71	72	12,229
9	71	73	1,096
9	71	77	2,699
9	71	78	2,927
9	71	80	8,949
9	71	82	4,204
9	71	87	6,623
9	71	89	8,446
9	71	98	5,446
9	72	11	0,965
9	72	16	8,34
9	72	21	2,648
9	72	34	8,259
9	72	36	5,028
9	72	39	0,75
9	72	43	15,125
9	72	53	13,517
9	72	60	4,791
9	72	61	3,568
9	72	64	11,257
9	72	71	1,223
9	72	73	4,109
9	72	77	1,33
9	72	78	1,143
9	72	80	1,627
9	72	82	9,128
9	72	87	3,672
9	72	89	0,85
9	72	98	1,173
9	73	11	12,872
9	73	16	2,064
9	73	21	4,732
9	73	34	5,317
9	73	36	4,061
9	73	39	1,536
9	73	43	3,445
9	73	53	11,481
9	73	60	0,61
9	73	61	2,393
9	73	64	0,986
9	73	71	8,367
9	73	72	8,354
9	73	77	4,649
9	73	78	3,46
9	73	80	0,797
9	73	82	11,885
9	73	87	3,508
9	73	89	2,083
9	73	98	1,264
9	77	11	2,464
9	77	16	3,945
9	77	21	1,02
9	77	34	7,623
9	77	36	22,584
9	77	39	2,862
9	77	43	9,483
9	77	53	9,503
9	77	60	8,013
9	77	61	7,001
9	77	64	18,154
9	77	71	1,784
9	77	72	4,192
9	77	73	16,749
9	77	78	12,739
9	77	80	2,596
9	77	82	18,627
9	77	87	1,299
9	77	89	2,683
9	77	98	1,657
9	78	11	1,723
9	78	16	1,267
9	78	21	1,41
9	78	34	6,793
9	78	36	8,978
9	78	39	6,124
9	78	43	0,601
9	78	53	0,921
9	78	60	2,422
9	78	61	0,957
9	78	64	4,17
9	78	71	5,807
9	78	72	4,833
9	78	73	0,747
9	78	77	4,748
9	78	80	8,299
9	78	82	9,033
9	78	87	3,409
9	78	89	2,793
9	78	98	10,252
9	80	11	0,765
9	80	16	1,019
9	80	21	11,73
9	80	34	2,431
9	80	36	1,725
9	80	39	2,234
9	80	43	1,009
9	80	53	11,608
9	80	60	3,615
9	80	61	0,568
9	80	64	0,612
9	80	71	6,28
9	80	72	5,734
9	80	73	4,556
9	80	77	1,078
9	80	78	4,107
9	80	82	7,139
9	80	87	2,627
9	80	89	8,69
9	80	98	6,201
9	82	11	8,07
9	82	16	2,43
9	82	21	17,913
9	82	34	3,932
9	82	36	4,374
9	82	39	3,864
9	82	43	6,347
9	82	53	3,292
9	82	60	1,103
9	82	61	15,566
9	82	64	4,453
9	82	71	2,61
9	82	72	11,079
9	82	73	1,328
9	82	77	4,273
9	82	78	5,563
9	82	80	0,566
9	82	87	3,202
9	82	89	12,519
9	82	98	5,928
9	87	11	5,795
9	87	16	1,46
9	87	21	7,909
9	87	34	42,096
9	87	36	2,118
9	87	39	6,096
9	87	43	1,556
9	87	53	103,668
9	87	60	2,396
9	87	61	3,186
9	87	64	8,895
9	87	71	3,82
9	87	72	3,924
9	87	73	7,033
9	87	77	2,389
9	87	78	0,597
9	87	80	15,912
9	87	82	1,437
9	87	89	3,957
9	87	98	2,388
9	89	11	6,223
9	89	16	1,502
9	89	21	4,068
9	89	34	1,447
9	89	36	4,341
9	89	39	1,092
9	89	43	0,662
9	89	53	17,444
9	89	60	1,155
9	89	61	5,328
9	89	64	1,069
9	89	71	7,506
9	89	72	3,511
9	89	73	2,458
9	89	77	7,434
9	89	78	6,151
9	89	80	29,471
9	89	82	6,681
9	89	87	12,41
9	89	98	16,136
9	98	11	20,305
9	98	16	6,294
9	98	21	14,175
9	98	34	6,555
9	98	36	2,287
9	98	39	10,801
9	98	43	7,368
9	98	53	19,122
9	98	60	3,619
9	98	61	6,092
9	98	64	0,888
9	98	71	3,718
9	98	72	6,537
9	98	73	5,634
9	98	77	6,467
9	98	78	7,668
9	98	80	11,744
9	98	82	6,517
9	98	87	1,759
9	98	89	2,982
10	2	6	2,309
10	2	8	7,01
10	2	10	1,926
10	2	16	2,556
10	2	17	3,245
10	2	20	1,623
10	2	24	9,026
10	2	26	0,6
10	2	30	1,009
10	2	32	2,825
10	2	34	11,078
10	2	37	19,279
10	2	51	12,73
10	2	55	11,84
10	2	60	0,666
10	2	66	5,293
10	2	70	4,853
10	2	75	2,044
10	2	79	4,507
10	2	81	1,76
10	2	83	9,085
10	2	86	2,367
10	2	88	1,175
10	2	90	19,019
10	2	91	4,001
10	2	92	4,038
10	2	94	2,864
10	2	95	1,417
10	2	96	8,682
10	2	98	2,052
10	6	2	0,965
10	6	8	2,176
10	6	10	2,437
10	6	16	3,365
10	6	17	1,271
10	6	20	1,973
10	6	24	33,348
10	6	26	0,676
10	6	30	6,903
10	6	32	12,009
10	6	34	1,46
10	6	37	8,228
10	6	51	15,005
10	6	55	3,095
10	6	60	4,115
10	6	66	5,756
10	6	70	0,906
10	6	75	6,221
10	6	79	0,686
10	6	81	4,018
10	6	83	2,869
10	6	86	2,66
10	6	88	6,595
10	6	90	0,607
10	6	91	4,666
10	6	92	6,24
10	6	94	12,005
10	6	95	21,215
10	6	96	2,983
10	6	98	1,12
10	8	2	0,927
10	8	6	6,406
10	8	10	0,739
10	8	16	7,224
10	8	17	32,292
10	8	20	4,275
10	8	24	7,364
10	8	26	8,568
10	8	30	0,814
10	8	32	4,002
10	8	34	4,891
10	8	37	3,811
10	8	51	2,384
10	8	55	20,15
10	8	60	1,225
10	8	66	2,421
10	8	70	1,474
10	8	75	5,411
10	8	79	1,467
10	8	81	9,139
10	8	83	0,577
10	8	86	8,195
10	8	88	1,252
10	8	90	13,582
10	8	91	3,201
10	8	92	6,248
10	8	94	6,69
10	8	95	1,613
10	8	96	24,653
10	8	98	15,05
10	10	2	4,097
10	10	6	9,199
10	10	8	0,867
10	10	16	1,923
10	10	17	5,725
10	10	20	1,588
10	10	24	1,345
10	10	26	1,584
10	10	30	15,771
10	10	32	7,84
10	10	34	1,302
10	10	37	4,787
10	10	51	2,435
10	10	55	1,924
10	10	60	4,935
10	10	66	20,43
10	10	70	1,846
10	10	75	8,419
10	10	79	2,751
10	10	81	1,032
10	10	83	0,534
10	10	86	0,804
10	10	88	3,521
10	10	90	2,421
10	10	91	7,982
10	10	92	4,429
10	10	94	0,899
10	10	95	13,335
10	10	96	1,867
10	10	98	8,411
10	16	2	2,964
10	16	6	3,397
10	16	8	12,829
10	16	10	7,514
10	16	17	4,292
10	16	20	1,003
10	16	24	1,664
10	16	26	0,766
10	16	30	1,935
10	16	32	1,023
10	16	34	4,986
10	16	37	4,631
10	16	51	6,454
10	16	55	2,411
10	16	60	12,998
10	16	66	0,639
10	16	70	18,741
10	16	75	1,49
10	16	79	4,444
10	16	81	7,253
10	16	83	0,515
10	16	86	16,522
10	16	88	6,729
10	16	90	4,17
10	16	91	9,977
10	16	92	20,528
10	16	94	1,457
10	16	95	6,588
10	16	96	3,801
10	16	98	9,726
10	17	2	4,501
10	17	6	4,536
10	17	8	15,094
10	17	10	2,285
10	17	16	0,602
10	17	20	7,507
10	17	24	2,257
10	17	26	5,454
10	17	30	13,845
10	17	32	1,212
10	17	34	9,476
10	17	37	5,19
10	17	51	5,66
10	17	55	16,019
10	17	60	1,849
10	17	66	5,279
10	17	70	10,456
10	17	75	1,036
10	17	79	3,182
10	17	81	13,882
10	17	83	0,51
10	17	86	12,519
10	17	88	20,636
10	17	90	24,889
10	17	91	5,165
10	17	92	6,668
10	17	94	4,255
10	17	95	10,344
10	17	96	8,935
10	17	98	2,732
10	20	2	1,002
10	20	6	1,008
10	20	8	3,727
10	20	10	10,204
10	20	16	3,16
10	20	17	2,104
10	20	24	11,41
10	20	26	2,975
10	20	30	4,922
10	20	32	2,089
10	20	34	9,918
10	20	37	1,833
10	20	51	20,16
10	20	55	3,257
10	20	60	2,295
10	20	66	14,582
10	20	70	6,353
10	20	75	5,183
10	20	79	0,952
10	20	81	2,717
10	20	83	4,579
10	20	86	2,386
10	20	88	8,612
10	20	90	13,419
10	20	91	0,829
10	20	92	4,959
10	20	94	0,776
10	20	95	2,692
10	20	96	2,227
10	20	98	3,773
10	24	2	3,465
10	24	6	14,517
10	24	8	0,616
10	24	10	2,114
10	24	16	14,423
10	24	17	4,698
10	24	20	3,802
10	24	26	8,5
10	24	30	18,519
10	24	32	3,832
10	24	34	24,288
10	24	37	2,664
10	24	51	3,705
10	24	55	0,669
10	24	60	3,51
10	24	66	1,925
10	24	70	0,569
10	24	75	7,804
10	24	79	14,109
10	24	81	5,996
10	24	83	4,317
10	24	86	1,243
10	24	88	6,749
10	24	90	4,632
10	24	91	2,549
10	24	92	15,516
10	24	94	3,535
10	24	95	5,928
10	24	96	0,997
10	24	98	19,486
10	26	2	1,329
10	26	6	6,615
10	26	8	6,014
10	26	10	0,906
10	26	16	3,241
10	26	17	1,154
10	26	20	19,707
10	26	24	7,251
10	26	30	1,966
10	26	32	3,429
10	26	34	3,239
10	26	37	2,154
10	26	51	10,014
10	26	55	9,14
10	26	60	1,207
10	26	66	0,571
10	26	70	20,502
10	26	75	3,624
10	26	79	1,28
10	26	81	5,289
10	26	83	3,207
10	26	86	4,798
10	26	88	1,755
10	26	90	8,497
10	26	91	5,078
10	26	92	10,278
10	26	94	3,285
10	26	95	7,472
10	26	96	3,422
10	26	98	3,095
10	30	2	5,022
10	30	6	5,392
10	30	8	6,155
10	30	10	0,961
10	30	16	3,686
10	30	17	0,707
10	30	20	4,951
10	30	24	5,422
10	30	26	5,029
10	30	32	13,94
10	30	34	9,389
10	30	37	1,67
10	30	51	12,284
10	30	55	6,917
10	30	60	10,54
10	30	66	3,34
10	30	70	5,18
10	30	75	9,317
10	30	79	1,931
10	30	81	0,683
10	30	83	9,622
10	30	86	1,112
10	30	88	3,349
10	30	90	3,381
10	30	91	3,145
10	30	92	4,21
10	30	94	6,812
10	30	95	2,499
10	30	96	1,179
10	30	98	12,476
10	32	2	2,929
10	32	6	5,747
10	32	8	3,969
10	32	10	7,839
10	32	16	2,406
10	32	17	2,779
10	32	20	5,098
10	32	24	1,293
10	32	26	1,154
10	32	30	2,212
10	32	34	6,282
10	32	37	5,613
10	32	51	14,418
10	32	55	14,777
10	32	60	1,527
10	32	66	20,649
10	32	70	19,86
10	32	75	10,248
10	32	79	7,693
10	32	81	1,823
10	32	83	9,837
10	32	86	0,632
10	32	88	9,443
10	32	90	2,086
10	32	91	2,52
10	32	92	1,809
10	32	94	6,128
10	32	95	18,373
10	32	96	4,324
10	32	98	1,406
10	34	2	5,086
10	34	6	14,07
10	34	8	4,996
10	34	10	9,638
10	34	16	15,305
10	34	17	8,33
10	34	20	2,354
10	34	24	4,84
10	34	26	2,673
10	34	30	14,999
10	34	32	2,689
10	34	37	10,123
10	34	51	1,912
10	34	55	7,298
10	34	60	4,457
10	34	66	1,636
10	34	70	14,523
10	34	75	3,11
10	34	79	3,786
10	34	81	2,582
10	34	83	20,839
10	34	86	0,732
10	34	88	1,1
10	34	90	2,579
10	34	91	27,663
10	34	92	6,867
10	34	94	0,566
10	34	95	4,903
10	34	96	9,846
10	34	98	5,901
10	37	2	2,562
10	37	6	5,611
10	37	8	2,088
10	37	10	1,441
10	37	16	19,506
10	37	17	11,706
10	37	20	3,334
10	37	24	1,645
10	37	26	15,136
10	37	30	1,817
10	37	32	0,641
10	37	34	3,736
10	37	51	1,24
10	37	55	9,468
10	37	60	9,626
10	37	66	3,243
10	37	70	5,025
10	37	75	3,813
10	37	79	4,88
10	37	81	5,765
10	37	83	39,213
10	37	86	2,87
10	37	88	9,731
10	37	90	3,012
10	37	91	10,39
10	37	92	7,447
10	37	94	2,833
10	37	95	1,579
10	37	96	16,012
10	37	98	25,322
10	51	2	1,43
10	51	6	1,441
10	51	8	20,311
10	51	10	5,603
10	51	16	6,992
10	51	17	6,283
10	51	20	2,684
10	51	24	0,947
10	51	26	0,718
10	51	30	0,916
10	51	32	0,748
10	51	34	0,931
10	51	37	0,859
10	51	55	4,728
10	51	60	16,916
10	51	66	6,868
10	51	70	22,03
10	51	75	0,507
10	51	79	1,728
10	51	81	6,928
10	51	83	16,265
10	51	86	1,668
10	51	88	7,749
10	51	90	4,613
10	51	91	3,904
10	51	92	13,475
10	51	94	6,49
10	51	95	9,722
10	51	96	1,636
10	51	98	1,142
10	55	2	3,578
10	55	6	2,987
10	55	8	16,678
10	55	10	0,535
10	55	16	0,801
10	55	17	3,827
10	55	20	1,281
10	55	24	7,156
10	55	26	7,61
10	55	30	7,622
10	55	32	0,577
10	55	34	4,96
10	55	37	6,391
10	55	51	1,448
10	55	60	25,512
10	55	66	4,726
10	55	70	0,834
10	55	75	3,281
10	55	79	7,525
10	55	81	2,339
10	55	83	7,972
10	55	86	1,958
10	55	88	0,875
10	55	90	23,055
10	55	91	6,868
10	55	92	4,805
10	55	94	0,599
10	55	95	3,286
10	55	96	0,674
10	55	98	4,352
10	60	2	6,642
10	60	6	5,433
10	60	8	10,679
10	60	10	10,056
10	60	16	11,63
10	60	17	2,14
10	60	20	5,268
10	60	24	5,662
10	60	26	0,516
10	60	30	2,719
10	60	32	5,684
10	60	34	16,516
10	60	37	1,759
10	60	51	3,833
10	60	55	12,427
10	60	66	2,458
10	60	70	4,842
10	60	75	1,907
10	60	79	3,058
10	60	81	2,302
10	60	83	1,782
10	60	86	5,097
10	60	88	5,072
10	60	90	8,555
10	60	91	1,565
10	60	92	1,604
10	60	94	6,038
10	60	95	8,496
10	60	96	4,151
10	60	98	1,037
10	66	2	4,624
10	66	6	0,553
10	66	8	0,767
10	66	10	1,201
10	66	16	5,46
10	66	17	6,912
10	66	20	1,44
10	66	24	3,458
10	66	26	1,64
10	66	30	5,506
10	66	32	3,817
10	66	34	1,045
10	66	37	0,626
10	66	51	1,169
10	66	55	1,593
10	66	60	11,177
10	66	70	11,212
10	66	75	5,092
10	66	79	0,967
10	66	81	2,211
10	66	83	8,497
10	66	86	5,785
10	66	88	6,79
10	66	90	3,527
10	66	91	3,812
10	66	92	7,7
10	66	94	11,485
10	66	95	1,443
10	66	96	3,561
10	66	98	5,812
10	70	2	3,281
10	70	6	3,829
10	70	8	3,751
10	70	10	1,938
10	70	16	7,095
10	70	17	3,529
10	70	20	2,665
10	70	24	5,42
10	70	26	6,348
10	70	30	11,582
10	70	32	2,365
10	70	34	1,818
10	70	37	5,724
10	70	51	1,051
10	70	55	4,398
10	70	60	2,105
10	70	66	2,539
10	70	75	6,307
10	70	79	6,553
10	70	81	3,784
10	70	83	13,362
10	70	86	7,187
10	70	88	10,42
10	70	90	4,974
10	70	91	1,524
10	70	92	5,989
10	70	94	6,418
10	70	95	0,713
10	70	96	1,931
10	70	98	6,588
10	75	2	6,216
10	75	6	30,694
10	75	8	4,027
10	75	10	19,906
10	75	16	15,032
10	75	17	7,042
10	75	20	8,463
10	75	24	0,646
10	75	26	0,765
10	75	30	1,239
10	75	32	3,276
10	75	34	14,683
10	75	37	6,763
10	75	51	18,322
10	75	55	14,684
10	75	60	0,85
10	75	66	7,066
10	75	70	2,4
10	75	79	19,064
10	75	81	2,033
10	75	83	4,314
10	75	86	3,168
10	75	88	1,282
10	75	90	4,102
10	75	91	6,911
10	75	92	5,786
10	75	94	3,108
10	75	95	1,037
10	75	96	2,106
10	75	98	7,892
10	79	2	14,303
10	79	6	4,185
10	79	8	1,859
10	79	10	5,865
10	79	16	5,831
10	79	17	3,423
10	79	20	2,032
10	79	24	6,541
10	79	26	3,452
10	79	30	4,927
10	79	32	4,911
10	79	34	17,465
10	79	37	3,038
10	79	51	8,917
10	79	55	12,236
10	79	60	3,915
10	79	66	5,238
10	79	70	0,962
10	79	75	6,893
10	79	81	6,649
10	79	83	7,504
10	79	86	1,216
10	79	88	2,155
10	79	90	4,206
10	79	91	11,659
10	79	92	3,428
10	79	94	8,521
10	79	95	14,361
10	79	96	3,367
10	79	98	4,922
10	81	2	9,041
10	81	6	17,626
10	81	8	11,501
10	81	10	1,55
10	81	16	0,868
10	81	17	5,05
10	81	20	2,851
10	81	24	6,247
10	81	26	0,913
10	81	30	20,925
10	81	32	11,228
10	81	34	2,711
10	81	37	0,766
10	81	51	14,19
10	81	55	15,096
10	81	60	8,471
10	81	66	15,853
10	81	70	10,932
10	81	75	8,568
10	81	79	4,657
10	81	83	6,985
10	81	86	1,452
10	81	88	2,444
10	81	90	14,053
10	81	91	8,217
10	81	92	5,934
10	81	94	2,494
10	81	95	0,836
10	81	96	1,053
10	81	98	1,062
10	83	2	13,069
10	83	6	4,779
10	83	8	8,49
10	83	10	0,695
10	83	16	1,187
10	83	17	1,109
10	83	20	0,68
10	83	24	11,085
10	83	26	3,033
10	83	30	7,274
10	83	32	2,648
10	83	34	3,838
10	83	37	8,971
10	83	51	1,069
10	83	55	7,438
10	83	60	1,522
10	83	66	13,097
10	83	70	5,928
10	83	75	4,406
10	83	79	5,593
10	83	81	3,54
10	83	86	6,967
10	83	88	16,88
10	83	90	10,37
10	83	91	1,712
10	83	92	12,392
10	83	94	1,977
10	83	95	2,392
10	83	96	4,655
10	83	98	15,378
10	86	2	0,755
10	86	6	13,493
10	86	8	1,644
10	86	10	1,85
10	86	16	11,468
10	86	17	2,3
10	86	20	3,19
10	86	24	1,428
10	86	26	3,406
10	86	30	18,869
10	86	32	0,992
10	86	34	6,93
10	86	37	8,047
10	86	51	5,287
10	86	55	5,759
10	86	60	1,489
10	86	66	5,26
10	86	70	1,099
10	86	75	3,5
10	86	79	1,556
10	86	81	2,418
10	86	83	0,524
10	86	88	30,499
10	86	90	7,817
10	86	91	2,874
10	86	92	3,008
10	86	94	7,838
10	86	95	8,732
10	86	96	4,068
10	86	98	9,779
10	88	2	7,68
10	88	6	4,557
10	88	8	22,873
10	88	10	2,531
10	88	16	3,629
10	88	17	5,622
10	88	20	14,923
10	88	24	19,323
10	88	26	2,048
10	88	30	3,748
10	88	32	2,764
10	88	34	0,539
10	88	37	3,962
10	88	51	1,17
10	88	55	34,099
10	88	60	9,717
10	88	66	2,898
10	88	70	16,249
10	88	75	1,461
10	88	79	1,063
10	88	81	6,624
10	88	83	2,141
10	88	86	6,85
10	88	90	4,8
10	88	91	7,709
10	88	92	4,83
10	88	94	0,511
10	88	95	9,548
10	88	96	11,968
10	88	98	4,77
10	90	2	2,625
10	90	6	6,41
10	90	8	1,029
10	90	10	14,8
10	90	16	3,172
10	90	17	1,967
10	90	20	4,446
10	90	24	1,032
10	90	26	5,853
10	90	30	6,625
10	90	32	1,596
10	90	34	1,654
10	90	37	9,087
10	90	51	24,043
10	90	55	2,13
10	90	60	5,405
10	90	66	3,909
10	90	70	1,819
10	90	75	3,597
10	90	79	3,019
10	90	81	1,741
10	90	83	0,639
10	90	86	1,158
10	90	88	2,886
10	90	91	18,784
10	90	92	1,847
10	90	94	4,595
10	90	95	0,806
10	90	96	1,754
10	90	98	2,826
10	91	2	6,522
10	91	6	5,53
10	91	8	16,606
10	91	10	9,539
10	91	16	7,085
10	91	17	10,888
10	91	20	1,498
10	91	24	1,373
10	91	26	6,941
10	91	30	4,545
10	91	32	5,222
10	91	34	3,052
10	91	37	12,336
10	91	51	3,851
10	91	55	10,012
10	91	60	0,771
10	91	66	9,695
10	91	70	3,205
10	91	75	1,008
10	91	79	2,292
10	91	81	4,363
10	91	83	3,396
10	91	86	7,373
10	91	88	1,313
10	91	90	0,652
10	91	92	18,529
10	91	94	4,266
10	91	95	5,564
10	91	96	1,762
10	91	98	3,707
10	92	2	9,975
10	92	6	11,749
10	92	8	9,507
10	92	10	6,971
10	92	16	1,852
10	92	17	3,373
10	92	20	7,441
10	92	24	26,127
10	92	26	3,896
10	92	30	0,675
10	92	32	1,249
10	92	34	2,081
10	92	37	6,531
10	92	51	16,504
10	92	55	5,742
10	92	60	3,402
10	92	66	2,257
10	92	70	0,803
10	92	75	12,061
10	92	79	2,585
10	92	81	0,877
10	92	83	7,08
10	92	86	1,341
10	92	88	4,536
10	92	90	13,961
10	92	91	2,595
10	92	94	10,89
10	92	95	4,563
10	92	96	2,045
10	92	98	3,596
10	94	2	4,164
10	94	6	2,916
10	94	8	1,157
10	94	10	6,946
10	94	16	5,714
10	94	17	0,564
10	94	20	19,381
10	94	24	0,737
10	94	26	12,393
10	94	30	1,069
10	94	32	2,503
10	94	34	0,687
10	94	37	2,33
10	94	51	3,316
10	94	55	1,125
10	94	60	8,467
10	94	66	14,009
10	94	70	10,089
10	94	75	10,431
10	94	79	3,132
10	94	81	2,469
10	94	83	1,886
10	94	86	7,703
10	94	88	38,908
10	94	90	2,325
10	94	91	3,201
10	94	92	4,317
10	94	95	6,411
10	94	96	7,796
10	94	98	2,635
10	95	2	9,16
10	95	6	21,803
10	95	8	1,9
10	95	10	2,022
10	95	16	17,838
10	95	17	1,313
10	95	20	3,025
10	95	24	2,977
10	95	26	12,38
10	95	30	1,452
10	95	32	4,053
10	95	34	6,604
10	95	37	3,39
10	95	51	8,618
10	95	55	7,606
10	95	60	5,525
10	95	66	8,393
10	95	70	1,645
10	95	75	4,139
10	95	79	7,01
10	95	81	17,889
10	95	83	1,369
10	95	86	3,496
10	95	88	1,2
10	95	90	3,23
10	95	91	4,73
10	95	92	2,556
10	95	94	1,495
10	95	96	0,892
10	95	98	3,215
10	96	2	0,514
10	96	6	13,056
10	96	8	1,285
10	96	10	0,741
10	96	16	18,455
10	96	17	3,105
10	96	20	3,679
10	96	24	1,483
10	96	26	1,472
10	96	30	1,212
10	96	32	1,247
10	96	34	8,167
10	96	37	13,051
10	96	51	0,602
10	96	55	5,167
10	96	60	4,354
10	96	66	0,669
10	96	70	20,672
10	96	75	4,708
10	96	79	3,476
10	96	81	5,014
10	96	83	3,522
10	96	86	3,327
10	96	88	1,413
10	96	90	0,79
10	96	91	2,36
10	96	92	2,341
10	96	94	11,574
10	96	95	3,094
10	96	98	6,455
10	98	2	9,509
10	98	6	0,864
10	98	8	2,343
10	98	10	3,349
10	98	16	2,038
10	98	17	4,759
10	98	20	7,03
10	98	24	2,078
10	98	26	22,385
10	98	30	4,584
10	98	32	11,304
10	98	34	4
10	98	37	3,705
10	98	51	9,306
10	98	55	12,38
10	98	60	3,687
10	98	66	24,237
10	98	70	10,944
10	98	75	3,503
10	98	79	2,524
10	98	81	7,141
10	98	83	12,41
10	98	86	5,132
10	98	88	2,305
10	98	90	2,648
10	98	91	6,409
10	98	92	3,539
10	98	94	2,452
10	98	95	0,765
10	98	96	8,844

