#num jobs
100
#num machines
10

#jobId machId procTime energyCons
1	9	14,19	161,1
2	6	2,7	9,53
3	5	4,84	53,22
3	2	1,52	8,69
3	1	1,47	10,98
4	6	0,82	2,88
5	6	3,83	13,5
6	6	9,47	33,41
7	2	3,98	22,79
8	8	58,44	272,64
9	2	11,04	63,28
9	8	6,64	30,98
10	5	0,77	8,51
11	2	4,57	26,21
12	9	10,86	123,24
12	5	74,3	816,95
13	10	6,99	52,81
13	9	17,29	196,26
13	8	2,36	11
13	6	4,37	15,4
14	1	10,19	76,07
14	2	1,65	9,49
14	4	10,28	88,62
14	7	60,25	151,84
15	3	14,35	103,61
15	5	214,69	2360,74
15	7	40,05	100,93
16	3	7,62	55,02
16	5	42,27	464,76
16	8	17,5	81,64
17	2	6,98	40,04
17	4	21,7	187,13
17	5	5,56	61,16
17	9	97,42	1105,77
18	3	119,77	864,89
18	6	52,43	184,9
19	10	206,92	1562,52
19	2	17,89	102,59
20	1	3,27	24,46
20	8	49,57	231,25
21	7	5,52	13,92
21	5	13,69	150,56
22	1	0,82	6,13
22	6	4,7	16,58
22	8	7,58	35,36
23	1	1,03	7,69
23	3	8,17	58,99
24	6	6,56	23,14
24	7	9,93	25,03
24	8	44,36	206,96
24	10	5,52	41,66
25	4	12,37	106,64
26	8	37,16	173,37
27	5	11,83	130,11
27	2	13,43	77,01
28	10	7,45	56,25
28	2	5,41	30,99
29	2	48,87	280,17
29	3	207,64	1499,41
29	4	4,2	36,18
29	5	10,4	114,39
29	10	35,95	271,48
30	9	4,78	54,27
30	5	753,96	8290,39
30	2	47,08	269,91
31	9	7,16	81,25
31	1	26,63	198,88
32	2	1,13	6,49
33	9	54,92	623,36
33	7	263,83	664,9
33	1	965,52	7210,29
34	4	201,37	1736,46
34	1	10,95	81,78
35	10	44,61	336,87
35	7	1,53	3,86
35	6	73,36	258,68
35	3	2,28	16,48
36	9	3,64	41,36
36	2	5,13	29,41
37	8	37,48	174,84
37	9	9,36	106,26
38	10	3,57	26,97
38	5	5,39	59,24
38	2	18,98	108,79
38	1	86,36	644,89
39	2	9,53	54,66
40	3	0,2	1,42
40	8	3,18	14,82
40	9	6,8	77,2
40	10	5,43	41,03
41	2	9,07	52,02
41	3	9,8	70,75
42	6	29,23	103,09
43	10	14,22	107,38
44	9	16,91	191,98
44	8	8,57	39,98
44	5	0,43	4,77
44	4	2,89	24,9
45	6	35,86	126,45
46	8	140,87	657,19
46	5	6,46	71
46	1	92,8	692,99
47	4	6,41	55,31
48	3	5,95	42,98
48	2	113,75	652,11
48	1	30,4	227,03
49	9	51,67	586,42
49	1	3,33	24,84
50	3	4,85	34,99
50	5	53,37	586,82
50	10	414,62	3131,02
51	1	47,48	354,56
51	6	3,13	11,02
51	7	12,93	32,58
51	9	4,65	52,83
52	10	105,32	795,31
52	8	7,48	34,88
52	4	36,97	318,76
53	7	1,94	4,89
53	6	11,95	42,15
54	1	29,53	220,5
55	1	37,42	279,48
55	4	4,68	40,39
55	9	93,15	1057,27
56	2	9,84	56,44
56	7	9,95	25,07
57	10	8,86	66,9
57	7	56,16	141,53
57	2	57,35	328,78
57	1	5,31	39,62
58	7	5,9	14,88
58	5	3,12	34,29
59	10	1,5	11,3
59	9	3,87	43,95
59	5	2,84	31,26
59	4	2,5	21,6
60	2	7,89	45,22
60	8	118,83	554,37
61	3	3,89	28,08
62	4	12,37	106,71
62	7	76,13	191,86
62	8	8,71	40,63
63	1	35,37	264,13
63	3	5,3	38,27
63	5	4,66	51,22
63	8	106,53	496,97
64	4	7,63	65,77
65	9	12,17	138,17
65	8	4,64	21,63
65	1	25,87	193,19
66	3	2,27	16,42
66	6	879,19	3100,21
67	4	17,04	146,93
67	8	80,8	376,96
68	4	16,12	139,04
68	7	2,64	6,65
69	3	6,4	46,21
69	1	3,62	27,03
70	5	19,51	214,5
70	7	8,39	21,14
71	2	3,58	20,52
71	5	113,39	1246,77
72	1	3,97	29,62
73	6	5,07	17,87
73	4	3,21	27,64
74	10	35,62	269,01
75	4	0,67	5,82
76	1	101,27	756,28
77	10	7,96	60,13
77	9	26,01	295,24
77	7	434,27	1094,42
78	3	34,14	246,51
79	1	105,25	786,02
79	2	20,63	118,27
79	5	1,26	13,84
79	7	19,23	48,47
80	5	31,99	351,75
81	4	1248,11	10762,76
81	3	9,35	67,52
82	3	7,84	56,62
83	7	653,45	1646,79
83	10	5,32	40,14
84	3	38,14	275,41
84	5	19,64	215,95
85	3	25,98	187,62
86	3	3,63	26,24
87	4	1,99	17,13
87	2	26,02	149,18
88	2	7,03	40,28
89	3	167,82	1211,81
89	1	2,94	21,97
90	8	1,07	4,98
91	7	16,98	42,79
91	6	15,65	55,17
91	4	0,6	5,19
92	7	2,5	6,29
92	4	0,42	3,66
92	2	9,58	54,92
93	2	4,26	24,4
93	7	2,89	7,28
93	9	9,44	107,15
94	5	6,1	67,1
95	6	3,16	11,14
95	4	42,92	370,14
96	2	3,13	17,95
96	4	1,74	15
97	10	13,09	98,88
97	9	2,75	31,25
97	4	4,78	41,24
98	2	3,28	18,8
99	9	12,5	141,85
99	6	101,58	358,19
99	4	150,99	1302,02
100	8	22,77	106,22
100	9	10,24	116,2
100	10	6,61	49,95

#jobId ddate weight rdate
1	179,054	6	154,897
2	376,394	16	314,044
3	380,846	20	60,909
4	396,425	12	663,122
5	447,304	6	236,544
6	325,641	36	285,904
7	254,614	12	368,018
8	229,46	10	191,652
9	12,527	48	315,246
10	316,341	7	23,776
11	246,709	22	475,221
12	296,845	10	260,754
13	21,068	6	560,945
14	363,77	36	475,177
15	31,614	41	660,397
16	87,135	15	20,927
17	232,27	3	639,005
18	466,47	25	349,948
19	332,722	47	623,362
20	529,405	49	436,64
21	189,844	3	77,407
22	144,612	14	179,66
23	454,076	48	180,551
24	521,361	30	365,487
25	342,35	42	552,862
26	289,354	16	237,415
27	207,127	22	594,319
28	387,51	5	100,885
29	55,389	9	420,136
30	537,685	24	640,797
31	146,098	9	73,844
32	67,673	29	208,711
33	382,341	35	548,251
34	313,713	38	243,52
35	188,984	20	336,939
36	254,682	35	148,944
37	373,568	28	52,041
38	359,992	38	386,734
39	323,607	48	446,65
40	543,635	32	107,068
41	52,191	17	583,519
42	281,997	21	450,316
43	237,086	25	329,613
44	149,101	27	572,266
45	348,513	26	555,947
46	378,286	33	238,232
47	399,127	20	444,698
48	273,489	43	196,94
49	515,954	27	427,176
50	234,987	32	376,728
51	351,04	32	490,297
52	31,137	25	313,826
53	250,519	41	572,233
54	554,77	37	21,116
55	113,986	12	269,362
56	10,778	37	13,775
57	146,142	15	618,235
58	177,147	25	173,409
59	143,484	28	418,292
60	265,58	2	403,101
61	503,777	46	2,519
62	485,076	6	441,522
63	513,066	18	380,852
64	5,79	26	153,32
65	467,643	31	497,077
66	376,551	44	191,403
67	354,277	30	606,211
68	450,144	32	106,614
69	197,91	23	208,671
70	79,137	42	549,032
71	534,268	13	665,776
72	456,111	2	61,193
73	458,579	37	238,542
74	68,046	23	81,104
75	227,097	34	168,422
76	452,016	26	335,255
77	505,406	17	404,169
78	382,5	35	577,413
79	244,656	42	64,359
80	161,994	17	344,599
81	374,109	37	520,714
82	288,822	13	49,676
83	150,597	32	13,838
84	337,487	46	585,415
85	83,116	38	343,477
86	80,525	45	267,656
87	551,064	40	378,922
88	533,796	11	172,327
89	293,745	7	182,122
90	310,201	49	253,746
91	102,244	42	355,903
92	232,365	18	316,573
93	404,127	9	609,779
94	244,601	24	361,703
95	506,788	37	201,502
96	228,357	17	359,261
97	532,901	35	196,957
98	534,635	47	216,965
99	299,529	25	492,225
100	309,005	40	677,941

#machId jobPred jobSucc setupTime
1	3	14	11,486
1	3	20	7,085
1	3	22	0,588
1	3	23	1,234
1	3	31	4,34
1	3	33	6,009
1	3	34	3,625
1	3	38	0,942
1	3	46	22,087
1	3	48	19,209
1	3	49	2,585
1	3	51	3,169
1	3	54	10,931
1	3	55	2,359
1	3	57	4,593
1	3	63	5,175
1	3	65	4,172
1	3	69	2,049
1	3	72	1,916
1	3	76	0,575
1	3	79	2,811
1	3	89	1,326
1	14	3	10,93
1	14	20	1,035
1	14	22	1,695
1	14	23	2,808
1	14	31	5,257
1	14	33	2,672
1	14	34	3,122
1	14	38	6,527
1	14	46	5,033
1	14	48	5,399
1	14	49	7,539
1	14	51	18,963
1	14	54	2,963
1	14	55	18,21
1	14	57	5,97
1	14	63	8,706
1	14	65	3,531
1	14	69	20,201
1	14	72	1,73
1	14	76	16,376
1	14	79	2,225
1	14	89	1,758
1	20	3	14,24
1	20	14	3,095
1	20	22	16,679
1	20	23	15,959
1	20	31	0,78
1	20	33	1,92
1	20	34	8,753
1	20	38	8,401
1	20	46	8,084
1	20	48	6,185
1	20	49	21,392
1	20	51	11,707
1	20	54	19,897
1	20	55	4,438
1	20	57	0,971
1	20	63	5,725
1	20	65	6,125
1	20	69	2,545
1	20	72	18,165
1	20	76	3,848
1	20	79	4,99
1	20	89	6,13
1	22	3	1,789
1	22	14	2,955
1	22	20	3,618
1	22	23	1,166
1	22	31	6,855
1	22	33	10,215
1	22	34	1,237
1	22	38	3,068
1	22	46	9,571
1	22	48	2,085
1	22	49	6,531
1	22	51	2,88
1	22	54	5,213
1	22	55	18,728
1	22	57	4,414
1	22	63	4,91
1	22	65	0,574
1	22	69	7,836
1	22	72	1,485
1	22	76	18,647
1	22	79	5,869
1	22	89	7,888
1	23	3	2,985
1	23	14	2,106
1	23	20	1,939
1	23	22	4,737
1	23	31	1,447
1	23	33	4,399
1	23	34	5,786
1	23	38	8,45
1	23	46	1,041
1	23	48	9,964
1	23	49	5,046
1	23	51	1,934
1	23	54	7,811
1	23	55	1,864
1	23	57	5,594
1	23	63	7,4
1	23	65	1,116
1	23	69	1,809
1	23	72	1,063
1	23	76	13,709
1	23	79	9,239
1	23	89	3,092
1	31	3	1,549
1	31	14	3,053
1	31	20	3,699
1	31	22	19,393
1	31	23	4,275
1	31	33	22,961
1	31	34	11,067
1	31	38	9,141
1	31	46	11,345
1	31	48	3,437
1	31	49	5,816
1	31	51	2,198
1	31	54	5,105
1	31	55	25,351
1	31	57	1,117
1	31	63	5,394
1	31	65	13,823
1	31	69	2,165
1	31	72	0,586
1	31	76	1,404
1	31	79	2,139
1	31	89	12,424
1	33	3	12,411
1	33	14	6,816
1	33	20	6,842
1	33	22	5,698
1	33	23	1,169
1	33	31	0,982
1	33	34	0,895
1	33	38	10,806
1	33	46	14,036
1	33	48	4,443
1	33	49	9,268
1	33	51	1,773
1	33	54	4,902
1	33	55	10,897
1	33	57	9,315
1	33	63	7,149
1	33	65	2,306
1	33	69	16,034
1	33	72	5,226
1	33	76	25,542
1	33	79	8,559
1	33	89	15,04
1	34	3	3,758
1	34	14	2,481
1	34	20	0,556
1	34	22	11,352
1	34	23	5,221
1	34	31	23,198
1	34	33	14,996
1	34	38	8,227
1	34	46	1,793
1	34	48	0,834
1	34	49	8,189
1	34	51	8,391
1	34	54	6,882
1	34	55	6,034
1	34	57	2,61
1	34	63	3,153
1	34	65	0,697
1	34	69	11,774
1	34	72	0,992
1	34	76	36,325
1	34	79	11,62
1	34	89	21,288
1	38	3	5,013
1	38	14	4,813
1	38	20	19,612
1	38	22	11,941
1	38	23	6,993
1	38	31	7,872
1	38	33	4,206
1	38	34	8,418
1	38	46	2,675
1	38	48	6,27
1	38	49	2,741
1	38	51	13,54
1	38	54	4,625
1	38	55	1,623
1	38	57	5,763
1	38	63	5,444
1	38	65	5,58
1	38	69	35,162
1	38	72	11,331
1	38	76	2,074
1	38	79	5,482
1	38	89	2,878
1	46	3	0,641
1	46	14	10,685
1	46	20	6,571
1	46	22	4,233
1	46	23	0,969
1	46	31	1,84
1	46	33	1,146
1	46	34	6,812
1	46	38	4,42
1	46	48	4,826
1	46	49	13,642
1	46	51	2,387
1	46	54	8,956
1	46	55	9,671
1	46	57	3,122
1	46	63	4,784
1	46	65	5,293
1	46	69	1,235
1	46	72	5,698
1	46	76	1,37
1	46	79	8,393
1	46	89	16,906
1	48	3	22,439
1	48	14	5,106
1	48	20	8,686
1	48	22	1,16
1	48	23	7,226
1	48	31	6,935
1	48	33	6,634
1	48	34	5,085
1	48	38	5,189
1	48	46	10,867
1	48	49	2,365
1	48	51	0,759
1	48	54	2,092
1	48	55	15,963
1	48	57	14,147
1	48	63	7,307
1	48	65	9,433
1	48	69	2,745
1	48	72	4,396
1	48	76	1,329
1	48	79	14,534
1	48	89	3,384
1	49	3	6,281
1	49	14	15,065
1	49	20	2,416
1	49	22	6,936
1	49	23	4,945
1	49	31	4,03
1	49	33	2,581
1	49	34	1,676
1	49	38	10,392
1	49	46	6,473
1	49	48	1,791
1	49	51	4,681
1	49	54	1,555
1	49	55	0,958
1	49	57	3,741
1	49	63	1,493
1	49	65	7,505
1	49	69	1,385
1	49	72	1,674
1	49	76	2,83
1	49	79	5,862
1	49	89	20,779
1	51	3	0,8
1	51	14	0,949
1	51	20	1,312
1	51	22	11,245
1	51	23	2,744
1	51	31	3,789
1	51	33	2,304
1	51	34	15,133
1	51	38	4,085
1	51	46	7,544
1	51	48	7,14
1	51	49	1,306
1	51	54	5,866
1	51	55	3,85
1	51	57	1,176
1	51	63	9,412
1	51	65	1,794
1	51	69	0,931
1	51	72	0,942
1	51	76	0,996
1	51	79	2,747
1	51	89	21,672
1	54	3	17,306
1	54	14	1,412
1	54	20	16,537
1	54	22	11,939
1	54	23	11,104
1	54	31	1,951
1	54	33	2,85
1	54	34	1,191
1	54	38	0,677
1	54	46	2,514
1	54	48	1,884
1	54	49	2,09
1	54	51	7,268
1	54	55	0,816
1	54	57	2,911
1	54	63	0,689
1	54	65	1,779
1	54	69	0,53
1	54	72	5,603
1	54	76	0,825
1	54	79	3,969
1	54	89	11,333
1	55	3	2,989
1	55	14	2,715
1	55	20	1,854
1	55	22	16,538
1	55	23	3,555
1	55	31	3,97
1	55	33	3,537
1	55	34	7,974
1	55	38	1,389
1	55	46	10,219
1	55	48	4,891
1	55	49	6,763
1	55	51	1,294
1	55	54	9,519
1	55	57	9,728
1	55	63	4,932
1	55	65	18,336
1	55	69	2,526
1	55	72	13,581
1	55	76	15,407
1	55	79	10,919
1	55	89	4,578
1	57	3	25,711
1	57	14	4,408
1	57	20	2,465
1	57	22	8,601
1	57	23	10,14
1	57	31	0,978
1	57	33	4,647
1	57	34	9,829
1	57	38	15,857
1	57	46	7,197
1	57	48	3,22
1	57	49	1,777
1	57	51	1,459
1	57	54	10,578
1	57	55	10,186
1	57	63	2,065
1	57	65	8,894
1	57	69	17,255
1	57	72	6,983
1	57	76	7,25
1	57	79	6,409
1	57	89	10,073
1	63	3	4,77
1	63	14	24,238
1	63	20	2,625
1	63	22	8,224
1	63	23	12,144
1	63	31	13,122
1	63	33	6,277
1	63	34	20,862
1	63	38	4,761
1	63	46	18,462
1	63	48	4,384
1	63	49	2,546
1	63	51	4,298
1	63	54	2,872
1	63	55	1,899
1	63	57	3,061
1	63	65	0,783
1	63	69	2,163
1	63	72	2,102
1	63	76	7,497
1	63	79	3,427
1	63	89	1,305
1	65	3	4,598
1	65	14	6,315
1	65	20	7,549
1	65	22	14,726
1	65	23	12,251
1	65	31	6,909
1	65	33	15,925
1	65	34	21,032
1	65	38	4,578
1	65	46	6,868
1	65	48	1,188
1	65	49	0,87
1	65	51	3,659
1	65	54	10,53
1	65	55	0,586
1	65	57	1,959
1	65	63	19,442
1	65	69	5,691
1	65	72	12,71
1	65	76	4,821
1	65	79	2,852
1	65	89	8,08
1	69	3	2,86
1	69	14	0,582
1	69	20	3,34
1	69	22	3,386
1	69	23	6,842
1	69	31	1,348
1	69	33	8,341
1	69	34	4,781
1	69	38	9,942
1	69	46	15,357
1	69	48	15,675
1	69	49	4,327
1	69	51	1,971
1	69	54	18,821
1	69	55	19,328
1	69	57	2,059
1	69	63	4,947
1	69	65	2,11
1	69	72	0,548
1	69	76	8,938
1	69	79	5,596
1	69	89	4,138
1	72	3	14,57
1	72	14	18,668
1	72	20	11,359
1	72	22	10,247
1	72	23	4,794
1	72	31	30,343
1	72	33	2,559
1	72	34	1,522
1	72	38	19,729
1	72	46	26,658
1	72	48	2,307
1	72	49	7,127
1	72	51	9,113
1	72	54	6,879
1	72	55	21,861
1	72	57	2,066
1	72	63	0,695
1	72	65	23,956
1	72	69	2,656
1	72	76	2,462
1	72	79	2,076
1	72	89	1,26
1	76	3	1,57
1	76	14	2,462
1	76	20	1,904
1	76	22	1,509
1	76	23	2,692
1	76	31	1,222
1	76	33	6,905
1	76	34	0,847
1	76	38	1,57
1	76	46	6,613
1	76	48	6,08
1	76	49	9,812
1	76	51	1,524
1	76	54	10,112
1	76	55	21,866
1	76	57	2,882
1	76	63	2,768
1	76	65	3,238
1	76	69	5,808
1	76	72	1,47
1	76	79	5,865
1	76	89	2,19
1	79	3	21,858
1	79	14	1,679
1	79	20	0,737
1	79	22	15,285
1	79	23	23,284
1	79	31	0,713
1	79	33	6,075
1	79	34	7,151
1	79	38	10,841
1	79	46	3,005
1	79	48	4,547
1	79	49	0,958
1	79	51	24,146
1	79	54	2,51
1	79	55	2,027
1	79	57	1,275
1	79	63	1,145
1	79	65	2,163
1	79	69	1,07
1	79	72	9,887
1	79	76	26,7
1	79	89	7,114
1	89	3	27,15
1	89	14	7,752
1	89	20	1,191
1	89	22	4,359
1	89	23	4,96
1	89	31	6,3
1	89	33	3,917
1	89	34	34,353
1	89	38	0,891
1	89	46	5,528
1	89	48	2,02
1	89	49	7,032
1	89	51	10,277
1	89	54	10,939
1	89	55	4,681
1	89	57	3,946
1	89	63	9,401
1	89	65	6,917
1	89	69	47,199
1	89	72	2,033
1	89	76	10,903
1	89	79	1,404
2	3	7	35,726
2	3	9	1,463
2	3	11	11,936
2	3	14	4,429
2	3	17	16,317
2	3	19	7,648
2	3	27	15,653
2	3	28	7,889
2	3	29	3,345
2	3	30	8,663
2	3	32	2,909
2	3	36	7,521
2	3	38	12,424
2	3	39	2,673
2	3	41	2,354
2	3	48	10,211
2	3	56	1,532
2	3	57	0,511
2	3	60	14,324
2	3	71	1,241
2	3	79	2,27
2	3	87	0,96
2	3	88	3,369
2	3	92	3,885
2	3	93	0,776
2	3	96	5,707
2	3	98	1,013
2	7	3	17,316
2	7	9	0,869
2	7	11	7,325
2	7	14	1,306
2	7	17	1,359
2	7	19	1,987
2	7	27	4,018
2	7	28	7,836
2	7	29	1,461
2	7	30	3,196
2	7	32	4,131
2	7	36	5,002
2	7	38	17,364
2	7	39	1,407
2	7	41	2,01
2	7	48	25,604
2	7	56	2,47
2	7	57	3,906
2	7	60	23,433
2	7	71	5,192
2	7	79	16,065
2	7	87	13,19
2	7	88	4,218
2	7	92	5,015
2	7	93	4,945
2	7	96	0,622
2	7	98	15,949
2	9	3	15,338
2	9	7	9,87
2	9	11	14,092
2	9	14	0,94
2	9	17	23,312
2	9	19	2,958
2	9	27	0,554
2	9	28	0,816
2	9	29	7,784
2	9	30	5,189
2	9	32	9,277
2	9	36	3,824
2	9	38	4,144
2	9	39	2,253
2	9	41	4,399
2	9	48	0,946
2	9	56	5,394
2	9	57	12,926
2	9	60	11,795
2	9	71	1,555
2	9	79	10,401
2	9	87	1,05
2	9	88	3,093
2	9	92	0,959
2	9	93	13,466
2	9	96	6,291
2	9	98	14,423
2	11	3	5,858
2	11	7	1,333
2	11	9	5,744
2	11	14	5,429
2	11	17	5,286
2	11	19	22,428
2	11	27	1,409
2	11	28	10,503
2	11	29	1,862
2	11	30	15,658
2	11	32	7,006
2	11	36	2,57
2	11	38	3,603
2	11	39	8,646
2	11	41	2,699
2	11	48	1,979
2	11	56	5,802
2	11	57	2,393
2	11	60	7,748
2	11	71	2,184
2	11	79	1,173
2	11	87	2,115
2	11	88	12,656
2	11	92	5,531
2	11	93	0,766
2	11	96	2,066
2	11	98	0,585
2	14	3	8,216
2	14	7	1,53
2	14	9	4,981
2	14	11	2,408
2	14	17	4,675
2	14	19	11,569
2	14	27	1,996
2	14	28	10,021
2	14	29	4,059
2	14	30	5,262
2	14	32	8,374
2	14	36	7,044
2	14	38	8,61
2	14	39	1,306
2	14	41	2,946
2	14	48	9,214
2	14	56	1,273
2	14	57	3,52
2	14	60	1,722
2	14	71	2,501
2	14	79	10,885
2	14	87	3,49
2	14	88	1,485
2	14	92	2,279
2	14	93	1,564
2	14	96	1,77
2	14	98	1,862
2	17	3	2,334
2	17	7	31,665
2	17	9	8,965
2	17	11	8,092
2	17	14	10,325
2	17	19	9,014
2	17	27	6,941
2	17	28	5,184
2	17	29	1,93
2	17	30	0,78
2	17	32	21,618
2	17	36	2,501
2	17	38	1,282
2	17	39	6,047
2	17	41	5,505
2	17	48	3,626
2	17	56	1,815
2	17	57	2,347
2	17	60	6,188
2	17	71	3,552
2	17	79	6,623
2	17	87	1,252
2	17	88	18,699
2	17	92	3,058
2	17	93	0,668
2	17	96	3,074
2	17	98	11,381
2	19	3	2,169
2	19	7	7,321
2	19	9	8,096
2	19	11	0,595
2	19	14	17,592
2	19	17	3,757
2	19	27	1,594
2	19	28	3,054
2	19	29	4,847
2	19	30	11,949
2	19	32	4,539
2	19	36	6,769
2	19	38	0,652
2	19	39	2,629
2	19	41	4,428
2	19	48	3,051
2	19	56	0,745
2	19	57	6,269
2	19	60	7,762
2	19	71	5,629
2	19	79	6,367
2	19	87	2,994
2	19	88	1,001
2	19	92	5,35
2	19	93	1,984
2	19	96	3,859
2	19	98	0,926
2	27	3	4,633
2	27	7	10,514
2	27	9	31,887
2	27	11	8,299
2	27	14	7,043
2	27	17	7,084
2	27	19	11,349
2	27	28	1,243
2	27	29	3,605
2	27	30	2,424
2	27	32	8,258
2	27	36	2,353
2	27	38	6,993
2	27	39	9,597
2	27	41	9,006
2	27	48	1,258
2	27	56	3,554
2	27	57	6,371
2	27	60	29,931
2	27	71	6,11
2	27	79	5,903
2	27	87	9,429
2	27	88	3,146
2	27	92	1,826
2	27	93	4,031
2	27	96	3,737
2	27	98	1,542
2	28	3	7,624
2	28	7	2,562
2	28	9	2,011
2	28	11	5,241
2	28	14	1,955
2	28	17	1,767
2	28	19	4,5
2	28	27	2,967
2	28	29	5,431
2	28	30	2,368
2	28	32	13,016
2	28	36	2,163
2	28	38	1,785
2	28	39	8,514
2	28	41	2,025
2	28	48	1,585
2	28	56	7,791
2	28	57	13,313
2	28	60	7,699
2	28	71	4,895
2	28	79	6,674
2	28	87	3,308
2	28	88	10,391
2	28	92	6,119
2	28	93	1,72
2	28	96	0,959
2	28	98	1,983
2	29	3	7,569
2	29	7	1,763
2	29	9	0,532
2	29	11	2,175
2	29	14	9,131
2	29	17	12,796
2	29	19	0,876
2	29	27	2,986
2	29	28	3,111
2	29	30	1,023
2	29	32	3,269
2	29	36	7,321
2	29	38	3,796
2	29	39	14,783
2	29	41	0,592
2	29	48	0,591
2	29	56	2,9
2	29	57	1,264
2	29	60	21,611
2	29	71	8,751
2	29	79	2,798
2	29	87	10,72
2	29	88	12,264
2	29	92	4,654
2	29	93	5,699
2	29	96	41,687
2	29	98	7,599
2	30	3	7,706
2	30	7	15,665
2	30	9	5,616
2	30	11	10,189
2	30	14	2,709
2	30	17	1,182
2	30	19	2,08
2	30	27	4,781
2	30	28	1,926
2	30	29	0,831
2	30	32	2,702
2	30	36	3,819
2	30	38	6,89
2	30	39	0,995
2	30	41	1,519
2	30	48	13,028
2	30	56	6,727
2	30	57	13,879
2	30	60	2,87
2	30	71	0,859
2	30	79	0,65
2	30	87	26,064
2	30	88	1,335
2	30	92	19,336
2	30	93	3,497
2	30	96	9,197
2	30	98	1,707
2	32	3	1,885
2	32	7	26,601
2	32	9	53,266
2	32	11	2,427
2	32	14	2,545
2	32	17	0,655
2	32	19	10,775
2	32	27	5,251
2	32	28	8,384
2	32	29	6,438
2	32	30	1,9
2	32	36	1,113
2	32	38	2,331
2	32	39	2,442
2	32	41	4,561
2	32	48	1,911
2	32	56	4,972
2	32	57	5,175
2	32	60	7,838
2	32	71	2,331
2	32	79	0,888
2	32	87	4,826
2	32	88	13,967
2	32	92	4,847
2	32	93	4,222
2	32	96	8,747
2	32	98	6,066
2	36	3	1,86
2	36	7	4,573
2	36	9	1,648
2	36	11	0,758
2	36	14	2,799
2	36	17	1,037
2	36	19	10,335
2	36	27	13,974
2	36	28	1,148
2	36	29	6,58
2	36	30	5,917
2	36	32	17,805
2	36	38	6,32
2	36	39	8,877
2	36	41	4,716
2	36	48	15,226
2	36	56	22,953
2	36	57	32,871
2	36	60	8,197
2	36	71	6,961
2	36	79	6,749
2	36	87	10,476
2	36	88	4,981
2	36	92	22,985
2	36	93	5,596
2	36	96	3,991
2	36	98	1,498
2	38	3	14,118
2	38	7	10,402
2	38	9	9,923
2	38	11	16,738
2	38	14	8,328
2	38	17	8,206
2	38	19	3,954
2	38	27	5,961
2	38	28	5,294
2	38	29	1,647
2	38	30	2,169
2	38	32	2,054
2	38	36	14,999
2	38	39	4,824
2	38	41	1,801
2	38	48	3,934
2	38	56	1,912
2	38	57	1,354
2	38	60	0,519
2	38	71	4,075
2	38	79	6,812
2	38	87	0,778
2	38	88	1,409
2	38	92	33,613
2	38	93	2,505
2	38	96	5,62
2	38	98	7,241
2	39	3	3,544
2	39	7	14,987
2	39	9	1,408
2	39	11	1,324
2	39	14	0,598
2	39	17	19,04
2	39	19	3,912
2	39	27	5,988
2	39	28	0,879
2	39	29	2,91
2	39	30	3,189
2	39	32	9,121
2	39	36	13,569
2	39	38	1,672
2	39	41	4,591
2	39	48	8,667
2	39	56	2,645
2	39	57	11,649
2	39	60	16,923
2	39	71	4,55
2	39	79	11,891
2	39	87	3,437
2	39	88	3,888
2	39	92	3,252
2	39	93	5,223
2	39	96	3,843
2	39	98	2,233
2	41	3	7,77
2	41	7	2,383
2	41	9	13,896
2	41	11	3,442
2	41	14	5,203
2	41	17	6,091
2	41	19	3,188
2	41	27	2,812
2	41	28	12,341
2	41	29	3,116
2	41	30	2,804
2	41	32	3,438
2	41	36	3,14
2	41	38	6,418
2	41	39	9,143
2	41	48	1,93
2	41	56	5,014
2	41	57	3,315
2	41	60	9,456
2	41	71	2,756
2	41	79	3,759
2	41	87	0,545
2	41	88	0,684
2	41	92	0,772
2	41	93	3,773
2	41	96	6,593
2	41	98	2,56
2	48	3	1,366
2	48	7	1,551
2	48	9	6,891
2	48	11	3,889
2	48	14	0,622
2	48	17	1,025
2	48	19	5,038
2	48	27	17,978
2	48	28	8,718
2	48	29	4,304
2	48	30	0,747
2	48	32	9,996
2	48	36	0,915
2	48	38	3,231
2	48	39	19,779
2	48	41	2,768
2	48	56	8,282
2	48	57	6,992
2	48	60	0,902
2	48	71	1,635
2	48	79	19,439
2	48	87	0,672
2	48	88	37,98
2	48	92	9,556
2	48	93	1,173
2	48	96	2,187
2	48	98	1,174
2	56	3	8,146
2	56	7	1,095
2	56	9	1,12
2	56	11	0,776
2	56	14	0,862
2	56	17	1,879
2	56	19	10,995
2	56	27	13,164
2	56	28	0,621
2	56	29	10,01
2	56	30	0,632
2	56	32	2,116
2	56	36	2,705
2	56	38	2,041
2	56	39	4,04
2	56	41	4,07
2	56	48	4,294
2	56	57	0,711
2	56	60	3,183
2	56	71	4,208
2	56	79	11,578
2	56	87	2,973
2	56	88	1,785
2	56	92	6,12
2	56	93	5,846
2	56	96	2,68
2	56	98	12,404
2	57	3	2,581
2	57	7	5,608
2	57	9	4,509
2	57	11	3,18
2	57	14	3,213
2	57	17	9,873
2	57	19	27,231
2	57	27	8,344
2	57	28	0,79
2	57	29	6,757
2	57	30	8,702
2	57	32	2,031
2	57	36	1,363
2	57	38	27,657
2	57	39	2,332
2	57	41	2,156
2	57	48	10,379
2	57	56	0,931
2	57	60	1,861
2	57	71	7,501
2	57	79	1,458
2	57	87	7,137
2	57	88	20,905
2	57	92	4,755
2	57	93	2,13
2	57	96	5,982
2	57	98	3,69
2	60	3	8,701
2	60	7	12,988
2	60	9	5,536
2	60	11	4,511
2	60	14	12,28
2	60	17	1,727
2	60	19	8,164
2	60	27	2,88
2	60	28	10,975
2	60	29	1,02
2	60	30	0,974
2	60	32	2,08
2	60	36	4,89
2	60	38	2,288
2	60	39	28,354
2	60	41	1,527
2	60	48	16,726
2	60	56	1,855
2	60	57	0,734
2	60	71	0,782
2	60	79	4,063
2	60	87	11,231
2	60	88	7,189
2	60	92	16,813
2	60	93	11,534
2	60	96	8,023
2	60	98	3,658
2	71	3	4,649
2	71	7	1,188
2	71	9	4,913
2	71	11	3,428
2	71	14	1,445
2	71	17	3,468
2	71	19	4,391
2	71	27	9,176
2	71	28	9,403
2	71	29	2,884
2	71	30	1,688
2	71	32	1,869
2	71	36	6,604
2	71	38	5,063
2	71	39	18,146
2	71	41	46,606
2	71	48	2,385
2	71	56	6,842
2	71	57	5,347
2	71	60	5,349
2	71	79	5,54
2	71	87	12,143
2	71	88	6,882
2	71	92	0,605
2	71	93	8,795
2	71	96	6,447
2	71	98	12,284
2	79	3	5,152
2	79	7	4,001
2	79	9	12,361
2	79	11	4,902
2	79	14	9,761
2	79	17	1,274
2	79	19	1,538
2	79	27	12,381
2	79	28	0,899
2	79	29	1,18
2	79	30	4,206
2	79	32	1,753
2	79	36	4,145
2	79	38	0,506
2	79	39	28,89
2	79	41	14,35
2	79	48	1,053
2	79	56	5,53
2	79	57	0,803
2	79	60	6,588
2	79	71	3,255
2	79	87	19,4
2	79	88	5,183
2	79	92	0,735
2	79	93	4,664
2	79	96	1,169
2	79	98	15,325
2	87	3	12,502
2	87	7	2,068
2	87	9	4,065
2	87	11	4,634
2	87	14	7,089
2	87	17	7,745
2	87	19	2,933
2	87	27	8,553
2	87	28	1,648
2	87	29	5,668
2	87	30	0,576
2	87	32	4,416
2	87	36	20,096
2	87	38	3,255
2	87	39	6,259
2	87	41	6,087
2	87	48	0,815
2	87	56	0,918
2	87	57	21,23
2	87	60	1,317
2	87	71	4,645
2	87	79	1,959
2	87	88	4,614
2	87	92	12,007
2	87	93	16,338
2	87	96	2,583
2	87	98	9,489
2	88	3	3,621
2	88	7	5,663
2	88	9	47,836
2	88	11	0,632
2	88	14	8,208
2	88	17	3,45
2	88	19	1,119
2	88	27	1,431
2	88	28	7,19
2	88	29	2,514
2	88	30	4,799
2	88	32	2,648
2	88	36	3,687
2	88	38	3,423
2	88	39	3,338
2	88	41	1,373
2	88	48	7,809
2	88	56	1,799
2	88	57	13,352
2	88	60	1,108
2	88	71	1,786
2	88	79	2,269
2	88	87	4,135
2	88	92	2,357
2	88	93	6,376
2	88	96	1,606
2	88	98	2,869
2	92	3	2,454
2	92	7	24,21
2	92	9	11,627
2	92	11	9,716
2	92	14	9,701
2	92	17	0,854
2	92	19	4,206
2	92	27	4,277
2	92	28	3,182
2	92	29	26,99
2	92	30	1,377
2	92	32	7,705
2	92	36	1,203
2	92	38	2,12
2	92	39	18,596
2	92	41	5,269
2	92	48	5,791
2	92	56	15,432
2	92	57	10,086
2	92	60	10,823
2	92	71	1,305
2	92	79	4,742
2	92	87	20,982
2	92	88	10,751
2	92	93	6,372
2	92	96	2,144
2	92	98	2,065
2	93	3	2,193
2	93	7	7,838
2	93	9	12,857
2	93	11	1,602
2	93	14	4,243
2	93	17	3,297
2	93	19	11,446
2	93	27	29,182
2	93	28	5,314
2	93	29	1,652
2	93	30	1,953
2	93	32	6,896
2	93	36	2,817
2	93	38	2,452
2	93	39	6,001
2	93	41	4,212
2	93	48	6,713
2	93	56	0,66
2	93	57	0,796
2	93	60	0,573
2	93	71	4,049
2	93	79	2,309
2	93	87	14,753
2	93	88	1,622
2	93	92	3,399
2	93	96	7,072
2	93	98	24,767
2	96	3	8,235
2	96	7	3,437
2	96	9	2,573
2	96	11	3,428
2	96	14	14,443
2	96	17	4,925
2	96	19	4,091
2	96	27	1,432
2	96	28	6,69
2	96	29	4,21
2	96	30	11,465
2	96	32	0,991
2	96	36	4,446
2	96	38	14,859
2	96	39	3,796
2	96	41	36,665
2	96	48	3,619
2	96	56	14,25
2	96	57	3,31
2	96	60	10,617
2	96	71	7,208
2	96	79	7,79
2	96	87	19,116
2	96	88	2,687
2	96	92	4,027
2	96	93	2,138
2	96	98	2,189
2	98	3	1,017
2	98	7	10,18
2	98	9	9,88
2	98	11	13,044
2	98	14	12,806
2	98	17	10,669
2	98	19	5,049
2	98	27	2,523
2	98	28	8,82
2	98	29	5,914
2	98	30	3,227
2	98	32	14,531
2	98	36	1,938
2	98	38	1,719
2	98	39	1,666
2	98	41	3,618
2	98	48	3,899
2	98	56	6,234
2	98	57	2,631
2	98	60	19,112
2	98	71	2,923
2	98	79	2,291
2	98	87	6,399
2	98	88	2,836
2	98	92	6,775
2	98	93	4,143
2	98	96	6,045
3	15	16	4,247
3	15	18	1,84
3	15	23	0,5
3	15	29	5,322
3	15	35	4,931
3	15	40	8,925
3	15	41	2,895
3	15	48	1,114
3	15	50	7,389
3	15	61	25,047
3	15	63	14,258
3	15	66	3,341
3	15	69	23,61
3	15	78	2,059
3	15	81	2,059
3	15	82	7,807
3	15	84	1,177
3	15	85	0,794
3	15	86	4,978
3	15	89	1,48
3	16	15	3,871
3	16	18	3,256
3	16	23	8,563
3	16	29	9,042
3	16	35	4,048
3	16	40	8,379
3	16	41	2,993
3	16	48	1,175
3	16	50	50,682
3	16	61	1,836
3	16	63	19,009
3	16	66	7,394
3	16	69	18,916
3	16	78	20,631
3	16	81	20,977
3	16	82	29,235
3	16	84	3,547
3	16	85	1,193
3	16	86	0,772
3	16	89	6,043
3	18	15	2,723
3	18	16	1,326
3	18	23	0,52
3	18	29	7,88
3	18	35	2,655
3	18	40	1,95
3	18	41	15,75
3	18	48	10,036
3	18	50	7,466
3	18	61	6,83
3	18	63	5,896
3	18	66	3,109
3	18	69	1,354
3	18	78	3,902
3	18	81	16,572
3	18	82	43,204
3	18	84	1,793
3	18	85	5,011
3	18	86	10,465
3	18	89	9,821
3	23	15	19,736
3	23	16	5,35
3	23	18	6,214
3	23	29	6,439
3	23	35	3,492
3	23	40	9,401
3	23	41	1,155
3	23	48	9,251
3	23	50	4,71
3	23	61	24,25
3	23	63	3,009
3	23	66	1,362
3	23	69	0,56
3	23	78	4,296
3	23	81	7,766
3	23	82	7,024
3	23	84	9,89
3	23	85	1,23
3	23	86	2,275
3	23	89	22,194
3	29	15	4,664
3	29	16	7,805
3	29	18	11,694
3	29	23	1,022
3	29	35	0,752
3	29	40	4,317
3	29	41	5,78
3	29	48	8,323
3	29	50	8,079
3	29	61	18,14
3	29	63	9,143
3	29	66	3,607
3	29	69	18,305
3	29	78	6,506
3	29	81	3,481
3	29	82	1,658
3	29	84	5,322
3	29	85	2,39
3	29	86	12,312
3	29	89	11,823
3	35	15	17,576
3	35	16	0,738
3	35	18	2,211
3	35	23	4,473
3	35	29	10,487
3	35	40	0,514
3	35	41	4,237
3	35	48	1,068
3	35	50	13,123
3	35	61	2,934
3	35	63	13,776
3	35	66	2,01
3	35	69	13,695
3	35	78	7,257
3	35	81	6,917
3	35	82	4,413
3	35	84	0,677
3	35	85	6,902
3	35	86	4,518
3	35	89	3,079
3	40	15	1,35
3	40	16	8,228
3	40	18	0,715
3	40	23	5,758
3	40	29	39,079
3	40	35	1,585
3	40	41	4,174
3	40	48	5,359
3	40	50	5,438
3	40	61	8,546
3	40	63	7,664
3	40	66	1,359
3	40	69	2,059
3	40	78	2,963
3	40	81	6,902
3	40	82	3,791
3	40	84	7,225
3	40	85	0,715
3	40	86	9,865
3	40	89	22,281
3	41	15	9,582
3	41	16	4,558
3	41	18	4,314
3	41	23	3,264
3	41	29	13,799
3	41	35	2,881
3	41	40	0,732
3	41	48	10,467
3	41	50	6,959
3	41	61	3,371
3	41	63	3,599
3	41	66	4,921
3	41	69	13,103
3	41	78	1,04
3	41	81	5,983
3	41	82	5,593
3	41	84	0,92
3	41	85	0,97
3	41	86	4,08
3	41	89	6,164
3	48	15	7,793
3	48	16	1,273
3	48	18	10,048
3	48	23	0,707
3	48	29	0,577
3	48	35	3,096
3	48	40	1,527
3	48	41	6,539
3	48	50	16,211
3	48	61	4,031
3	48	63	5,952
3	48	66	8,404
3	48	69	7,019
3	48	78	3,289
3	48	81	3,464
3	48	82	6,787
3	48	84	23,979
3	48	85	1,705
3	48	86	3,784
3	48	89	0,667
3	50	15	0,85
3	50	16	6,285
3	50	18	1,322
3	50	23	10,9
3	50	29	0,533
3	50	35	2,626
3	50	40	2,626
3	50	41	15,547
3	50	48	2,035
3	50	61	7,642
3	50	63	5,259
3	50	66	9,045
3	50	69	1,835
3	50	78	1,848
3	50	81	11,407
3	50	82	8,567
3	50	84	6,488
3	50	85	2,693
3	50	86	1,058
3	50	89	1,849
3	61	15	4,61
3	61	16	3,044
3	61	18	2,018
3	61	23	5,008
3	61	29	22,031
3	61	35	1,621
3	61	40	3,67
3	61	41	2,642
3	61	48	1,279
3	61	50	4,462
3	61	63	1,576
3	61	66	1,649
3	61	69	1,231
3	61	78	1,303
3	61	81	14,931
3	61	82	13,279
3	61	84	4,897
3	61	85	16,916
3	61	86	2,306
3	61	89	1,675
3	63	15	18,713
3	63	16	2,725
3	63	18	0,66
3	63	23	2,649
3	63	29	2,016
3	63	35	5,316
3	63	40	4,346
3	63	41	1,034
3	63	48	1,516
3	63	50	3,373
3	63	61	8,175
3	63	66	10,92
3	63	69	2,781
3	63	78	1,265
3	63	81	6,455
3	63	82	1,185
3	63	84	0,508
3	63	85	7,384
3	63	86	1,637
3	63	89	8,683
3	66	15	1,902
3	66	16	4,396
3	66	18	5,924
3	66	23	8,071
3	66	29	2,748
3	66	35	0,687
3	66	40	10,742
3	66	41	5,725
3	66	48	6,611
3	66	50	2,228
3	66	61	18,076
3	66	63	3,501
3	66	69	10,144
3	66	78	14,57
3	66	81	13,168
3	66	82	10,06
3	66	84	10,941
3	66	85	3,865
3	66	86	2,403
3	66	89	1,336
3	69	15	1,847
3	69	16	6,681
3	69	18	0,967
3	69	23	0,937
3	69	29	5,087
3	69	35	0,674
3	69	40	2,433
3	69	41	1,17
3	69	48	6,304
3	69	50	1,495
3	69	61	0,934
3	69	63	1,01
3	69	66	1,224
3	69	78	12,735
3	69	81	0,773
3	69	82	11,477
3	69	84	3,543
3	69	85	11,949
3	69	86	6,578
3	69	89	0,731
3	78	15	5,575
3	78	16	9,074
3	78	18	3,012
3	78	23	2,401
3	78	29	1,935
3	78	35	0,652
3	78	40	6,995
3	78	41	2,323
3	78	48	0,904
3	78	50	5,522
3	78	61	4,976
3	78	63	3,7
3	78	66	7,77
3	78	69	1,645
3	78	81	10,943
3	78	82	2,029
3	78	84	2,723
3	78	85	2,814
3	78	86	6,041
3	78	89	5,157
3	81	15	1,304
3	81	16	1,946
3	81	18	15,099
3	81	23	1,227
3	81	29	5,964
3	81	35	7,353
3	81	40	1,116
3	81	41	11,021
3	81	48	22,37
3	81	50	5,572
3	81	61	35,856
3	81	63	2,567
3	81	66	2,459
3	81	69	5,353
3	81	78	11,981
3	81	82	1,67
3	81	84	1,435
3	81	85	4,407
3	81	86	3,029
3	81	89	7,778
3	82	15	1,034
3	82	16	9,015
3	82	18	6,351
3	82	23	11,026
3	82	29	20,442
3	82	35	7,513
3	82	40	1,558
3	82	41	19,727
3	82	48	3,328
3	82	50	1,654
3	82	61	2,78
3	82	63	3,027
3	82	66	11,114
3	82	69	9,036
3	82	78	13,819
3	82	81	5,873
3	82	84	3,533
3	82	85	0,778
3	82	86	1,274
3	82	89	1,999
3	84	15	2,094
3	84	16	18,488
3	84	18	15,181
3	84	23	1,166
3	84	29	7,371
3	84	35	3,539
3	84	40	8,495
3	84	41	3,79
3	84	48	5,554
3	84	50	22,706
3	84	61	4,879
3	84	63	0,788
3	84	66	8,314
3	84	69	0,803
3	84	78	3
3	84	81	1,059
3	84	82	1,08
3	84	85	5,098
3	84	86	2,351
3	84	89	1,054
3	85	15	2,304
3	85	16	8,707
3	85	18	5,25
3	85	23	2,196
3	85	29	2,84
3	85	35	3,575
3	85	40	4,968
3	85	41	3,696
3	85	48	5,436
3	85	50	8,544
3	85	61	6,586
3	85	63	3,027
3	85	66	1,51
3	85	69	16,36
3	85	78	2,735
3	85	81	5,245
3	85	82	6,667
3	85	84	21,281
3	85	86	5,839
3	85	89	3,107
3	86	15	3,445
3	86	16	0,648
3	86	18	4,263
3	86	23	2,697
3	86	29	8,861
3	86	35	1,159
3	86	40	1,212
3	86	41	3,874
3	86	48	6,564
3	86	50	3,712
3	86	61	6,767
3	86	63	1,608
3	86	66	5,839
3	86	69	7,538
3	86	78	0,72
3	86	81	2,194
3	86	82	5,719
3	86	84	10,044
3	86	85	7,617
3	86	89	2,275
3	89	15	1,741
3	89	16	9,295
3	89	18	6,109
3	89	23	5,52
3	89	29	3,173
3	89	35	12,172
3	89	40	37,215
3	89	41	4,122
3	89	48	2,777
3	89	50	5,163
3	89	61	0,601
3	89	63	0,843
3	89	66	3,364
3	89	69	7,307
3	89	78	0,909
3	89	81	11,074
3	89	82	7,404
3	89	84	10,849
3	89	85	19,216
3	89	86	24,199
4	14	17	1,176
4	14	25	2,565
4	14	29	0,875
4	14	34	1,41
4	14	44	1,168
4	14	47	9,478
4	14	52	5,98
4	14	55	3,533
4	14	59	8,636
4	14	62	2,055
4	14	64	5,233
4	14	67	7,598
4	14	68	5,365
4	14	73	17,094
4	14	75	4,565
4	14	81	8,34
4	14	87	3,811
4	14	91	6,661
4	14	92	2,51
4	14	95	9,012
4	14	96	10,237
4	14	97	3,348
4	14	99	4,861
4	17	14	11,566
4	17	25	5,24
4	17	29	1,033
4	17	34	2,242
4	17	44	9,073
4	17	47	1,774
4	17	52	0,74
4	17	55	7,557
4	17	59	8,209
4	17	62	3,007
4	17	64	11,14
4	17	67	11,154
4	17	68	2,18
4	17	73	1,508
4	17	75	12,041
4	17	81	6,621
4	17	87	4,477
4	17	91	4,88
4	17	92	3,49
4	17	95	4,753
4	17	96	4,795
4	17	97	3,788
4	17	99	13,591
4	25	14	3,21
4	25	17	0,83
4	25	29	7,361
4	25	34	5,498
4	25	44	7,589
4	25	47	3,007
4	25	52	27,137
4	25	55	11,093
4	25	59	3,795
4	25	62	3,191
4	25	64	8,409
4	25	67	1,255
4	25	68	8,272
4	25	73	19,854
4	25	75	3,586
4	25	81	19,56
4	25	87	3,728
4	25	91	16,877
4	25	92	3,486
4	25	95	3,615
4	25	96	1,425
4	25	97	2,635
4	25	99	2,884
4	29	14	2,368
4	29	17	15,026
4	29	25	7,254
4	29	34	1,848
4	29	44	2,458
4	29	47	21,362
4	29	52	15,055
4	29	55	23,489
4	29	59	1,321
4	29	62	4,268
4	29	64	9,849
4	29	67	11,769
4	29	68	3,045
4	29	73	1,72
4	29	75	2,441
4	29	81	6,994
4	29	87	6,069
4	29	91	1,514
4	29	92	7,897
4	29	95	36,8
4	29	96	0,5
4	29	97	15,6
4	29	99	1,185
4	34	14	2,438
4	34	17	9,088
4	34	25	9,802
4	34	29	5,72
4	34	44	3,104
4	34	47	15,39
4	34	52	3,014
4	34	55	5,769
4	34	59	1,189
4	34	62	7,426
4	34	64	3,751
4	34	67	0,835
4	34	68	1,942
4	34	73	0,663
4	34	75	1,35
4	34	81	11,786
4	34	87	6,119
4	34	91	18,617
4	34	92	13,109
4	34	95	0,558
4	34	96	3,517
4	34	97	1,576
4	34	99	2,276
4	44	14	2,558
4	44	17	4,633
4	44	25	14,635
4	44	29	11,355
4	44	34	14,42
4	44	47	1,295
4	44	52	22,095
4	44	55	2,213
4	44	59	0,833
4	44	62	6,98
4	44	64	4,576
4	44	67	4,421
4	44	68	7,31
4	44	73	4,162
4	44	75	4,378
4	44	81	1,438
4	44	87	4,287
4	44	91	1,299
4	44	92	11,108
4	44	95	13,071
4	44	96	3,957
4	44	97	1,251
4	44	99	12,538
4	47	14	1,305
4	47	17	1,097
4	47	25	2,92
4	47	29	21,884
4	47	34	0,773
4	47	44	0,681
4	47	52	7,987
4	47	55	17,221
4	47	59	7,101
4	47	62	9,814
4	47	64	4,298
4	47	67	1,704
4	47	68	3,413
4	47	73	7,988
4	47	75	1,284
4	47	81	1,761
4	47	87	8,255
4	47	91	13,209
4	47	92	1,819
4	47	95	6,729
4	47	96	3,843
4	47	97	5,833
4	47	99	3,824
4	52	14	35,664
4	52	17	4,353
4	52	25	8,572
4	52	29	1,61
4	52	34	3,132
4	52	44	3,977
4	52	47	8,855
4	52	55	11,766
4	52	59	4,803
4	52	62	8,896
4	52	64	1,562
4	52	67	0,524
4	52	68	2,401
4	52	73	1,716
4	52	75	2,148
4	52	81	7,072
4	52	87	2,665
4	52	91	2,818
4	52	92	8,367
4	52	95	2,654
4	52	96	2,724
4	52	97	3,601
4	52	99	2,806
4	55	14	5,111
4	55	17	8,111
4	55	25	2,272
4	55	29	3,271
4	55	34	8,071
4	55	44	32,171
4	55	47	6,514
4	55	52	0,815
4	55	59	13,408
4	55	62	1,401
4	55	64	36,038
4	55	67	6,815
4	55	68	23,677
4	55	73	6,263
4	55	75	1,512
4	55	81	4,098
4	55	87	8,978
4	55	91	9,791
4	55	92	4,09
4	55	95	3,261
4	55	96	6,235
4	55	97	8,97
4	55	99	8,428
4	59	14	4,675
4	59	17	13,988
4	59	25	7,649
4	59	29	13,414
4	59	34	14,863
4	59	44	25,482
4	59	47	9,078
4	59	52	0,523
4	59	55	9,09
4	59	62	5,615
4	59	64	5,919
4	59	67	5,588
4	59	68	4,261
4	59	73	2,491
4	59	75	9,688
4	59	81	4,266
4	59	87	2,973
4	59	91	10,805
4	59	92	16,743
4	59	95	12,856
4	59	96	0,977
4	59	97	4,29
4	59	99	5,34
4	62	14	8,494
4	62	17	0,696
4	62	25	5,807
4	62	29	6,765
4	62	34	8,199
4	62	44	2,729
4	62	47	12,687
4	62	52	3,463
4	62	55	1,193
4	62	59	10,088
4	62	64	2,085
4	62	67	1,058
4	62	68	6,528
4	62	73	2,239
4	62	75	17,722
4	62	81	8,676
4	62	87	16,37
4	62	91	5,766
4	62	92	0,934
4	62	95	42,074
4	62	96	8,11
4	62	97	13,019
4	62	99	2,996
4	64	14	18,517
4	64	17	2,704
4	64	25	8,047
4	64	29	7,171
4	64	34	5,668
4	64	44	3,033
4	64	47	3,294
4	64	52	2,793
4	64	55	9,642
4	64	59	4,536
4	64	62	3,955
4	64	67	8,371
4	64	68	7,125
4	64	73	2,426
4	64	75	11,296
4	64	81	2,309
4	64	87	17,196
4	64	91	0,613
4	64	92	4,46
4	64	95	0,684
4	64	96	3,389
4	64	97	0,681
4	64	99	3,918
4	67	14	2,708
4	67	17	4,672
4	67	25	11,727
4	67	29	0,673
4	67	34	0,885
4	67	44	9,078
4	67	47	6,108
4	67	52	14,691
4	67	55	1,495
4	67	59	2,467
4	67	62	10,163
4	67	64	6,061
4	67	68	2,515
4	67	73	18,079
4	67	75	10,774
4	67	81	1,682
4	67	87	1,176
4	67	91	0,78
4	67	92	3,3
4	67	95	8,96
4	67	96	4,527
4	67	97	0,767
4	67	99	30,782
4	68	14	29,485
4	68	17	6,501
4	68	25	8,343
4	68	29	7,647
4	68	34	4,722
4	68	44	7,748
4	68	47	5,622
4	68	52	22,335
4	68	55	2,489
4	68	59	4,456
4	68	62	6,128
4	68	64	2,376
4	68	67	2,904
4	68	73	1,826
4	68	75	2,47
4	68	81	1,922
4	68	87	5,618
4	68	91	1,634
4	68	92	2,487
4	68	95	10,219
4	68	96	0,567
4	68	97	10,39
4	68	99	1,94
4	73	14	2,644
4	73	17	3,462
4	73	25	4,204
4	73	29	9,914
4	73	34	1,228
4	73	44	3,241
4	73	47	2,375
4	73	52	10,883
4	73	55	2,707
4	73	59	10,605
4	73	62	2,782
4	73	64	4,114
4	73	67	8,802
4	73	68	7,524
4	73	75	0,68
4	73	81	3,984
4	73	87	7,62
4	73	91	15,844
4	73	92	4,366
4	73	95	4,561
4	73	96	4,52
4	73	97	3,509
4	73	99	11,979
4	75	14	13,298
4	75	17	2,618
4	75	25	1,33
4	75	29	1,551
4	75	34	1,149
4	75	44	5,834
4	75	47	7,076
4	75	52	10,761
4	75	55	15,136
4	75	59	1,911
4	75	62	39,185
4	75	64	5,405
4	75	67	2,327
4	75	68	0,517
4	75	73	13,598
4	75	81	6,011
4	75	87	12,344
4	75	91	2,085
4	75	92	0,693
4	75	95	0,549
4	75	96	1,16
4	75	97	9,435
4	75	99	4,441
4	81	14	1,51
4	81	17	13,121
4	81	25	8,531
4	81	29	2,111
4	81	34	5,725
4	81	44	7,867
4	81	47	17,602
4	81	52	2,327
4	81	55	19,596
4	81	59	6,483
4	81	62	11,464
4	81	64	1,056
4	81	67	3,323
4	81	68	22,57
4	81	73	28,86
4	81	75	5,773
4	81	87	1,651
4	81	91	2,46
4	81	92	1,996
4	81	95	17,544
4	81	96	8,074
4	81	97	4,989
4	81	99	6,888
4	87	14	13,221
4	87	17	14,035
4	87	25	17,085
4	87	29	29,138
4	87	34	21,123
4	87	44	0,862
4	87	47	6,829
4	87	52	4,139
4	87	55	9,023
4	87	59	13,066
4	87	62	3,543
4	87	64	2,949
4	87	67	10,458
4	87	68	4,283
4	87	73	13,911
4	87	75	23,906
4	87	81	8,469
4	87	91	1,812
4	87	92	1,434
4	87	95	1,606
4	87	96	22,13
4	87	97	4,665
4	87	99	9,068
4	91	14	1,273
4	91	17	7,205
4	91	25	2,732
4	91	29	14,241
4	91	34	32,297
4	91	44	26,639
4	91	47	1,985
4	91	52	12,177
4	91	55	50,839
4	91	59	6,91
4	91	62	7,412
4	91	64	3,666
4	91	67	0,749
4	91	68	2,455
4	91	73	10,354
4	91	75	16,031
4	91	81	6,927
4	91	87	0,534
4	91	92	9,455
4	91	95	3,251
4	91	96	3,619
4	91	97	88,951
4	91	99	6,335
4	92	14	7,049
4	92	17	3,26
4	92	25	2,486
4	92	29	27,125
4	92	34	0,995
4	92	44	11,297
4	92	47	4,099
4	92	52	8,748
4	92	55	0,98
4	92	59	4,475
4	92	62	8,86
4	92	64	9,344
4	92	67	7,819
4	92	68	10,891
4	92	73	2,443
4	92	75	7,048
4	92	81	1,8
4	92	87	1,43
4	92	91	1,851
4	92	95	10,369
4	92	96	7,927
4	92	97	17,766
4	92	99	3,112
4	95	14	13,526
4	95	17	1,347
4	95	25	8,832
4	95	29	2,215
4	95	34	20,435
4	95	44	5,895
4	95	47	8,135
4	95	52	4,062
4	95	55	8,076
4	95	59	8,932
4	95	62	5,877
4	95	64	2,698
4	95	67	0,783
4	95	68	0,795
4	95	73	4,886
4	95	75	2,283
4	95	81	2,1
4	95	87	8,521
4	95	91	5,982
4	95	92	1,001
4	95	96	3,106
4	95	97	3,036
4	95	99	2,323
4	96	14	5,948
4	96	17	1,283
4	96	25	15,362
4	96	29	9,558
4	96	34	2,723
4	96	44	5,188
4	96	47	1,105
4	96	52	0,932
4	96	55	10,823
4	96	59	1,597
4	96	62	4,339
4	96	64	16,383
4	96	67	5,428
4	96	68	1,342
4	96	73	10,05
4	96	75	9,304
4	96	81	5,176
4	96	87	1,113
4	96	91	8,822
4	96	92	1,769
4	96	95	3,649
4	96	97	3,591
4	96	99	2,886
4	97	14	0,687
4	97	17	4,029
4	97	25	0,592
4	97	29	4,406
4	97	34	21,949
4	97	44	1,82
4	97	47	17,198
4	97	52	4,976
4	97	55	3,215
4	97	59	19,79
4	97	62	7,864
4	97	64	16,566
4	97	67	5,786
4	97	68	5,967
4	97	73	20,386
4	97	75	4,746
4	97	81	1,668
4	97	87	5,004
4	97	91	8,273
4	97	92	8,65
4	97	95	1,265
4	97	96	6,022
4	97	99	7,269
4	99	14	1,056
4	99	17	0,656
4	99	25	6,743
4	99	29	0,885
4	99	34	5,747
4	99	44	1,26
4	99	47	3,253
4	99	52	15,944
4	99	55	18,456
4	99	59	1,173
4	99	62	3,181
4	99	64	8,871
4	99	67	11,084
4	99	68	10,151
4	99	73	9,736
4	99	75	14,169
4	99	81	3,977
4	99	87	7,297
4	99	91	5,254
4	99	92	9,099
4	99	95	11,037
4	99	96	6,368
4	99	97	20,702
5	3	10	3,286
5	3	12	2,613
5	3	15	8,056
5	3	16	2,717
5	3	17	9,571
5	3	21	1,22
5	3	27	0,667
5	3	29	0,835
5	3	30	6,144
5	3	38	5,957
5	3	44	11,395
5	3	46	4,607
5	3	50	2,669
5	3	58	8,463
5	3	59	4,156
5	3	63	0,654
5	3	70	4,418
5	3	71	1,665
5	3	79	3,162
5	3	80	2,574
5	3	84	1,262
5	3	94	6,319
5	10	3	5,696
5	10	12	0,825
5	10	15	5,709
5	10	16	1,273
5	10	17	3,46
5	10	21	5,499
5	10	27	0,559
5	10	29	14,564
5	10	30	2,883
5	10	38	14,149
5	10	44	3,24
5	10	46	0,809
5	10	50	13,136
5	10	58	24,707
5	10	59	1,966
5	10	63	4,686
5	10	70	2,585
5	10	71	5,354
5	10	79	9,636
5	10	80	11,653
5	10	84	4,155
5	10	94	2,473
5	12	3	10,238
5	12	10	2,125
5	12	15	6,691
5	12	16	3,615
5	12	17	1,673
5	12	21	13,19
5	12	27	20,071
5	12	29	10,747
5	12	30	4,303
5	12	38	11,821
5	12	44	8,796
5	12	46	1,158
5	12	50	5,015
5	12	58	1,002
5	12	59	0,701
5	12	63	7,03
5	12	70	1,037
5	12	71	10,614
5	12	79	4,663
5	12	80	3,318
5	12	84	3,266
5	12	94	4,975
5	15	3	3,043
5	15	10	3
5	15	12	1,862
5	15	16	4,503
5	15	17	0,997
5	15	21	3,821
5	15	27	6,301
5	15	29	7,222
5	15	30	2,812
5	15	38	1,778
5	15	44	9,661
5	15	46	1,098
5	15	50	5,763
5	15	58	2,329
5	15	59	6,651
5	15	63	1,615
5	15	70	2,332
5	15	71	3,158
5	15	79	1,76
5	15	80	0,96
5	15	84	2,961
5	15	94	2,979
5	16	3	3,159
5	16	10	4,038
5	16	12	0,665
5	16	15	3,823
5	16	17	0,878
5	16	21	0,787
5	16	27	2,21
5	16	29	8,557
5	16	30	8,311
5	16	38	8,643
5	16	44	4,699
5	16	46	6,974
5	16	50	1,146
5	16	58	13,163
5	16	59	0,738
5	16	63	20,163
5	16	70	0,802
5	16	71	7,901
5	16	79	1,916
5	16	80	8,337
5	16	84	5,541
5	16	94	3,398
5	17	3	1,825
5	17	10	15,006
5	17	12	25,648
5	17	15	2,153
5	17	16	4,424
5	17	21	11,58
5	17	27	1,505
5	17	29	15,619
5	17	30	3,671
5	17	38	1,882
5	17	44	2,294
5	17	46	14,343
5	17	50	4,707
5	17	58	2,314
5	17	59	46,705
5	17	63	3,74
5	17	70	5,086
5	17	71	1,38
5	17	79	5,773
5	17	80	6,297
5	17	84	18,375
5	17	94	0,6
5	21	3	13,646
5	21	10	5,419
5	21	12	2,806
5	21	15	15,073
5	21	16	7,159
5	21	17	8,99
5	21	27	4,784
5	21	29	3,478
5	21	30	2,267
5	21	38	6,028
5	21	44	13,293
5	21	46	11,869
5	21	50	19,928
5	21	58	15,001
5	21	59	1,649
5	21	63	16,506
5	21	70	4,401
5	21	71	6,536
5	21	79	3,374
5	21	80	1,28
5	21	84	4,36
5	21	94	16,611
5	27	3	12,249
5	27	10	1,313
5	27	12	4,375
5	27	15	1,688
5	27	16	7,43
5	27	17	11,819
5	27	21	3,891
5	27	29	1,541
5	27	30	2,608
5	27	38	5,135
5	27	44	6,006
5	27	46	1,606
5	27	50	7,511
5	27	58	5,218
5	27	59	6,347
5	27	63	5,564
5	27	70	2,472
5	27	71	7,037
5	27	79	1,013
5	27	80	0,555
5	27	84	4,926
5	27	94	2,049
5	29	3	2,557
5	29	10	8,728
5	29	12	27,229
5	29	15	3,738
5	29	16	1,196
5	29	17	3,179
5	29	21	2,206
5	29	27	4,791
5	29	30	1,003
5	29	38	4,476
5	29	44	2,617
5	29	46	2,829
5	29	50	2,913
5	29	58	0,611
5	29	59	3,11
5	29	63	3,21
5	29	70	5,13
5	29	71	0,801
5	29	79	3,686
5	29	80	1,318
5	29	84	3,388
5	29	94	0,878
5	30	3	3,768
5	30	10	1,841
5	30	12	1,183
5	30	15	3,686
5	30	16	2,057
5	30	17	2,144
5	30	21	6,462
5	30	27	0,543
5	30	29	0,514
5	30	38	8,025
5	30	44	5,494
5	30	46	4,091
5	30	50	7,669
5	30	58	12,428
5	30	59	17,646
5	30	63	3,626
5	30	70	5,478
5	30	71	1,52
5	30	79	3,912
5	30	80	4,841
5	30	84	5,518
5	30	94	5,753
5	38	3	2,722
5	38	10	0,792
5	38	12	1,67
5	38	15	5,922
5	38	16	8,585
5	38	17	8,056
5	38	21	1,43
5	38	27	5,741
5	38	29	11,505
5	38	30	4,786
5	38	44	23,495
5	38	46	0,873
5	38	50	21,913
5	38	58	11,098
5	38	59	1,974
5	38	63	4,28
5	38	70	16,202
5	38	71	2,712
5	38	79	9,287
5	38	80	7,152
5	38	84	2,206
5	38	94	0,978
5	44	3	2,381
5	44	10	5,057
5	44	12	1,005
5	44	15	11,054
5	44	16	3,107
5	44	17	1,638
5	44	21	2,664
5	44	27	2,775
5	44	29	0,571
5	44	30	3,173
5	44	38	4,137
5	44	46	0,503
5	44	50	1,792
5	44	58	4,416
5	44	59	12,549
5	44	63	0,994
5	44	70	2,73
5	44	71	2,68
5	44	79	7,994
5	44	80	1,786
5	44	84	1,857
5	44	94	2,356
5	46	3	1,223
5	46	10	31,536
5	46	12	1,8
5	46	15	0,912
5	46	16	3,467
5	46	17	1,219
5	46	21	2,066
5	46	27	7,345
5	46	29	8,425
5	46	30	1,508
5	46	38	1,424
5	46	44	5,277
5	46	50	1,037
5	46	58	1,551
5	46	59	1,071
5	46	63	4,036
5	46	70	8,992
5	46	71	7,66
5	46	79	2,447
5	46	80	0,882
5	46	84	3,062
5	46	94	8,315
5	50	3	2,68
5	50	10	3,842
5	50	12	1,835
5	50	15	1,956
5	50	16	2,322
5	50	17	4,475
5	50	21	11,661
5	50	27	2,086
5	50	29	5,674
5	50	30	12,01
5	50	38	15,642
5	50	44	3,939
5	50	46	0,521
5	50	58	4,295
5	50	59	4,07
5	50	63	4,992
5	50	70	2,324
5	50	71	4,808
5	50	79	1,544
5	50	80	12,944
5	50	84	1,467
5	50	94	8,201
5	58	3	10,437
5	58	10	19,02
5	58	12	14,658
5	58	15	4,103
5	58	16	2,256
5	58	17	0,692
5	58	21	6,119
5	58	27	0,537
5	58	29	15,793
5	58	30	1,688
5	58	38	10,126
5	58	44	10,255
5	58	46	5,28
5	58	50	3,323
5	58	59	1,107
5	58	63	11,812
5	58	70	2,954
5	58	71	1,113
5	58	79	21,851
5	58	80	7,161
5	58	84	5,741
5	58	94	8,45
5	59	3	5,487
5	59	10	2,986
5	59	12	1,434
5	59	15	9,115
5	59	16	5,609
5	59	17	5,652
5	59	21	10,14
5	59	27	5,788
5	59	29	0,965
5	59	30	2,321
5	59	38	13,15
5	59	44	12,589
5	59	46	3,505
5	59	50	2,847
5	59	58	20,804
5	59	63	5,493
5	59	70	8,208
5	59	71	6,088
5	59	79	13,884
5	59	80	2,233
5	59	84	3,212
5	59	94	4,521
5	63	3	3,835
5	63	10	5,341
5	63	12	7,364
5	63	15	15,012
5	63	16	12,948
5	63	17	7,028
5	63	21	3,715
5	63	27	1,85
5	63	29	1,754
5	63	30	5,099
5	63	38	19,48
5	63	44	5,487
5	63	46	1,03
5	63	50	8,623
5	63	58	9,014
5	63	59	7,797
5	63	70	3,314
5	63	71	1,174
5	63	79	0,714
5	63	80	14,909
5	63	84	2,455
5	63	94	9,112
5	70	3	5,156
5	70	10	10,656
5	70	12	4,755
5	70	15	2,745
5	70	16	8,975
5	70	17	13,08
5	70	21	1,624
5	70	27	1,316
5	70	29	2,352
5	70	30	9,698
5	70	38	15,77
5	70	44	2,175
5	70	46	6,849
5	70	50	4,333
5	70	58	2,154
5	70	59	0,975
5	70	63	1,573
5	70	71	33,334
5	70	79	4,605
5	70	80	9,581
5	70	84	3,278
5	70	94	9,235
5	71	3	1,473
5	71	10	3,811
5	71	12	24,372
5	71	15	5,935
5	71	16	1,937
5	71	17	1,611
5	71	21	7,198
5	71	27	3,503
5	71	29	1,927
5	71	30	21,181
5	71	38	0,727
5	71	44	2,572
5	71	46	0,681
5	71	50	11,016
5	71	58	9,634
5	71	59	8,136
5	71	63	2,92
5	71	70	1,939
5	71	79	1,219
5	71	80	1,195
5	71	84	0,669
5	71	94	7,074
5	79	3	2,427
5	79	10	3,713
5	79	12	1,943
5	79	15	9,974
5	79	16	4,787
5	79	17	1,928
5	79	21	2,427
5	79	27	28,366
5	79	29	7,753
5	79	30	17,425
5	79	38	14,843
5	79	44	0,884
5	79	46	1,59
5	79	50	10,972
5	79	58	1,194
5	79	59	0,973
5	79	63	2,191
5	79	70	3,298
5	79	71	5,099
5	79	80	3,251
5	79	84	20,706
5	79	94	13,291
5	80	3	8,704
5	80	10	8,617
5	80	12	4,348
5	80	15	44,626
5	80	16	3,572
5	80	17	6,251
5	80	21	4,213
5	80	27	16,164
5	80	29	0,517
5	80	30	0,674
5	80	38	5,277
5	80	44	18,565
5	80	46	2,837
5	80	50	3,315
5	80	58	5,504
5	80	59	4,571
5	80	63	13,943
5	80	70	18,555
5	80	71	5,82
5	80	79	2,021
5	80	84	2,022
5	80	94	2,046
5	84	3	1,275
5	84	10	28,594
5	84	12	10,153
5	84	15	20,491
5	84	16	4,912
5	84	17	1,199
5	84	21	0,953
5	84	27	0,632
5	84	29	8,582
5	84	30	3,793
5	84	38	7,112
5	84	44	6,262
5	84	46	9,978
5	84	50	2,083
5	84	58	10,125
5	84	59	0,762
5	84	63	2,456
5	84	70	3,189
5	84	71	4,634
5	84	79	1,59
5	84	80	0,604
5	84	94	9,143
5	94	3	2,033
5	94	10	0,936
5	94	12	3,577
5	94	15	1,777
5	94	16	5,487
5	94	17	3,041
5	94	21	1,904
5	94	27	0,59
5	94	29	2,22
5	94	30	1,04
5	94	38	4,753
5	94	44	14,625
5	94	46	11,38
5	94	50	3,953
5	94	58	10,623
5	94	59	3,633
5	94	63	4,84
5	94	70	12,828
5	94	71	6,967
5	94	79	1,167
5	94	80	12,026
5	94	84	18,717
6	2	4	4,41
6	2	5	2,039
6	2	6	5,165
6	2	13	9,594
6	2	18	4,573
6	2	22	9,022
6	2	24	11,262
6	2	35	4,844
6	2	42	9,506
6	2	45	3,487
6	2	51	2,911
6	2	53	2,236
6	2	66	36,775
6	2	73	2,995
6	2	91	2,337
6	2	95	6,038
6	2	99	6,362
6	4	2	7,227
6	4	5	2,397
6	4	6	5,649
6	4	13	5,606
6	4	18	4,912
6	4	22	5,125
6	4	24	1,883
6	4	35	2,659
6	4	42	8,908
6	4	45	3,15
6	4	51	1,371
6	4	53	2,394
6	4	66	6,769
6	4	73	8,965
6	4	91	2,62
6	4	95	6,708
6	4	99	0,565
6	5	2	1,591
6	5	4	5,458
6	5	6	3,689
6	5	13	5,677
6	5	18	8,635
6	5	22	2,678
6	5	24	7,906
6	5	35	0,899
6	5	42	9,249
6	5	45	2,783
6	5	51	1,975
6	5	53	24,487
6	5	66	1,272
6	5	73	15,874
6	5	91	4,308
6	5	95	5,391
6	5	99	1,695
6	6	2	5,889
6	6	4	6,331
6	6	5	3,014
6	6	13	1,288
6	6	18	3,757
6	6	22	0,618
6	6	24	13,903
6	6	35	2,552
6	6	42	1,688
6	6	45	7,302
6	6	51	1,735
6	6	53	2,441
6	6	66	11,695
6	6	73	10,616
6	6	91	0,699
6	6	95	3,694
6	6	99	5,346
6	13	2	19,537
6	13	4	3,389
6	13	5	3,722
6	13	6	8,963
6	13	18	0,725
6	13	22	16,283
6	13	24	1,042
6	13	35	14,216
6	13	42	3,028
6	13	45	10,844
6	13	51	5,269
6	13	53	8,555
6	13	66	17,84
6	13	73	10,914
6	13	91	5,313
6	13	95	10,92
6	13	99	2,491
6	18	2	2,067
6	18	4	12,153
6	18	5	3,346
6	18	6	2,742
6	18	13	6,48
6	18	22	7,886
6	18	24	2,902
6	18	35	4,308
6	18	42	10,335
6	18	45	27,669
6	18	51	3,005
6	18	53	2,161
6	18	66	0,82
6	18	73	12,601
6	18	91	0,754
6	18	95	12,97
6	18	99	18,074
6	22	2	3,9
6	22	4	3,036
6	22	5	2,636
6	22	6	8,606
6	22	13	2,188
6	22	18	2,23
6	22	24	5,037
6	22	35	2,015
6	22	42	3,789
6	22	45	1,926
6	22	51	5,281
6	22	53	0,674
6	22	66	1,34
6	22	73	1,276
6	22	91	4,729
6	22	95	7,928
6	22	99	6,655
6	24	2	6,322
6	24	4	3,613
6	24	5	3,128
6	24	6	8,079
6	24	13	8,679
6	24	18	1,286
6	24	22	24,068
6	24	35	9,239
6	24	42	2,642
6	24	45	4,022
6	24	51	5,28
6	24	53	5,12
6	24	66	0,616
6	24	73	7,136
6	24	91	3,883
6	24	95	3,537
6	24	99	6,81
6	35	2	0,934
6	35	4	2,732
6	35	5	8,158
6	35	6	0,989
6	35	13	3,979
6	35	18	2,492
6	35	22	15,065
6	35	24	4,775
6	35	42	4,913
6	35	45	4,866
6	35	51	6,089
6	35	53	2,735
6	35	66	5,982
6	35	73	3,966
6	35	91	15,754
6	35	95	7,098
6	35	99	0,784
6	42	2	0,859
6	42	4	18,034
6	42	5	0,596
6	42	6	0,655
6	42	13	8,915
6	42	18	5,912
6	42	22	4,835
6	42	24	14,696
6	42	35	11,611
6	42	45	7,612
6	42	51	7,834
6	42	53	0,529
6	42	66	1,58
6	42	73	5,756
6	42	91	2,315
6	42	95	1,92
6	42	99	3,01
6	45	2	16,773
6	45	4	2,593
6	45	5	20,331
6	45	6	4,524
6	45	13	6,298
6	45	18	13,792
6	45	22	3,21
6	45	24	3,214
6	45	35	4,533
6	45	42	1,485
6	45	51	14,378
6	45	53	3,562
6	45	66	2,732
6	45	73	9,535
6	45	91	0,996
6	45	95	3,403
6	45	99	1,901
6	51	2	9,051
6	51	4	13,363
6	51	5	4,327
6	51	6	5,751
6	51	13	0,646
6	51	18	18,738
6	51	22	3,379
6	51	24	3,301
6	51	35	5,451
6	51	42	2,116
6	51	45	3,197
6	51	53	6,863
6	51	66	7,161
6	51	73	2,927
6	51	91	1,467
6	51	95	2,275
6	51	99	9,719
6	53	2	71,172
6	53	4	11,085
6	53	5	8,063
6	53	6	2,571
6	53	13	2,998
6	53	18	1,452
6	53	22	10,119
6	53	24	11,094
6	53	35	0,898
6	53	42	17,324
6	53	45	12,488
6	53	51	1,201
6	53	66	1,227
6	53	73	1,716
6	53	91	2,438
6	53	95	0,67
6	53	99	2,971
6	66	2	11,312
6	66	4	8,24
6	66	5	2,177
6	66	6	1,211
6	66	13	1,442
6	66	18	0,777
6	66	22	17,335
6	66	24	3,771
6	66	35	15,346
6	66	42	8,897
6	66	45	2,214
6	66	51	3,999
6	66	53	5,234
6	66	73	3,299
6	66	91	1,229
6	66	95	0,971
6	66	99	10,351
6	73	2	1,128
6	73	4	9,221
6	73	5	1,334
6	73	6	6,625
6	73	13	0,935
6	73	18	5,859
6	73	22	11,022
6	73	24	13,126
6	73	35	1,271
6	73	42	4,107
6	73	45	0,502
6	73	51	2,72
6	73	53	2,547
6	73	66	2,069
6	73	91	11,098
6	73	95	4,022
6	73	99	7,333
6	91	2	2,419
6	91	4	12,866
6	91	5	7,858
6	91	6	2,8
6	91	13	6,968
6	91	18	4,947
6	91	22	1,293
6	91	24	1,155
6	91	35	1,619
6	91	42	3,636
6	91	45	4,717
6	91	51	7,148
6	91	53	12,741
6	91	66	0,627
6	91	73	0,886
6	91	95	1,014
6	91	99	15,968
6	95	2	4,247
6	95	4	9,337
6	95	5	3,678
6	95	6	0,566
6	95	13	3,278
6	95	18	0,619
6	95	22	1,429
6	95	24	0,589
6	95	35	6,411
6	95	42	7,314
6	95	45	12,54
6	95	51	8,115
6	95	53	12,092
6	95	66	3,935
6	95	73	2,418
6	95	91	10,361
6	95	99	0,71
6	99	2	1,154
6	99	4	7,239
6	99	5	4,108
6	99	6	3,698
6	99	13	6,133
6	99	18	1,572
6	99	22	7,099
6	99	24	4,463
6	99	35	5,499
6	99	42	9,417
6	99	45	5,164
6	99	51	7,749
6	99	53	4,975
6	99	66	4,645
6	99	73	2,684
6	99	91	5,892
6	99	95	2,584
7	14	15	4,66
7	14	21	6,669
7	14	24	0,89
7	14	33	9,965
7	14	35	6,164
7	14	51	4,165
7	14	53	1,624
7	14	56	2,464
7	14	57	11,729
7	14	58	2,313
7	14	62	1,292
7	14	68	18,966
7	14	70	1,876
7	14	77	15,918
7	14	79	5,2
7	14	83	6,272
7	14	91	1,632
7	14	92	11,867
7	14	93	0,763
7	15	14	3,984
7	15	21	12,89
7	15	24	5,503
7	15	33	6,047
7	15	35	3,048
7	15	51	13,969
7	15	53	1,13
7	15	56	6,726
7	15	57	2,554
7	15	58	3,367
7	15	62	6,313
7	15	68	2,724
7	15	70	3,223
7	15	77	11,164
7	15	79	1,398
7	15	83	1,931
7	15	91	4,784
7	15	92	10,019
7	15	93	4,245
7	21	14	2,409
7	21	15	20,231
7	21	24	4,842
7	21	33	2,89
7	21	35	5,079
7	21	51	5,09
7	21	53	15,879
7	21	56	8,488
7	21	57	0,931
7	21	58	1,65
7	21	62	1,767
7	21	68	3,358
7	21	70	0,786
7	21	77	1,747
7	21	79	1,741
7	21	83	4,826
7	21	91	3,894
7	21	92	2,759
7	21	93	1,242
7	24	14	5,789
7	24	15	1,684
7	24	21	3,291
7	24	33	7,264
7	24	35	0,719
7	24	51	3,254
7	24	53	0,764
7	24	56	5,09
7	24	57	2,614
7	24	58	2,383
7	24	62	22,794
7	24	68	2,175
7	24	70	5,898
7	24	77	8,612
7	24	79	9,163
7	24	83	12,854
7	24	91	11,173
7	24	92	7,465
7	24	93	1,174
7	33	14	1,897
7	33	15	6,872
7	33	21	3,07
7	33	24	2,815
7	33	35	17,887
7	33	51	2,834
7	33	53	3,866
7	33	56	3,395
7	33	57	6,573
7	33	58	5,54
7	33	62	19,805
7	33	68	9,414
7	33	70	1,326
7	33	77	1,368
7	33	79	8,208
7	33	83	9,369
7	33	91	0,81
7	33	92	3,662
7	33	93	15,195
7	35	14	8,47
7	35	15	2,154
7	35	21	6,248
7	35	24	2,428
7	35	33	6,888
7	35	51	6,12
7	35	53	9,75
7	35	56	8,192
7	35	57	7,188
7	35	58	0,975
7	35	62	33,677
7	35	68	0,692
7	35	70	14,271
7	35	77	2,21
7	35	79	1,891
7	35	83	1,932
7	35	91	6,236
7	35	92	8,156
7	35	93	2,6
7	51	14	1,593
7	51	15	8,362
7	51	21	1,904
7	51	24	7,818
7	51	33	9,933
7	51	35	4,236
7	51	53	33,549
7	51	56	2,749
7	51	57	11,466
7	51	58	0,748
7	51	62	0,996
7	51	68	3,557
7	51	70	2,129
7	51	77	22,369
7	51	79	6,406
7	51	83	4,138
7	51	91	1,768
7	51	92	1,83
7	51	93	13,636
7	53	14	1,975
7	53	15	2,216
7	53	21	4,813
7	53	24	6,046
7	53	33	9,508
7	53	35	6,366
7	53	51	29,212
7	53	56	3,954
7	53	57	13,165
7	53	58	6,514
7	53	62	3,215
7	53	68	31,306
7	53	70	9,963
7	53	77	0,935
7	53	79	2,534
7	53	83	10,405
7	53	91	3,218
7	53	92	0,707
7	53	93	47,7
7	56	14	8,695
7	56	15	4,978
7	56	21	1,131
7	56	24	56,273
7	56	33	29,378
7	56	35	8,703
7	56	51	11,72
7	56	53	2,81
7	56	57	18,824
7	56	58	1,039
7	56	62	6,311
7	56	68	6,107
7	56	70	3,196
7	56	77	3,15
7	56	79	23,205
7	56	83	3,467
7	56	91	0,794
7	56	92	1,233
7	56	93	0,556
7	57	14	1,828
7	57	15	0,926
7	57	21	11,701
7	57	24	4,43
7	57	33	3,447
7	57	35	34,074
7	57	51	5,089
7	57	53	12,54
7	57	56	0,505
7	57	58	0,986
7	57	62	1,473
7	57	68	3,091
7	57	70	2,588
7	57	77	5,731
7	57	79	1,091
7	57	83	1,726
7	57	91	2,51
7	57	92	7,145
7	57	93	1,179
7	58	14	12,328
7	58	15	11,842
7	58	21	1,089
7	58	24	2,573
7	58	33	15,898
7	58	35	6,247
7	58	51	1,916
7	58	53	11,776
7	58	56	6,755
7	58	57	11,551
7	58	62	1,646
7	58	68	3,73
7	58	70	0,766
7	58	77	2,244
7	58	79	8,776
7	58	83	3,679
7	58	91	6,982
7	58	92	1,614
7	58	93	2,775
7	62	14	4,154
7	62	15	3,022
7	62	21	5,47
7	62	24	5,832
7	62	33	3,13
7	62	35	5,078
7	62	51	3,673
7	62	53	0,658
7	62	56	17,989
7	62	57	1,261
7	62	58	1,607
7	62	68	6,051
7	62	70	1,274
7	62	77	11,763
7	62	79	5,235
7	62	83	14,011
7	62	91	4,035
7	62	92	1,33
7	62	93	0,586
7	68	14	8,551
7	68	15	6,293
7	68	21	3,463
7	68	24	0,604
7	68	33	0,571
7	68	35	21,96
7	68	51	17,546
7	68	53	3,061
7	68	56	8,331
7	68	57	11,682
7	68	58	2,338
7	68	62	3,974
7	68	70	2,264
7	68	77	1,931
7	68	79	0,603
7	68	83	15,806
7	68	91	7,702
7	68	92	8,946
7	68	93	20,094
7	70	14	13,583
7	70	15	7,756
7	70	21	3,777
7	70	24	7,066
7	70	33	3,551
7	70	35	22,451
7	70	51	39,765
7	70	53	4,586
7	70	56	4,096
7	70	57	6,582
7	70	58	16,01
7	70	62	15,957
7	70	68	2,032
7	70	77	3,935
7	70	79	1,919
7	70	83	14,688
7	70	91	9,774
7	70	92	2,408
7	70	93	15,724
7	77	14	6,89
7	77	15	2,276
7	77	21	5,543
7	77	24	2,089
7	77	33	7,505
7	77	35	1,29
7	77	51	7,135
7	77	53	2,805
7	77	56	0,896
7	77	57	5,05
7	77	58	5,929
7	77	62	0,517
7	77	68	3,208
7	77	70	2,597
7	77	79	17,253
7	77	83	6,676
7	77	91	3,97
7	77	92	19,763
7	77	93	3,243
7	79	14	9,987
7	79	15	4,843
7	79	21	5,697
7	79	24	1,461
7	79	33	0,92
7	79	35	0,628
7	79	51	6,997
7	79	53	10,314
7	79	56	9,949
7	79	57	46,235
7	79	58	2,145
7	79	62	7,157
7	79	68	2,942
7	79	70	2,341
7	79	77	12,511
7	79	83	1,631
7	79	91	13,355
7	79	92	7,074
7	79	93	3,071
7	83	14	4,723
7	83	15	1,818
7	83	21	5,431
7	83	24	5,207
7	83	33	5,059
7	83	35	2,747
7	83	51	2,104
7	83	53	6,626
7	83	56	65,969
7	83	57	1,806
7	83	58	5,522
7	83	62	1,849
7	83	68	0,685
7	83	70	5,195
7	83	77	6,237
7	83	79	1,207
7	83	91	5,901
7	83	92	0,522
7	83	93	6,967
7	91	14	2,793
7	91	15	1,006
7	91	21	15,05
7	91	24	6,369
7	91	33	3,027
7	91	35	0,64
7	91	51	10,239
7	91	53	3,64
7	91	56	0,896
7	91	57	2,189
7	91	58	3,863
7	91	62	34,966
7	91	68	9,085
7	91	70	8,011
7	91	77	12,056
7	91	79	3,364
7	91	83	10,512
7	91	92	4,627
7	91	93	9,623
7	92	14	1,922
7	92	15	4,7
7	92	21	0,911
7	92	24	2,505
7	92	33	0,844
7	92	35	7,84
7	92	51	0,852
7	92	53	1,946
7	92	56	2,525
7	92	57	1,286
7	92	58	1,551
7	92	62	7,462
7	92	68	4,754
7	92	70	3,006
7	92	77	5,137
7	92	79	2,342
7	92	83	7,455
7	92	91	1,441
7	92	93	4,416
7	93	14	0,86
7	93	15	16,596
7	93	21	5,998
7	93	24	3,861
7	93	33	0,813
7	93	35	16,186
7	93	51	15,858
7	93	53	19,771
7	93	56	3,918
7	93	57	0,958
7	93	58	1,102
7	93	62	3,498
7	93	68	7,172
7	93	70	0,607
7	93	77	3,459
7	93	79	3,758
7	93	83	1,256
7	93	91	1,298
7	93	92	17,408
8	8	9	5,55
8	8	13	0,544
8	8	16	1,645
8	8	20	19,737
8	8	22	6,685
8	8	24	3,272
8	8	26	22,852
8	8	37	3,276
8	8	40	7,53
8	8	44	9,231
8	8	46	10,812
8	8	52	3,29
8	8	60	2,539
8	8	62	2,841
8	8	63	0,742
8	8	65	1,573
8	8	67	0,511
8	8	90	3,465
8	8	100	0,811
8	9	8	6,117
8	9	13	4,206
8	9	16	10,491
8	9	20	25,197
8	9	22	6,742
8	9	24	2,882
8	9	26	9,575
8	9	37	1,43
8	9	40	11,239
8	9	44	13,544
8	9	46	4,198
8	9	52	1,834
8	9	60	2,781
8	9	62	9,496
8	9	63	8,974
8	9	65	7,989
8	9	67	3,152
8	9	90	5,771
8	9	100	39,451
8	13	8	2,632
8	13	9	1,119
8	13	16	8,623
8	13	20	10,255
8	13	22	6,087
8	13	24	11,947
8	13	26	22,428
8	13	37	15,725
8	13	40	10,41
8	13	44	6,109
8	13	46	21,212
8	13	52	2,157
8	13	60	13,307
8	13	62	5,217
8	13	63	2,456
8	13	65	2,332
8	13	67	3,811
8	13	90	1,221
8	13	100	10,37
8	16	8	0,578
8	16	9	25,117
8	16	13	5,87
8	16	20	4,713
8	16	22	1,698
8	16	24	7,085
8	16	26	5,476
8	16	37	2,385
8	16	40	5,126
8	16	44	0,965
8	16	46	9,499
8	16	52	4,086
8	16	60	0,778
8	16	62	42,845
8	16	63	1,065
8	16	65	11,378
8	16	67	2,586
8	16	90	11,691
8	16	100	8,025
8	20	8	20,509
8	20	9	0,808
8	20	13	2,442
8	20	16	0,875
8	20	22	9,757
8	20	24	18,199
8	20	26	8,46
8	20	37	3,785
8	20	40	0,695
8	20	44	7,18
8	20	46	17,982
8	20	52	4,395
8	20	60	1,139
8	20	62	16,412
8	20	63	17,39
8	20	65	14,626
8	20	67	5,051
8	20	90	9,906
8	20	100	3,928
8	22	8	19,736
8	22	9	31,213
8	22	13	3,777
8	22	16	6,968
8	22	20	14,793
8	22	24	17,083
8	22	26	20,64
8	22	37	9,026
8	22	40	0,678
8	22	44	2,093
8	22	46	4,962
8	22	52	13,718
8	22	60	1,179
8	22	62	6,254
8	22	63	5,697
8	22	65	5,232
8	22	67	10,909
8	22	90	10,322
8	22	100	17,336
8	24	8	16,285
8	24	9	1,926
8	24	13	6,363
8	24	16	3,074
8	24	20	6,291
8	24	22	0,848
8	24	26	5,079
8	24	37	0,855
8	24	40	5,185
8	24	44	9,404
8	24	46	13,3
8	24	52	10,448
8	24	60	2,687
8	24	62	14,29
8	24	63	1,689
8	24	65	2,216
8	24	67	13,337
8	24	90	6,65
8	24	100	15,314
8	26	8	1,098
8	26	9	3,146
8	26	13	4,997
8	26	16	0,726
8	26	20	5,529
8	26	22	0,855
8	26	24	2,803
8	26	37	1,956
8	26	40	0,819
8	26	44	1,936
8	26	46	11,542
8	26	52	5,051
8	26	60	7,473
8	26	62	4,837
8	26	63	12,625
8	26	65	4,972
8	26	67	3,396
8	26	90	1,006
8	26	100	11,381
8	37	8	7,321
8	37	9	4,716
8	37	13	1,398
8	37	16	8,126
8	37	20	7,249
8	37	22	4,459
8	37	24	0,699
8	37	26	24,075
8	37	40	4,707
8	37	44	12,949
8	37	46	4,436
8	37	52	2,286
8	37	60	33,935
8	37	62	10,035
8	37	63	1,03
8	37	65	4,607
8	37	67	12,589
8	37	90	23,778
8	37	100	1,216
8	40	8	8,329
8	40	9	11,487
8	40	13	15,122
8	40	16	9,999
8	40	20	3,564
8	40	22	13,79
8	40	24	6,612
8	40	26	4,076
8	40	37	1,395
8	40	44	7,549
8	40	46	4,144
8	40	52	8,136
8	40	60	5,587
8	40	62	1,266
8	40	63	2,484
8	40	65	0,633
8	40	67	1,212
8	40	90	3,933
8	40	100	22,53
8	44	8	0,75
8	44	9	16,672
8	44	13	7,332
8	44	16	2,57
8	44	20	4,236
8	44	22	3,362
8	44	24	1,97
8	44	26	4,738
8	44	37	13,611
8	44	40	2,306
8	44	46	3,434
8	44	52	8,505
8	44	60	3,154
8	44	62	4,722
8	44	63	0,692
8	44	65	3,454
8	44	67	0,87
8	44	90	7,332
8	44	100	13,336
8	46	8	2,658
8	46	9	1,769
8	46	13	0,765
8	46	16	1,813
8	46	20	3,316
8	46	22	1,646
8	46	24	2,256
8	46	26	5,179
8	46	37	0,948
8	46	40	6,376
8	46	44	15,456
8	46	52	7,617
8	46	60	14,489
8	46	62	1,857
8	46	63	8,927
8	46	65	4,64
8	46	67	3,679
8	46	90	3,165
8	46	100	1,075
8	52	8	2,561
8	52	9	21,434
8	52	13	3,125
8	52	16	23,135
8	52	20	1,829
8	52	22	0,807
8	52	24	5,293
8	52	26	6,673
8	52	37	2,237
8	52	40	9,234
8	52	44	8,877
8	52	46	2,187
8	52	60	7,505
8	52	62	2,215
8	52	63	2,959
8	52	65	2,938
8	52	67	4,919
8	52	90	2,952
8	52	100	9,541
8	60	8	4,677
8	60	9	1,628
8	60	13	9,166
8	60	16	7,944
8	60	20	0,526
8	60	22	5,052
8	60	24	3,497
8	60	26	0,592
8	60	37	31,588
8	60	40	32,3
8	60	44	1,731
8	60	46	3,893
8	60	52	12,621
8	60	62	2,481
8	60	63	12,621
8	60	65	6,508
8	60	67	2,787
8	60	90	13,717
8	60	100	12,422
8	62	8	2,262
8	62	9	7,503
8	62	13	10,49
8	62	16	3,383
8	62	20	1,419
8	62	22	8,653
8	62	24	2,757
8	62	26	3,292
8	62	37	9,711
8	62	40	4,526
8	62	44	9,926
8	62	46	2,029
8	62	52	4,139
8	62	60	11,971
8	62	63	22,285
8	62	65	0,967
8	62	67	1,603
8	62	90	29,005
8	62	100	10,573
8	63	8	8,347
8	63	9	5,446
8	63	13	4,107
8	63	16	4,638
8	63	20	15,158
8	63	22	12,99
8	63	24	4,132
8	63	26	2,285
8	63	37	2,403
8	63	40	3,952
8	63	44	12,908
8	63	46	15,408
8	63	52	1,012
8	63	60	2,478
8	63	62	2,529
8	63	65	1,161
8	63	67	3,702
8	63	90	1,865
8	63	100	5,692
8	65	8	6,514
8	65	9	15,992
8	65	13	11,764
8	65	16	3,383
8	65	20	6,641
8	65	22	17,859
8	65	24	5,527
8	65	26	10,175
8	65	37	25,915
8	65	40	9,479
8	65	44	7,765
8	65	46	5,767
8	65	52	0,797
8	65	60	3,648
8	65	62	6,246
8	65	63	7,221
8	65	67	0,865
8	65	90	4,183
8	65	100	2,792
8	67	8	1,772
8	67	9	7,692
8	67	13	2,84
8	67	16	5,654
8	67	20	12,136
8	67	22	2,573
8	67	24	23,109
8	67	26	0,686
8	67	37	2,196
8	67	40	7,834
8	67	44	0,837
8	67	46	12,364
8	67	52	1,99
8	67	60	4,025
8	67	62	3,767
8	67	63	2,863
8	67	65	1,775
8	67	90	4,014
8	67	100	8,39
8	90	8	1,166
8	90	9	3,16
8	90	13	5,628
8	90	16	3,565
8	90	20	5,218
8	90	22	3,542
8	90	24	0,702
8	90	26	3,407
8	90	37	7,252
8	90	40	8,485
8	90	44	23,251
8	90	46	6,721
8	90	52	2,823
8	90	60	16,461
8	90	62	6,86
8	90	63	0,877
8	90	65	3,257
8	90	67	0,882
8	90	100	4,841
8	100	8	9,651
8	100	9	1,928
8	100	13	4,961
8	100	16	0,761
8	100	20	2,031
8	100	22	2,119
8	100	24	4,63
8	100	26	3,523
8	100	37	4,814
8	100	40	9,993
8	100	44	15,233
8	100	46	1,963
8	100	52	0,936
8	100	60	0,962
8	100	62	4,637
8	100	63	1,91
8	100	65	12,924
8	100	67	0,65
8	100	90	10,578
9	1	12	6,867
9	1	13	0,936
9	1	17	2,617
9	1	30	3,153
9	1	31	1,839
9	1	33	3,627
9	1	36	1,838
9	1	37	3,783
9	1	40	14,323
9	1	44	3,902
9	1	49	3,378
9	1	51	1,958
9	1	55	58,69
9	1	59	10,655
9	1	65	16,515
9	1	77	6,006
9	1	93	12,965
9	1	97	1,805
9	1	99	1,564
9	1	100	7,457
9	12	1	3,262
9	12	13	5,677
9	12	17	1,249
9	12	30	0,801
9	12	31	7,557
9	12	33	38,466
9	12	36	5,441
9	12	37	0,881
9	12	40	1,105
9	12	44	10,75
9	12	49	0,765
9	12	51	20,474
9	12	55	9,634
9	12	59	11,004
9	12	65	21,978
9	12	77	1,077
9	12	93	0,819
9	12	97	0,786
9	12	99	1,206
9	12	100	2,838
9	13	1	15,901
9	13	12	3,197
9	13	17	6,285
9	13	30	9,553
9	13	31	35,845
9	13	33	2,83
9	13	36	2,131
9	13	37	2,581
9	13	40	2,018
9	13	44	13,136
9	13	49	35,057
9	13	51	1
9	13	55	4,17
9	13	59	1,738
9	13	65	2,558
9	13	77	10,702
9	13	93	2,026
9	13	97	3,627
9	13	99	14,279
9	13	100	18,75
9	17	1	2,204
9	17	12	1,476
9	17	13	6,328
9	17	30	4,92
9	17	31	9,141
9	17	33	22,06
9	17	36	7,232
9	17	37	1,595
9	17	40	6,95
9	17	44	11,697
9	17	49	1,389
9	17	51	1,612
9	17	55	3,739
9	17	59	2,715
9	17	65	15,967
9	17	77	1,806
9	17	93	0,913
9	17	97	9,928
9	17	99	7,986
9	17	100	0,892
9	30	1	6,165
9	30	12	7,77
9	30	13	14,41
9	30	17	11,537
9	30	31	3,903
9	30	33	5,636
9	30	36	9,111
9	30	37	2,252
9	30	40	1,294
9	30	44	2,026
9	30	49	1,588
9	30	51	9,552
9	30	55	7,889
9	30	59	0,667
9	30	65	4,077
9	30	77	2,362
9	30	93	5,678
9	30	97	10,738
9	30	99	5,276
9	30	100	1,935
9	31	1	23,284
9	31	12	1,38
9	31	13	3,663
9	31	17	11,907
9	31	30	1,481
9	31	33	4,64
9	31	36	1,361
9	31	37	9,379
9	31	40	7,616
9	31	44	6,442
9	31	49	7,074
9	31	51	4,215
9	31	55	1,196
9	31	59	5,884
9	31	65	6,622
9	31	77	3,293
9	31	93	9,93
9	31	97	12,485
9	31	99	9,378
9	31	100	2,393
9	33	1	4,157
9	33	12	0,944
9	33	13	37,258
9	33	17	1,264
9	33	30	1,049
9	33	31	18,417
9	33	36	1,437
9	33	37	0,738
9	33	40	13,126
9	33	44	3,104
9	33	49	3,09
9	33	51	17,022
9	33	55	3,505
9	33	59	14,143
9	33	65	3,051
9	33	77	15,959
9	33	93	7,132
9	33	97	0,91
9	33	99	4,502
9	33	100	19,531
9	36	1	1,59
9	36	12	9,738
9	36	13	7,041
9	36	17	1,464
9	36	30	4,026
9	36	31	18,413
9	36	33	14,958
9	36	37	2,836
9	36	40	4,47
9	36	44	1,911
9	36	49	7,462
9	36	51	33,59
9	36	55	1,738
9	36	59	14,78
9	36	65	5,634
9	36	77	12,142
9	36	93	2,129
9	36	97	17,895
9	36	99	1,464
9	36	100	12,237
9	37	1	0,689
9	37	12	1,418
9	37	13	0,632
9	37	17	4,58
9	37	30	5,232
9	37	31	8,054
9	37	33	5,7
9	37	36	10,582
9	37	40	2,135
9	37	44	2,676
9	37	49	15,131
9	37	51	4,618
9	37	55	6,163
9	37	59	2,515
9	37	65	1,963
9	37	77	2,927
9	37	93	6,927
9	37	97	8,694
9	37	99	2,784
9	37	100	1,108
9	40	1	35,774
9	40	12	6,714
9	40	13	0,873
9	40	17	3,627
9	40	30	0,698
9	40	31	12,491
9	40	33	0,828
9	40	36	7,485
9	40	37	1,994
9	40	44	2,033
9	40	49	0,681
9	40	51	2,232
9	40	55	1,614
9	40	59	2,427
9	40	65	3,267
9	40	77	2,739
9	40	93	4,98
9	40	97	1,546
9	40	99	2,12
9	40	100	5,715
9	44	1	3,937
9	44	12	0,565
9	44	13	2,914
9	44	17	0,836
9	44	30	15,511
9	44	31	7,244
9	44	33	12,231
9	44	36	10,896
9	44	37	1,144
9	44	40	12,467
9	44	49	5,323
9	44	51	7,511
9	44	55	15,797
9	44	59	19,702
9	44	65	4,457
9	44	77	11,748
9	44	93	13,228
9	44	97	6,579
9	44	99	3,89
9	44	100	33,466
9	49	1	4,916
9	49	12	0,913
9	49	13	1,614
9	49	17	2,391
9	49	30	6,281
9	49	31	3,324
9	49	33	5,762
9	49	36	1,537
9	49	37	4,308
9	49	40	0,879
9	49	44	15,114
9	49	51	4,065
9	49	55	9,935
9	49	59	27,778
9	49	65	2,627
9	49	77	0,819
9	49	93	2,646
9	49	97	15,264
9	49	99	3,042
9	49	100	22,788
9	51	1	3,417
9	51	12	19,55
9	51	13	9,411
9	51	17	1,436
9	51	30	2,556
9	51	31	2,66
9	51	33	1,843
9	51	36	3,515
9	51	37	11,151
9	51	40	19,451
9	51	44	4,296
9	51	49	2,007
9	51	55	5,628
9	51	59	5,856
9	51	65	1,969
9	51	77	6,31
9	51	93	14,04
9	51	97	1,94
9	51	99	4,582
9	51	100	18,396
9	55	1	8,844
9	55	12	0,771
9	55	13	6,798
9	55	17	5,656
9	55	30	1,112
9	55	31	3,604
9	55	33	0,553
9	55	36	18,173
9	55	37	1,277
9	55	40	2,067
9	55	44	2,353
9	55	49	4,215
9	55	51	55,666
9	55	59	7,594
9	55	65	1,092
9	55	77	5,008
9	55	93	3,379
9	55	97	4,326
9	55	99	13,302
9	55	100	23,898
9	59	1	26,571
9	59	12	23,079
9	59	13	4,055
9	59	17	4,685
9	59	30	7,233
9	59	31	3,201
9	59	33	3,023
9	59	36	5,682
9	59	37	8,774
9	59	40	7,047
9	59	44	8,355
9	59	49	13,403
9	59	51	2,236
9	59	55	5,821
9	59	65	1,709
9	59	77	5,7
9	59	93	2,726
9	59	97	1,864
9	59	99	1,164
9	59	100	17,295
9	65	1	2,107
9	65	12	14,277
9	65	13	4,395
9	65	17	11,334
9	65	30	3,777
9	65	31	4,157
9	65	33	13,182
9	65	36	3,287
9	65	37	8,423
9	65	40	1,258
9	65	44	0,54
9	65	49	31,188
9	65	51	1,34
9	65	55	13,185
9	65	59	4,474
9	65	77	5,086
9	65	93	7,6
9	65	97	5,994
9	65	99	1,166
9	65	100	7,469
9	77	1	3,135
9	77	12	4,396
9	77	13	1,743
9	77	17	7,291
9	77	30	7,526
9	77	31	15,771
9	77	33	19,666
9	77	36	3,018
9	77	37	4,737
9	77	40	1,754
9	77	44	3,921
9	77	49	1,427
9	77	51	2,118
9	77	55	4,625
9	77	59	3,926
9	77	65	11,711
9	77	93	0,775
9	77	97	12,756
9	77	99	0,872
9	77	100	9,725
9	93	1	1,183
9	93	12	5,001
9	93	13	0,641
9	93	17	7,984
9	93	30	17,731
9	93	31	7,122
9	93	33	2,569
9	93	36	3,995
9	93	37	9,333
9	93	40	1,185
9	93	44	11,483
9	93	49	9,441
9	93	51	3,391
9	93	55	2,511
9	93	59	10,187
9	93	65	5,876
9	93	77	1,061
9	93	97	5,182
9	93	99	0,61
9	93	100	4,123
9	97	1	0,931
9	97	12	6,195
9	97	13	4,204
9	97	17	14,78
9	97	30	7,96
9	97	31	2,316
9	97	33	4,161
9	97	36	17,756
9	97	37	11,546
9	97	40	11,491
9	97	44	13,888
9	97	49	1,87
9	97	51	2,612
9	97	55	1,2
9	97	59	3,748
9	97	65	9,524
9	97	77	4,503
9	97	93	2,603
9	97	99	4,192
9	97	100	0,72
9	99	1	9,668
9	99	12	0,627
9	99	13	0,595
9	99	17	3,697
9	99	30	4,273
9	99	31	34,538
9	99	33	0,844
9	99	36	1,497
9	99	37	2,167
9	99	40	1,702
9	99	44	4,334
9	99	49	5,443
9	99	51	2,225
9	99	55	4,993
9	99	59	0,894
9	99	65	4,404
9	99	77	29,211
9	99	93	4,797
9	99	97	20,296
9	99	100	5,831
9	100	1	2,568
9	100	12	3,203
9	100	13	6,329
9	100	17	10,339
9	100	30	13,978
9	100	31	0,967
9	100	33	0,823
9	100	36	2,316
9	100	37	7,134
9	100	40	4,015
9	100	44	35,397
9	100	49	6,169
9	100	51	0,863
9	100	55	0,562
9	100	59	5,798
9	100	65	1,348
9	100	77	3,206
9	100	93	3,395
9	100	97	6,001
9	100	99	3,753
10	13	19	5,595
10	13	24	4,728
10	13	28	4,328
10	13	29	4,614
10	13	35	9,01
10	13	38	16,62
10	13	40	0,534
10	13	43	9,45
10	13	50	9,361
10	13	52	10,175
10	13	57	9,308
10	13	59	8,574
10	13	74	0,909
10	13	77	1,011
10	13	83	14,569
10	13	97	1,38
10	13	100	4,14
10	19	13	0,549
10	19	24	4,14
10	19	28	3,384
10	19	29	13,487
10	19	35	1,956
10	19	38	6,132
10	19	40	9,337
10	19	43	6,244
10	19	50	2,443
10	19	52	15,006
10	19	57	7,408
10	19	59	3,642
10	19	74	9,187
10	19	77	17,362
10	19	83	9,112
10	19	97	5,787
10	19	100	4,782
10	24	13	46,391
10	24	19	10,468
10	24	28	0,883
10	24	29	2,874
10	24	35	5,17
10	24	38	7,381
10	24	40	4,505
10	24	43	40,909
10	24	50	14,577
10	24	52	0,883
10	24	57	2,33
10	24	59	2,967
10	24	74	0,546
10	24	77	1,124
10	24	83	5,137
10	24	97	1,958
10	24	100	5,434
10	28	13	3,173
10	28	19	2,388
10	28	24	0,911
10	28	29	12,094
10	28	35	1,865
10	28	38	4,314
10	28	40	7,125
10	28	43	14,23
10	28	50	6,743
10	28	52	13,307
10	28	57	7,979
10	28	59	5,899
10	28	74	32,222
10	28	77	6,5
10	28	83	13,103
10	28	97	6,719
10	28	100	2,945
10	29	13	2,575
10	29	19	4,24
10	29	24	17,519
10	29	28	3,448
10	29	35	35,647
10	29	38	9,434
10	29	40	4,54
10	29	43	1,049
10	29	50	0,509
10	29	52	10,035
10	29	57	0,695
10	29	59	0,707
10	29	74	2,555
10	29	77	4,163
10	29	83	3,144
10	29	97	12,546
10	29	100	3,925
10	35	13	15,065
10	35	19	4,236
10	35	24	6,774
10	35	28	11,708
10	35	29	9,553
10	35	38	8,448
10	35	40	2,789
10	35	43	2,144
10	35	50	14,338
10	35	52	1,79
10	35	57	7,666
10	35	59	2,43
10	35	74	2,259
10	35	77	3,708
10	35	83	6,29
10	35	97	23,078
10	35	100	7,741
10	38	13	26,894
10	38	19	0,987
10	38	24	22,564
10	38	28	4,034
10	38	29	10,569
10	38	35	0,577
10	38	40	12,635
10	38	43	1,912
10	38	50	3,578
10	38	52	2,176
10	38	57	1,853
10	38	59	2,083
10	38	74	9,747
10	38	77	4,405
10	38	83	0,825
10	38	97	10,522
10	38	100	0,993
10	40	13	9,584
10	40	19	1,75
10	40	24	0,865
10	40	28	5,149
10	40	29	14,067
10	40	35	7,693
10	40	38	12,004
10	40	43	7,181
10	40	50	1,938
10	40	52	0,69
10	40	57	2,905
10	40	59	2,328
10	40	74	1,266
10	40	77	2,804
10	40	83	2,234
10	40	97	3,628
10	40	100	3,486
10	43	13	16,946
10	43	19	13,375
10	43	24	8,942
10	43	28	12,143
10	43	29	2,449
10	43	35	0,752
10	43	38	1,024
10	43	40	1,932
10	43	50	13,8
10	43	52	3,379
10	43	57	3,335
10	43	59	3,606
10	43	74	11,125
10	43	77	0,578
10	43	83	1,087
10	43	97	5,808
10	43	100	2,817
10	50	13	9,86
10	50	19	6,823
10	50	24	2,98
10	50	28	3,645
10	50	29	4,11
10	50	35	2,262
10	50	38	16,485
10	50	40	2,543
10	50	43	10,186
10	50	52	1,425
10	50	57	7,33
10	50	59	0,928
10	50	74	6,073
10	50	77	14,068
10	50	83	8,215
10	50	97	5,558
10	50	100	6,931
10	52	13	28,461
10	52	19	11,131
10	52	24	2,567
10	52	28	2,898
10	52	29	4,608
10	52	35	5,68
10	52	38	1,219
10	52	40	7,415
10	52	43	3,172
10	52	50	31,251
10	52	57	0,783
10	52	59	1,077
10	52	74	1,324
10	52	77	1,948
10	52	83	9,195
10	52	97	4,148
10	52	100	3,573
10	57	13	5,372
10	57	19	17,727
10	57	24	3,61
10	57	28	2,191
10	57	29	3,27
10	57	35	3,234
10	57	38	5,497
10	57	40	1,287
10	57	43	7,768
10	57	50	15,558
10	57	52	2,359
10	57	59	19,85
10	57	74	24,426
10	57	77	0,743
10	57	83	1,146
10	57	97	12,7
10	57	100	2,392
10	59	13	12,62
10	59	19	3,29
10	59	24	3,548
10	59	28	3,791
10	59	29	4,067
10	59	35	2,267
10	59	38	0,815
10	59	40	3,881
10	59	43	6,51
10	59	50	3,949
10	59	52	2,333
10	59	57	2,505
10	59	74	7,792
10	59	77	11,095
10	59	83	7,23
10	59	97	12,076
10	59	100	5,738
10	74	13	5,279
10	74	19	0,513
10	74	24	2,482
10	74	28	4,39
10	74	29	6,086
10	74	35	13,337
10	74	38	5,792
10	74	40	2,426
10	74	43	4,266
10	74	50	8,707
10	74	52	2,109
10	74	57	1,252
10	74	59	25,307
10	74	77	2,243
10	74	83	4,941
10	74	97	4,591
10	74	100	6,132
10	77	13	1,817
10	77	19	3,017
10	77	24	3,704
10	77	28	22,963
10	77	29	11,619
10	77	35	14,262
10	77	38	1,39
10	77	40	1,759
10	77	43	8,58
10	77	50	3,394
10	77	52	9,476
10	77	57	5,116
10	77	59	0,765
10	77	74	4,64
10	77	83	4,286
10	77	97	0,769
10	77	100	1,058
10	83	13	0,679
10	83	19	3,015
10	83	24	6,882
10	83	28	12,091
10	83	29	4,88
10	83	35	8,016
10	83	38	4,424
10	83	40	8,064
10	83	43	4,047
10	83	50	7,323
10	83	52	1,884
10	83	57	1,698
10	83	59	5,371
10	83	74	1,282
10	83	77	8,343
10	83	97	7,122
10	83	100	13,827
10	97	13	4,914
10	97	19	5,365
10	97	24	0,838
10	97	28	16,995
10	97	29	6,227
10	97	35	6,372
10	97	38	1,278
10	97	40	11,052
10	97	43	16,712
10	97	50	0,898
10	97	52	3,014
10	97	57	2,711
10	97	59	2,282
10	97	74	21,177
10	97	77	2,224
10	97	83	7,486
10	97	100	1,052
10	100	13	1,343
10	100	19	0,587
10	100	24	7,865
10	100	28	16,178
10	100	29	3,241
10	100	35	2,807
10	100	38	6,639
10	100	40	5,211
10	100	43	4,549
10	100	50	0,785
10	100	52	1,598
10	100	57	2,74
10	100	59	5,745
10	100	74	2,904
10	100	77	4,256
10	100	83	3,921
10	100	97	22,073

