#num jobs
100
#num machines
10

#jobId machId procTime energyCons
1	5	57,64	382,99
2	1	55,31	311,6
2	6	4,15	36,31
3	1	260,54	1467,66
3	3	5,53	52,31
3	6	0,32	2,8
3	9	64,71	760,27
4	8	0,47	2,5
4	7	10,16	53,1
4	3	14,25	134,75
4	2	2,02	19,57
5	8	7	36,93
5	7	83,99	439,16
5	4	14,25	71,06
5	1	4,5	25,33
6	8	4,96	26,17
6	5	10,57	70,22
7	4	3,49	17,42
7	5	7,67	50,98
8	2	8,82	85,36
8	9	1,56	18,29
9	9	9,57	112,46
10	2	57,08	552,47
10	8	138,87	732,66
10	10	59,81	231,7
11	3	3,65	34,46
12	10	17,77	68,83
13	7	8	41,81
13	10	3,33	12,89
14	3	20,67	195,39
14	1	62,98	354,79
15	10	7,06	27,33
15	6	58,28	510,14
16	9	2,23	26,22
16	8	2,39	12,61
17	3	41,71	394,37
18	2	5,96	57,73
18	6	543,94	4761,09
18	8	15,27	80,59
18	9	13,26	155,74
19	2	32,97	319,09
20	8	292,35	1542,38
20	2	43,55	421,5
21	5	2,38	15,78
21	9	8,62	101,26
22	3	2,75	25,97
22	8	25,4	133,99
22	10	6,99	27,1
23	8	12,05	63,59
23	4	16,52	82,37
24	5	2,25	14,92
24	3	40,74	385,16
25	2	9,23	89,3
25	1	7,03	39,58
26	6	2078,33	18191,56
27	1	13,05	73,53
27	7	31,45	164,45
27	9	38,25	449,42
28	5	3,45	22,91
28	7	18,11	94,72
29	8	8,54	45,05
30	10	22,98	89,01
30	7	9,24	48,31
31	6	28,39	248,46
31	7	18,7	97,78
31	8	45,62	240,69
32	2	11,83	114,48
32	7	10,49	54,88
33	5	3,79	25,18
33	1	1,38	7,8
34	1	36,03	202,97
34	7	6,63	34,68
34	9	2,78	32,68
34	10	3,19	12,35
35	4	9,93	49,52
35	5	31,86	211,68
35	6	7,2	63,04
36	7	22,05	115,29
36	9	2,8	32,9
37	3	3,13	29,58
37	1	14,42	81,23
38	4	19,88	99,12
38	5	9,32	61,92
38	8	12,37	65,26
39	9	100,35	1179,03
39	4	26,6	132,63
39	3	50,94	481,64
40	4	9,6	47,87
41	3	6,12	57,83
42	7	57,77	302,08
42	2	2,88	27,9
43	6	5,98	52,35
43	9	2,76	32,38
44	8	602,02	3176,19
44	7	40,83	213,48
44	5	2,26	15,03
45	4	3,9	19,45
45	5	4,89	32,5
45	9	9,35	109,8
46	8	4,5	23,75
46	2	5,3	51,31
47	10	1,12	4,32
47	9	21,88	257,06
47	6	6,78	59,38
47	5	1,34	8,9
47	3	6,43	60,76
47	2	49,16	475,81
48	1	9,84	55,4
49	9	4,35	51,1
49	2	43,26	418,7
50	7	64,97	339,72
51	3	0,78	7,35
51	2	8,15	78,86
52	3	4,58	43,33
52	2	25,92	250,83
53	8	64,88	342,3
54	3	4,57	43,17
54	2	1,63	15,75
55	3	4,76	45,02
55	5	6,66	44,24
55	9	17,72	208,23
56	4	20,09	100,16
56	5	3,74	24,83
56	10	115,24	446,42
57	4	25,86	128,93
58	7	0,95	4,97
59	6	71,88	629,12
60	6	4,5	39,35
61	10	26,29	101,83
61	3	34,13	322,71
62	2	2,1	20,3
62	8	66,5	350,87
63	10	4,22	16,35
63	5	3,65	24,25
64	8	17,84	94,14
64	9	20,65	242,62
65	10	34238,11	132634,37
65	2	36,4	352,35
66	10	49,12	190,27
66	9	190,83	2242,02
66	4	254,97	1271,07
67	7	61,99	324,16
67	6	7,9	69,18
67	4	8,53	42,5
67	2	56,29	544,78
68	3	22,33	211,12
69	1	1,46	8,22
69	2	10,84	104,93
70	6	561,65	4916,15
71	7	5,66	29,62
71	5	0,77	5,14
71	4	6,48	32,31
71	2	138,34	1339,01
72	2	105,08	1017,09
73	3	34,84	329,39
73	6	37,21	325,7
74	5	6,57	43,68
75	1	3,97	22,35
75	2	8,92	86,3
76	9	4,22	49,57
76	7	40,5	211,78
76	5	2,63	17,5
76	4	2,13	10,64
76	2	4,86	46,99
77	10	375,27	1453,73
77	9	26,82	315,16
77	6	1,51	13,23
77	4	27,32	136,2
77	2	38,95	377,04
78	6	144,65	1266,16
78	5	0,71	4,73
78	2	2,52	24,35
79	7	64,53	337,42
79	2	179,15	1733,98
79	1	179,69	1012,21
80	1	30,51	171,85
80	2	6,22	60,19
80	6	9,91	86,73
80	9	65,34	767,66
80	10	1,97	7,65
81	9	2,74	32,23
81	6	27,5	240,68
82	9	204,16	2398,68
82	7	182,64	954,99
83	1	7,27	40,95
83	3	0,84	7,96
83	4	7,87	39,24
83	6	9,15	80,09
84	2	3,63	35,14
84	4	21,31	106,22
84	6	924,45	8091,73
84	8	2,4	12,67
85	3	2,89	27,36
85	9	5,52	64,91
86	10	53,13	205,82
86	8	5,6	29,54
86	5	3,93	26,14
86	2	9,3	89,98
87	8	3,58	18,91
88	4	1,75	8,72
88	3	8,3	78,48
88	2	42,71	413,34
89	10	4,74	18,37
89	1	2,41	13,56
90	2	10,43	100,92
90	6	5,38	47,11
91	4	4,12	20,54
92	1	20,22	113,92
92	4	18,82	93,81
92	9	30,6	359,57
92	10	2,44	9,45
93	2	34,05	329,58
93	4	39,43	196,56
93	8	22,67	119,63
94	3	18,45	174,45
94	5	46,82	311,1
94	6	6,23	54,54
95	5	5,6	37,23
95	9	13,19	154,92
96	10	57,21	221,63
96	1	3,24	18,22
97	5	6,19	41,16
97	3	-0,13	-1,24
98	6	2,07	18,14
99	10	2,36	9,14
99	3	45,54	430,56
99	2	9,25	89,49
99	1	6,4	36,04
100	5	19,92	132,39
100	6	9,06	79,27

#jobId ddate weight rdate
1	1957,153	45	796,013
2	949,724	14	517,297
3	1567,184	11	326,443
4	1590,335	39	553,424
5	1417,415	4	123,614
6	2303,71	33	888,364
7	2523,452	43	648,536
8	1346,015	41	435,32
9	1733,035	3	669,997
10	1171,237	20	476,459
11	1262,116	44	193,838
12	1979,327	37	193,486
13	2348,137	13	500,61
14	2594,245	43	635,77
15	1154,137	44	488,556
16	1543,363	20	758,971
17	2345,703	43	450,071
18	2201,322	27	804,076
19	1414,54	20	305,569
20	1067,384	41	524,371
21	1321,832	41	197,974
22	2379,814	20	164,11
23	2570,594	46	635,07
24	1482,573	21	893,812
25	1664,429	1	880,629
26	2729,746	47	95,939
27	2611,596	45	94,836
28	2119,835	2	328,793
29	1883,546	17	446,422
30	1549,621	44	282,393
31	1575,076	48	640,377
32	1681,364	24	636,207
33	989,134	18	303,187
34	1836,704	7	402,41
35	1779,48	26	431,565
36	1748,071	45	268,446
37	1865,04	12	258,423
38	1743,882	23	143,92
39	2620,625	43	517,024
40	2395,27	34	248,134
41	1023,622	19	510,487
42	1000,448	14	869,774
43	1739,056	14	907,559
44	1898,015	38	870,306
45	1992,715	33	387,446
46	2322,327	44	170,177
47	1856,283	10	67,737
48	1680,708	2	758,316
49	2104,652	27	831,623
50	1841,487	7	446,395
51	2053,258	3	212,958
52	2129,543	44	406,541
53	2290,526	26	389,516
54	1353,725	15	4,508
55	2106,125	17	899,538
56	1749,781	36	791,61
57	2390,242	19	149,149
58	2691,984	10	269,494
59	1827,5	36	587,483
60	1573,439	3	363,924
61	2262,033	25	864,81
62	1166,506	36	838,405
63	2223,476	48	847,611
64	2349,083	38	15,9
65	1586,899	4	251,279
66	2550,202	42	703,317
67	2187,734	3	177,436
68	2395,993	16	641,648
69	2292,749	46	596,663
70	2497,39	40	151,022
71	1195,532	2	358,544
72	1795,356	3	461,872
73	2379,578	4	469,81
74	2041,664	47	679,178
75	2299,214	8	20,58
76	2048,396	1	552,542
77	1150,36	43	554,674
78	2534,862	10	608,878
79	2744,355	12	849,046
80	1243,86	13	352,904
81	2343,796	38	779,068
82	1239,72	31	576,776
83	2258,216	38	811,797
84	931,038	13	85,312
85	2343,366	23	73,035
86	1108,055	34	48,389
87	1244,021	3	122,176
88	2598,575	28	673,515
89	2617,862	36	246,361
90	2426,285	29	441,526
91	2413,201	7	567,859
92	2386,861	44	764,96
93	1242,894	20	529,747
94	1867,81	36	811,116
95	1373,643	26	109,661
96	2049,394	29	95,748
97	2292,487	43	818,15
98	1952,264	13	915,945
99	1311,268	6	788,636
100	1284,459	18	226,955

#machId jobPred jobSucc setupTime
1	2	3	26,318
1	2	5	5,182
1	2	14	5,132
1	2	25	2,853
1	2	27	0,686
1	2	33	5,09
1	2	34	12,561
1	2	37	1,276
1	2	48	3,647
1	2	69	1,416
1	2	75	2,295
1	2	79	0,969
1	2	80	1,607
1	2	83	1,839
1	2	89	1,318
1	2	92	6,222
1	2	96	5,588
1	2	99	3,092
1	3	2	2,007
1	3	5	3,146
1	3	14	5,238
1	3	25	4,169
1	3	27	7,308
1	3	33	2,312
1	3	34	1,729
1	3	37	1,18
1	3	48	2,408
1	3	69	10,036
1	3	75	0,506
1	3	79	1,286
1	3	80	13,749
1	3	83	1,663
1	3	89	2,186
1	3	92	8,161
1	3	96	19,483
1	3	99	2,117
1	5	2	2,523
1	5	3	1,548
1	5	14	14,873
1	5	25	4,983
1	5	27	2,266
1	5	33	5,193
1	5	34	1,801
1	5	37	7,854
1	5	48	1,997
1	5	69	0,962
1	5	75	7,8
1	5	79	5,009
1	5	80	1,224
1	5	83	4,197
1	5	89	17,734
1	5	92	5,7
1	5	96	0,845
1	5	99	1,149
1	14	2	1,18
1	14	3	7,039
1	14	5	8,848
1	14	25	7,798
1	14	27	0,541
1	14	33	4,138
1	14	34	10,529
1	14	37	5,276
1	14	48	23,226
1	14	69	12,224
1	14	75	1,425
1	14	79	11,115
1	14	80	11,289
1	14	83	5,343
1	14	89	0,842
1	14	92	8,66
1	14	96	1,037
1	14	99	1,556
1	25	2	1,105
1	25	3	1,453
1	25	5	6,68
1	25	14	31,626
1	25	27	2,454
1	25	33	2,738
1	25	34	13,993
1	25	37	1,6
1	25	48	6,993
1	25	69	3,513
1	25	75	0,55
1	25	79	11,234
1	25	80	0,723
1	25	83	1,412
1	25	89	5,918
1	25	92	21,816
1	25	96	2,103
1	25	99	0,768
1	27	2	1,489
1	27	3	2,14
1	27	5	1,659
1	27	14	10,351
1	27	25	0,822
1	27	33	16,372
1	27	34	1,901
1	27	37	37,924
1	27	48	7,705
1	27	69	3,199
1	27	75	5,234
1	27	79	0,815
1	27	80	1,554
1	27	83	1,256
1	27	89	3,98
1	27	92	1,975
1	27	96	3,271
1	27	99	5,085
1	33	2	16,648
1	33	3	8,312
1	33	5	8,603
1	33	14	2,483
1	33	25	30,1
1	33	27	2,942
1	33	34	10,418
1	33	37	21,778
1	33	48	9,436
1	33	69	30,579
1	33	75	7,407
1	33	79	6,322
1	33	80	19,664
1	33	83	18,015
1	33	89	11,468
1	33	92	1,804
1	33	96	3,928
1	33	99	28,975
1	34	2	4,314
1	34	3	9,484
1	34	5	4,209
1	34	14	9,058
1	34	25	0,681
1	34	27	6,969
1	34	33	7,339
1	34	37	17,295
1	34	48	6,264
1	34	69	1,827
1	34	75	20,833
1	34	79	26,263
1	34	80	4,233
1	34	83	1,16
1	34	89	2,64
1	34	92	1,235
1	34	96	0,882
1	34	99	4,518
1	37	2	7,85
1	37	3	13,428
1	37	5	8,115
1	37	14	8,89
1	37	25	6,218
1	37	27	7,352
1	37	33	2,233
1	37	34	21,914
1	37	48	11,946
1	37	69	1,422
1	37	75	4,16
1	37	79	6,435
1	37	80	28,171
1	37	83	2,503
1	37	89	3,38
1	37	92	2,806
1	37	96	7,52
1	37	99	1,474
1	48	2	2,489
1	48	3	7,056
1	48	5	1,551
1	48	14	9,869
1	48	25	1,757
1	48	27	4,372
1	48	33	9,821
1	48	34	13,905
1	48	37	7,108
1	48	69	11,196
1	48	75	1,646
1	48	79	5,949
1	48	80	7,316
1	48	83	0,503
1	48	89	1,528
1	48	92	15,358
1	48	96	1,428
1	48	99	22,881
1	69	2	13,325
1	69	3	3,072
1	69	5	4,95
1	69	14	3,029
1	69	25	4,183
1	69	27	4,068
1	69	33	0,76
1	69	34	1,465
1	69	37	9,146
1	69	48	5,689
1	69	75	39,722
1	69	79	2,056
1	69	80	5,15
1	69	83	9,774
1	69	89	5,462
1	69	92	11,398
1	69	96	13,792
1	69	99	6,009
1	75	2	5,398
1	75	3	10,668
1	75	5	17,009
1	75	14	2,081
1	75	25	0,572
1	75	27	6,464
1	75	33	6,992
1	75	34	13,967
1	75	37	5,078
1	75	48	1,991
1	75	69	21,124
1	75	79	2,855
1	75	80	13,588
1	75	83	14,216
1	75	89	3,979
1	75	92	6,741
1	75	96	1,808
1	75	99	1,444
1	79	2	24,29
1	79	3	0,937
1	79	5	7,11
1	79	14	6,859
1	79	25	3,734
1	79	27	6,987
1	79	33	19,496
1	79	34	0,89
1	79	37	3,38
1	79	48	4,551
1	79	69	5,128
1	79	75	6,064
1	79	80	1,999
1	79	83	16,107
1	79	89	9,217
1	79	92	1,162
1	79	96	0,508
1	79	99	3,231
1	80	2	13,323
1	80	3	2,049
1	80	5	0,579
1	80	14	0,538
1	80	25	2,656
1	80	27	7,359
1	80	33	9,151
1	80	34	29,878
1	80	37	1,485
1	80	48	2,369
1	80	69	3,913
1	80	75	5,825
1	80	79	18,856
1	80	83	2,789
1	80	89	2,792
1	80	92	3,511
1	80	96	0,943
1	80	99	0,765
1	83	2	3,643
1	83	3	13,344
1	83	5	2,937
1	83	14	5,483
1	83	25	15,066
1	83	27	3,222
1	83	33	2,207
1	83	34	10,793
1	83	37	8,252
1	83	48	0,535
1	83	69	9,088
1	83	75	1,373
1	83	79	13,701
1	83	80	0,929
1	83	89	0,748
1	83	92	15,723
1	83	96	7,166
1	83	99	1,015
1	89	2	3,161
1	89	3	1,984
1	89	5	5,2
1	89	14	1,526
1	89	25	1,138
1	89	27	15,948
1	89	33	12,388
1	89	34	1,53
1	89	37	5,547
1	89	48	2,061
1	89	69	2,218
1	89	75	3,752
1	89	79	1,23
1	89	80	7,979
1	89	83	0,551
1	89	92	2,815
1	89	96	4,268
1	89	99	2,818
1	92	2	4,93
1	92	3	1,364
1	92	5	39,11
1	92	14	3,241
1	92	25	14,668
1	92	27	9,266
1	92	33	5,759
1	92	34	5,321
1	92	37	7,542
1	92	48	4
1	92	69	4,455
1	92	75	1,235
1	92	79	1,122
1	92	80	0,554
1	92	83	21,258
1	92	89	2,133
1	92	96	2,762
1	92	99	8,23
1	96	2	1,558
1	96	3	2,219
1	96	5	25,781
1	96	14	6,295
1	96	25	1,498
1	96	27	4,477
1	96	33	6,272
1	96	34	5,659
1	96	37	5,774
1	96	48	2,194
1	96	69	5,94
1	96	75	10,716
1	96	79	1,187
1	96	80	5,942
1	96	83	0,821
1	96	89	0,582
1	96	92	13,705
1	96	99	1,57
1	99	2	4,954
1	99	3	0,707
1	99	5	0,803
1	99	14	3,78
1	99	25	4,799
1	99	27	2,062
1	99	33	0,522
1	99	34	1,505
1	99	37	1,206
1	99	48	1,863
1	99	69	4,271
1	99	75	0,611
1	99	79	2,025
1	99	80	8,463
1	99	83	2,892
1	99	89	4,296
1	99	92	10,08
1	99	96	1,173
2	4	8	2,382
2	4	10	9,793
2	4	18	0,933
2	4	19	3,305
2	4	20	2,045
2	4	25	2,352
2	4	32	10,818
2	4	42	1,003
2	4	46	4,43
2	4	47	14,229
2	4	49	2,492
2	4	51	3,25
2	4	52	5,234
2	4	54	3,119
2	4	62	1,232
2	4	65	1,479
2	4	67	4,016
2	4	69	7,651
2	4	71	1,009
2	4	72	5,233
2	4	75	17,1
2	4	76	1,863
2	4	77	0,812
2	4	78	2,814
2	4	79	1,749
2	4	80	3,267
2	4	84	2,565
2	4	86	24,417
2	4	88	1,904
2	4	90	7,938
2	4	93	7,414
2	4	99	2,979
2	8	4	4,104
2	8	10	39,812
2	8	18	2,373
2	8	19	15,151
2	8	20	21,098
2	8	25	2,352
2	8	32	2,749
2	8	42	6,435
2	8	46	17,15
2	8	47	0,678
2	8	49	19,21
2	8	51	4,036
2	8	52	16,065
2	8	54	2,176
2	8	62	1,684
2	8	65	7,535
2	8	67	1,427
2	8	69	1,17
2	8	71	2,321
2	8	72	0,805
2	8	75	5,498
2	8	76	2,555
2	8	77	5,747
2	8	78	3,198
2	8	79	3,651
2	8	80	12,855
2	8	84	1,23
2	8	86	21,143
2	8	88	0,63
2	8	90	0,588
2	8	93	2,627
2	8	99	3,151
2	10	4	9,171
2	10	8	5,977
2	10	18	6,945
2	10	19	0,524
2	10	20	25,893
2	10	25	0,707
2	10	32	5,296
2	10	42	22,674
2	10	46	5,519
2	10	47	5,137
2	10	49	14,579
2	10	51	6,253
2	10	52	2,931
2	10	54	4,732
2	10	62	3,246
2	10	65	2,348
2	10	67	3,56
2	10	69	0,819
2	10	71	5,156
2	10	72	8,597
2	10	75	3,586
2	10	76	7,222
2	10	77	7,325
2	10	78	0,555
2	10	79	3,832
2	10	80	7,727
2	10	84	2,744
2	10	86	2,326
2	10	88	13,482
2	10	90	6,588
2	10	93	5,038
2	10	99	1,189
2	18	4	1,226
2	18	8	7,441
2	18	10	5,367
2	18	19	1,443
2	18	20	0,946
2	18	25	2,681
2	18	32	2,797
2	18	42	7,889
2	18	46	4,566
2	18	47	3,383
2	18	49	0,654
2	18	51	2,817
2	18	52	11,46
2	18	54	1,714
2	18	62	7,589
2	18	65	9,526
2	18	67	1,92
2	18	69	5,378
2	18	71	1,193
2	18	72	9,969
2	18	75	1,215
2	18	76	3,377
2	18	77	2,356
2	18	78	3,205
2	18	79	4,048
2	18	80	6,045
2	18	84	7,977
2	18	86	1,709
2	18	88	0,521
2	18	90	5,714
2	18	93	6,915
2	18	99	4,456
2	19	4	3,598
2	19	8	2,531
2	19	10	2,807
2	19	18	3,407
2	19	20	2,827
2	19	25	28,353
2	19	32	3,191
2	19	42	4,496
2	19	46	17,19
2	19	47	14,004
2	19	49	26,744
2	19	51	5,117
2	19	52	2,121
2	19	54	2,774
2	19	62	20,816
2	19	65	14,447
2	19	67	28,848
2	19	69	7,099
2	19	71	3,558
2	19	72	5,725
2	19	75	7,603
2	19	76	0,82
2	19	77	0,665
2	19	78	18,065
2	19	79	3,129
2	19	80	2,67
2	19	84	14,89
2	19	86	4,271
2	19	88	4,047
2	19	90	5,976
2	19	93	0,69
2	19	99	0,508
2	20	4	18,002
2	20	8	4,937
2	20	10	4,826
2	20	18	6,817
2	20	19	6,305
2	20	25	13,042
2	20	32	2,597
2	20	42	1,617
2	20	46	2,562
2	20	47	11,416
2	20	49	1,768
2	20	51	3,539
2	20	52	3,673
2	20	54	9,199
2	20	62	13,65
2	20	65	0,841
2	20	67	6,738
2	20	69	20,667
2	20	71	1,168
2	20	72	1,929
2	20	75	11,113
2	20	76	9,439
2	20	77	0,772
2	20	78	8,035
2	20	79	14,996
2	20	80	9,144
2	20	84	2,818
2	20	86	5,58
2	20	88	1,87
2	20	90	0,578
2	20	93	4,171
2	20	99	4,759
2	25	4	8,04
2	25	8	6,289
2	25	10	7,674
2	25	18	4,029
2	25	19	2,697
2	25	20	5,894
2	25	32	7,074
2	25	42	0,545
2	25	46	14,855
2	25	47	3,563
2	25	49	8,264
2	25	51	1,527
2	25	52	6,492
2	25	54	1,387
2	25	62	3,975
2	25	65	6,148
2	25	67	3,03
2	25	69	3,094
2	25	71	4,851
2	25	72	1
2	25	75	5,027
2	25	76	1,269
2	25	77	17,452
2	25	78	9,352
2	25	79	4,135
2	25	80	0,519
2	25	84	15,251
2	25	86	3,167
2	25	88	1,543
2	25	90	3,442
2	25	93	6,536
2	25	99	2,966
2	32	4	0,984
2	32	8	17,193
2	32	10	17,925
2	32	18	7,582
2	32	19	13,429
2	32	20	2,404
2	32	25	3,882
2	32	42	1,593
2	32	46	7,505
2	32	47	1,322
2	32	49	2,611
2	32	51	5,437
2	32	52	2,189
2	32	54	4,565
2	32	62	2,002
2	32	65	3,667
2	32	67	5,279
2	32	69	4,806
2	32	71	2,961
2	32	72	24,548
2	32	75	0,771
2	32	76	6,143
2	32	77	3,142
2	32	78	6,904
2	32	79	2,749
2	32	80	4,55
2	32	84	7,457
2	32	86	7,036
2	32	88	4,741
2	32	90	8,743
2	32	93	9,6
2	32	99	60,273
2	42	4	14,181
2	42	8	1,861
2	42	10	0,54
2	42	18	40,362
2	42	19	2,203
2	42	20	6,572
2	42	25	4,156
2	42	32	2,471
2	42	46	5,143
2	42	47	6,952
2	42	49	2,787
2	42	51	0,527
2	42	52	3,715
2	42	54	2,238
2	42	62	36,836
2	42	65	3,127
2	42	67	8,786
2	42	69	7
2	42	71	2,95
2	42	72	5,962
2	42	75	0,839
2	42	76	1,313
2	42	77	50,487
2	42	78	4,133
2	42	79	17,625
2	42	80	1,231
2	42	84	0,566
2	42	86	6,851
2	42	88	5,374
2	42	90	13,838
2	42	93	1,05
2	42	99	21,716
2	46	4	5,439
2	46	8	9,962
2	46	10	2,665
2	46	18	2,576
2	46	19	2,187
2	46	20	1,21
2	46	25	13,631
2	46	32	16,3
2	46	42	0,991
2	46	47	1,629
2	46	49	1,367
2	46	51	2,801
2	46	52	18,469
2	46	54	1,792
2	46	62	3,836
2	46	65	12,636
2	46	67	5,681
2	46	69	1,35
2	46	71	2,582
2	46	72	1,653
2	46	75	8,724
2	46	76	6,09
2	46	77	7,11
2	46	78	28,125
2	46	79	3,135
2	46	80	2,817
2	46	84	6,972
2	46	86	11,486
2	46	88	20,41
2	46	90	17,074
2	46	93	2,382
2	46	99	8,911
2	47	4	11,648
2	47	8	1,531
2	47	10	1,199
2	47	18	0,519
2	47	19	5,042
2	47	20	1,406
2	47	25	11,989
2	47	32	2,132
2	47	42	11,074
2	47	46	6,858
2	47	49	11,304
2	47	51	4,453
2	47	52	2,475
2	47	54	8,331
2	47	62	7,041
2	47	65	1,246
2	47	67	1,308
2	47	69	3,802
2	47	71	7,768
2	47	72	1,621
2	47	75	5,092
2	47	76	9,538
2	47	77	13,924
2	47	78	2,041
2	47	79	5,49
2	47	80	7,017
2	47	84	5,428
2	47	86	2,009
2	47	88	3,497
2	47	90	3,574
2	47	93	4,097
2	47	99	9,645
2	49	4	6,158
2	49	8	1,075
2	49	10	5,548
2	49	18	2,646
2	49	19	7,635
2	49	20	2,652
2	49	25	8,087
2	49	32	6,737
2	49	42	9,753
2	49	46	13,127
2	49	47	43,195
2	49	51	15,499
2	49	52	2,442
2	49	54	2,683
2	49	62	10,448
2	49	65	6,977
2	49	67	0,948
2	49	69	2,279
2	49	71	4,283
2	49	72	2,524
2	49	75	5,001
2	49	76	6,953
2	49	77	4,904
2	49	78	5,509
2	49	79	19,745
2	49	80	2,3
2	49	84	6,596
2	49	86	13,514
2	49	88	8,394
2	49	90	0,526
2	49	93	1,532
2	49	99	9,049
2	51	4	11,103
2	51	8	13,602
2	51	10	2,542
2	51	18	1,766
2	51	19	4,605
2	51	20	2,018
2	51	25	0,823
2	51	32	7,725
2	51	42	4,745
2	51	46	1,373
2	51	47	10,835
2	51	49	2,974
2	51	52	0,635
2	51	54	4,164
2	51	62	17,998
2	51	65	15,151
2	51	67	2,625
2	51	69	1,97
2	51	71	3,233
2	51	72	4,459
2	51	75	4,468
2	51	76	1,179
2	51	77	8,341
2	51	78	11,241
2	51	79	1,183
2	51	80	17,415
2	51	84	0,915
2	51	86	9,203
2	51	88	17,903
2	51	90	9,9
2	51	93	19,66
2	51	99	15,776
2	52	4	13,669
2	52	8	5,275
2	52	10	5,622
2	52	18	6,066
2	52	19	38,157
2	52	20	5,343
2	52	25	15,933
2	52	32	2,812
2	52	42	4,917
2	52	46	4,785
2	52	47	15,56
2	52	49	2,074
2	52	51	2,426
2	52	54	2,495
2	52	62	23,176
2	52	65	5,13
2	52	67	4,512
2	52	69	27,513
2	52	71	3,354
2	52	72	2,481
2	52	75	2,866
2	52	76	6,896
2	52	77	1,047
2	52	78	13,284
2	52	79	3,741
2	52	80	3,105
2	52	84	0,57
2	52	86	8,918
2	52	88	6,66
2	52	90	7,015
2	52	93	1,45
2	52	99	9,924
2	54	4	0,893
2	54	8	13,259
2	54	10	4,541
2	54	18	6,171
2	54	19	2,211
2	54	20	5,654
2	54	25	5,079
2	54	32	4,917
2	54	42	5,117
2	54	46	1,394
2	54	47	1,707
2	54	49	19,345
2	54	51	6,866
2	54	52	1,451
2	54	62	1,505
2	54	65	4,159
2	54	67	2,958
2	54	69	2,987
2	54	71	4,354
2	54	72	16,079
2	54	75	1,193
2	54	76	1,05
2	54	77	2,905
2	54	78	0,985
2	54	79	3,102
2	54	80	5,518
2	54	84	12,964
2	54	86	1,759
2	54	88	6,816
2	54	90	9,964
2	54	93	2,899
2	54	99	4,596
2	62	4	3,324
2	62	8	3,14
2	62	10	3,753
2	62	18	3,434
2	62	19	20,146
2	62	20	0,992
2	62	25	1,037
2	62	32	1,683
2	62	42	2,01
2	62	46	1,05
2	62	47	5,036
2	62	49	3,8
2	62	51	0,801
2	62	52	10,125
2	62	54	5,65
2	62	65	5,181
2	62	67	1,448
2	62	69	7,771
2	62	71	6,147
2	62	72	3,292
2	62	75	2,822
2	62	76	2,742
2	62	77	4,335
2	62	78	9,334
2	62	79	1,205
2	62	80	18,471
2	62	84	0,817
2	62	86	5,117
2	62	88	10,748
2	62	90	1,98
2	62	93	2,15
2	62	99	5,054
2	65	4	6,592
2	65	8	2,865
2	65	10	1,088
2	65	18	0,624
2	65	19	15,661
2	65	20	0,823
2	65	25	12,04
2	65	32	2,219
2	65	42	7,551
2	65	46	0,806
2	65	47	9,642
2	65	49	15,15
2	65	51	3,404
2	65	52	2,103
2	65	54	4,935
2	65	62	0,748
2	65	67	12,918
2	65	69	30,066
2	65	71	2,752
2	65	72	8,322
2	65	75	1,189
2	65	76	1,234
2	65	77	0,808
2	65	78	2,881
2	65	79	2,723
2	65	80	2,034
2	65	84	1,557
2	65	86	3,564
2	65	88	1,8
2	65	90	7,504
2	65	93	12,224
2	65	99	14,875
2	67	4	8,316
2	67	8	2,07
2	67	10	10,655
2	67	18	0,617
2	67	19	1,8
2	67	20	2,713
2	67	25	3,259
2	67	32	34,039
2	67	42	1,391
2	67	46	7,1
2	67	47	1,661
2	67	49	17,535
2	67	51	7,153
2	67	52	1,448
2	67	54	20,458
2	67	62	1,357
2	67	65	5,385
2	67	69	4,64
2	67	71	1,591
2	67	72	1,664
2	67	75	12,141
2	67	76	1,001
2	67	77	8,935
2	67	78	8,16
2	67	79	2,551
2	67	80	3,695
2	67	84	2,527
2	67	86	2,236
2	67	88	0,569
2	67	90	0,754
2	67	93	8,066
2	67	99	1,018
2	69	4	14,606
2	69	8	7,803
2	69	10	1,127
2	69	18	9,603
2	69	19	0,745
2	69	20	10,384
2	69	25	6,425
2	69	32	0,518
2	69	42	1,154
2	69	46	7,744
2	69	47	7,47
2	69	49	10,218
2	69	51	3,126
2	69	52	1,042
2	69	54	5,226
2	69	62	7,554
2	69	65	1,106
2	69	67	1,907
2	69	71	3,323
2	69	72	3,948
2	69	75	18,598
2	69	76	5,239
2	69	77	3,464
2	69	78	2,858
2	69	79	4,092
2	69	80	11,983
2	69	84	2,194
2	69	86	2,948
2	69	88	3,327
2	69	90	2,89
2	69	93	9,408
2	69	99	22,079
2	71	4	4,757
2	71	8	13,711
2	71	10	5,225
2	71	18	1,435
2	71	19	1,174
2	71	20	2,272
2	71	25	20,953
2	71	32	17,363
2	71	42	1,505
2	71	46	1,847
2	71	47	3,031
2	71	49	5,613
2	71	51	6,582
2	71	52	1,359
2	71	54	6,272
2	71	62	6,451
2	71	65	18,834
2	71	67	4,695
2	71	69	3,235
2	71	72	6,232
2	71	75	2,596
2	71	76	0,65
2	71	77	5,485
2	71	78	3,402
2	71	79	3,657
2	71	80	3,432
2	71	84	12,582
2	71	86	3,746
2	71	88	2,799
2	71	90	23,521
2	71	93	2,437
2	71	99	4,067
2	72	4	6,111
2	72	8	12,006
2	72	10	1,767
2	72	18	7,504
2	72	19	2,03
2	72	20	8,985
2	72	25	4,735
2	72	32	6,369
2	72	42	3,762
2	72	46	5,563
2	72	47	3,921
2	72	49	31,414
2	72	51	2,478
2	72	52	1,232
2	72	54	8,629
2	72	62	7,962
2	72	65	2,106
2	72	67	2,886
2	72	69	7,576
2	72	71	3,799
2	72	75	4,904
2	72	76	6,41
2	72	77	1,086
2	72	78	3,669
2	72	79	0,513
2	72	80	2,137
2	72	84	4,691
2	72	86	9,192
2	72	88	3,663
2	72	90	14,39
2	72	93	2,662
2	72	99	7,198
2	75	4	3,936
2	75	8	3,088
2	75	10	2,092
2	75	18	3,138
2	75	19	0,682
2	75	20	11,324
2	75	25	1,092
2	75	32	22,878
2	75	42	1,167
2	75	46	8,319
2	75	47	6,695
2	75	49	6,665
2	75	51	0,563
2	75	52	7,899
2	75	54	2,518
2	75	62	6,446
2	75	65	2,242
2	75	67	1,75
2	75	69	3,59
2	75	71	4,069
2	75	72	4,214
2	75	76	9,349
2	75	77	2,062
2	75	78	9,06
2	75	79	10,49
2	75	80	4,748
2	75	84	1,822
2	75	86	6,505
2	75	88	15,372
2	75	90	8,116
2	75	93	8,695
2	75	99	16,983
2	76	4	22,253
2	76	8	1,826
2	76	10	1,096
2	76	18	0,855
2	76	19	15,963
2	76	20	3,193
2	76	25	1,246
2	76	32	15,769
2	76	42	7,519
2	76	46	1,119
2	76	47	2,146
2	76	49	2,991
2	76	51	6,86
2	76	52	5,93
2	76	54	21,197
2	76	62	8,796
2	76	65	1,026
2	76	67	20,007
2	76	69	0,836
2	76	71	0,599
2	76	72	2,715
2	76	75	0,591
2	76	77	3,487
2	76	78	3,494
2	76	79	2,395
2	76	80	0,882
2	76	84	2,813
2	76	86	24,174
2	76	88	13,598
2	76	90	1,071
2	76	93	10,467
2	76	99	3,945
2	77	4	3,899
2	77	8	4,915
2	77	10	9,791
2	77	18	6,777
2	77	19	5,363
2	77	20	5,275
2	77	25	7,358
2	77	32	0,738
2	77	42	1,928
2	77	46	16,586
2	77	47	6,101
2	77	49	7,08
2	77	51	5,271
2	77	52	1,151
2	77	54	14,137
2	77	62	5,124
2	77	65	6,334
2	77	67	4,724
2	77	69	3,916
2	77	71	2,978
2	77	72	2,695
2	77	75	5,277
2	77	76	3,69
2	77	78	4,896
2	77	79	7,576
2	77	80	1,81
2	77	84	16,226
2	77	86	5,429
2	77	88	6,797
2	77	90	0,548
2	77	93	9,923
2	77	99	10,576
2	78	4	1,462
2	78	8	4,415
2	78	10	11,339
2	78	18	1,689
2	78	19	1,009
2	78	20	5,967
2	78	25	0,654
2	78	32	6,184
2	78	42	1,417
2	78	46	5,58
2	78	47	2,846
2	78	49	5,21
2	78	51	1,786
2	78	52	3,222
2	78	54	10,927
2	78	62	5,345
2	78	65	4,777
2	78	67	3,809
2	78	69	2,51
2	78	71	6,835
2	78	72	1,975
2	78	75	2,173
2	78	76	13,81
2	78	77	10,93
2	78	79	11,195
2	78	80	17,523
2	78	84	8,906
2	78	86	6,644
2	78	88	4,482
2	78	90	7,093
2	78	93	5,428
2	78	99	5,162
2	79	4	22,043
2	79	8	8,149
2	79	10	5,85
2	79	18	3,734
2	79	19	17,179
2	79	20	1,788
2	79	25	18,141
2	79	32	2,019
2	79	42	11,694
2	79	46	1,408
2	79	47	2,767
2	79	49	1,727
2	79	51	14,552
2	79	52	11,526
2	79	54	21,549
2	79	62	1,33
2	79	65	2,074
2	79	67	3,418
2	79	69	5,295
2	79	71	31,922
2	79	72	10,137
2	79	75	2,172
2	79	76	1,378
2	79	77	0,61
2	79	78	1,225
2	79	80	2,549
2	79	84	0,776
2	79	86	4,035
2	79	88	3,746
2	79	90	5,164
2	79	93	3,626
2	79	99	4,937
2	80	4	7,831
2	80	8	2,243
2	80	10	9,298
2	80	18	2,615
2	80	19	9,98
2	80	20	9,007
2	80	25	1,158
2	80	32	0,61
2	80	42	4,025
2	80	46	10,237
2	80	47	1,658
2	80	49	28,187
2	80	51	25,853
2	80	52	9,58
2	80	54	9,747
2	80	62	1,19
2	80	65	12,893
2	80	67	1,545
2	80	69	12,08
2	80	71	4,805
2	80	72	3,907
2	80	75	38,819
2	80	76	1,842
2	80	77	3,914
2	80	78	4,843
2	80	79	6,379
2	80	84	7,342
2	80	86	1,869
2	80	88	1,685
2	80	90	4,45
2	80	93	1,836
2	80	99	7,173
2	84	4	4,075
2	84	8	0,756
2	84	10	1,227
2	84	18	15,433
2	84	19	28,989
2	84	20	7,614
2	84	25	2,869
2	84	32	0,723
2	84	42	3,025
2	84	46	3,993
2	84	47	1,832
2	84	49	5,609
2	84	51	5,959
2	84	52	9,089
2	84	54	0,618
2	84	62	14,379
2	84	65	1,301
2	84	67	24,685
2	84	69	4,412
2	84	71	0,576
2	84	72	13,885
2	84	75	16,937
2	84	76	6,665
2	84	77	0,607
2	84	78	24,467
2	84	79	5,249
2	84	80	11,368
2	84	86	7,667
2	84	88	12,921
2	84	90	6,381
2	84	93	2,248
2	84	99	16,048
2	86	4	9,768
2	86	8	1,866
2	86	10	5,037
2	86	18	15,674
2	86	19	6,142
2	86	20	1,09
2	86	25	2,289
2	86	32	11,082
2	86	42	9,406
2	86	46	12,766
2	86	47	0,613
2	86	49	2,525
2	86	51	2,795
2	86	52	13,17
2	86	54	4,884
2	86	62	1,807
2	86	65	9,559
2	86	67	1,773
2	86	69	6,187
2	86	71	1,117
2	86	72	1,529
2	86	75	18,317
2	86	76	5,499
2	86	77	29,844
2	86	78	7,747
2	86	79	4,811
2	86	80	1,688
2	86	84	2,991
2	86	88	2,026
2	86	90	19,558
2	86	93	3,418
2	86	99	6,117
2	88	4	8,765
2	88	8	7,886
2	88	10	3,104
2	88	18	1,21
2	88	19	41,117
2	88	20	8,69
2	88	25	3,134
2	88	32	11,891
2	88	42	7,791
2	88	46	1,964
2	88	47	1,365
2	88	49	5,951
2	88	51	1,501
2	88	52	12,112
2	88	54	9,217
2	88	62	2,172
2	88	65	8,86
2	88	67	1,073
2	88	69	4,065
2	88	71	14,616
2	88	72	8,795
2	88	75	1,539
2	88	76	1,887
2	88	77	0,989
2	88	78	17,165
2	88	79	1,256
2	88	80	7,754
2	88	84	9,7
2	88	86	6,657
2	88	90	5,237
2	88	93	12,893
2	88	99	2,274
2	90	4	16,346
2	90	8	12,337
2	90	10	2,815
2	90	18	6,717
2	90	19	7,285
2	90	20	14,452
2	90	25	12,653
2	90	32	5,271
2	90	42	6,455
2	90	46	16,593
2	90	47	1,209
2	90	49	4,317
2	90	51	1,721
2	90	52	6,313
2	90	54	6,756
2	90	62	1,163
2	90	65	1,711
2	90	67	0,993
2	90	69	13,392
2	90	71	3,778
2	90	72	1,296
2	90	75	1,188
2	90	76	0,909
2	90	77	11,749
2	90	78	2,803
2	90	79	32,361
2	90	80	2,806
2	90	84	5,831
2	90	86	0,717
2	90	88	1,579
2	90	93	14,708
2	90	99	10,248
2	93	4	1,254
2	93	8	3,927
2	93	10	4,584
2	93	18	4,9
2	93	19	5,76
2	93	20	11,085
2	93	25	2,653
2	93	32	7,738
2	93	42	4,772
2	93	46	1,759
2	93	47	2,201
2	93	49	1,331
2	93	51	10,78
2	93	52	6,391
2	93	54	4,541
2	93	62	4,134
2	93	65	11,53
2	93	67	2,728
2	93	69	6,636
2	93	71	4,684
2	93	72	5,578
2	93	75	1,723
2	93	76	4,056
2	93	77	1,329
2	93	78	2,85
2	93	79	3,515
2	93	80	14,699
2	93	84	1,467
2	93	86	2,139
2	93	88	5,691
2	93	90	1,965
2	93	99	3,593
2	99	4	0,805
2	99	8	6,051
2	99	10	7,22
2	99	18	3,431
2	99	19	0,832
2	99	20	16,942
2	99	25	1,059
2	99	32	3,449
2	99	42	4,016
2	99	46	3,884
2	99	47	0,854
2	99	49	1,22
2	99	51	4,545
2	99	52	3,327
2	99	54	10,423
2	99	62	1,834
2	99	65	5,722
2	99	67	8,522
2	99	69	4,495
2	99	71	2,56
2	99	72	7,16
2	99	75	2,043
2	99	76	2,902
2	99	77	7,966
2	99	78	1,389
2	99	79	3,604
2	99	80	2,235
2	99	84	0,804
2	99	86	6,935
2	99	88	1,208
2	99	90	6,356
2	99	93	2,449
3	3	4	4,68
3	3	11	6,027
3	3	14	5,425
3	3	17	1,48
3	3	22	2,597
3	3	24	7,86
3	3	37	16,497
3	3	39	1,698
3	3	41	9,344
3	3	47	18,054
3	3	51	1,638
3	3	52	5,419
3	3	54	0,65
3	3	55	36,961
3	3	61	3,064
3	3	68	6,509
3	3	73	0,516
3	3	83	5,949
3	3	85	2,481
3	3	88	2,745
3	3	94	8,602
3	3	97	2,264
3	3	99	2,388
3	4	3	21,421
3	4	11	12,72
3	4	14	3,306
3	4	17	3,156
3	4	22	2,005
3	4	24	4,107
3	4	37	31,873
3	4	39	8,566
3	4	41	5,567
3	4	47	4,373
3	4	51	8,63
3	4	52	2,873
3	4	54	2,26
3	4	55	1,304
3	4	61	1,296
3	4	68	2,756
3	4	73	2,367
3	4	83	15,2
3	4	85	5,288
3	4	88	8,035
3	4	94	27,092
3	4	97	5,188
3	4	99	10,254
3	11	3	7,868
3	11	4	6,506
3	11	14	12,521
3	11	17	5,802
3	11	22	4,83
3	11	24	2,825
3	11	37	2,121
3	11	39	0,644
3	11	41	2,202
3	11	47	5,195
3	11	51	8,387
3	11	52	10,249
3	11	54	1,341
3	11	55	3,852
3	11	61	3,078
3	11	68	4,812
3	11	73	1,056
3	11	83	2,802
3	11	85	13,074
3	11	88	12,555
3	11	94	12,178
3	11	97	1,618
3	11	99	18,491
3	14	3	5,295
3	14	4	3,895
3	14	11	2,603
3	14	17	1,311
3	14	22	4,596
3	14	24	10,285
3	14	37	13,676
3	14	39	6,153
3	14	41	5,071
3	14	47	2,501
3	14	51	12,274
3	14	52	30,825
3	14	54	27,364
3	14	55	6,389
3	14	61	1,387
3	14	68	0,878
3	14	73	4,575
3	14	83	1,573
3	14	85	4,998
3	14	88	11,38
3	14	94	4,346
3	14	97	4,171
3	14	99	7,525
3	17	3	1,839
3	17	4	5,861
3	17	11	9,728
3	17	14	8,455
3	17	22	8,674
3	17	24	3,394
3	17	37	1,325
3	17	39	3,355
3	17	41	6,352
3	17	47	3,258
3	17	51	6,79
3	17	52	16,594
3	17	54	0,719
3	17	55	4,803
3	17	61	1,717
3	17	68	8,851
3	17	73	9,915
3	17	83	18,718
3	17	85	7,458
3	17	88	5,582
3	17	94	0,519
3	17	97	9,073
3	17	99	6,377
3	22	3	1,121
3	22	4	0,928
3	22	11	6,503
3	22	14	4,126
3	22	17	0,569
3	22	24	11,185
3	22	37	1,846
3	22	39	2,187
3	22	41	0,675
3	22	47	5,103
3	22	51	1,389
3	22	52	1,797
3	22	54	1,158
3	22	55	4,742
3	22	61	0,802
3	22	68	5,41
3	22	73	16,935
3	22	83	1,671
3	22	85	8,417
3	22	88	14,962
3	22	94	5,998
3	22	97	2,3
3	22	99	0,79
3	24	3	6,752
3	24	4	34,532
3	24	11	2,068
3	24	14	2,366
3	24	17	3,757
3	24	22	3,957
3	24	37	5,129
3	24	39	10,59
3	24	41	5,529
3	24	47	2,262
3	24	51	1,136
3	24	52	2,353
3	24	54	1,541
3	24	55	2,366
3	24	61	6,974
3	24	68	5,1
3	24	73	3,943
3	24	83	0,981
3	24	85	1,341
3	24	88	1,254
3	24	94	9,203
3	24	97	34,334
3	24	99	3,198
3	37	3	20,983
3	37	4	5,472
3	37	11	5,034
3	37	14	9,918
3	37	17	4,951
3	37	22	10,568
3	37	24	14,788
3	37	39	2,285
3	37	41	6,638
3	37	47	7,383
3	37	51	1,017
3	37	52	10,34
3	37	54	1,691
3	37	55	4,274
3	37	61	33,227
3	37	68	9,67
3	37	73	0,61
3	37	83	4,967
3	37	85	5,122
3	37	88	3,722
3	37	94	2,716
3	37	97	14,652
3	37	99	5,717
3	39	3	0,903
3	39	4	7,983
3	39	11	16,456
3	39	14	1,916
3	39	17	1,034
3	39	22	1,647
3	39	24	0,938
3	39	37	1,432
3	39	41	2,403
3	39	47	1,019
3	39	51	5,056
3	39	52	1,629
3	39	54	5,261
3	39	55	0,505
3	39	61	41,04
3	39	68	1,776
3	39	73	9,552
3	39	83	4,861
3	39	85	4,8
3	39	88	5,699
3	39	94	1,216
3	39	97	14,124
3	39	99	1,023
3	41	3	2,605
3	41	4	8,4
3	41	11	13,421
3	41	14	1,108
3	41	17	0,536
3	41	22	1,687
3	41	24	0,846
3	41	37	4,859
3	41	39	0,851
3	41	47	6,139
3	41	51	3,347
3	41	52	3,244
3	41	54	35,872
3	41	55	3,463
3	41	61	2,712
3	41	68	0,612
3	41	73	14,701
3	41	83	18,099
3	41	85	0,762
3	41	88	0,674
3	41	94	4,36
3	41	97	6,034
3	41	99	15,16
3	47	3	2,337
3	47	4	7,418
3	47	11	14,381
3	47	14	0,911
3	47	17	22,011
3	47	22	1,113
3	47	24	10,311
3	47	37	3,865
3	47	39	10,232
3	47	41	1,292
3	47	51	11,059
3	47	52	7,877
3	47	54	3,183
3	47	55	1,362
3	47	61	0,933
3	47	68	10,58
3	47	73	1,342
3	47	83	6,536
3	47	85	1,325
3	47	88	7,392
3	47	94	3,359
3	47	97	1,991
3	47	99	3,169
3	51	3	3,096
3	51	4	13,121
3	51	11	11,136
3	51	14	2,026
3	51	17	24,938
3	51	22	1,822
3	51	24	2,421
3	51	37	5,092
3	51	39	3,611
3	51	41	0,811
3	51	47	4,888
3	51	52	2,27
3	51	54	1,171
3	51	55	7,505
3	51	61	2,493
3	51	68	5,864
3	51	73	6,604
3	51	83	4,246
3	51	85	3,494
3	51	88	17,072
3	51	94	8,837
3	51	97	1,778
3	51	99	2,101
3	52	3	2,813
3	52	4	8,435
3	52	11	20,646
3	52	14	0,525
3	52	17	10,223
3	52	22	10,452
3	52	24	1,198
3	52	37	4,453
3	52	39	13,488
3	52	41	10,419
3	52	47	39,481
3	52	51	4,689
3	52	54	2,875
3	52	55	2,199
3	52	61	2,711
3	52	68	3,411
3	52	73	7,896
3	52	83	10,437
3	52	85	0,947
3	52	88	4,175
3	52	94	6,555
3	52	97	1,861
3	52	99	1,957
3	54	3	7,66
3	54	4	1,002
3	54	11	0,897
3	54	14	3,388
3	54	17	4,253
3	54	22	1,346
3	54	24	2,248
3	54	37	9,081
3	54	39	20,336
3	54	41	2,756
3	54	47	1,489
3	54	51	12,08
3	54	52	2,734
3	54	55	0,739
3	54	61	14,516
3	54	68	0,727
3	54	73	2,201
3	54	83	13,466
3	54	85	2,971
3	54	88	4,553
3	54	94	6,308
3	54	97	1,279
3	54	99	13,488
3	55	3	3,283
3	55	4	9,941
3	55	11	3,449
3	55	14	3,274
3	55	17	2,912
3	55	22	3,302
3	55	24	0,534
3	55	37	6,201
3	55	39	9,99
3	55	41	0,712
3	55	47	23,296
3	55	51	4,061
3	55	52	1,583
3	55	54	7,321
3	55	61	1,171
3	55	68	2,896
3	55	73	5,609
3	55	83	10,112
3	55	85	3,687
3	55	88	1,736
3	55	94	3,214
3	55	97	3,965
3	55	99	5,792
3	61	3	29,253
3	61	4	1,033
3	61	11	1,843
3	61	14	7,26
3	61	17	12,962
3	61	22	6,444
3	61	24	16,668
3	61	37	2,492
3	61	39	2,901
3	61	41	12,487
3	61	47	0,551
3	61	51	0,829
3	61	52	7,961
3	61	54	6,678
3	61	55	22,062
3	61	68	28,405
3	61	73	1,356
3	61	83	26,754
3	61	85	4,472
3	61	88	16,555
3	61	94	3,541
3	61	97	5,975
3	61	99	2,158
3	68	3	12,536
3	68	4	7,945
3	68	11	3,648
3	68	14	9,813
3	68	17	8,43
3	68	22	5,524
3	68	24	8,408
3	68	37	5,641
3	68	39	5,123
3	68	41	22,94
3	68	47	14,136
3	68	51	4,044
3	68	52	2,253
3	68	54	2,343
3	68	55	11,964
3	68	61	13,766
3	68	73	3,832
3	68	83	1,345
3	68	85	2,244
3	68	88	8,151
3	68	94	0,6
3	68	97	6,947
3	68	99	3,795
3	73	3	14,432
3	73	4	4,214
3	73	11	4,406
3	73	14	13,914
3	73	17	4,398
3	73	22	2,246
3	73	24	2,619
3	73	37	22,519
3	73	39	4,07
3	73	41	5,431
3	73	47	16,171
3	73	51	0,845
3	73	52	3,424
3	73	54	22,343
3	73	55	10,487
3	73	61	10,59
3	73	68	10,318
3	73	83	10,45
3	73	85	2,288
3	73	88	3,583
3	73	94	2,537
3	73	97	10,655
3	73	99	6,182
3	83	3	0,699
3	83	4	8,833
3	83	11	2,75
3	83	14	16,051
3	83	17	1,818
3	83	22	6,447
3	83	24	2,591
3	83	37	21,144
3	83	39	5,817
3	83	41	4,895
3	83	47	6,447
3	83	51	15,205
3	83	52	8,287
3	83	54	3,086
3	83	55	0,915
3	83	61	5,583
3	83	68	0,788
3	83	73	1,472
3	83	85	4,049
3	83	88	8,152
3	83	94	0,781
3	83	97	16,394
3	83	99	16,554
3	85	3	9,83
3	85	4	0,533
3	85	11	3,409
3	85	14	1,923
3	85	17	1,443
3	85	22	1,082
3	85	24	2,07
3	85	37	4,222
3	85	39	31,115
3	85	41	13,441
3	85	47	8,47
3	85	51	1,288
3	85	52	1,531
3	85	54	7,255
3	85	55	2,082
3	85	61	2,133
3	85	68	3,945
3	85	73	5,093
3	85	83	5,862
3	85	88	4,106
3	85	94	0,772
3	85	97	3,67
3	85	99	11,746
3	88	3	5,182
3	88	4	3,87
3	88	11	8,816
3	88	14	3,826
3	88	17	8,043
3	88	22	33,07
3	88	24	4,18
3	88	37	7,28
3	88	39	0,908
3	88	41	5,495
3	88	47	15,137
3	88	51	3,459
3	88	52	6,984
3	88	54	11,515
3	88	55	2,572
3	88	61	2,268
3	88	68	1,415
3	88	73	1,846
3	88	83	1,291
3	88	85	1,299
3	88	94	1,16
3	88	97	4,679
3	88	99	2,133
3	94	3	16,653
3	94	4	4,443
3	94	11	6,422
3	94	14	7,841
3	94	17	1,66
3	94	22	2,728
3	94	24	0,909
3	94	37	8,619
3	94	39	1,953
3	94	41	9,861
3	94	47	11,489
3	94	51	3,288
3	94	52	4,299
3	94	54	1,185
3	94	55	3,432
3	94	61	3,904
3	94	68	26,343
3	94	73	6,422
3	94	83	1,464
3	94	85	3,057
3	94	88	1,069
3	94	97	13,223
3	94	99	5,654
3	97	3	3,529
3	97	4	15,249
3	97	11	6,84
3	97	14	7,078
3	97	17	9,098
3	97	22	3,86
3	97	24	15,844
3	97	37	0,819
3	97	39	14,657
3	97	41	1,147
3	97	47	1,982
3	97	51	4,776
3	97	52	5,835
3	97	54	2,676
3	97	55	0,851
3	97	61	4,756
3	97	68	1,398
3	97	73	1,36
3	97	83	0,599
3	97	85	2,615
3	97	88	2,034
3	97	94	2,368
3	97	99	4,642
3	99	3	31,978
3	99	4	0,726
3	99	11	18,371
3	99	14	4,689
3	99	17	6,922
3	99	22	3,418
3	99	24	7,871
3	99	37	4,239
3	99	39	0,672
3	99	41	25,111
3	99	47	5,606
3	99	51	16,836
3	99	52	9,201
3	99	54	13,021
3	99	55	1,396
3	99	61	7,699
3	99	68	1,997
3	99	73	2,79
3	99	83	6,528
3	99	85	0,833
3	99	88	1,863
3	99	94	14,697
3	99	97	8,624
4	5	7	2,871
4	5	23	1,34
4	5	35	11,797
4	5	38	1,462
4	5	39	10,354
4	5	40	3,036
4	5	45	4,681
4	5	56	10,097
4	5	57	0,739
4	5	66	7,375
4	5	67	14,286
4	5	71	42,369
4	5	76	2,683
4	5	77	7,579
4	5	83	4,081
4	5	84	3,63
4	5	88	1,268
4	5	91	3,976
4	5	92	2,671
4	5	93	4,436
4	7	5	1,927
4	7	23	3,183
4	7	35	6,576
4	7	38	1,885
4	7	39	0,775
4	7	40	15,51
4	7	45	0,67
4	7	56	29,408
4	7	57	31,171
4	7	66	17,026
4	7	67	10,281
4	7	71	2,797
4	7	76	1,803
4	7	77	0,597
4	7	83	6,398
4	7	84	7,881
4	7	88	10,198
4	7	91	9,368
4	7	92	1,257
4	7	93	9,995
4	23	5	0,754
4	23	7	0,873
4	23	35	8,024
4	23	38	1,449
4	23	39	15,508
4	23	40	14,899
4	23	45	22,654
4	23	56	3,134
4	23	57	0,907
4	23	66	4,069
4	23	67	4,155
4	23	71	2,386
4	23	76	3,731
4	23	77	9,15
4	23	83	20,919
4	23	84	7,358
4	23	88	13,455
4	23	91	4,66
4	23	92	26,585
4	23	93	3,675
4	35	5	0,582
4	35	7	7,821
4	35	23	0,553
4	35	38	1,589
4	35	39	1,194
4	35	40	3,307
4	35	45	10,799
4	35	56	2,779
4	35	57	4,008
4	35	66	12,428
4	35	67	0,93
4	35	71	3,65
4	35	76	17,911
4	35	77	8,845
4	35	83	3,342
4	35	84	1,752
4	35	88	9,262
4	35	91	3,935
4	35	92	12,908
4	35	93	1,22
4	38	5	5,308
4	38	7	3,315
4	38	23	1,095
4	38	35	12,234
4	38	39	8,671
4	38	40	5,23
4	38	45	1,518
4	38	56	2,313
4	38	57	1,599
4	38	66	0,916
4	38	67	2,545
4	38	71	3,966
4	38	76	3,161
4	38	77	1,275
4	38	83	12,127
4	38	84	5,344
4	38	88	10,079
4	38	91	3,196
4	38	92	1,932
4	38	93	2,409
4	39	5	2,927
4	39	7	1,11
4	39	23	8,949
4	39	35	12,445
4	39	38	10,918
4	39	40	6,888
4	39	45	1,746
4	39	56	0,784
4	39	57	3,601
4	39	66	25,391
4	39	67	6,431
4	39	71	7,429
4	39	76	4,265
4	39	77	1,989
4	39	83	0,95
4	39	84	1,327
4	39	88	0,606
4	39	91	3,572
4	39	92	1,765
4	39	93	0,582
4	40	5	4,344
4	40	7	13,491
4	40	23	10,103
4	40	35	27,723
4	40	38	3,714
4	40	39	8,358
4	40	45	1,061
4	40	56	4,326
4	40	57	4,323
4	40	66	11,203
4	40	67	16,124
4	40	71	1,871
4	40	76	18,765
4	40	77	4,739
4	40	83	15,068
4	40	84	0,764
4	40	88	5,702
4	40	91	1,964
4	40	92	2,157
4	40	93	3,985
4	45	5	3,305
4	45	7	1,929
4	45	23	2,956
4	45	35	0,553
4	45	38	3,518
4	45	39	5,801
4	45	40	2,437
4	45	56	2,474
4	45	57	5,669
4	45	66	10,837
4	45	67	4,22
4	45	71	5,096
4	45	76	0,958
4	45	77	0,546
4	45	83	2,576
4	45	84	19,342
4	45	88	2,952
4	45	91	27,996
4	45	92	20,055
4	45	93	2,89
4	56	5	5,005
4	56	7	12,212
4	56	23	2,659
4	56	35	38,381
4	56	38	3,714
4	56	39	1,825
4	56	40	1,103
4	56	45	26,418
4	56	57	1,77
4	56	66	12,625
4	56	67	4,575
4	56	71	1,327
4	56	76	2,191
4	56	77	0,575
4	56	83	6,416
4	56	84	2,955
4	56	88	10,129
4	56	91	7,056
4	56	92	11,358
4	56	93	1,523
4	57	5	3,829
4	57	7	15,068
4	57	23	3,875
4	57	35	3,874
4	57	38	3,177
4	57	39	17,692
4	57	40	3,367
4	57	45	14,064
4	57	56	17,019
4	57	66	3,472
4	57	67	6,55
4	57	71	2,62
4	57	76	5,051
4	57	77	2,393
4	57	83	4,868
4	57	84	12,496
4	57	88	5,013
4	57	91	3,879
4	57	92	8,579
4	57	93	2,32
4	66	5	5,42
4	66	7	4,889
4	66	23	1,871
4	66	35	16,048
4	66	38	4,568
4	66	39	4,211
4	66	40	3,812
4	66	45	8,6
4	66	56	7,583
4	66	57	11,261
4	66	67	4,925
4	66	71	5,462
4	66	76	3,411
4	66	77	6,7
4	66	83	27,956
4	66	84	1,318
4	66	88	10,834
4	66	91	7,321
4	66	92	4,468
4	66	93	0,816
4	67	5	24,803
4	67	7	1,518
4	67	23	0,88
4	67	35	13,596
4	67	38	7,391
4	67	39	9,186
4	67	40	15,387
4	67	45	13,044
4	67	56	2,359
4	67	57	21,161
4	67	66	4,056
4	67	71	3,13
4	67	76	6,367
4	67	77	14,631
4	67	83	1,644
4	67	84	13,539
4	67	88	5,13
4	67	91	5,537
4	67	92	5,5
4	67	93	8,748
4	71	5	7,616
4	71	7	2,058
4	71	23	6,085
4	71	35	2,197
4	71	38	1,182
4	71	39	4,158
4	71	40	38,239
4	71	45	18,408
4	71	56	4,901
4	71	57	1,115
4	71	66	1,955
4	71	67	4,022
4	71	76	1,561
4	71	77	5,139
4	71	83	1,211
4	71	84	1,899
4	71	88	21
4	71	91	15,895
4	71	92	7,646
4	71	93	4,158
4	76	5	0,71
4	76	7	2,733
4	76	23	4,228
4	76	35	8,867
4	76	38	4,091
4	76	39	0,891
4	76	40	7,868
4	76	45	0,706
4	76	56	4,643
4	76	57	8,199
4	76	66	3,738
4	76	67	28,158
4	76	71	6,383
4	76	77	11,264
4	76	83	4,469
4	76	84	2,384
4	76	88	5,238
4	76	91	7,805
4	76	92	0,993
4	76	93	1,92
4	77	5	2,07
4	77	7	0,558
4	77	23	1,596
4	77	35	8,129
4	77	38	6,336
4	77	39	19,591
4	77	40	7,952
4	77	45	1,618
4	77	56	10,288
4	77	57	6,737
4	77	66	2,057
4	77	67	5,981
4	77	71	2,354
4	77	76	21,491
4	77	83	2,264
4	77	84	1,674
4	77	88	2,386
4	77	91	2,912
4	77	92	8,997
4	77	93	6,938
4	83	5	2,361
4	83	7	6,706
4	83	23	4,501
4	83	35	2,878
4	83	38	2,313
4	83	39	6,138
4	83	40	4,21
4	83	45	11,369
4	83	56	10,135
4	83	57	2,035
4	83	66	8,158
4	83	67	6,934
4	83	71	3,613
4	83	76	14,003
4	83	77	4,495
4	83	84	4,206
4	83	88	9,769
4	83	91	1,515
4	83	92	9,526
4	83	93	4,319
4	84	5	6,154
4	84	7	22,226
4	84	23	21,673
4	84	35	13,275
4	84	38	10,143
4	84	39	1,761
4	84	40	1,655
4	84	45	1,797
4	84	56	1,704
4	84	57	3,754
4	84	66	1,815
4	84	67	1,591
4	84	71	24,369
4	84	76	10,579
4	84	77	5,544
4	84	83	0,565
4	84	88	4,279
4	84	91	5,1
4	84	92	4,581
4	84	93	0,999
4	88	5	7,381
4	88	7	2,223
4	88	23	21,96
4	88	35	1,522
4	88	38	4,34
4	88	39	1,498
4	88	40	2,376
4	88	45	22,467
4	88	56	0,921
4	88	57	11,601
4	88	66	8,827
4	88	67	17,488
4	88	71	4,889
4	88	76	2,247
4	88	77	16,125
4	88	83	2,302
4	88	84	4,624
4	88	91	1,932
4	88	92	0,501
4	88	93	1,372
4	91	5	1,003
4	91	7	2,21
4	91	23	2,405
4	91	35	9,057
4	91	38	1,068
4	91	39	3,276
4	91	40	0,583
4	91	45	0,993
4	91	56	3,582
4	91	57	3,372
4	91	66	3,671
4	91	67	3,231
4	91	71	0,958
4	91	76	6,372
4	91	77	2,67
4	91	83	2,919
4	91	84	7,35
4	91	88	5,72
4	91	92	11,11
4	91	93	0,725
4	92	5	3,041
4	92	7	0,643
4	92	23	2,756
4	92	35	2,625
4	92	38	4,409
4	92	39	3,504
4	92	40	10,582
4	92	45	10,452
4	92	56	1,129
4	92	57	1,333
4	92	66	1,647
4	92	67	5,647
4	92	71	11,512
4	92	76	24,375
4	92	77	9,506
4	92	83	8,807
4	92	84	14,139
4	92	88	3,719
4	92	91	0,604
4	92	93	3,489
4	93	5	4,383
4	93	7	1,628
4	93	23	7,125
4	93	35	0,651
4	93	38	9,13
4	93	39	1,337
4	93	40	5,074
4	93	45	4,484
4	93	56	8,342
4	93	57	12,951
4	93	66	6,263
4	93	67	2,797
4	93	71	13,136
4	93	76	1,509
4	93	77	13,846
4	93	83	0,632
4	93	84	0,994
4	93	88	21,892
4	93	91	13,533
4	93	92	2,442
5	1	6	4,598
5	1	7	6,458
5	1	21	7,088
5	1	24	1,46
5	1	28	1,619
5	1	33	2,841
5	1	35	10,067
5	1	38	10,961
5	1	44	1,49
5	1	45	10,42
5	1	47	1,193
5	1	55	4,072
5	1	56	4,773
5	1	63	1,933
5	1	71	5,808
5	1	74	3,439
5	1	76	8,109
5	1	78	2,163
5	1	86	2,024
5	1	94	32,878
5	1	95	4,716
5	1	97	16,974
5	1	100	3,019
5	6	1	6,076
5	6	7	11,594
5	6	21	4,427
5	6	24	1,03
5	6	28	3,542
5	6	33	1,229
5	6	35	7,107
5	6	38	1,726
5	6	44	7,504
5	6	45	7,979
5	6	47	2,039
5	6	55	2,979
5	6	56	2,917
5	6	63	4,62
5	6	71	3,859
5	6	74	28,687
5	6	76	6,996
5	6	78	0,957
5	6	86	0,722
5	6	94	2,64
5	6	95	8,225
5	6	97	14,428
5	6	100	15,092
5	7	1	3,608
5	7	6	1,924
5	7	21	1,343
5	7	24	0,582
5	7	28	9,677
5	7	33	1,002
5	7	35	44,199
5	7	38	11,548
5	7	44	11,974
5	7	45	6,072
5	7	47	16,014
5	7	55	14,07
5	7	56	1,956
5	7	63	0,643
5	7	71	9,231
5	7	74	5,376
5	7	76	13,808
5	7	78	5,855
5	7	86	1,33
5	7	94	1,197
5	7	95	7,75
5	7	97	7,434
5	7	100	7,109
5	21	1	2,117
5	21	6	1,715
5	21	7	5,187
5	21	24	0,633
5	21	28	8
5	21	33	1,195
5	21	35	0,589
5	21	38	4,91
5	21	44	0,925
5	21	45	5,148
5	21	47	1,445
5	21	55	11,603
5	21	56	5,248
5	21	63	0,688
5	21	71	6,89
5	21	74	4,183
5	21	76	8,238
5	21	78	1,634
5	21	86	4,079
5	21	94	2,099
5	21	95	7,115
5	21	97	28,329
5	21	100	3,172
5	24	1	1,606
5	24	6	12,278
5	24	7	8,499
5	24	21	2,988
5	24	28	10,918
5	24	33	0,612
5	24	35	3,754
5	24	38	7,461
5	24	44	11,236
5	24	45	8,605
5	24	47	0,864
5	24	55	4,374
5	24	56	12,065
5	24	63	7,546
5	24	71	7,158
5	24	74	2,443
5	24	76	19,084
5	24	78	3,916
5	24	86	2,927
5	24	94	2,757
5	24	95	5,497
5	24	97	3,46
5	24	100	1,301
5	28	1	2,491
5	28	6	1,292
5	28	7	4,794
5	28	21	5,909
5	28	24	2,207
5	28	33	16,456
5	28	35	4,666
5	28	38	0,653
5	28	44	5,93
5	28	45	6,831
5	28	47	16,538
5	28	55	3,837
5	28	56	3,714
5	28	63	2,409
5	28	71	5,236
5	28	74	2,849
5	28	76	2,033
5	28	78	0,566
5	28	86	5,411
5	28	94	2,028
5	28	95	11,975
5	28	97	22,194
5	28	100	7,06
5	33	1	8,824
5	33	6	7,827
5	33	7	10,243
5	33	21	4,847
5	33	24	7,067
5	33	28	13,466
5	33	35	3,67
5	33	38	0,749
5	33	44	6,445
5	33	45	0,859
5	33	47	1,861
5	33	55	3,446
5	33	56	0,822
5	33	63	9,735
5	33	71	7,259
5	33	74	2,038
5	33	76	3,401
5	33	78	9,369
5	33	86	2,287
5	33	94	10,856
5	33	95	8,371
5	33	97	5,084
5	33	100	4,19
5	35	1	2,984
5	35	6	15,534
5	35	7	0,888
5	35	21	27,581
5	35	24	6,671
5	35	28	4,257
5	35	33	13,816
5	35	38	5,369
5	35	44	14,318
5	35	45	11,674
5	35	47	6,069
5	35	55	1,776
5	35	56	2,688
5	35	63	10,189
5	35	71	13,891
5	35	74	7,802
5	35	76	1,492
5	35	78	3,741
5	35	86	9,987
5	35	94	1,25
5	35	95	3,56
5	35	97	14,033
5	35	100	14,084
5	38	1	8,186
5	38	6	3,217
5	38	7	8,787
5	38	21	0,883
5	38	24	15,802
5	38	28	0,724
5	38	33	15,081
5	38	35	4,561
5	38	44	1,437
5	38	45	8,748
5	38	47	14,221
5	38	55	4,931
5	38	56	0,643
5	38	63	2,853
5	38	71	0,74
5	38	74	35,867
5	38	76	8,935
5	38	78	2,334
5	38	86	7,315
5	38	94	10,095
5	38	95	3,581
5	38	97	5,613
5	38	100	4,315
5	44	1	4,925
5	44	6	3,286
5	44	7	1,7
5	44	21	4,827
5	44	24	2,616
5	44	28	2,275
5	44	33	13,909
5	44	35	7,925
5	44	38	24,041
5	44	45	4,218
5	44	47	4,165
5	44	55	8,662
5	44	56	1,645
5	44	63	2,361
5	44	71	5,108
5	44	74	9,145
5	44	76	4,831
5	44	78	13,967
5	44	86	4,635
5	44	94	0,862
5	44	95	2,997
5	44	97	9,618
5	44	100	7,302
5	45	1	0,962
5	45	6	15,88
5	45	7	1,582
5	45	21	4,016
5	45	24	0,845
5	45	28	2,667
5	45	33	2,797
5	45	35	4,352
5	45	38	2,711
5	45	44	5,472
5	45	47	10,226
5	45	55	3,582
5	45	56	5,882
5	45	63	5,375
5	45	71	8,825
5	45	74	0,51
5	45	76	11,607
5	45	78	1,086
5	45	86	1,7
5	45	94	5,027
5	45	95	1,143
5	45	97	3,423
5	45	100	17,77
5	47	1	1,436
5	47	6	7,265
5	47	7	4,719
5	47	21	2,709
5	47	24	4,768
5	47	28	0,79
5	47	33	6,789
5	47	35	2,991
5	47	38	5,705
5	47	44	8,625
5	47	45	0,566
5	47	55	15,225
5	47	56	1,857
5	47	63	0,64
5	47	71	5,342
5	47	74	48,422
5	47	76	4,623
5	47	78	2,456
5	47	86	5,592
5	47	94	0,969
5	47	95	4,291
5	47	97	2,499
5	47	100	8,606
5	55	1	5,704
5	55	6	3,842
5	55	7	5,181
5	55	21	3,086
5	55	24	6,532
5	55	28	1,332
5	55	33	7,795
5	55	35	1,567
5	55	38	3,501
5	55	44	6,846
5	55	45	17,21
5	55	47	3,423
5	55	56	5,364
5	55	63	2,928
5	55	71	0,503
5	55	74	1,626
5	55	76	18,377
5	55	78	3,821
5	55	86	2,498
5	55	94	0,866
5	55	95	16,086
5	55	97	2,363
5	55	100	3,146
5	56	1	1,05
5	56	6	5,834
5	56	7	3,474
5	56	21	8,742
5	56	24	10,414
5	56	28	3,516
5	56	33	2,858
5	56	35	5,756
5	56	38	3,645
5	56	44	4,009
5	56	45	0,828
5	56	47	0,604
5	56	55	2,123
5	56	63	11,17
5	56	71	11,267
5	56	74	3,575
5	56	76	3,809
5	56	78	7,124
5	56	86	2,808
5	56	94	8,494
5	56	95	7,689
5	56	97	6,665
5	56	100	8,84
5	63	1	2,374
5	63	6	3,472
5	63	7	6,434
5	63	21	1,496
5	63	24	4,772
5	63	28	5,502
5	63	33	6,729
5	63	35	5,238
5	63	38	1,437
5	63	44	3,807
5	63	45	1,463
5	63	47	1,024
5	63	55	0,892
5	63	56	8,161
5	63	71	20,327
5	63	74	5,312
5	63	76	1,903
5	63	78	4,131
5	63	86	1,871
5	63	94	1,641
5	63	95	5,659
5	63	97	3,748
5	63	100	1,419
5	71	1	3,338
5	71	6	1,758
5	71	7	9,334
5	71	21	1,17
5	71	24	4,631
5	71	28	1,631
5	71	33	3,57
5	71	35	0,881
5	71	38	8,797
5	71	44	2,257
5	71	45	3,193
5	71	47	1,431
5	71	55	13,852
5	71	56	9,305
5	71	63	0,768
5	71	74	16,26
5	71	76	7,379
5	71	78	21,159
5	71	86	4,103
5	71	94	2,724
5	71	95	2,667
5	71	97	0,735
5	71	100	2,919
5	74	1	15,104
5	74	6	4,999
5	74	7	25,545
5	74	21	4,978
5	74	24	2,719
5	74	28	19,199
5	74	33	7,621
5	74	35	15,475
5	74	38	0,84
5	74	44	0,526
5	74	45	12,26
5	74	47	2,651
5	74	55	78,946
5	74	56	0,958
5	74	63	10,367
5	74	71	0,797
5	74	76	6,65
5	74	78	15,992
5	74	86	2,221
5	74	94	3,795
5	74	95	7,544
5	74	97	0,546
5	74	100	7,025
5	76	1	6,26
5	76	6	25,258
5	76	7	0,807
5	76	21	4,968
5	76	24	10,092
5	76	28	5,304
5	76	33	1,193
5	76	35	18,973
5	76	38	1,704
5	76	44	2,07
5	76	45	4,605
5	76	47	0,709
5	76	55	0,587
5	76	56	6,368
5	76	63	1,829
5	76	71	0,919
5	76	74	8,665
5	76	78	8,985
5	76	86	3,445
5	76	94	1,801
5	76	95	0,772
5	76	97	3,46
5	76	100	2,4
5	78	1	10,09
5	78	6	19,416
5	78	7	4,148
5	78	21	3,261
5	78	24	9,016
5	78	28	2,766
5	78	33	0,628
5	78	35	2,41
5	78	38	1,773
5	78	44	8,4
5	78	45	2,91
5	78	47	9,852
5	78	55	8,366
5	78	56	11,763
5	78	63	2,377
5	78	71	0,886
5	78	74	8,256
5	78	76	2,663
5	78	86	1,455
5	78	94	7,143
5	78	95	2,268
5	78	97	17,86
5	78	100	2,928
5	86	1	8,48
5	86	6	10,302
5	86	7	0,608
5	86	21	2,83
5	86	24	9,905
5	86	28	0,983
5	86	33	9,99
5	86	35	1,032
5	86	38	0,745
5	86	44	0,95
5	86	45	1,677
5	86	47	5,511
5	86	55	2,247
5	86	56	18,646
5	86	63	5,94
5	86	71	4,097
5	86	74	13,441
5	86	76	6,942
5	86	78	2,685
5	86	94	2,209
5	86	95	5,536
5	86	97	0,819
5	86	100	6,868
5	94	1	12,79
5	94	6	0,696
5	94	7	3,031
5	94	21	4,751
5	94	24	2,282
5	94	28	7,397
5	94	33	2,686
5	94	35	11,555
5	94	38	9,183
5	94	44	15,283
5	94	45	10,729
5	94	47	3,079
5	94	55	16,352
5	94	56	1,733
5	94	63	10,069
5	94	71	1,104
5	94	74	12,349
5	94	76	6,758
5	94	78	5,312
5	94	86	5,183
5	94	95	6,343
5	94	97	29,239
5	94	100	11,957
5	95	1	2,857
5	95	6	3,668
5	95	7	5,173
5	95	21	0,667
5	95	24	6,169
5	95	28	2,083
5	95	33	1,085
5	95	35	2,067
5	95	38	1,414
5	95	44	4,056
5	95	45	3,415
5	95	47	10,328
5	95	55	1,408
5	95	56	2,346
5	95	63	2,125
5	95	71	4,963
5	95	74	7,102
5	95	76	0,544
5	95	78	2,909
5	95	86	2,312
5	95	94	5,944
5	95	97	1,586
5	95	100	0,798
5	97	1	4,214
5	97	6	8,979
5	97	7	8,815
5	97	21	5,913
5	97	24	6,307
5	97	28	26,608
5	97	33	7,413
5	97	35	15,344
5	97	38	4,415
5	97	44	9,346
5	97	45	10,217
5	97	47	0,517
5	97	55	3,095
5	97	56	1,32
5	97	63	3,564
5	97	71	2,665
5	97	74	4,093
5	97	76	7,174
5	97	78	1,176
5	97	86	1,311
5	97	94	6,666
5	97	95	1,844
5	97	100	3,635
5	100	1	1,995
5	100	6	48,584
5	100	7	5,406
5	100	21	4,981
5	100	24	2,217
5	100	28	4,985
5	100	33	4,656
5	100	35	3,413
5	100	38	3,05
5	100	44	4,429
5	100	45	3,529
5	100	47	7,285
5	100	55	0,628
5	100	56	5,48
5	100	63	2,494
5	100	71	0,594
5	100	74	3,304
5	100	76	23,475
5	100	78	5,212
5	100	86	8,153
5	100	94	16,526
5	100	95	9,966
5	100	97	1,551
6	2	3	10,796
6	2	15	5,376
6	2	18	4,43
6	2	26	6,603
6	2	31	0,65
6	2	35	1,71
6	2	43	3,815
6	2	47	12,399
6	2	59	9,122
6	2	60	1,926
6	2	67	4,659
6	2	70	5,36
6	2	73	4,09
6	2	77	5,427
6	2	78	5,308
6	2	80	10,843
6	2	81	56,392
6	2	83	2,663
6	2	84	1,712
6	2	90	3,438
6	2	94	1,518
6	2	98	14,471
6	2	100	0,726
6	3	2	4,296
6	3	15	0,577
6	3	18	5,988
6	3	26	1,737
6	3	31	6,612
6	3	35	0,548
6	3	43	1,267
6	3	47	2,529
6	3	59	2,895
6	3	60	9,556
6	3	67	10,656
6	3	70	1,064
6	3	73	5,143
6	3	77	17,32
6	3	78	4,889
6	3	80	7,439
6	3	81	1,226
6	3	83	16,688
6	3	84	5,892
6	3	90	3,328
6	3	94	0,774
6	3	98	1,522
6	3	100	33,65
6	15	2	5,079
6	15	3	10,088
6	15	18	1,122
6	15	26	5,138
6	15	31	17,08
6	15	35	1,728
6	15	43	5,47
6	15	47	4,589
6	15	59	15,498
6	15	60	4,553
6	15	67	2,314
6	15	70	1,437
6	15	73	3,386
6	15	77	5,554
6	15	78	14,273
6	15	80	3,722
6	15	81	12,938
6	15	83	4,527
6	15	84	2,503
6	15	90	19,768
6	15	94	6,638
6	15	98	9,905
6	15	100	0,916
6	18	2	11,108
6	18	3	11,808
6	18	15	6,065
6	18	26	5,43
6	18	31	4,363
6	18	35	1,487
6	18	43	8,121
6	18	47	2,452
6	18	59	1,701
6	18	60	3,617
6	18	67	2,257
6	18	70	0,649
6	18	73	9,344
6	18	77	6,415
6	18	78	1,175
6	18	80	5,71
6	18	81	20,89
6	18	83	1,065
6	18	84	5,145
6	18	90	6,47
6	18	94	3,361
6	18	98	2,218
6	18	100	3,601
6	26	2	6,717
6	26	3	4,345
6	26	15	10,992
6	26	18	5,806
6	26	31	1,613
6	26	35	11,042
6	26	43	1,546
6	26	47	16,642
6	26	59	0,998
6	26	60	4,935
6	26	67	10,444
6	26	70	0,916
6	26	73	5,387
6	26	77	40,882
6	26	78	9,986
6	26	80	4,801
6	26	81	4,19
6	26	83	11,551
6	26	84	1,779
6	26	90	3,516
6	26	94	4,355
6	26	98	8,659
6	26	100	14,891
6	31	2	8,708
6	31	3	19,065
6	31	15	5,263
6	31	18	10,3
6	31	26	7,821
6	31	35	7,334
6	31	43	17,093
6	31	47	1,407
6	31	59	0,845
6	31	60	4,107
6	31	67	3,681
6	31	70	2,222
6	31	73	6,598
6	31	77	10,784
6	31	78	4,949
6	31	80	0,681
6	31	81	6,663
6	31	83	4,398
6	31	84	5,904
6	31	90	0,713
6	31	94	12,023
6	31	98	4,59
6	31	100	1,539
6	35	2	6,913
6	35	3	2,406
6	35	15	0,655
6	35	18	5,618
6	35	26	1,67
6	35	31	2,129
6	35	43	13,094
6	35	47	1,689
6	35	59	10,881
6	35	60	11,491
6	35	67	2,2
6	35	70	0,822
6	35	73	3,572
6	35	77	4,737
6	35	78	2,511
6	35	80	3,388
6	35	81	12,92
6	35	83	10,111
6	35	84	9,87
6	35	90	7,259
6	35	94	3,244
6	35	98	8,493
6	35	100	1,689
6	43	2	3,196
6	43	3	2,557
6	43	15	2,286
6	43	18	1,211
6	43	26	0,539
6	43	31	9,9
6	43	35	0,634
6	43	47	6,389
6	43	59	3,552
6	43	60	3,416
6	43	67	0,626
6	43	70	2,313
6	43	73	15,907
6	43	77	2,448
6	43	78	2,489
6	43	80	1,922
6	43	81	4,287
6	43	83	3,344
6	43	84	6,404
6	43	90	0,766
6	43	94	1,567
6	43	98	3,052
6	43	100	1,475
6	47	2	0,893
6	47	3	1,716
6	47	15	4,291
6	47	18	2,178
6	47	26	7,33
6	47	31	6,639
6	47	35	1,85
6	47	43	1,846
6	47	59	1,463
6	47	60	3,898
6	47	67	1,088
6	47	70	10,816
6	47	73	29,893
6	47	77	10,474
6	47	78	9,14
6	47	80	1,176
6	47	81	0,861
6	47	83	6,59
6	47	84	9,553
6	47	90	11,741
6	47	94	1,117
6	47	98	0,549
6	47	100	16,61
6	59	2	19,531
6	59	3	6,672
6	59	15	1,935
6	59	18	6,424
6	59	26	1,014
6	59	31	6,206
6	59	35	9,194
6	59	43	0,874
6	59	47	3,984
6	59	60	9,224
6	59	67	0,595
6	59	70	14,03
6	59	73	2,795
6	59	77	10,359
6	59	78	2,526
6	59	80	2,489
6	59	81	1,284
6	59	83	2,485
6	59	84	12,453
6	59	90	3,186
6	59	94	4,607
6	59	98	6,049
6	59	100	1,714
6	60	2	9,031
6	60	3	2,271
6	60	15	9,401
6	60	18	8,071
6	60	26	4,9
6	60	31	5,72
6	60	35	7,409
6	60	43	14,582
6	60	47	3,594
6	60	59	3,738
6	60	67	0,526
6	60	70	17,538
6	60	73	13,124
6	60	77	7,065
6	60	78	22,317
6	60	80	13,065
6	60	81	1,554
6	60	83	11,729
6	60	84	11,099
6	60	90	0,876
6	60	94	5,387
6	60	98	12,918
6	60	100	7,617
6	67	2	0,631
6	67	3	4,399
6	67	15	13,879
6	67	18	3,871
6	67	26	6,281
6	67	31	6,857
6	67	35	4,243
6	67	43	2,042
6	67	47	4,011
6	67	59	5,209
6	67	60	1,078
6	67	70	8,96
6	67	73	7,436
6	67	77	1,509
6	67	78	8,19
6	67	80	4,135
6	67	81	0,701
6	67	83	7,75
6	67	84	12,487
6	67	90	10,158
6	67	94	4,647
6	67	98	0,811
6	67	100	4,698
6	70	2	3,779
6	70	3	1,204
6	70	15	1,892
6	70	18	2,353
6	70	26	4,08
6	70	31	0,53
6	70	35	2,298
6	70	43	1,796
6	70	47	1,33
6	70	59	17,262
6	70	60	4,245
6	70	67	2,603
6	70	73	4,292
6	70	77	0,736
6	70	78	1,017
6	70	80	19,23
6	70	81	1,448
6	70	83	0,708
6	70	84	19,547
6	70	90	0,918
6	70	94	9,335
6	70	98	10,476
6	70	100	15,047
6	73	2	7,222
6	73	3	2,221
6	73	15	1,386
6	73	18	4,358
6	73	26	10,224
6	73	31	7,48
6	73	35	7,887
6	73	43	26,414
6	73	47	68,714
6	73	59	0,907
6	73	60	6,418
6	73	67	2,938
6	73	70	3,646
6	73	77	2,13
6	73	78	10,647
6	73	80	3,115
6	73	81	3,59
6	73	83	9,987
6	73	84	10,205
6	73	90	6,471
6	73	94	11,011
6	73	98	5,507
6	73	100	3,658
6	77	2	9,64
6	77	3	4,137
6	77	15	19,059
6	77	18	5,988
6	77	26	3,305
6	77	31	0,745
6	77	35	7,441
6	77	43	3,864
6	77	47	1,107
6	77	59	12,803
6	77	60	2,875
6	77	67	17,275
6	77	70	3,283
6	77	73	0,606
6	77	78	11,414
6	77	80	2,352
6	77	81	6,127
6	77	83	11,264
6	77	84	30,047
6	77	90	5,664
6	77	94	0,505
6	77	98	0,734
6	77	100	5,501
6	78	2	2,029
6	78	3	8,984
6	78	15	1,215
6	78	18	15,843
6	78	26	10,19
6	78	31	3,396
6	78	35	1,512
6	78	43	1,205
6	78	47	3,225
6	78	59	4,557
6	78	60	5,207
6	78	67	7,109
6	78	70	0,762
6	78	73	6,573
6	78	77	0,944
6	78	80	1,945
6	78	81	8,493
6	78	83	9,926
6	78	84	0,932
6	78	90	2,35
6	78	94	6,585
6	78	98	3,947
6	78	100	4,403
6	80	2	0,92
6	80	3	1,141
6	80	15	10,033
6	80	18	4,007
6	80	26	0,69
6	80	31	3,682
6	80	35	8,458
6	80	43	6,818
6	80	47	2,247
6	80	59	2,241
6	80	60	3,211
6	80	67	1,044
6	80	70	7,331
6	80	73	7,273
6	80	77	10,269
6	80	78	22,141
6	80	81	0,676
6	80	83	9,393
6	80	84	4,548
6	80	90	2,869
6	80	94	3,963
6	80	98	8,718
6	80	100	3,786
6	81	2	2,389
6	81	3	2,33
6	81	15	51,151
6	81	18	0,765
6	81	26	3,79
6	81	31	5,74
6	81	35	4,626
6	81	43	2,935
6	81	47	2,513
6	81	59	12,031
6	81	60	1,668
6	81	67	4,136
6	81	70	8,859
6	81	73	2,403
6	81	77	0,525
6	81	78	5,928
6	81	80	9,349
6	81	83	0,796
6	81	84	2,209
6	81	90	2,404
6	81	94	2,533
6	81	98	8,586
6	81	100	2,802
6	83	2	2,672
6	83	3	10,512
6	83	15	2,564
6	83	18	1,224
6	83	26	6,478
6	83	31	4,811
6	83	35	5,807
6	83	43	4,536
6	83	47	0,66
6	83	59	0,929
6	83	60	1,058
6	83	67	3,281
6	83	70	6,251
6	83	73	3,699
6	83	77	8,883
6	83	78	9,601
6	83	80	3,032
6	83	81	1,003
6	83	84	2,268
6	83	90	3,74
6	83	94	31,74
6	83	98	1,668
6	83	100	1,249
6	84	2	10,695
6	84	3	6,09
6	84	15	23,321
6	84	18	0,542
6	84	26	4,784
6	84	31	4,326
6	84	35	15,843
6	84	43	5,289
6	84	47	5,737
6	84	59	21,801
6	84	60	1,674
6	84	67	4,174
6	84	70	6,812
6	84	73	1,981
6	84	77	4,373
6	84	78	4,1
6	84	80	5,043
6	84	81	0,794
6	84	83	0,924
6	84	90	1,9
6	84	94	3,192
6	84	98	5,447
6	84	100	14,384
6	90	2	4,716
6	90	3	0,63
6	90	15	9,971
6	90	18	2,759
6	90	26	4,388
6	90	31	1,924
6	90	35	7,164
6	90	43	10,788
6	90	47	2,83
6	90	59	1,52
6	90	60	5,193
6	90	67	3,163
6	90	70	2,782
6	90	73	1,871
6	90	77	8,558
6	90	78	14,474
6	90	80	1,86
6	90	81	0,761
6	90	83	3,802
6	90	84	13,855
6	90	94	8,65
6	90	98	3,589
6	90	100	4,201
6	94	2	7,63
6	94	3	14,517
6	94	15	1,492
6	94	18	2,137
6	94	26	5,371
6	94	31	5,91
6	94	35	1,859
6	94	43	4,503
6	94	47	1,946
6	94	59	3,658
6	94	60	2,309
6	94	67	2,744
6	94	70	0,935
6	94	73	21,258
6	94	77	6,376
6	94	78	4,899
6	94	80	2,964
6	94	81	4,227
6	94	83	2,743
6	94	84	4,423
6	94	90	9,554
6	94	98	18,017
6	94	100	5,881
6	98	2	7,633
6	98	3	1,859
6	98	15	2,696
6	98	18	2,262
6	98	26	2,29
6	98	31	4,36
6	98	35	9,306
6	98	43	9,329
6	98	47	11,651
6	98	59	0,535
6	98	60	10,099
6	98	67	1,093
6	98	70	8,858
6	98	73	2,576
6	98	77	3,228
6	98	78	1,922
6	98	80	24,553
6	98	81	7,349
6	98	83	1,768
6	98	84	6,717
6	98	90	3,198
6	98	94	4,247
6	98	100	13,326
6	100	2	1,141
6	100	3	3,078
6	100	15	13,56
6	100	18	4,18
6	100	26	4,059
6	100	31	1,6
6	100	35	13,873
6	100	43	2,309
6	100	47	15,599
6	100	59	2,502
6	100	60	2,723
6	100	67	0,815
6	100	70	5,884
6	100	73	15,824
6	100	77	5,042
6	100	78	20,441
6	100	80	2,062
6	100	81	1,894
6	100	83	14,782
6	100	84	6,793
6	100	90	2,901
6	100	94	2,586
6	100	98	4,114
7	4	5	1,09
7	4	13	6,567
7	4	27	1,332
7	4	28	6,244
7	4	30	7,222
7	4	31	7,234
7	4	32	2,783
7	4	34	3,668
7	4	36	1,117
7	4	42	2,509
7	4	44	11,359
7	4	50	8,803
7	4	58	1,038
7	4	67	0,811
7	4	71	2,431
7	4	76	6,657
7	4	79	6,12
7	4	82	8,426
7	5	4	3,333
7	5	13	5,675
7	5	27	4,524
7	5	28	0,722
7	5	30	12,976
7	5	31	0,998
7	5	32	3,657
7	5	34	1,663
7	5	36	1,203
7	5	42	2,266
7	5	44	15,65
7	5	50	2,391
7	5	58	7,537
7	5	67	16,281
7	5	71	3,955
7	5	76	6,126
7	5	79	2,304
7	5	82	0,602
7	13	4	1,213
7	13	5	4,465
7	13	27	1,141
7	13	28	11,547
7	13	30	3,196
7	13	31	38,069
7	13	32	11,226
7	13	34	4,318
7	13	36	1,821
7	13	42	2,638
7	13	44	12,821
7	13	50	4,103
7	13	58	1,117
7	13	67	6,118
7	13	71	0,533
7	13	76	2,876
7	13	79	15,696
7	13	82	3,946
7	27	4	18,309
7	27	5	11,238
7	27	13	1,039
7	27	28	2,226
7	27	30	1,787
7	27	31	10,794
7	27	32	5,209
7	27	34	6,045
7	27	36	12,933
7	27	42	0,898
7	27	44	6,272
7	27	50	7,352
7	27	58	0,669
7	27	67	3,792
7	27	71	0,847
7	27	76	3,81
7	27	79	5,713
7	27	82	1,972
7	28	4	21,552
7	28	5	2,994
7	28	13	6,678
7	28	27	1,038
7	28	30	4,992
7	28	31	1,921
7	28	32	5,877
7	28	34	2,976
7	28	36	1,561
7	28	42	2,933
7	28	44	9,044
7	28	50	1,824
7	28	58	3,158
7	28	67	1,881
7	28	71	1,061
7	28	76	9,578
7	28	79	1,781
7	28	82	4,641
7	30	4	1,603
7	30	5	4,586
7	30	13	1,096
7	30	27	1,557
7	30	28	10,177
7	30	31	4,682
7	30	32	3,18
7	30	34	3,321
7	30	36	1,28
7	30	42	26,071
7	30	44	12,13
7	30	50	6,367
7	30	58	22,076
7	30	67	3,837
7	30	71	3,751
7	30	76	2,761
7	30	79	2,756
7	30	82	1,518
7	31	4	8,674
7	31	5	6,112
7	31	13	16,496
7	31	27	2,032
7	31	28	5,587
7	31	30	0,885
7	31	32	11,271
7	31	34	17,971
7	31	36	14,735
7	31	42	18,326
7	31	44	3,216
7	31	50	4,186
7	31	58	7,117
7	31	67	2,813
7	31	71	5,02
7	31	76	12,061
7	31	79	16,176
7	31	82	5,192
7	32	4	12,826
7	32	5	17,677
7	32	13	0,851
7	32	27	18,261
7	32	28	5,165
7	32	30	4,052
7	32	31	1,847
7	32	34	11,193
7	32	36	6,074
7	32	42	8,448
7	32	44	3,498
7	32	50	18,254
7	32	58	0,924
7	32	67	17,388
7	32	71	1,531
7	32	76	0,984
7	32	79	14,138
7	32	82	11,357
7	34	4	8,113
7	34	5	10,255
7	34	13	0,748
7	34	27	14,677
7	34	28	3,194
7	34	30	3,538
7	34	31	20,935
7	34	32	1,631
7	34	36	4,498
7	34	42	10,039
7	34	44	3,384
7	34	50	2,888
7	34	58	1,874
7	34	67	8,661
7	34	71	2,937
7	34	76	1,01
7	34	79	9,641
7	34	82	17,987
7	36	4	4,199
7	36	5	7,918
7	36	13	2,132
7	36	27	6,72
7	36	28	1,515
7	36	30	11,692
7	36	31	0,826
7	36	32	0,824
7	36	34	15,141
7	36	42	1,313
7	36	44	1,374
7	36	50	0,545
7	36	58	9,896
7	36	67	13,184
7	36	71	2,201
7	36	76	1,27
7	36	79	2,022
7	36	82	1,25
7	42	4	0,896
7	42	5	3,74
7	42	13	1,768
7	42	27	2,358
7	42	28	2,328
7	42	30	2,1
7	42	31	11,475
7	42	32	5,681
7	42	34	1,316
7	42	36	23,957
7	42	44	4,382
7	42	50	0,867
7	42	58	10,709
7	42	67	3,709
7	42	71	12,861
7	42	76	8,368
7	42	79	2,712
7	42	82	0,626
7	44	4	7,061
7	44	5	6,356
7	44	13	0,795
7	44	27	5,983
7	44	28	2,641
7	44	30	6,362
7	44	31	2,518
7	44	32	4,704
7	44	34	1,049
7	44	36	4,279
7	44	42	12,802
7	44	50	13,751
7	44	58	1,684
7	44	67	2,822
7	44	71	0,607
7	44	76	5,06
7	44	79	24,503
7	44	82	25,28
7	50	4	3,619
7	50	5	0,997
7	50	13	1,638
7	50	27	2,844
7	50	28	4,701
7	50	30	19,142
7	50	31	6,28
7	50	32	14,108
7	50	34	5,089
7	50	36	1,057
7	50	42	4,861
7	50	44	2,512
7	50	58	3,678
7	50	67	0,577
7	50	71	3,505
7	50	76	2,443
7	50	79	4,319
7	50	82	8,052
7	58	4	14,492
7	58	5	0,858
7	58	13	3,455
7	58	27	4,334
7	58	28	0,986
7	58	30	4,016
7	58	31	3,043
7	58	32	1,849
7	58	34	4,733
7	58	36	1,469
7	58	42	1,369
7	58	44	2,241
7	58	50	0,597
7	58	67	3,45
7	58	71	12,587
7	58	76	14,405
7	58	79	11,682
7	58	82	3,766
7	67	4	7,388
7	67	5	4,302
7	67	13	1,134
7	67	27	17,498
7	67	28	0,698
7	67	30	7,096
7	67	31	6,247
7	67	32	1,327
7	67	34	6,518
7	67	36	4,169
7	67	42	4,362
7	67	44	10,593
7	67	50	6,08
7	67	58	1,453
7	67	71	0,795
7	67	76	5,539
7	67	79	8,837
7	67	82	4,375
7	71	4	5,073
7	71	5	7,542
7	71	13	1,278
7	71	27	6,348
7	71	28	5,683
7	71	30	0,661
7	71	31	1,208
7	71	32	1,46
7	71	34	9,005
7	71	36	2,26
7	71	42	3,693
7	71	44	12,681
7	71	50	1,165
7	71	58	3,621
7	71	67	26,799
7	71	76	3,751
7	71	79	5,505
7	71	82	13,34
7	76	4	1,707
7	76	5	7,235
7	76	13	8,185
7	76	27	4,6
7	76	28	9,959
7	76	30	7,252
7	76	31	4,184
7	76	32	2,821
7	76	34	1,441
7	76	36	11,011
7	76	42	9,928
7	76	44	8,536
7	76	50	2,859
7	76	58	3,944
7	76	67	8,728
7	76	71	1,549
7	76	79	5,284
7	76	82	8,119
7	79	4	16,721
7	79	5	5,352
7	79	13	11,698
7	79	27	4,094
7	79	28	3,468
7	79	30	14,352
7	79	31	1,838
7	79	32	0,703
7	79	34	0,717
7	79	36	1,604
7	79	42	12,55
7	79	44	2,953
7	79	50	15,262
7	79	58	6,665
7	79	67	1,8
7	79	71	0,616
7	79	76	16,474
7	79	82	1,82
7	82	4	5,704
7	82	5	2,77
7	82	13	19,39
7	82	27	5,668
7	82	28	2,966
7	82	30	10,384
7	82	31	9,7
7	82	32	1,787
7	82	34	34,625
7	82	36	2,321
7	82	42	1,689
7	82	44	1,418
7	82	50	9,352
7	82	58	4,422
7	82	67	10,433
7	82	71	3,27
7	82	76	0,973
7	82	79	9,927
8	4	5	2,823
8	4	6	10,839
8	4	10	0,879
8	4	16	1,126
8	4	18	6,868
8	4	20	1,543
8	4	22	1,884
8	4	23	2,577
8	4	29	15,299
8	4	31	3,283
8	4	38	5,713
8	4	44	5,246
8	4	46	4,547
8	4	53	7,37
8	4	62	8,392
8	4	64	3,013
8	4	84	24,423
8	4	86	4,77
8	4	87	1,265
8	4	93	1,593
8	5	4	38,212
8	5	6	7,042
8	5	10	2,684
8	5	16	8,513
8	5	18	2,175
8	5	20	1,152
8	5	22	0,71
8	5	23	6,787
8	5	29	2,106
8	5	31	2,576
8	5	38	1,35
8	5	44	0,599
8	5	46	11,293
8	5	53	3,993
8	5	62	5,609
8	5	64	10,933
8	5	84	9,29
8	5	86	4,396
8	5	87	2,421
8	5	93	1,1
8	6	4	12,98
8	6	5	4,452
8	6	10	6,847
8	6	16	2,551
8	6	18	2,17
8	6	20	14,702
8	6	22	1,241
8	6	23	1,722
8	6	29	3,054
8	6	31	8,142
8	6	38	5,557
8	6	44	0,945
8	6	46	5,729
8	6	53	2,762
8	6	62	9,719
8	6	64	0,859
8	6	84	2,278
8	6	86	5,207
8	6	87	10,653
8	6	93	1,777
8	10	4	4,405
8	10	5	0,625
8	10	6	2,103
8	10	16	2,674
8	10	18	11,562
8	10	20	11,273
8	10	22	2,152
8	10	23	12,175
8	10	29	18,419
8	10	31	7,428
8	10	38	15,208
8	10	44	13,234
8	10	46	1,099
8	10	53	3,936
8	10	62	1,495
8	10	64	11,375
8	10	84	5,426
8	10	86	0,511
8	10	87	3,646
8	10	93	11,823
8	16	4	2,618
8	16	5	1,342
8	16	6	5,942
8	16	10	38,271
8	16	18	0,54
8	16	20	1,596
8	16	22	0,528
8	16	23	6,97
8	16	29	16,19
8	16	31	2,586
8	16	38	5,893
8	16	44	12,719
8	16	46	0,527
8	16	53	15,753
8	16	62	5,559
8	16	64	25,633
8	16	84	4,969
8	16	86	7,258
8	16	87	1,555
8	16	93	1,614
8	18	4	6,411
8	18	5	2,096
8	18	6	14,092
8	18	10	6,62
8	18	16	3,955
8	18	20	13,161
8	18	22	2,699
8	18	23	15,08
8	18	29	3,609
8	18	31	18,795
8	18	38	6,413
8	18	44	0,989
8	18	46	1,569
8	18	53	12,554
8	18	62	4,302
8	18	64	0,514
8	18	84	0,643
8	18	86	22,59
8	18	87	10,233
8	18	93	12,986
8	20	4	4,437
8	20	5	6,428
8	20	6	1,586
8	20	10	20,238
8	20	16	2,213
8	20	18	1,511
8	20	22	30,301
8	20	23	14,117
8	20	29	7,231
8	20	31	11,031
8	20	38	5,01
8	20	44	14,251
8	20	46	10,513
8	20	53	1,666
8	20	62	2,197
8	20	64	3,757
8	20	84	4,39
8	20	86	18,304
8	20	87	1,877
8	20	93	8,827
8	22	4	18,98
8	22	5	4,981
8	22	6	14,73
8	22	10	0,523
8	22	16	13,609
8	22	18	1,319
8	22	20	0,633
8	22	23	0,649
8	22	29	6,04
8	22	31	20,997
8	22	38	5,033
8	22	44	0,753
8	22	46	32,687
8	22	53	2,375
8	22	62	9,865
8	22	64	4,884
8	22	84	4,898
8	22	86	0,767
8	22	87	2,281
8	22	93	4,218
8	23	4	13,462
8	23	5	6,802
8	23	6	16,979
8	23	10	4,965
8	23	16	2,687
8	23	18	4,33
8	23	20	2,881
8	23	22	12,789
8	23	29	4,345
8	23	31	0,895
8	23	38	15,321
8	23	44	4,208
8	23	46	6,364
8	23	53	20,038
8	23	62	10,998
8	23	64	3,223
8	23	84	8,933
8	23	86	3,425
8	23	87	7,923
8	23	93	2,223
8	29	4	0,731
8	29	5	2,375
8	29	6	2,155
8	29	10	0,637
8	29	16	4,721
8	29	18	4,384
8	29	20	8,812
8	29	22	7,455
8	29	23	3,452
8	29	31	3,585
8	29	38	44,438
8	29	44	9,775
8	29	46	12,866
8	29	53	1,708
8	29	62	0,777
8	29	64	10,661
8	29	84	0,931
8	29	86	2,149
8	29	87	0,971
8	29	93	12,024
8	31	4	8,156
8	31	5	0,989
8	31	6	4,501
8	31	10	0,664
8	31	16	6,235
8	31	18	1,921
8	31	20	4,78
8	31	22	0,737
8	31	23	12,881
8	31	29	6,628
8	31	38	3,059
8	31	44	0,664
8	31	46	6,963
8	31	53	11,883
8	31	62	16,205
8	31	64	3,465
8	31	84	7,301
8	31	86	3,577
8	31	87	11,515
8	31	93	9,807
8	38	4	6,914
8	38	5	3,037
8	38	6	31,358
8	38	10	40,094
8	38	16	31,367
8	38	18	3,013
8	38	20	2,386
8	38	22	7,236
8	38	23	11,379
8	38	29	6,41
8	38	31	5,809
8	38	44	6,644
8	38	46	4,232
8	38	53	4,067
8	38	62	6,909
8	38	64	2,181
8	38	84	1,595
8	38	86	13,31
8	38	87	6,267
8	38	93	2,633
8	44	4	26,17
8	44	5	8,333
8	44	6	1,014
8	44	10	1,469
8	44	16	6,744
8	44	18	2,317
8	44	20	10,503
8	44	22	9,779
8	44	23	20,832
8	44	29	6,388
8	44	31	1,495
8	44	38	2,376
8	44	46	13,575
8	44	53	16,018
8	44	62	3,457
8	44	64	0,952
8	44	84	3,766
8	44	86	5,136
8	44	87	5,012
8	44	93	0,967
8	46	4	5,711
8	46	5	4,415
8	46	6	6,116
8	46	10	5,454
8	46	16	3,861
8	46	18	9,894
8	46	20	1,992
8	46	22	12,396
8	46	23	5,439
8	46	29	13,523
8	46	31	3,262
8	46	38	27,739
8	46	44	6,029
8	46	53	5,923
8	46	62	7,129
8	46	64	10,664
8	46	84	1,133
8	46	86	5,778
8	46	87	2,512
8	46	93	3,656
8	53	4	3,069
8	53	5	5,382
8	53	6	1,294
8	53	10	7,504
8	53	16	8,601
8	53	18	1,329
8	53	20	0,562
8	53	22	9,268
8	53	23	1,04
8	53	29	2,775
8	53	31	5,341
8	53	38	1,995
8	53	44	6,972
8	53	46	2,683
8	53	62	4,32
8	53	64	11,711
8	53	84	1,942
8	53	86	8,517
8	53	87	4,826
8	53	93	5,507
8	62	4	6,086
8	62	5	3,739
8	62	6	16,228
8	62	10	0,773
8	62	16	7,215
8	62	18	40,933
8	62	20	28,003
8	62	22	1,085
8	62	23	8,335
8	62	29	1,943
8	62	31	2,47
8	62	38	11,348
8	62	44	5,05
8	62	46	6,367
8	62	53	1,734
8	62	64	18,23
8	62	84	1,599
8	62	86	6,693
8	62	87	18,492
8	62	93	4,023
8	64	4	7,108
8	64	5	0,932
8	64	6	9,164
8	64	10	2,275
8	64	16	1,028
8	64	18	6,732
8	64	20	10,957
8	64	22	7,027
8	64	23	3,687
8	64	29	7,85
8	64	31	2,368
8	64	38	19,653
8	64	44	1,627
8	64	46	2,814
8	64	53	4,074
8	64	62	0,758
8	64	84	7,706
8	64	86	7,646
8	64	87	12,157
8	64	93	1,753
8	84	4	5,639
8	84	5	7,745
8	84	6	7,368
8	84	10	1,708
8	84	16	6,797
8	84	18	12,2
8	84	20	1,962
8	84	22	3,758
8	84	23	1,879
8	84	29	1,565
8	84	31	23,017
8	84	38	5,847
8	84	44	7,668
8	84	46	6,184
8	84	53	4,069
8	84	62	11,229
8	84	64	2,075
8	84	86	3,654
8	84	87	4,55
8	84	93	6,005
8	86	4	8,796
8	86	5	20,827
8	86	6	19,133
8	86	10	4,855
8	86	16	0,753
8	86	18	14,777
8	86	20	2,332
8	86	22	2,249
8	86	23	18,272
8	86	29	7,995
8	86	31	19,926
8	86	38	4,527
8	86	44	1,273
8	86	46	1,866
8	86	53	43,998
8	86	62	17,229
8	86	64	1,233
8	86	84	0,77
8	86	87	7,286
8	86	93	2,785
8	87	4	2,761
8	87	5	2,33
8	87	6	6,448
8	87	10	7,054
8	87	16	1,703
8	87	18	9,882
8	87	20	9,206
8	87	22	6,447
8	87	23	11,186
8	87	29	3,024
8	87	31	2,783
8	87	38	2,311
8	87	44	2,693
8	87	46	25,52
8	87	53	2,816
8	87	62	2,057
8	87	64	0,966
8	87	84	4,033
8	87	86	5,332
8	87	93	3,941
8	93	4	1,703
8	93	5	5,047
8	93	6	15,398
8	93	10	18,881
8	93	16	16,814
8	93	18	9,28
8	93	20	8,168
8	93	22	9,983
8	93	23	0,876
8	93	29	13,366
8	93	31	8,656
8	93	38	4,428
8	93	44	1,964
8	93	46	0,538
8	93	53	2,712
8	93	62	2,542
8	93	64	3,047
8	93	84	12,222
8	93	86	1,869
8	93	87	3,539
9	3	8	1,954
9	3	9	9,411
9	3	16	13,538
9	3	18	1,029
9	3	21	9,342
9	3	27	4,668
9	3	34	3,504
9	3	36	6,365
9	3	39	12,236
9	3	43	2,177
9	3	45	11,058
9	3	47	29,013
9	3	49	11,416
9	3	55	4,126
9	3	64	3,523
9	3	66	2,683
9	3	76	4,609
9	3	77	1,92
9	3	80	1,632
9	3	81	6,507
9	3	82	12,915
9	3	85	3,397
9	3	92	4,617
9	3	95	1,112
9	8	3	2,601
9	8	9	1,158
9	8	16	4,454
9	8	18	6,63
9	8	21	6,831
9	8	27	2,847
9	8	34	15,53
9	8	36	3,061
9	8	39	5,41
9	8	43	1,088
9	8	45	8,839
9	8	47	0,695
9	8	49	2,97
9	8	55	0,888
9	8	64	2,745
9	8	66	2,817
9	8	76	1,296
9	8	77	3,739
9	8	80	7,573
9	8	81	9,253
9	8	82	7,899
9	8	85	3,544
9	8	92	22,678
9	8	95	17,33
9	9	3	11,022
9	9	8	11,107
9	9	16	5,351
9	9	18	5,852
9	9	21	5,563
9	9	27	11,362
9	9	34	3,404
9	9	36	1,348
9	9	39	5,108
9	9	43	4,293
9	9	45	13,345
9	9	47	2,007
9	9	49	3,895
9	9	55	2,513
9	9	64	1,179
9	9	66	5,29
9	9	76	4,237
9	9	77	9,731
9	9	80	8,06
9	9	81	5,258
9	9	82	4,202
9	9	85	1,674
9	9	92	2,326
9	9	95	6,062
9	16	3	5,614
9	16	8	7,709
9	16	9	4,574
9	16	18	6,7
9	16	21	1,779
9	16	27	10,754
9	16	34	8,794
9	16	36	6,515
9	16	39	47,753
9	16	43	5,549
9	16	45	1,99
9	16	47	3,059
9	16	49	5,959
9	16	55	2,574
9	16	64	3,152
9	16	66	1,502
9	16	76	3,629
9	16	77	3,455
9	16	80	0,716
9	16	81	10,803
9	16	82	12,228
9	16	85	6,775
9	16	92	1,961
9	16	95	2,46
9	18	3	0,585
9	18	8	1,295
9	18	9	1,037
9	18	16	3,738
9	18	21	18,87
9	18	27	1,353
9	18	34	10,078
9	18	36	12,4
9	18	39	1,722
9	18	43	0,952
9	18	45	1,561
9	18	47	9,891
9	18	49	6,732
9	18	55	0,655
9	18	64	5,555
9	18	66	2,139
9	18	76	1,222
9	18	77	1,647
9	18	80	23,779
9	18	81	6,856
9	18	82	1,536
9	18	85	12,085
9	18	92	6,58
9	18	95	5,119
9	21	3	7,029
9	21	8	1,386
9	21	9	25,403
9	21	16	7,602
9	21	18	5,046
9	21	27	1,223
9	21	34	7,6
9	21	36	8,228
9	21	39	20,179
9	21	43	22,078
9	21	45	2,146
9	21	47	1,265
9	21	49	3,098
9	21	55	22,039
9	21	64	58,646
9	21	66	4,7
9	21	76	6,63
9	21	77	0,57
9	21	80	12,537
9	21	81	5,471
9	21	82	7,689
9	21	85	3,981
9	21	92	2,044
9	21	95	29,003
9	27	3	2,788
9	27	8	12,855
9	27	9	9,089
9	27	16	1,297
9	27	18	3,596
9	27	21	10,07
9	27	34	1,711
9	27	36	1,443
9	27	39	3,44
9	27	43	1,753
9	27	45	8,166
9	27	47	0,831
9	27	49	38,072
9	27	55	6,64
9	27	64	2,97
9	27	66	5,305
9	27	76	3,311
9	27	77	8,546
9	27	80	1,079
9	27	81	1,427
9	27	82	4,181
9	27	85	5,582
9	27	92	2,221
9	27	95	8,728
9	34	3	12,781
9	34	8	5,712
9	34	9	5,554
9	34	16	7,158
9	34	18	12,756
9	34	21	0,954
9	34	27	4,605
9	34	36	4,133
9	34	39	8,443
9	34	43	1,601
9	34	45	12,422
9	34	47	4,103
9	34	49	0,691
9	34	55	5,588
9	34	64	1,137
9	34	66	5,643
9	34	76	1,991
9	34	77	2,935
9	34	80	4,391
9	34	81	27,551
9	34	82	11,656
9	34	85	1,689
9	34	92	3,044
9	34	95	19,987
9	36	3	6,992
9	36	8	9,654
9	36	9	10,404
9	36	16	1,955
9	36	18	3,331
9	36	21	0,603
9	36	27	2,436
9	36	34	4,576
9	36	39	3,243
9	36	43	4,663
9	36	45	4,882
9	36	47	10,41
9	36	49	2,031
9	36	55	10,586
9	36	64	14,179
9	36	66	5,433
9	36	76	9,339
9	36	77	13,97
9	36	80	7,993
9	36	81	1,552
9	36	82	2,621
9	36	85	0,913
9	36	92	4,365
9	36	95	1,712
9	39	3	5,569
9	39	8	7,591
9	39	9	12,269
9	39	16	0,683
9	39	18	3,901
9	39	21	9,817
9	39	27	2,22
9	39	34	13,507
9	39	36	0,819
9	39	43	0,948
9	39	45	1,883
9	39	47	5,924
9	39	49	15,348
9	39	55	6,215
9	39	64	16,998
9	39	66	7,816
9	39	76	4,091
9	39	77	1,362
9	39	80	6,652
9	39	81	9,513
9	39	82	28,807
9	39	85	3,053
9	39	92	8,737
9	39	95	13,092
9	43	3	7,389
9	43	8	9,987
9	43	9	0,704
9	43	16	4,338
9	43	18	1,909
9	43	21	3,055
9	43	27	2,855
9	43	34	8,486
9	43	36	11,604
9	43	39	6,475
9	43	45	2,775
9	43	47	2,993
9	43	49	5,411
9	43	55	2,429
9	43	64	2,507
9	43	66	0,941
9	43	76	4,363
9	43	77	2,121
9	43	80	1,378
9	43	81	1,009
9	43	82	5,474
9	43	85	10,328
9	43	92	16,845
9	43	95	3,667
9	45	3	3,912
9	45	8	2,563
9	45	9	3,222
9	45	16	4,204
9	45	18	6,893
9	45	21	4,885
9	45	27	5,903
9	45	34	5,639
9	45	36	9,668
9	45	39	26,028
9	45	43	10,325
9	45	47	2,888
9	45	49	5,286
9	45	55	5,523
9	45	64	0,648
9	45	66	10,973
9	45	76	11,82
9	45	77	4,956
9	45	80	1,303
9	45	81	3,992
9	45	82	2,551
9	45	85	1,75
9	45	92	0,736
9	45	95	18,629
9	47	3	6,207
9	47	8	58,672
9	47	9	2,663
9	47	16	1,052
9	47	18	4,448
9	47	21	4,504
9	47	27	1,062
9	47	34	11,136
9	47	36	1,801
9	47	39	14,461
9	47	43	17,714
9	47	45	6,157
9	47	49	0,721
9	47	55	1,91
9	47	64	6,551
9	47	66	1,775
9	47	76	1,366
9	47	77	3,961
9	47	80	5,307
9	47	81	19,603
9	47	82	2,353
9	47	85	17,458
9	47	92	4,014
9	47	95	7,566
9	49	3	5,127
9	49	8	13,976
9	49	9	3,727
9	49	16	1,482
9	49	18	3,324
9	49	21	3,051
9	49	27	6,622
9	49	34	18,339
9	49	36	11,805
9	49	39	1,373
9	49	43	15,958
9	49	45	4,576
9	49	47	2,571
9	49	55	18,059
9	49	64	1,866
9	49	66	2,683
9	49	76	3,851
9	49	77	11,761
9	49	80	2,914
9	49	81	9,539
9	49	82	2,603
9	49	85	5,409
9	49	92	0,715
9	49	95	2,398
9	55	3	0,575
9	55	8	1,89
9	55	9	0,598
9	55	16	0,572
9	55	18	5,442
9	55	21	3,858
9	55	27	9,185
9	55	34	2,082
9	55	36	12,421
9	55	39	7,47
9	55	43	11,228
9	55	45	14,743
9	55	47	4,259
9	55	49	2,333
9	55	64	2,118
9	55	66	8,79
9	55	76	6,316
9	55	77	22,864
9	55	80	2,65
9	55	81	11,96
9	55	82	2,321
9	55	85	21,674
9	55	92	26,374
9	55	95	6,605
9	64	3	8,081
9	64	8	4,558
9	64	9	0,952
9	64	16	9
9	64	18	9,009
9	64	21	7,27
9	64	27	10,297
9	64	34	3,882
9	64	36	2,651
9	64	39	12,334
9	64	43	1,838
9	64	45	4,562
9	64	47	6,417
9	64	49	0,91
9	64	55	3,58
9	64	66	3,635
9	64	76	0,796
9	64	77	1,671
9	64	80	5,907
9	64	81	3,774
9	64	82	5,105
9	64	85	9,409
9	64	92	3,739
9	64	95	4,885
9	66	3	6,763
9	66	8	18,508
9	66	9	3,493
9	66	16	15,674
9	66	18	1,808
9	66	21	13,755
9	66	27	12,323
9	66	34	1,64
9	66	36	3,083
9	66	39	2,039
9	66	43	13,772
9	66	45	10,992
9	66	47	4,061
9	66	49	13,355
9	66	55	16,023
9	66	64	2,231
9	66	76	9,963
9	66	77	0,706
9	66	80	7,181
9	66	81	9,593
9	66	82	1,968
9	66	85	2,475
9	66	92	2,73
9	66	95	11,689
9	76	3	1,38
9	76	8	1,277
9	76	9	2,431
9	76	16	2,546
9	76	18	7,003
9	76	21	5,267
9	76	27	2,72
9	76	34	1,139
9	76	36	4,605
9	76	39	17,441
9	76	43	0,628
9	76	45	3,736
9	76	47	7,246
9	76	49	3,465
9	76	55	6,104
9	76	64	8,911
9	76	66	2,47
9	76	77	7,891
9	76	80	12,822
9	76	81	9,888
9	76	82	5,02
9	76	85	1,948
9	76	92	10,232
9	76	95	4,337
9	77	3	0,783
9	77	8	2,393
9	77	9	9,4
9	77	16	4,065
9	77	18	1,698
9	77	21	2,179
9	77	27	3,98
9	77	34	1,066
9	77	36	0,897
9	77	39	22,101
9	77	43	2,525
9	77	45	2,745
9	77	47	31,934
9	77	49	3,6
9	77	55	0,7
9	77	64	1,587
9	77	66	15,363
9	77	76	6,78
9	77	80	7,673
9	77	81	26,193
9	77	82	14,767
9	77	85	0,891
9	77	92	0,742
9	77	95	3,716
9	80	3	1,729
9	80	8	9,33
9	80	9	5,035
9	80	16	13,896
9	80	18	8,671
9	80	21	5,089
9	80	27	3,529
9	80	34	11,439
9	80	36	21,079
9	80	39	26,771
9	80	43	16,464
9	80	45	20,776
9	80	47	11,237
9	80	49	0,797
9	80	55	9,035
9	80	64	1,472
9	80	66	5,269
9	80	76	4,471
9	80	77	10,323
9	80	81	5,863
9	80	82	2,646
9	80	85	9,239
9	80	92	6,495
9	80	95	0,618
9	81	3	0,524
9	81	8	9,038
9	81	9	17,264
9	81	16	0,72
9	81	18	5,757
9	81	21	1,423
9	81	27	4,207
9	81	34	3,674
9	81	36	16,032
9	81	39	1,621
9	81	43	2,022
9	81	45	9,765
9	81	47	4,085
9	81	49	16,669
9	81	55	9,56
9	81	64	1,708
9	81	66	4,247
9	81	76	3,901
9	81	77	11,375
9	81	80	1,351
9	81	82	3,557
9	81	85	12,431
9	81	92	0,659
9	81	95	13,097
9	82	3	0,605
9	82	8	7,611
9	82	9	0,63
9	82	16	14,348
9	82	18	6,75
9	82	21	4,002
9	82	27	2,169
9	82	34	11,813
9	82	36	7,85
9	82	39	4,919
9	82	43	21,672
9	82	45	2,477
9	82	47	2,717
9	82	49	4,659
9	82	55	4,395
9	82	64	8,242
9	82	66	8,183
9	82	76	3,713
9	82	77	5,843
9	82	80	5,608
9	82	81	0,58
9	82	85	6,228
9	82	92	8,369
9	82	95	1,16
9	85	3	0,628
9	85	8	1,459
9	85	9	0,632
9	85	16	18,745
9	85	18	2,625
9	85	21	11,165
9	85	27	4,772
9	85	34	1,234
9	85	36	2,13
9	85	39	5,343
9	85	43	1,264
9	85	45	6,745
9	85	47	17,952
9	85	49	5,109
9	85	55	4,262
9	85	64	20,862
9	85	66	7,141
9	85	76	2,825
9	85	77	8,33
9	85	80	13,372
9	85	81	0,927
9	85	82	11,072
9	85	92	1,671
9	85	95	13,952
9	92	3	7,317
9	92	8	5,3
9	92	9	2,042
9	92	16	7,725
9	92	18	15,558
9	92	21	5,024
9	92	27	8,109
9	92	34	3,208
9	92	36	0,789
9	92	39	4,675
9	92	43	1,528
9	92	45	0,591
9	92	47	7,065
9	92	49	1,486
9	92	55	12,292
9	92	64	4,266
9	92	66	1,908
9	92	76	3,64
9	92	77	13,959
9	92	80	2,095
9	92	81	21,495
9	92	82	0,569
9	92	85	7,138
9	92	95	7,478
9	95	3	1,466
9	95	8	4,948
9	95	9	11,835
9	95	16	2,555
9	95	18	12,314
9	95	21	4,253
9	95	27	7,404
9	95	34	3,997
9	95	36	26,302
9	95	39	6,829
9	95	43	3,032
9	95	45	22,889
9	95	47	0,896
9	95	49	14,578
9	95	55	1,63
9	95	64	2,641
9	95	66	3,624
9	95	76	3,388
9	95	77	4,471
9	95	80	7,491
9	95	81	8,642
9	95	82	8,646
9	95	85	2,3
9	95	92	1,157
10	10	12	4,891
10	10	13	2,368
10	10	15	2,462
10	10	22	14,331
10	10	30	0,547
10	10	34	9,787
10	10	47	1,246
10	10	56	2,457
10	10	61	1,938
10	10	63	6,85
10	10	65	8,01
10	10	66	2,718
10	10	77	2,377
10	10	80	15,06
10	10	86	0,602
10	10	89	34,811
10	10	92	5,554
10	10	96	5,789
10	10	99	3,818
10	12	10	3,314
10	12	13	0,521
10	12	15	13,112
10	12	22	11,027
10	12	30	0,883
10	12	34	6,221
10	12	47	1,023
10	12	56	4,032
10	12	61	0,998
10	12	63	10,902
10	12	65	3,237
10	12	66	1,286
10	12	77	3,023
10	12	80	2,304
10	12	86	4,858
10	12	89	4,905
10	12	92	6,602
10	12	96	3,127
10	12	99	9,848
10	13	10	7,561
10	13	12	4,55
10	13	15	3,309
10	13	22	9,672
10	13	30	4,858
10	13	34	3,777
10	13	47	34,176
10	13	56	1,683
10	13	61	1,996
10	13	63	2,077
10	13	65	6,408
10	13	66	20,087
10	13	77	0,622
10	13	80	0,768
10	13	86	27,909
10	13	89	1,15
10	13	92	4,515
10	13	96	2,056
10	13	99	3,502
10	15	10	3,572
10	15	12	6,845
10	15	13	10,856
10	15	22	3,494
10	15	30	0,826
10	15	34	0,939
10	15	47	2,87
10	15	56	0,651
10	15	61	0,829
10	15	63	1,346
10	15	65	7,443
10	15	66	2,118
10	15	77	3,244
10	15	80	3,086
10	15	86	8,867
10	15	89	3,272
10	15	92	0,997
10	15	96	1,31
10	15	99	12,504
10	22	10	6,936
10	22	12	4,774
10	22	13	21,376
10	22	15	2,276
10	22	30	1,321
10	22	34	1,453
10	22	47	2,585
10	22	56	5,367
10	22	61	22,303
10	22	63	5,176
10	22	65	5,602
10	22	66	3,404
10	22	77	4,311
10	22	80	4,313
10	22	86	0,821
10	22	89	6,798
10	22	92	3,238
10	22	96	4,63
10	22	99	0,62
10	30	10	3,512
10	30	12	1,374
10	30	13	14,936
10	30	15	1,029
10	30	22	2,353
10	30	34	13,763
10	30	47	5,791
10	30	56	12,178
10	30	61	0,809
10	30	63	8,464
10	30	65	2,123
10	30	66	6,465
10	30	77	9,147
10	30	80	6,12
10	30	86	12,358
10	30	89	4,57
10	30	92	11,387
10	30	96	5,975
10	30	99	1,003
10	34	10	13,032
10	34	12	0,877
10	34	13	1,42
10	34	15	7,846
10	34	22	1,481
10	34	30	8,34
10	34	47	2,825
10	34	56	1,949
10	34	61	7,043
10	34	63	3,837
10	34	65	9,533
10	34	66	3,712
10	34	77	6,353
10	34	80	11,004
10	34	86	3,159
10	34	89	4,007
10	34	92	4,715
10	34	96	0,63
10	34	99	2,467
10	47	10	2,855
10	47	12	19,423
10	47	13	1,667
10	47	15	10,528
10	47	22	5,144
10	47	30	2,923
10	47	34	2,714
10	47	56	0,522
10	47	61	2,034
10	47	63	14,145
10	47	65	2,798
10	47	66	2,56
10	47	77	3,733
10	47	80	1,088
10	47	86	1,967
10	47	89	5,665
10	47	92	2,778
10	47	96	5,077
10	47	99	4,708
10	56	10	2,791
10	56	12	7,679
10	56	13	10,255
10	56	15	17,237
10	56	22	2,089
10	56	30	3,226
10	56	34	9,078
10	56	47	4,539
10	56	61	16,522
10	56	63	1,614
10	56	65	4,283
10	56	66	19,822
10	56	77	11,844
10	56	80	2,358
10	56	86	11,746
10	56	89	1,359
10	56	92	0,929
10	56	96	32,742
10	56	99	10,623
10	61	10	24,353
10	61	12	4,339
10	61	13	2,59
10	61	15	20,054
10	61	22	5,013
10	61	30	2,476
10	61	34	4,225
10	61	47	8,828
10	61	56	2,827
10	61	63	3,649
10	61	65	7,471
10	61	66	6,341
10	61	77	2,803
10	61	80	5,827
10	61	86	11,596
10	61	89	7,383
10	61	92	19,564
10	61	96	5,595
10	61	99	0,578
10	63	10	2,418
10	63	12	4,557
10	63	13	6,997
10	63	15	1,894
10	63	22	3,565
10	63	30	2,35
10	63	34	0,795
10	63	47	0,871
10	63	56	0,967
10	63	61	8,131
10	63	65	14,951
10	63	66	7,995
10	63	77	4
10	63	80	1,771
10	63	86	6,001
10	63	89	3,219
10	63	92	0,508
10	63	96	3,536
10	63	99	7,856
10	65	10	13,981
10	65	12	1,473
10	65	13	15,048
10	65	15	0,771
10	65	22	2,545
10	65	30	19,088
10	65	34	0,771
10	65	47	0,9
10	65	56	2,757
10	65	61	13,266
10	65	63	0,847
10	65	66	1,481
10	65	77	6,434
10	65	80	8,882
10	65	86	0,828
10	65	89	11,296
10	65	92	12,013
10	65	96	4,425
10	65	99	18,248
10	66	10	0,937
10	66	12	5,09
10	66	13	12,886
10	66	15	2,813
10	66	22	2,485
10	66	30	13,463
10	66	34	8,823
10	66	47	19,77
10	66	56	1,104
10	66	61	1,049
10	66	63	3,48
10	66	65	7,171
10	66	77	7,864
10	66	80	5,611
10	66	86	4,522
10	66	89	7,15
10	66	92	23,581
10	66	96	1,935
10	66	99	2,803
10	77	10	5,97
10	77	12	5,459
10	77	13	8,863
10	77	15	3,808
10	77	22	1,614
10	77	30	2,33
10	77	34	10,113
10	77	47	3,018
10	77	56	3,411
10	77	61	5,383
10	77	63	22,303
10	77	65	1,529
10	77	66	8,151
10	77	80	4,382
10	77	86	1,201
10	77	89	13,198
10	77	92	3,976
10	77	96	9,124
10	77	99	6,291
10	80	10	0,886
10	80	12	2,131
10	80	13	1,535
10	80	15	3,473
10	80	22	2,672
10	80	30	1,923
10	80	34	1,021
10	80	47	0,617
10	80	56	3,397
10	80	61	1,82
10	80	63	6,629
10	80	65	0,857
10	80	66	11,548
10	80	77	11,717
10	80	86	5,206
10	80	89	2,742
10	80	92	0,864
10	80	96	1,525
10	80	99	5,418
10	86	10	2,681
10	86	12	1,831
10	86	13	11,396
10	86	15	0,748
10	86	22	1,445
10	86	30	2,612
10	86	34	2,583
10	86	47	4,167
10	86	56	2,932
10	86	61	0,801
10	86	63	15,51
10	86	65	0,636
10	86	66	15,123
10	86	77	1,96
10	86	80	1,655
10	86	89	10,436
10	86	92	15,603
10	86	96	9,394
10	86	99	7,989
10	89	10	8,566
10	89	12	1,233
10	89	13	9,018
10	89	15	5,921
10	89	22	8,615
10	89	30	1,559
10	89	34	0,658
10	89	47	3,357
10	89	56	2,394
10	89	61	2,243
10	89	63	2,846
10	89	65	7,163
10	89	66	6,752
10	89	77	0,899
10	89	80	0,81
10	89	86	13,098
10	89	92	22,364
10	89	96	7,878
10	89	99	21,168
10	92	10	4,033
10	92	12	12,17
10	92	13	4,338
10	92	15	3,163
10	92	22	6,843
10	92	30	1,376
10	92	34	15,175
10	92	47	6,255
10	92	56	0,784
10	92	61	3,743
10	92	63	2,527
10	92	65	13,781
10	92	66	4,851
10	92	77	10,043
10	92	80	3,367
10	92	86	24,792
10	92	89	4,805
10	92	96	5,83
10	92	99	13,614
10	96	10	0,96
10	96	12	1,013
10	96	13	9,477
10	96	15	5,817
10	96	22	1,749
10	96	30	17,151
10	96	34	14,996
10	96	47	4,006
10	96	56	5,9
10	96	61	1,546
10	96	63	8,834
10	96	65	8,605
10	96	66	3,401
10	96	77	1,331
10	96	80	13,03
10	96	86	0,953
10	96	89	1,068
10	96	92	0,975
10	96	99	5,033
10	99	10	4,615
10	99	12	1,992
10	99	13	3,582
10	99	15	6,969
10	99	22	1,471
10	99	30	0,594
10	99	34	8,423
10	99	47	0,679
10	99	56	2,281
10	99	61	3,078
10	99	63	3,625
10	99	65	10,261
10	99	66	8,952
10	99	77	1,051
10	99	80	13,138
10	99	86	3,988
10	99	89	8,525
10	99	92	6,235
10	99	96	8,753

