#num jobs
100
#num machines
10

#jobId machId procTime energyCons
1	3	0,08	0,99
2	5	3,84	37,38
2	6	0,54	6,3
3	9	15,62	136,03
4	1	3,52	31,13
5	1	7,89	69,79
5	9	3,68	32,09
6	10	24,31	109,04
6	2	0,83	2,06
6	1	7,48	66,09
7	1	133,64	1181,26
7	5	7,67	74,66
8	4	1204,57	12392,77
8	5	21,85	212,73
9	8	11,42	138,84
10	4	2,05	21,08
10	7	10,16	125,11
11	8	55,32	672,61
11	3	6,95	82,25
12	1	19,03	168,19
12	6	1,89	22,09
13	1	6,84	60,47
13	3	17,22	203,64
13	4	3,27	33,65
13	7	4,64	57,12
14	10	27,41	122,94
15	8	1	12,2
16	4	6,11	62,84
17	5	1,18	11,49
17	4	86,53	890,28
17	3	130,64	1545,18
18	2	4,18	10,37
18	1	4,13	36,49
19	10	0,64	2,88
19	6	2,22	25,9
20	1	4,72	41,71
21	10	10,63	47,66
21	4	1,18	12,13
22	3	3,22	38,05
22	4	22,99	236,54
22	5	1,47	14,35
23	10	32,33	145,02
23	3	9,61	113,65
24	7	40,28	496,1
25	6	11,94	139,24
25	8	37,61	457,29
26	5	36,65	356,75
27	2	1,95	4,83
27	5	4,77	46,44
27	6	237,4	2769,68
27	8	1,77	21,47
27	9	2,14	18,65
28	3	21,24	251,2
29	5	3,82	37,14
30	1	4,97	43,97
30	3	12,9	152,6
30	6	31,07	362,51
31	6	35,78	417,38
32	10	20,15	90,38
32	6	13,15	153,43
32	3	54,63	646,12
33	9	5,31	46,22
33	6	7,92	92,44
33	4	27,23	280,11
34	9	20,61	179,52
34	7	41,65	513,06
34	4	33,71	346,77
35	1	218,06	1927,49
35	4	4,11	42,33
36	6	14,42	168,25
36	7	6,07	74,79
37	10	12,96	58,12
37	9	11,68	101,7
37	3	31,08	367,58
38	7	3,25	40
38	3	10,78	127,54
39	5	4,62	45,01
39	4	318,65	3278,29
39	1	1,32	11,7
40	6	0,99	11,53
40	4	5,38	55,34
40	1	10,85	95,93
41	3	22,88	270,56
41	8	5,4	65,6
42	6	5,58	65,13
42	2	335,05	832,05
43	5	9,35	91,04
44	2	4,6	11,41
45	9	14,13	123,04
46	10	14,89	66,79
46	5	11,51	112,05
46	3	3,17	37,55
47	6	290,79	3392,49
47	9	3,33	29,04
48	7	28,11	346,26
48	4	17,4	178,97
48	3	8,64	102,24
49	9	187,48	1632,94
50	2	23,84	59,19
50	5	3,24	31,51
50	6	3,89	45,42
51	4	1,38	14,22
52	5	26,89	261,75
52	9	5,86	51,05
53	3	0,61	7,17
54	8	19,19	233,31
54	3	7,55	89,36
55	8	1,88	22,84
55	6	17,79	207,53
55	2	42,35	105,18
56	5	96,64	940,75
57	3	17,22	203,67
57	7	15,32	188,73
58	5	177,47	1727,58
59	5	38,08	370,64
59	4	8,12	83,52
60	9	24	209,07
60	6	8,29	96,73
60	4	1,31	13,46
61	3	0,91	10,81
61	2	5,96	14,8
62	3	2060,66	24373,02
63	10	2,77	12,41
63	5	1,42	13,85
64	6	8,85	103,29
64	1	15,7	138,77
65	10	8,87	39,78
65	3	30,73	363,44
66	9	16,86	146,85
66	8	0,11	1,35
66	5	89,42	870,48
67	5	25,75	250,67
68	10	31,36	140,66
68	4	33,81	347,87
68	2	9,58	23,79
68	1	7,11	62,84
69	10	4,4	19,73
69	7	6,8	83,74
69	2	159,02	394,91
70	10	15,8	70,87
70	9	4,17	36,29
70	7	11,51	141,83
70	3	6,97	82,5
70	1	7,05	62,29
71	6	1,72	20,05
71	9	4,85	42,28
72	1	3,31	29,26
72	4	15,01	154,4
72	6	4,4	51,31
72	7	3,97	48,88
73	2	19,71	48,94
74	8	18,51	225,08
75	9	6,62	57,62
75	7	18,13	223,25
75	4	3,17	32,66
76	2	63,75	158,32
77	8	7,18	87,33
78	10	63,8	286,15
78	1	4,76	42,03
79	3	17,58	207,89
79	4	2,96	30,41
79	5	3,28	31,91
80	5	17,05	165,97
80	10	11,35	50,9
81	7	9,3	114,54
82	8	20,54	249,69
82	3	102,72	1214,89
83	8	6,95	84,5
83	2	15,48	38,43
84	1	23,16	204,71
84	3	6,31	74,68
84	5	9,34	90,87
84	8	115,5	1404,26
85	9	1,14	9,92
86	1	4,92	43,46
86	5	4,09	39,81
86	8	2,44	29,71
86	10	27,1	121,56
87	4	324,11	3334,47
88	1	29,64	262,02
88	3	2,55	30,18
88	4	11,44	117,66
88	5	33,46	325,75
89	3	22,02	260,45
89	5	16,05	156,28
89	6	106,61	1243,82
90	6	4,49	52,33
90	8	1792,95	21798,92
91	8	17,08	207,65
91	2	2,05	5,08
92	9	38,76	337,6
93	7	15,06	185,55
93	6	1,68	19,57
94	4	6,56	67,51
95	1	282,86	2500,32
95	4	0,91	9,34
95	7	7,04	86,76
96	1	-0,04	-0,33
97	4	5,48	56,35
98	7	4,51	55,53
99	1	22,29	197,04
99	2	9,09	22,57
99	3	9,93	117,51
99	9	1,6	13,95
99	10	1,82	8,16
100	6	32,79	382,57
100	2	1,74	4,31

#jobId ddate weight rdate
1	376,27	34	279,093
2	513,449	28	170,479
3	14,429	2	173,654
4	431,946	9	13,144
5	313,278	31	362,635
6	650,761	24	30,512
7	580,805	37	431,922
8	537,589	2	293,348
9	857,133	18	321,752
10	62,26	7	125,617
11	237,758	11	149,163
12	93,943	38	43,567
13	265,673	9	646,858
14	593,85	5	405,191
15	87,901	19	284,482
16	611,187	20	243,32
17	823,32	14	600,766
18	30,57	19	497,265
19	46,293	48	543,238
20	567,374	38	406,465
21	181,244	4	628,354
22	805,999	39	145,641
23	856,544	24	164,501
24	764,836	4	288,815
25	258,123	2	654,443
26	562,787	1	337,266
27	582,245	6	184,459
28	848,433	14	93,432
29	752,378	24	155,391
30	730,915	13	35,737
31	689,81	18	437,952
32	361,299	33	309,454
33	24,653	11	125,654
34	516,343	6	480,209
35	821,615	24	43,863
36	184,189	38	493,562
37	304,465	16	276,857
38	854,809	17	653,073
39	579,364	40	163,836
40	697,58	49	40,216
41	282,777	10	94,222
42	206,016	38	56,27
43	628,954	26	586,845
44	333,193	16	403,6
45	712,336	28	49,426
46	885,119	4	20,114
47	721,807	25	426,142
48	631,072	32	319,837
49	830,415	34	540,478
50	24,517	11	500,679
51	760,492	7	159,532
52	198,121	29	175,175
53	819,043	49	461,699
54	614,783	43	330,653
55	216,079	40	642,682
56	878,117	45	106,855
57	690,341	11	434,911
58	647,137	21	646,057
59	437,896	33	403,006
60	493,179	14	195,928
61	87,98	7	453,328
62	265,828	19	343,753
63	168,231	40	385,661
64	862,29	17	49,557
65	82,635	8	80,268
66	559,118	26	311,245
67	733,134	32	628,45
68	679,582	5	164,859
69	2,529	14	85,016
70	628,486	33	484,396
71	815,47	20	244,398
72	629,069	40	395,102
73	646,371	23	626,916
74	391,222	29	532,415
75	86,891	29	535,266
76	780,41	42	423,377
77	243,751	7	573,311
78	129,639	18	484,261
79	547,496	22	220,526
80	27,197	20	197,474
81	88,488	42	319,036
82	136,111	35	35,115
83	828,131	26	254,402
84	290,884	26	598,787
85	56,605	8	256,434
86	64,271	22	444,518
87	459,523	25	80,817
88	368,187	43	288,551
89	459,514	32	514,373
90	45,421	13	61,18
91	337,445	32	464,381
92	53,59	16	227,05
93	645,541	37	627,312
94	773,593	13	628,436
95	288,529	48	628,877
96	543,242	17	54,775
97	180,893	33	362,419
98	878,5	9	339,983
99	796,13	3	454,453
100	872,542	14	421,675

#machId jobPred jobSucc setupTime
1	4	5	12,604
1	4	6	2,06
1	4	7	3,636
1	4	12	19,725
1	4	13	8,01
1	4	18	1,886
1	4	20	13,45
1	4	30	12,412
1	4	35	4,683
1	4	39	3,271
1	4	40	12,287
1	4	64	7,8
1	4	68	1,215
1	4	70	10,581
1	4	72	1,356
1	4	78	1,57
1	4	84	5,585
1	4	86	4,508
1	4	88	8,781
1	4	95	4,83
1	4	96	26,181
1	4	99	6,522
1	5	4	11,992
1	5	6	4,068
1	5	7	3,037
1	5	12	6,33
1	5	13	3,428
1	5	18	17,588
1	5	20	4,577
1	5	30	6,035
1	5	35	8,111
1	5	39	1,986
1	5	40	13,418
1	5	64	5,47
1	5	68	5,81
1	5	70	8,427
1	5	72	11,188
1	5	78	4,597
1	5	84	14,929
1	5	86	9,82
1	5	88	8,651
1	5	95	3,068
1	5	96	1,486
1	5	99	5,479
1	6	4	7,969
1	6	5	14,789
1	6	7	2,542
1	6	12	6,472
1	6	13	2,392
1	6	18	1,012
1	6	20	6,081
1	6	30	1,675
1	6	35	15,385
1	6	39	1,444
1	6	40	15,232
1	6	64	3,302
1	6	68	10,044
1	6	70	3,741
1	6	72	10,765
1	6	78	8,448
1	6	84	6,134
1	6	86	4,233
1	6	88	4,754
1	6	95	2,227
1	6	96	2,912
1	6	99	0,645
1	7	4	6,516
1	7	5	2,25
1	7	6	10,35
1	7	12	5,338
1	7	13	0,617
1	7	18	2,097
1	7	20	10,166
1	7	30	2,891
1	7	35	14,105
1	7	39	20,067
1	7	40	34,158
1	7	64	54,585
1	7	68	8,885
1	7	70	3,27
1	7	72	9,338
1	7	78	0,743
1	7	84	5,393
1	7	86	1,174
1	7	88	3,697
1	7	95	15,445
1	7	96	1,502
1	7	99	6,884
1	12	4	1,475
1	12	5	5,556
1	12	6	1,907
1	12	7	5,676
1	12	13	9,733
1	12	18	1,527
1	12	20	1,476
1	12	30	8,105
1	12	35	0,736
1	12	39	2,684
1	12	40	1,313
1	12	64	4,719
1	12	68	0,549
1	12	70	1,384
1	12	72	0,593
1	12	78	3,042
1	12	84	7,758
1	12	86	0,709
1	12	88	1,689
1	12	95	1,017
1	12	96	0,843
1	12	99	2,991
1	13	4	0,835
1	13	5	4,002
1	13	6	1,787
1	13	7	2,74
1	13	12	2,45
1	13	18	2,463
1	13	20	11,459
1	13	30	3,27
1	13	35	4,639
1	13	39	3,404
1	13	40	1,113
1	13	64	4,835
1	13	68	0,678
1	13	70	10,58
1	13	72	1,455
1	13	78	2,373
1	13	84	7,946
1	13	86	4,442
1	13	88	2,023
1	13	95	8,053
1	13	96	1,911
1	13	99	0,785
1	18	4	2,028
1	18	5	4,909
1	18	6	5,513
1	18	7	5,27
1	18	12	1,709
1	18	13	36,507
1	18	20	2,551
1	18	30	2,728
1	18	35	0,904
1	18	39	8,509
1	18	40	0,641
1	18	64	2,793
1	18	68	4,481
1	18	70	2,162
1	18	72	16,803
1	18	78	36,915
1	18	84	8,934
1	18	86	2,987
1	18	88	9,785
1	18	95	3,888
1	18	96	6,51
1	18	99	2,623
1	20	4	3,663
1	20	5	11,189
1	20	6	3,726
1	20	7	0,78
1	20	12	7,538
1	20	13	3,036
1	20	18	5,956
1	20	30	6,631
1	20	35	2,54
1	20	39	4,076
1	20	40	1,37
1	20	64	4,043
1	20	68	4,199
1	20	70	0,905
1	20	72	10,791
1	20	78	3,457
1	20	84	3,813
1	20	86	24,192
1	20	88	3,398
1	20	95	2,42
1	20	96	1,948
1	20	99	18,475
1	30	4	9,034
1	30	5	3,725
1	30	6	28,216
1	30	7	2,19
1	30	12	3,387
1	30	13	3,605
1	30	18	9,704
1	30	20	14,683
1	30	35	9,56
1	30	39	1,183
1	30	40	5,083
1	30	64	0,585
1	30	68	1,471
1	30	70	17,492
1	30	72	4,698
1	30	78	6,928
1	30	84	3,301
1	30	86	3,304
1	30	88	10,811
1	30	95	3,746
1	30	96	14,419
1	30	99	7,932
1	35	4	2,654
1	35	5	3,796
1	35	6	25,011
1	35	7	2,236
1	35	12	16,871
1	35	13	1,874
1	35	18	13,437
1	35	20	4,23
1	35	30	1,578
1	35	39	2,369
1	35	40	8,063
1	35	64	7,241
1	35	68	2,126
1	35	70	2,826
1	35	72	1,529
1	35	78	6,326
1	35	84	4,427
1	35	86	4,704
1	35	88	22,462
1	35	95	3,933
1	35	96	1,293
1	35	99	1,534
1	39	4	3,899
1	39	5	7,557
1	39	6	16,521
1	39	7	4,641
1	39	12	2,432
1	39	13	2,513
1	39	18	1,571
1	39	20	4,19
1	39	30	9,192
1	39	35	3,663
1	39	40	8,628
1	39	64	0,639
1	39	68	0,787
1	39	70	5,638
1	39	72	2,972
1	39	78	12,208
1	39	84	1,393
1	39	86	6,322
1	39	88	5,633
1	39	95	3,774
1	39	96	13,57
1	39	99	6,718
1	40	4	6,628
1	40	5	1,114
1	40	6	7,269
1	40	7	6,096
1	40	12	6,009
1	40	13	2,024
1	40	18	11,422
1	40	20	1,614
1	40	30	2,274
1	40	35	7,391
1	40	39	12,823
1	40	64	11,547
1	40	68	7,406
1	40	70	0,849
1	40	72	3,804
1	40	78	6,122
1	40	84	5,506
1	40	86	2,028
1	40	88	1,014
1	40	95	2,452
1	40	96	2,09
1	40	99	0,734
1	64	4	3,724
1	64	5	4,969
1	64	6	16,177
1	64	7	0,571
1	64	12	13,091
1	64	13	15,241
1	64	18	7,156
1	64	20	15,875
1	64	30	8,17
1	64	35	9,403
1	64	39	0,649
1	64	40	5,796
1	64	68	4,968
1	64	70	6,088
1	64	72	1,864
1	64	78	1,421
1	64	84	5,617
1	64	86	0,743
1	64	88	4,829
1	64	95	8,454
1	64	96	1,253
1	64	99	2,443
1	68	4	2,733
1	68	5	10,948
1	68	6	0,861
1	68	7	10,912
1	68	12	11,347
1	68	13	3,952
1	68	18	10,961
1	68	20	2,028
1	68	30	1,046
1	68	35	1,252
1	68	39	1,021
1	68	40	3,471
1	68	64	5,26
1	68	70	0,823
1	68	72	1,789
1	68	78	2,82
1	68	84	8,931
1	68	86	2,096
1	68	88	11,37
1	68	95	1,919
1	68	96	2,489
1	68	99	3,37
1	70	4	13,496
1	70	5	3,591
1	70	6	0,585
1	70	7	6,049
1	70	12	1,329
1	70	13	2,018
1	70	18	10,217
1	70	20	14,501
1	70	30	6,312
1	70	35	0,942
1	70	39	1,799
1	70	40	5,764
1	70	64	7,39
1	70	68	3,388
1	70	72	4,126
1	70	78	3,588
1	70	84	2,056
1	70	86	3,853
1	70	88	1,856
1	70	95	3,853
1	70	96	3,582
1	70	99	5,747
1	72	4	0,636
1	72	5	4,499
1	72	6	2,106
1	72	7	13,246
1	72	12	9,445
1	72	13	10,625
1	72	18	0,826
1	72	20	13,459
1	72	30	0,981
1	72	35	17,628
1	72	39	1,25
1	72	40	3,534
1	72	64	0,67
1	72	68	1,61
1	72	70	14,444
1	72	78	2,838
1	72	84	1,099
1	72	86	4,712
1	72	88	3,364
1	72	95	7,017
1	72	96	8,039
1	72	99	3,714
1	78	4	5,104
1	78	5	11,625
1	78	6	5,525
1	78	7	6,081
1	78	12	46,146
1	78	13	0,899
1	78	18	1,388
1	78	20	2,578
1	78	30	6,158
1	78	35	0,801
1	78	39	2,254
1	78	40	0,838
1	78	64	2,762
1	78	68	7,043
1	78	70	0,521
1	78	72	10,018
1	78	84	5,249
1	78	86	12,399
1	78	88	1,349
1	78	95	5,267
1	78	96	8,116
1	78	99	2,323
1	84	4	2,69
1	84	5	23,402
1	84	6	8,274
1	84	7	0,644
1	84	12	3,507
1	84	13	2,798
1	84	18	1,883
1	84	20	0,545
1	84	30	6,982
1	84	35	8,253
1	84	39	2,199
1	84	40	3,617
1	84	64	1,881
1	84	68	1,167
1	84	70	1,276
1	84	72	7,091
1	84	78	2,044
1	84	86	2,6
1	84	88	9,652
1	84	95	2,312
1	84	96	2,019
1	84	99	1,901
1	86	4	3,851
1	86	5	4,504
1	86	6	10,951
1	86	7	11,906
1	86	12	12,561
1	86	13	8,805
1	86	18	1,003
1	86	20	1,012
1	86	30	2,423
1	86	35	13,623
1	86	39	2,722
1	86	40	9,206
1	86	64	12,756
1	86	68	0,723
1	86	70	2,565
1	86	72	4,072
1	86	78	1,624
1	86	84	14,168
1	86	88	0,834
1	86	95	23,028
1	86	96	6,781
1	86	99	10,116
1	88	4	2,172
1	88	5	7,927
1	88	6	2,218
1	88	7	2,321
1	88	12	14,423
1	88	13	1,791
1	88	18	0,826
1	88	20	0,979
1	88	30	7,379
1	88	35	10,389
1	88	39	0,973
1	88	40	7,867
1	88	64	7,879
1	88	68	1,081
1	88	70	2,144
1	88	72	1,908
1	88	78	12,65
1	88	84	17,287
1	88	86	3,941
1	88	95	0,731
1	88	96	12,625
1	88	99	5,489
1	95	4	6,769
1	95	5	2,677
1	95	6	0,916
1	95	7	7,212
1	95	12	8,269
1	95	13	5,649
1	95	18	7,061
1	95	20	3,773
1	95	30	0,592
1	95	35	8,561
1	95	39	1,049
1	95	40	15,835
1	95	64	3,157
1	95	68	1,507
1	95	70	4,251
1	95	72	11,589
1	95	78	7,028
1	95	84	4,771
1	95	86	3,012
1	95	88	0,842
1	95	96	9,882
1	95	99	0,72
1	96	4	4,189
1	96	5	9,194
1	96	6	3,454
1	96	7	1,556
1	96	12	7,552
1	96	13	8,817
1	96	18	1,656
1	96	20	2,901
1	96	30	1,416
1	96	35	6,254
1	96	39	2,039
1	96	40	2,504
1	96	64	28,202
1	96	68	1,706
1	96	70	0,979
1	96	72	5,731
1	96	78	3,209
1	96	84	4,114
1	96	86	11,771
1	96	88	3,434
1	96	95	3,655
1	96	99	15,697
1	99	4	1,063
1	99	5	3,472
1	99	6	0,513
1	99	7	9,182
1	99	12	3,851
1	99	13	4,612
1	99	18	6,059
1	99	20	22,263
1	99	30	2,187
1	99	35	6,121
1	99	39	5,306
1	99	40	11,587
1	99	64	13,316
1	99	68	5,641
1	99	70	3,71
1	99	72	7,07
1	99	78	0,849
1	99	84	7,819
1	99	86	3,438
1	99	88	6,51
1	99	95	0,735
1	99	96	4,856
2	6	18	5,899
2	6	27	10,61
2	6	42	2,134
2	6	44	8,595
2	6	50	4,262
2	6	55	16,264
2	6	61	3,835
2	6	68	1,235
2	6	69	0,56
2	6	73	4,279
2	6	76	1,915
2	6	83	3,74
2	6	91	1,922
2	6	99	1,469
2	6	100	12,622
2	18	6	11,664
2	18	27	1,814
2	18	42	3,613
2	18	44	0,994
2	18	50	6,782
2	18	55	12,42
2	18	61	6,052
2	18	68	13,97
2	18	69	1,875
2	18	73	0,85
2	18	76	3,911
2	18	83	1,502
2	18	91	1,994
2	18	99	4,618
2	18	100	6,637
2	27	6	6,736
2	27	18	0,767
2	27	42	1,544
2	27	44	1,19
2	27	50	17,594
2	27	55	0,523
2	27	61	1,518
2	27	68	26,052
2	27	69	9,144
2	27	73	16,764
2	27	76	0,805
2	27	83	0,565
2	27	91	7,261
2	27	99	8,236
2	27	100	1,225
2	42	6	3,133
2	42	18	0,738
2	42	27	18,616
2	42	44	7,791
2	42	50	12,372
2	42	55	2,125
2	42	61	1,146
2	42	68	5,03
2	42	69	0,64
2	42	73	7,936
2	42	76	3,69
2	42	83	0,928
2	42	91	16,55
2	42	99	6,697
2	42	100	6,284
2	44	6	2,2
2	44	18	21,063
2	44	27	11,255
2	44	42	2,128
2	44	50	18,84
2	44	55	8,304
2	44	61	4,867
2	44	68	5,475
2	44	69	0,517
2	44	73	8,441
2	44	76	5,947
2	44	83	9,508
2	44	91	9,199
2	44	99	0,541
2	44	100	8,927
2	50	6	4,554
2	50	18	6,405
2	50	27	5,769
2	50	42	1,58
2	50	44	0,533
2	50	55	14,36
2	50	61	2,757
2	50	68	0,705
2	50	69	5,245
2	50	73	1,847
2	50	76	4,892
2	50	83	42,464
2	50	91	15,302
2	50	99	10,646
2	50	100	18,271
2	55	6	15,438
2	55	18	7,713
2	55	27	2,212
2	55	42	11,163
2	55	44	3,635
2	55	50	8,063
2	55	61	1,448
2	55	68	6,268
2	55	69	1,144
2	55	73	2,496
2	55	76	7,202
2	55	83	0,554
2	55	91	11,615
2	55	99	27,359
2	55	100	3,496
2	61	6	11,032
2	61	18	3,869
2	61	27	7,95
2	61	42	10,832
2	61	44	6,639
2	61	50	1,2
2	61	55	5,565
2	61	68	2,244
2	61	69	2,699
2	61	73	3,919
2	61	76	7,4
2	61	83	2,442
2	61	91	13,293
2	61	99	0,6
2	61	100	7,487
2	68	6	9,468
2	68	18	9,639
2	68	27	1,093
2	68	42	1,34
2	68	44	3,12
2	68	50	2,06
2	68	55	1,627
2	68	61	7,265
2	68	69	3,101
2	68	73	4,111
2	68	76	7,149
2	68	83	0,948
2	68	91	1,01
2	68	99	2,192
2	68	100	5,003
2	69	6	11,762
2	69	18	0,96
2	69	27	4,169
2	69	42	5,183
2	69	44	1,556
2	69	50	9,793
2	69	55	4,373
2	69	61	5,328
2	69	68	9,274
2	69	73	3,533
2	69	76	5,002
2	69	83	4,071
2	69	91	5,062
2	69	99	1,757
2	69	100	4,944
2	73	6	13,968
2	73	18	1,512
2	73	27	16,593
2	73	42	1,989
2	73	44	4,938
2	73	50	8,839
2	73	55	4,878
2	73	61	1,104
2	73	68	5,473
2	73	69	0,561
2	73	76	0,963
2	73	83	15,496
2	73	91	1,951
2	73	99	3,19
2	73	100	11,959
2	76	6	5,992
2	76	18	3,308
2	76	27	1,871
2	76	42	3,606
2	76	44	8,914
2	76	50	1,271
2	76	55	7,675
2	76	61	9,421
2	76	68	8,442
2	76	69	7,263
2	76	73	1,072
2	76	83	1,62
2	76	91	1,429
2	76	99	14,342
2	76	100	2,865
2	83	6	39,807
2	83	18	16,531
2	83	27	1,962
2	83	42	0,63
2	83	44	1,3
2	83	50	6,432
2	83	55	6,002
2	83	61	5,338
2	83	68	2,344
2	83	69	1,86
2	83	73	10,158
2	83	76	5,412
2	83	91	7,214
2	83	99	1,557
2	83	100	9,201
2	91	6	1,011
2	91	18	5,076
2	91	27	1,694
2	91	42	0,933
2	91	44	2,629
2	91	50	1,085
2	91	55	24,701
2	91	61	10,812
2	91	68	1,654
2	91	69	2,09
2	91	73	5,575
2	91	76	18,39
2	91	83	5,087
2	91	99	3,068
2	91	100	0,844
2	99	6	1,8
2	99	18	11,101
2	99	27	0,649
2	99	42	1,147
2	99	44	5,881
2	99	50	0,516
2	99	55	0,623
2	99	61	0,521
2	99	68	2,457
2	99	69	4,952
2	99	73	5,798
2	99	76	2,508
2	99	83	8,32
2	99	91	2,651
2	99	100	11,192
2	100	6	9,812
2	100	18	14,359
2	100	27	1,519
2	100	42	2,467
2	100	44	4,908
2	100	50	2,523
2	100	55	8,63
2	100	61	0,915
2	100	68	4,619
2	100	69	1,981
2	100	73	3,413
2	100	76	40,263
2	100	83	10,658
2	100	91	1,351
2	100	99	0,81
3	1	11	0,794
3	1	13	3,21
3	1	17	5,778
3	1	22	3,611
3	1	23	6,622
3	1	28	2,956
3	1	30	3,897
3	1	32	20,289
3	1	37	0,783
3	1	38	5,974
3	1	41	0,599
3	1	46	0,913
3	1	48	0,878
3	1	53	4,767
3	1	54	0,889
3	1	57	4,31
3	1	61	1,158
3	1	62	3,19
3	1	65	5,261
3	1	70	1,967
3	1	79	11,082
3	1	82	3,718
3	1	84	4,667
3	1	88	14,984
3	1	89	11,517
3	1	99	2,888
3	11	1	4,466
3	11	13	3,939
3	11	17	7,871
3	11	22	0,859
3	11	23	17,608
3	11	28	0,828
3	11	30	12,216
3	11	32	0,576
3	11	37	7,739
3	11	38	0,887
3	11	41	1,847
3	11	46	6,32
3	11	48	9,25
3	11	53	3,416
3	11	54	4,614
3	11	57	2,093
3	11	61	3,376
3	11	62	6,561
3	11	65	5,604
3	11	70	9,598
3	11	79	5,005
3	11	82	6,786
3	11	84	2,704
3	11	88	0,631
3	11	89	2,183
3	11	99	1,491
3	13	1	1,097
3	13	11	3,926
3	13	17	17,873
3	13	22	0,79
3	13	23	0,691
3	13	28	6,52
3	13	30	0,929
3	13	32	4,164
3	13	37	4,751
3	13	38	9,883
3	13	41	6,425
3	13	46	13,079
3	13	48	2,819
3	13	53	2,346
3	13	54	1,476
3	13	57	4,528
3	13	61	4,1
3	13	62	9,54
3	13	65	2,822
3	13	70	5,624
3	13	79	4,38
3	13	82	1
3	13	84	3,315
3	13	88	3,486
3	13	89	0,842
3	13	99	9,904
3	17	1	7,544
3	17	11	8,576
3	17	13	0,768
3	17	22	1,341
3	17	23	4,949
3	17	28	2,969
3	17	30	8,801
3	17	32	10,049
3	17	37	3,081
3	17	38	7,317
3	17	41	13,226
3	17	46	6,502
3	17	48	12,055
3	17	53	8,752
3	17	54	7,883
3	17	57	1,475
3	17	61	2,261
3	17	62	2,489
3	17	65	1,059
3	17	70	3,629
3	17	79	0,596
3	17	82	1,737
3	17	84	14,082
3	17	88	4,489
3	17	89	5,365
3	17	99	9,625
3	22	1	2,273
3	22	11	15,526
3	22	13	2,883
3	22	17	2,47
3	22	23	4,815
3	22	28	0,866
3	22	30	6,544
3	22	32	6,93
3	22	37	2,673
3	22	38	1,209
3	22	41	5,143
3	22	46	2,868
3	22	48	11,19
3	22	53	4,323
3	22	54	0,973
3	22	57	3,101
3	22	61	2,673
3	22	62	15,212
3	22	65	10,416
3	22	70	1,149
3	22	79	2,597
3	22	82	4,401
3	22	84	8,299
3	22	88	0,63
3	22	89	3,826
3	22	99	3,614
3	23	1	0,894
3	23	11	4,271
3	23	13	0,908
3	23	17	11,049
3	23	22	12,31
3	23	28	2,962
3	23	30	10,041
3	23	32	1,055
3	23	37	2,181
3	23	38	1,832
3	23	41	1,824
3	23	46	3,569
3	23	48	1,326
3	23	53	2,645
3	23	54	19,587
3	23	57	2,178
3	23	61	5,085
3	23	62	3,842
3	23	65	5,778
3	23	70	9,215
3	23	79	10,215
3	23	82	13,227
3	23	84	5,949
3	23	88	0,663
3	23	89	6,911
3	23	99	3,752
3	28	1	2,115
3	28	11	0,657
3	28	13	5,781
3	28	17	4,169
3	28	22	4,505
3	28	23	3,602
3	28	30	2,547
3	28	32	29,055
3	28	37	0,957
3	28	38	18,465
3	28	41	0,773
3	28	46	13,369
3	28	48	4,41
3	28	53	21,246
3	28	54	4,2
3	28	57	3,118
3	28	61	2,723
3	28	62	2,807
3	28	65	1,075
3	28	70	6,973
3	28	79	9,654
3	28	82	3,844
3	28	84	2,427
3	28	88	3,505
3	28	89	26,188
3	28	99	1,184
3	30	1	4,702
3	30	11	5,302
3	30	13	12,445
3	30	17	1,549
3	30	22	20,772
3	30	23	0,858
3	30	28	3,199
3	30	32	8,247
3	30	37	3,398
3	30	38	5,191
3	30	41	1,23
3	30	46	1,683
3	30	48	9,653
3	30	53	1,599
3	30	54	2,181
3	30	57	1,726
3	30	61	0,517
3	30	62	18,906
3	30	65	0,843
3	30	70	20,317
3	30	79	5,51
3	30	82	8,209
3	30	84	1,412
3	30	88	6,345
3	30	89	0,838
3	30	99	3,783
3	32	1	9,571
3	32	11	8,256
3	32	13	2,114
3	32	17	1,829
3	32	22	2,902
3	32	23	6,439
3	32	28	1,057
3	32	30	3,176
3	32	37	0,564
3	32	38	5,812
3	32	41	1,782
3	32	46	7,788
3	32	48	4,416
3	32	53	6,792
3	32	54	1,688
3	32	57	6,323
3	32	61	6,351
3	32	62	2,767
3	32	65	9,108
3	32	70	5,926
3	32	79	1,154
3	32	82	1,704
3	32	84	1,122
3	32	88	3,172
3	32	89	6,9
3	32	99	2,682
3	37	1	1,276
3	37	11	5,599
3	37	13	0,992
3	37	17	9,228
3	37	22	0,936
3	37	23	10,599
3	37	28	10,916
3	37	30	1,792
3	37	32	5,517
3	37	38	1,084
3	37	41	1,983
3	37	46	21,648
3	37	48	10,208
3	37	53	2,094
3	37	54	2,61
3	37	57	0,774
3	37	61	4,443
3	37	62	3,142
3	37	65	9,773
3	37	70	1,097
3	37	79	13,424
3	37	82	1,932
3	37	84	1,149
3	37	88	2,356
3	37	89	6,67
3	37	99	6,091
3	38	1	6,67
3	38	11	21,346
3	38	13	3,407
3	38	17	23,742
3	38	22	1,161
3	38	23	1,869
3	38	28	3,699
3	38	30	0,528
3	38	32	8,394
3	38	37	15,375
3	38	41	0,985
3	38	46	4,002
3	38	48	0,857
3	38	53	1,45
3	38	54	2,499
3	38	57	22,676
3	38	61	10,528
3	38	62	8,937
3	38	65	4,14
3	38	70	12,224
3	38	79	5,527
3	38	82	2,291
3	38	84	11,631
3	38	88	1,564
3	38	89	6,977
3	38	99	1,929
3	41	1	9,064
3	41	11	3,243
3	41	13	4,409
3	41	17	9,058
3	41	22	1,412
3	41	23	1,552
3	41	28	1,574
3	41	30	10,35
3	41	32	5,963
3	41	37	14,687
3	41	38	0,963
3	41	46	3,636
3	41	48	3,492
3	41	53	2,619
3	41	54	1,414
3	41	57	3,699
3	41	61	0,733
3	41	62	12,754
3	41	65	1,508
3	41	70	0,629
3	41	79	9,213
3	41	82	2,571
3	41	84	3,67
3	41	88	4,96
3	41	89	9,612
3	41	99	1,083
3	46	1	0,526
3	46	11	6,223
3	46	13	1,459
3	46	17	4,778
3	46	22	3,939
3	46	23	15,964
3	46	28	3,327
3	46	30	9,826
3	46	32	7,67
3	46	37	7,422
3	46	38	3,771
3	46	41	3,485
3	46	48	1,161
3	46	53	0,659
3	46	54	1,595
3	46	57	6,806
3	46	61	2,696
3	46	62	3,268
3	46	65	5,715
3	46	70	0,787
3	46	79	2,191
3	46	82	1,895
3	46	84	12,605
3	46	88	2,767
3	46	89	6,345
3	46	99	4,895
3	48	1	5,667
3	48	11	8,685
3	48	13	5,853
3	48	17	1,83
3	48	22	14,382
3	48	23	5,408
3	48	28	6,222
3	48	30	3,16
3	48	32	3,076
3	48	37	2,684
3	48	38	4,841
3	48	41	4,87
3	48	46	26,354
3	48	53	3,601
3	48	54	2,819
3	48	57	2,698
3	48	61	4,502
3	48	62	2,039
3	48	65	4,075
3	48	70	3,211
3	48	79	2,531
3	48	82	2,824
3	48	84	6,76
3	48	88	10,95
3	48	89	1,775
3	48	99	2,321
3	53	1	2,287
3	53	11	6,456
3	53	13	8,349
3	53	17	10,601
3	53	22	15,037
3	53	23	1,221
3	53	28	1,868
3	53	30	13,788
3	53	32	10,479
3	53	37	7,18
3	53	38	3,267
3	53	41	12,692
3	53	46	1,112
3	53	48	4,638
3	53	54	1,207
3	53	57	2,479
3	53	61	0,937
3	53	62	2,339
3	53	65	10,782
3	53	70	2,425
3	53	79	9,314
3	53	82	2,933
3	53	84	3,791
3	53	88	4,159
3	53	89	18,087
3	53	99	29,375
3	54	1	4,117
3	54	11	3,851
3	54	13	4,288
3	54	17	0,697
3	54	22	0,691
3	54	23	4,768
3	54	28	3,232
3	54	30	3,799
3	54	32	7,897
3	54	37	2,721
3	54	38	0,73
3	54	41	44,43
3	54	46	7,435
3	54	48	4,479
3	54	53	2,826
3	54	57	1,79
3	54	61	6,377
3	54	62	7,227
3	54	65	0,614
3	54	70	6,476
3	54	79	0,869
3	54	82	13,365
3	54	84	1,651
3	54	88	1,816
3	54	89	2,969
3	54	99	17,185
3	57	1	2,681
3	57	11	10,857
3	57	13	4,474
3	57	17	4,485
3	57	22	1,52
3	57	23	5,078
3	57	28	3,817
3	57	30	6,042
3	57	32	2,106
3	57	37	7,908
3	57	38	0,97
3	57	41	6,35
3	57	46	14,206
3	57	48	4,029
3	57	53	0,708
3	57	54	16,779
3	57	61	18,488
3	57	62	1,209
3	57	65	5,785
3	57	70	0,808
3	57	79	5,034
3	57	82	22,276
3	57	84	10,946
3	57	88	6,574
3	57	89	3,88
3	57	99	1,986
3	61	1	0,572
3	61	11	1,154
3	61	13	6,023
3	61	17	10,339
3	61	22	2,553
3	61	23	1,71
3	61	28	10,563
3	61	30	1,85
3	61	32	20,701
3	61	37	2,806
3	61	38	10,834
3	61	41	1,035
3	61	46	1,936
3	61	48	10,715
3	61	53	1,871
3	61	54	1,409
3	61	57	9,068
3	61	62	5,573
3	61	65	14,458
3	61	70	8,492
3	61	79	1,52
3	61	82	15,802
3	61	84	1,763
3	61	88	4,359
3	61	89	4,255
3	61	99	1,41
3	62	1	15,7
3	62	11	6,532
3	62	13	1,566
3	62	17	14,473
3	62	22	2,849
3	62	23	3,316
3	62	28	8,259
3	62	30	3,179
3	62	32	2,877
3	62	37	4,833
3	62	38	4,337
3	62	41	1,047
3	62	46	5,315
3	62	48	3,907
3	62	53	10,619
3	62	54	7,032
3	62	57	1,721
3	62	61	12,442
3	62	65	9,523
3	62	70	4,139
3	62	79	1,022
3	62	82	0,968
3	62	84	0,63
3	62	88	16,196
3	62	89	3,427
3	62	99	4,599
3	65	1	6,894
3	65	11	7,515
3	65	13	12,899
3	65	17	18,474
3	65	22	27,529
3	65	23	4,117
3	65	28	19,97
3	65	30	8,525
3	65	32	5,079
3	65	37	5,45
3	65	38	0,909
3	65	41	12,811
3	65	46	10,824
3	65	48	3,05
3	65	53	4,502
3	65	54	0,586
3	65	57	3,492
3	65	61	2,676
3	65	62	1,979
3	65	70	17,099
3	65	79	1,276
3	65	82	4,032
3	65	84	22,736
3	65	88	5,438
3	65	89	1,757
3	65	99	1,863
3	70	1	4,805
3	70	11	12,367
3	70	13	2,602
3	70	17	1,547
3	70	22	13,516
3	70	23	1,904
3	70	28	3,786
3	70	30	29,658
3	70	32	0,858
3	70	37	4,955
3	70	38	6,558
3	70	41	1,317
3	70	46	5,828
3	70	48	0,987
3	70	53	24,319
3	70	54	3,368
3	70	57	3,802
3	70	61	1,383
3	70	62	13,643
3	70	65	7,145
3	70	79	6,997
3	70	82	6,364
3	70	84	4,415
3	70	88	1,532
3	70	89	7,22
3	70	99	5,102
3	79	1	5,281
3	79	11	1,496
3	79	13	1,079
3	79	17	25,391
3	79	22	5,147
3	79	23	2,762
3	79	28	15,707
3	79	30	11,878
3	79	32	6,196
3	79	37	2,578
3	79	38	0,776
3	79	41	0,606
3	79	46	3,394
3	79	48	10,902
3	79	53	0,876
3	79	54	3,83
3	79	57	1,583
3	79	61	10,309
3	79	62	0,597
3	79	65	0,901
3	79	70	8,935
3	79	82	0,611
3	79	84	2,23
3	79	88	14,457
3	79	89	2,574
3	79	99	4,809
3	82	1	0,849
3	82	11	3,461
3	82	13	4,357
3	82	17	0,886
3	82	22	7,317
3	82	23	0,55
3	82	28	5,265
3	82	30	20,276
3	82	32	0,665
3	82	37	2,006
3	82	38	8,152
3	82	41	5,014
3	82	46	18,857
3	82	48	8,938
3	82	53	3,592
3	82	54	1,209
3	82	57	3,016
3	82	61	4,626
3	82	62	4,573
3	82	65	3,539
3	82	70	5,633
3	82	79	6,628
3	82	84	5,655
3	82	88	0,925
3	82	89	5,012
3	82	99	6,165
3	84	1	6,752
3	84	11	1,355
3	84	13	7,035
3	84	17	6,724
3	84	22	2,936
3	84	23	2,765
3	84	28	3,353
3	84	30	2,307
3	84	32	1,878
3	84	37	3,814
3	84	38	4,272
3	84	41	2,968
3	84	46	2,408
3	84	48	11,275
3	84	53	2,356
3	84	54	2,802
3	84	57	4,655
3	84	61	4,175
3	84	62	3,501
3	84	65	2,12
3	84	70	4,725
3	84	79	4,657
3	84	82	21,013
3	84	88	10,886
3	84	89	0,946
3	84	99	2,394
3	88	1	3,984
3	88	11	14,661
3	88	13	1,759
3	88	17	10,124
3	88	22	1,313
3	88	23	11,532
3	88	28	10,688
3	88	30	0,538
3	88	32	2,982
3	88	37	5,355
3	88	38	8,49
3	88	41	2,398
3	88	46	10,851
3	88	48	4,085
3	88	53	4,25
3	88	54	4,301
3	88	57	19,448
3	88	61	0,711
3	88	62	10,876
3	88	65	5,43
3	88	70	5,854
3	88	79	3,291
3	88	82	3,756
3	88	84	5,773
3	88	89	1,175
3	88	99	3,113
3	89	1	4,23
3	89	11	9,798
3	89	13	4,415
3	89	17	4,174
3	89	22	1,922
3	89	23	12,706
3	89	28	5,482
3	89	30	1,488
3	89	32	9,723
3	89	37	11,884
3	89	38	14,765
3	89	41	1,628
3	89	46	4,448
3	89	48	8,646
3	89	53	2,612
3	89	54	0,784
3	89	57	7,525
3	89	61	7,924
3	89	62	0,519
3	89	65	1,801
3	89	70	7,09
3	89	79	4,078
3	89	82	0,656
3	89	84	12,046
3	89	88	1,989
3	89	99	2,674
3	99	1	2,401
3	99	11	7,149
3	99	13	2,431
3	99	17	0,757
3	99	22	18,441
3	99	23	20,218
3	99	28	5,377
3	99	30	2,788
3	99	32	14,561
3	99	37	0,601
3	99	38	0,874
3	99	41	4,403
3	99	46	3,21
3	99	48	10,71
3	99	53	42,524
3	99	54	1,518
3	99	57	0,625
3	99	61	0,761
3	99	62	1,81
3	99	65	1,409
3	99	70	3,609
3	99	79	1,624
3	99	82	2,896
3	99	84	3,26
3	99	88	0,522
3	99	89	16,467
4	8	10	5,176
4	8	13	8,947
4	8	16	6,988
4	8	17	1,9
4	8	21	1,188
4	8	22	6,613
4	8	33	14,437
4	8	34	12,049
4	8	35	4,047
4	8	39	3,956
4	8	40	4,997
4	8	48	13,3
4	8	51	4,702
4	8	59	1,94
4	8	60	10,337
4	8	68	1,419
4	8	72	0,556
4	8	75	1,479
4	8	79	3,77
4	8	87	11,324
4	8	88	13,032
4	8	94	18,073
4	8	95	14,45
4	8	97	7,732
4	10	8	8,356
4	10	13	0,662
4	10	16	7,449
4	10	17	25,558
4	10	21	1,293
4	10	22	0,738
4	10	33	12,368
4	10	34	2,257
4	10	35	7,938
4	10	39	45,04
4	10	40	0,77
4	10	48	15,91
4	10	51	30,235
4	10	59	16,219
4	10	60	0,616
4	10	68	5,8
4	10	72	1,523
4	10	75	0,759
4	10	79	2,326
4	10	87	1,183
4	10	88	6,726
4	10	94	12,638
4	10	95	3,558
4	10	97	2,102
4	13	8	9,525
4	13	10	10,665
4	13	16	1,595
4	13	17	1
4	13	21	1,147
4	13	22	1,652
4	13	33	1,747
4	13	34	5,435
4	13	35	6,36
4	13	39	5,856
4	13	40	3,188
4	13	48	4,518
4	13	51	7,693
4	13	59	5,447
4	13	60	28,295
4	13	68	5,264
4	13	72	0,999
4	13	75	7,394
4	13	79	4,431
4	13	87	1,459
4	13	88	0,53
4	13	94	6,721
4	13	95	9,453
4	13	97	6,872
4	16	8	24,389
4	16	10	4,871
4	16	13	3,615
4	16	17	0,758
4	16	21	5,891
4	16	22	2,802
4	16	33	13,047
4	16	34	15,536
4	16	35	3,801
4	16	39	2,172
4	16	40	9,454
4	16	48	2,408
4	16	51	4,68
4	16	59	8,765
4	16	60	10,985
4	16	68	22,053
4	16	72	3,666
4	16	75	4,54
4	16	79	1,562
4	16	87	4,351
4	16	88	3,628
4	16	94	2,196
4	16	95	1,721
4	16	97	11,235
4	17	8	1,979
4	17	10	10,18
4	17	13	4,282
4	17	16	3,241
4	17	21	8,813
4	17	22	1,722
4	17	33	8,033
4	17	34	3,885
4	17	35	1,124
4	17	39	6,122
4	17	40	0,947
4	17	48	1,756
4	17	51	8,612
4	17	59	2,341
4	17	60	3,565
4	17	68	14,089
4	17	72	0,869
4	17	75	42,366
4	17	79	3,76
4	17	87	3,836
4	17	88	0,564
4	17	94	1,43
4	17	95	6,198
4	17	97	12,644
4	21	8	19,836
4	21	10	2,625
4	21	13	3,895
4	21	16	2,631
4	21	17	0,877
4	21	22	9,113
4	21	33	6,617
4	21	34	11,543
4	21	35	5,016
4	21	39	3,916
4	21	40	10,426
4	21	48	15,568
4	21	51	18,09
4	21	59	3,836
4	21	60	10,984
4	21	68	25,287
4	21	72	9,96
4	21	75	3,506
4	21	79	4,773
4	21	87	25,402
4	21	88	0,653
4	21	94	4,14
4	21	95	6,628
4	21	97	10,892
4	22	8	3,3
4	22	10	1,528
4	22	13	4,425
4	22	16	10,225
4	22	17	43,467
4	22	21	12,882
4	22	33	15,598
4	22	34	3,48
4	22	35	1,841
4	22	39	0,641
4	22	40	5,599
4	22	48	2,946
4	22	51	9,665
4	22	59	2,821
4	22	60	3,514
4	22	68	0,575
4	22	72	2,548
4	22	75	3,611
4	22	79	2,445
4	22	87	2,223
4	22	88	12,065
4	22	94	4,603
4	22	95	1,765
4	22	97	9,458
4	33	8	2,625
4	33	10	0,665
4	33	13	5,648
4	33	16	3,215
4	33	17	14,398
4	33	21	0,926
4	33	22	1,319
4	33	34	5,918
4	33	35	6,168
4	33	39	0,515
4	33	40	0,808
4	33	48	2,336
4	33	51	7,72
4	33	59	1,307
4	33	60	9,922
4	33	68	2,146
4	33	72	27,028
4	33	75	8,368
4	33	79	6,09
4	33	87	7,542
4	33	88	0,899
4	33	94	6,839
4	33	95	0,654
4	33	97	1,484
4	34	8	8,775
4	34	10	2,073
4	34	13	6,499
4	34	16	4,118
4	34	17	5,687
4	34	21	20,348
4	34	22	7,181
4	34	33	2,251
4	34	35	3,651
4	34	39	8,865
4	34	40	39,494
4	34	48	7,477
4	34	51	11,948
4	34	59	3,061
4	34	60	1,54
4	34	68	0,983
4	34	72	4,899
4	34	75	3,852
4	34	79	1,836
4	34	87	4,103
4	34	88	2,651
4	34	94	16,866
4	34	95	3,184
4	34	97	9,683
4	35	8	0,933
4	35	10	1,454
4	35	13	8,899
4	35	16	1,189
4	35	17	4,124
4	35	21	9,775
4	35	22	21,76
4	35	33	2,408
4	35	34	10,91
4	35	39	2,738
4	35	40	7,725
4	35	48	1,71
4	35	51	3,9
4	35	59	0,524
4	35	60	1,437
4	35	68	14,769
4	35	72	7,932
4	35	75	5,964
4	35	79	4,602
4	35	87	3,491
4	35	88	14,818
4	35	94	1,239
4	35	95	10,578
4	35	97	6,984
4	39	8	24,439
4	39	10	13,715
4	39	13	4,146
4	39	16	1,567
4	39	17	0,76
4	39	21	6,002
4	39	22	11,021
4	39	33	4,461
4	39	34	0,826
4	39	35	3,367
4	39	40	1,426
4	39	48	3,221
4	39	51	2,796
4	39	59	8,844
4	39	60	4,753
4	39	68	0,518
4	39	72	3,683
4	39	75	8,547
4	39	79	1,085
4	39	87	4,878
4	39	88	2,399
4	39	94	13,245
4	39	95	3,065
4	39	97	13,357
4	40	8	2,213
4	40	10	1,687
4	40	13	17,907
4	40	16	3,166
4	40	17	5,885
4	40	21	2,248
4	40	22	2,945
4	40	33	13,164
4	40	34	2,731
4	40	35	1,714
4	40	39	6,337
4	40	48	3,168
4	40	51	1,83
4	40	59	1,61
4	40	60	4,239
4	40	68	3,794
4	40	72	8,401
4	40	75	6,606
4	40	79	8,367
4	40	87	1,56
4	40	88	0,89
4	40	94	4,726
4	40	95	0,515
4	40	97	1,958
4	48	8	2,684
4	48	10	11,599
4	48	13	5,266
4	48	16	12,328
4	48	17	2,05
4	48	21	11,147
4	48	22	0,55
4	48	33	1,11
4	48	34	5,735
4	48	35	1,128
4	48	39	5,446
4	48	40	2,917
4	48	51	2,653
4	48	59	2,442
4	48	60	10,879
4	48	68	9,211
4	48	72	5,205
4	48	75	5,902
4	48	79	2,969
4	48	87	36,309
4	48	88	3,25
4	48	94	6,376
4	48	95	1,151
4	48	97	1,934
4	51	8	0,73
4	51	10	3,655
4	51	13	5,292
4	51	16	3,891
4	51	17	3,427
4	51	21	4,802
4	51	22	1,731
4	51	33	0,965
4	51	34	6,295
4	51	35	5,037
4	51	39	10,56
4	51	40	0,724
4	51	48	7,722
4	51	59	7,543
4	51	60	2,685
4	51	68	2,216
4	51	72	7,889
4	51	75	3,79
4	51	79	14,883
4	51	87	20,487
4	51	88	6,928
4	51	94	2,452
4	51	95	0,738
4	51	97	0,68
4	59	8	6,692
4	59	10	7,027
4	59	13	4,25
4	59	16	10,422
4	59	17	0,975
4	59	21	5,284
4	59	22	3,515
4	59	33	0,61
4	59	34	1,588
4	59	35	14,011
4	59	39	15,83
4	59	40	0,524
4	59	48	2,819
4	59	51	1,645
4	59	60	0,981
4	59	68	27,061
4	59	72	11,343
4	59	75	1,517
4	59	79	2,841
4	59	87	9,393
4	59	88	11,96
4	59	94	5,85
4	59	95	15,145
4	59	97	0,573
4	60	8	2,008
4	60	10	7,875
4	60	13	4,157
4	60	16	1,139
4	60	17	8,108
4	60	21	3,928
4	60	22	1,502
4	60	33	5,145
4	60	34	3,621
4	60	35	12,523
4	60	39	3,767
4	60	40	0,665
4	60	48	4,097
4	60	51	7,037
4	60	59	8,982
4	60	68	2,057
4	60	72	1,099
4	60	75	2,493
4	60	79	3,373
4	60	87	12,035
4	60	88	5,149
4	60	94	12,236
4	60	95	42,954
4	60	97	1,625
4	68	8	1,922
4	68	10	0,798
4	68	13	3,151
4	68	16	5,725
4	68	17	14,019
4	68	21	2,433
4	68	22	10,341
4	68	33	4,477
4	68	34	2,215
4	68	35	2,17
4	68	39	20,191
4	68	40	4,843
4	68	48	3,108
4	68	51	1,548
4	68	59	5,174
4	68	60	7,955
4	68	72	2,757
4	68	75	13,587
4	68	79	3,885
4	68	87	7,608
4	68	88	4,686
4	68	94	2,217
4	68	95	14,45
4	68	97	4,681
4	72	8	3,085
4	72	10	4,978
4	72	13	1,321
4	72	16	6,232
4	72	17	1,177
4	72	21	2,354
4	72	22	1,007
4	72	33	2,042
4	72	34	2,216
4	72	35	5,842
4	72	39	1,13
4	72	40	8,717
4	72	48	6,514
4	72	51	4,364
4	72	59	1,232
4	72	60	2,735
4	72	68	35,877
4	72	75	1,555
4	72	79	6,442
4	72	87	16,911
4	72	88	3,811
4	72	94	30,659
4	72	95	2,339
4	72	97	8,403
4	75	8	1,986
4	75	10	1,279
4	75	13	2,313
4	75	16	3,865
4	75	17	13,413
4	75	21	24,905
4	75	22	6,461
4	75	33	7,419
4	75	34	4,106
4	75	35	12,831
4	75	39	12,781
4	75	40	0,693
4	75	48	2,45
4	75	51	2,175
4	75	59	3,482
4	75	60	3,322
4	75	68	7,025
4	75	72	1,834
4	75	79	49,374
4	75	87	1,662
4	75	88	1,364
4	75	94	0,752
4	75	95	1,208
4	75	97	4,714
4	79	8	2,84
4	79	10	1,435
4	79	13	26,187
4	79	16	5,794
4	79	17	4,939
4	79	21	2,959
4	79	22	4,83
4	79	33	4,941
4	79	34	3,844
4	79	35	0,663
4	79	39	20,767
4	79	40	31,553
4	79	48	5,848
4	79	51	2,695
4	79	59	2,232
4	79	60	0,771
4	79	68	14,371
4	79	72	7,53
4	79	75	20,772
4	79	87	10,945
4	79	88	3,39
4	79	94	35,318
4	79	95	2,479
4	79	97	6,27
4	87	8	6,551
4	87	10	2,703
4	87	13	1,585
4	87	16	2,587
4	87	17	0,57
4	87	21	12,488
4	87	22	17,18
4	87	33	6,34
4	87	34	15,49
4	87	35	21,344
4	87	39	7,195
4	87	40	10,178
4	87	48	2,735
4	87	51	1,823
4	87	59	1,487
4	87	60	4,36
4	87	68	0,756
4	87	72	0,526
4	87	75	15,42
4	87	79	14,984
4	87	88	6,792
4	87	94	3,347
4	87	95	0,831
4	87	97	4,204
4	88	8	6,511
4	88	10	1,207
4	88	13	3,097
4	88	16	0,817
4	88	17	4,034
4	88	21	5,921
4	88	22	7,044
4	88	33	0,612
4	88	34	11,704
4	88	35	1,99
4	88	39	18,86
4	88	40	3,232
4	88	48	3,008
4	88	51	13,348
4	88	59	7,881
4	88	60	3,998
4	88	68	1,186
4	88	72	0,506
4	88	75	10,871
4	88	79	14,32
4	88	87	4,625
4	88	94	4,543
4	88	95	4,022
4	88	97	2,504
4	94	8	4,292
4	94	10	8,698
4	94	13	2,405
4	94	16	4,534
4	94	17	2,364
4	94	21	6,634
4	94	22	1,76
4	94	33	9,99
4	94	34	2,683
4	94	35	3,798
4	94	39	6,648
4	94	40	1,933
4	94	48	7,215
4	94	51	10,64
4	94	59	1,263
4	94	60	2,804
4	94	68	6,523
4	94	72	6,893
4	94	75	3,719
4	94	79	4,332
4	94	87	1,964
4	94	88	1,628
4	94	95	10,233
4	94	97	8,436
4	95	8	6,892
4	95	10	9,198
4	95	13	13,334
4	95	16	2,784
4	95	17	1,124
4	95	21	9,277
4	95	22	2,602
4	95	33	12,747
4	95	34	21,234
4	95	35	8,708
4	95	39	1,752
4	95	40	10,882
4	95	48	2,588
4	95	51	7,134
4	95	59	2,823
4	95	60	5,152
4	95	68	4,772
4	95	72	9,592
4	95	75	4,437
4	95	79	1,414
4	95	87	4,677
4	95	88	2,183
4	95	94	1,832
4	95	97	6,528
4	97	8	1,235
4	97	10	5,108
4	97	13	7,866
4	97	16	3,599
4	97	17	3,469
4	97	21	2,682
4	97	22	7,236
4	97	33	5,78
4	97	34	10,435
4	97	35	4,043
4	97	39	2,138
4	97	40	4,278
4	97	48	3,957
4	97	51	10,118
4	97	59	1,396
4	97	60	1,137
4	97	68	10,531
4	97	72	4,749
4	97	75	1,359
4	97	79	4,178
4	97	87	8,433
4	97	88	3,958
4	97	94	2,944
4	97	95	5,33
5	2	7	1,102
5	2	8	2,025
5	2	17	0,571
5	2	22	16,57
5	2	26	7,124
5	2	27	7,743
5	2	29	5,71
5	2	39	1,05
5	2	43	2,673
5	2	46	5,451
5	2	50	1,328
5	2	52	2,044
5	2	56	0,947
5	2	58	3,232
5	2	59	4,506
5	2	63	14,761
5	2	66	15,01
5	2	67	3,136
5	2	79	4,534
5	2	80	10,548
5	2	84	5,311
5	2	86	4,054
5	2	88	6,66
5	2	89	4,557
5	7	2	3,658
5	7	8	8,147
5	7	17	1,451
5	7	22	7,493
5	7	26	5,933
5	7	27	5,212
5	7	29	1,178
5	7	39	6,097
5	7	43	3,25
5	7	46	2,691
5	7	50	5,032
5	7	52	1,28
5	7	56	6,991
5	7	58	5,83
5	7	59	23,787
5	7	63	9,034
5	7	66	10,961
5	7	67	2,328
5	7	79	7,239
5	7	80	4,966
5	7	84	2,042
5	7	86	6,682
5	7	88	13,945
5	7	89	1,589
5	8	2	8,727
5	8	7	3,819
5	8	17	15,844
5	8	22	2,036
5	8	26	6,903
5	8	27	1,569
5	8	29	9,139
5	8	39	7,179
5	8	43	0,731
5	8	46	11,147
5	8	50	15,403
5	8	52	5,124
5	8	56	3,775
5	8	58	3,287
5	8	59	1,36
5	8	63	26,854
5	8	66	1,058
5	8	67	40,955
5	8	79	19,026
5	8	80	15,84
5	8	84	2,748
5	8	86	0,64
5	8	88	12,196
5	8	89	8,336
5	17	2	0,672
5	17	7	6,636
5	17	8	2,588
5	17	22	3,98
5	17	26	6,478
5	17	27	1,772
5	17	29	3,986
5	17	39	4,051
5	17	43	13,749
5	17	46	9,288
5	17	50	20,819
5	17	52	2,235
5	17	56	10,708
5	17	58	1,639
5	17	59	14,714
5	17	63	4,302
5	17	66	0,892
5	17	67	10,003
5	17	79	9,004
5	17	80	1,737
5	17	84	8,869
5	17	86	1,056
5	17	88	14,45
5	17	89	4,204
5	22	2	1,606
5	22	7	18,389
5	22	8	14,174
5	22	17	2,758
5	22	26	1,486
5	22	27	2,655
5	22	29	3,892
5	22	39	17,143
5	22	43	5,615
5	22	46	0,66
5	22	50	5,796
5	22	52	4,05
5	22	56	3,759
5	22	58	9,194
5	22	59	11,345
5	22	63	0,691
5	22	66	3,148
5	22	67	0,834
5	22	79	9,796
5	22	80	13,487
5	22	84	8,804
5	22	86	4,76
5	22	88	4,316
5	22	89	30,343
5	26	2	1,932
5	26	7	2,036
5	26	8	9,453
5	26	17	2,54
5	26	22	2,466
5	26	27	8,632
5	26	29	3,543
5	26	39	2,077
5	26	43	7,222
5	26	46	0,829
5	26	50	1,431
5	26	52	1,181
5	26	56	4,961
5	26	58	5,7
5	26	59	1,933
5	26	63	5,062
5	26	66	2,806
5	26	67	5,045
5	26	79	1,553
5	26	80	1,852
5	26	84	19,984
5	26	86	10,44
5	26	88	4,793
5	26	89	3,689
5	27	2	3,829
5	27	7	2,816
5	27	8	7,375
5	27	17	3,128
5	27	22	0,844
5	27	26	15,419
5	27	29	4,53
5	27	39	1,572
5	27	43	2,598
5	27	46	1,796
5	27	50	33,084
5	27	52	5,094
5	27	56	1,045
5	27	58	1,996
5	27	59	37,714
5	27	63	8,903
5	27	66	7,79
5	27	67	3,747
5	27	79	0,985
5	27	80	30,848
5	27	84	11,808
5	27	86	5,527
5	27	88	6,628
5	27	89	8,369
5	29	2	3,916
5	29	7	5,53
5	29	8	1,099
5	29	17	1,862
5	29	22	1,925
5	29	26	0,951
5	29	27	4,908
5	29	39	3,59
5	29	43	1,549
5	29	46	14,843
5	29	50	22,571
5	29	52	9,388
5	29	56	0,95
5	29	58	2,784
5	29	59	0,526
5	29	63	3,87
5	29	66	0,786
5	29	67	0,783
5	29	79	5,802
5	29	80	1,205
5	29	84	1,474
5	29	86	1,734
5	29	88	2,421
5	29	89	0,538
5	39	2	7,396
5	39	7	0,809
5	39	8	7,279
5	39	17	5,257
5	39	22	1,446
5	39	26	3,19
5	39	27	14,86
5	39	29	11,902
5	39	43	8,97
5	39	46	11,83
5	39	50	10,453
5	39	52	2,018
5	39	56	5,013
5	39	58	21,399
5	39	59	4,766
5	39	63	6,274
5	39	66	6,465
5	39	67	1,396
5	39	79	2,198
5	39	80	9,988
5	39	84	1,238
5	39	86	13,676
5	39	88	14,947
5	39	89	5,185
5	43	2	8,203
5	43	7	1,013
5	43	8	1,925
5	43	17	1,471
5	43	22	4,201
5	43	26	3,527
5	43	27	6,575
5	43	29	1,585
5	43	39	0,562
5	43	46	9,743
5	43	50	1,786
5	43	52	6,178
5	43	56	9,333
5	43	58	7,677
5	43	59	4,293
5	43	63	26,671
5	43	66	12,365
5	43	67	6,203
5	43	79	10,997
5	43	80	8,865
5	43	84	1,664
5	43	86	9,304
5	43	88	0,784
5	43	89	9,174
5	46	2	1,352
5	46	7	19,301
5	46	8	13,478
5	46	17	5,415
5	46	22	6,68
5	46	26	17,747
5	46	27	3,754
5	46	29	10,637
5	46	39	1,656
5	46	43	3,315
5	46	50	5,094
5	46	52	3,372
5	46	56	6,058
5	46	58	2,805
5	46	59	10,002
5	46	63	1,962
5	46	66	6,268
5	46	67	2,724
5	46	79	2,75
5	46	80	43,622
5	46	84	5,275
5	46	86	5,233
5	46	88	33,18
5	46	89	0,726
5	50	2	0,581
5	50	7	14,815
5	50	8	1,265
5	50	17	2,994
5	50	22	1,951
5	50	26	13,591
5	50	27	6,98
5	50	29	2,86
5	50	39	5,106
5	50	43	1,535
5	50	46	2,794
5	50	52	12,385
5	50	56	4,933
5	50	58	16,403
5	50	59	3,049
5	50	63	1,042
5	50	66	2,143
5	50	67	2,939
5	50	79	6,171
5	50	80	1,12
5	50	84	3,443
5	50	86	5,844
5	50	88	5,362
5	50	89	1,392
5	52	2	1,233
5	52	7	3,945
5	52	8	9,054
5	52	17	1,486
5	52	22	7,69
5	52	26	20,7
5	52	27	2,883
5	52	29	10,848
5	52	39	8,848
5	52	43	2,541
5	52	46	11,652
5	52	50	4,226
5	52	56	5,355
5	52	58	2,02
5	52	59	2,881
5	52	63	1,344
5	52	66	3,422
5	52	67	20,024
5	52	79	15,696
5	52	80	15,306
5	52	84	6,672
5	52	86	4,43
5	52	88	9,201
5	52	89	0,541
5	56	2	2,499
5	56	7	7,691
5	56	8	1,084
5	56	17	4,568
5	56	22	20,401
5	56	26	7,725
5	56	27	1,256
5	56	29	7,167
5	56	39	0,653
5	56	43	1,372
5	56	46	2,713
5	56	50	18,616
5	56	52	2,381
5	56	58	1,586
5	56	59	5,912
5	56	63	0,795
5	56	66	10,092
5	56	67	14,596
5	56	79	6,731
5	56	80	0,645
5	56	84	0,684
5	56	86	25,008
5	56	88	0,95
5	56	89	8,54
5	58	2	6,025
5	58	7	3,589
5	58	8	3,228
5	58	17	9,721
5	58	22	10,441
5	58	26	0,963
5	58	27	1,194
5	58	29	3,117
5	58	39	5,353
5	58	43	1,384
5	58	46	0,825
5	58	50	6,692
5	58	52	9,843
5	58	56	8,914
5	58	59	16,567
5	58	63	13,548
5	58	66	6,937
5	58	67	14,896
5	58	79	5,626
5	58	80	6,294
5	58	84	2,613
5	58	86	9,359
5	58	88	7,06
5	58	89	30,348
5	59	2	5,192
5	59	7	7,319
5	59	8	9,869
5	59	17	6,343
5	59	22	4,455
5	59	26	1,391
5	59	27	3,686
5	59	29	4,176
5	59	39	12,608
5	59	43	41,114
5	59	46	0,98
5	59	50	2,608
5	59	52	0,707
5	59	56	7,199
5	59	58	2,513
5	59	63	5,271
5	59	66	0,808
5	59	67	10,406
5	59	79	22,605
5	59	80	4,862
5	59	84	11,129
5	59	86	17,254
5	59	88	19,503
5	59	89	1,411
5	63	2	0,51
5	63	7	0,772
5	63	8	2,904
5	63	17	20,89
5	63	22	7,98
5	63	26	2,941
5	63	27	0,742
5	63	29	1,846
5	63	39	5,571
5	63	43	2,386
5	63	46	5,556
5	63	50	1,606
5	63	52	1,668
5	63	56	10,227
5	63	58	0,547
5	63	59	4,678
5	63	66	3,263
5	63	67	5,182
5	63	79	7,325
5	63	80	0,981
5	63	84	8,896
5	63	86	1,329
5	63	88	1,187
5	63	89	14,408
5	66	2	1,36
5	66	7	11,065
5	66	8	42,434
5	66	17	2,571
5	66	22	3,704
5	66	26	8,447
5	66	27	4,723
5	66	29	5,945
5	66	39	7,153
5	66	43	11,638
5	66	46	4,393
5	66	50	0,855
5	66	52	5,974
5	66	56	20,219
5	66	58	3,993
5	66	59	2,136
5	66	63	1,406
5	66	67	5,152
5	66	79	0,839
5	66	80	8,534
5	66	84	3,884
5	66	86	1,963
5	66	88	13,488
5	66	89	1,562
5	67	2	5,116
5	67	7	0,807
5	67	8	3,824
5	67	17	2,069
5	67	22	1,078
5	67	26	5,876
5	67	27	4,154
5	67	29	15,92
5	67	39	3,326
5	67	43	1,354
5	67	46	6,873
5	67	50	9,084
5	67	52	12,418
5	67	56	10,113
5	67	58	2,443
5	67	59	0,957
5	67	63	3,295
5	67	66	11,664
5	67	79	3,142
5	67	80	3,685
5	67	84	9,825
5	67	86	8,204
5	67	88	6,856
5	67	89	4,036
5	79	2	2,152
5	79	7	6,044
5	79	8	6,159
5	79	17	11,758
5	79	22	4,772
5	79	26	6,317
5	79	27	10,79
5	79	29	2,473
5	79	39	9,43
5	79	43	0,572
5	79	46	0,833
5	79	50	5,89
5	79	52	3,394
5	79	56	7,083
5	79	58	0,725
5	79	59	7,896
5	79	63	3,401
5	79	66	0,83
5	79	67	3,341
5	79	80	1,736
5	79	84	5,345
5	79	86	5,984
5	79	88	1,131
5	79	89	7,362
5	80	2	6,463
5	80	7	3,387
5	80	8	2,614
5	80	17	4,225
5	80	22	5,916
5	80	26	5,909
5	80	27	0,558
5	80	29	8,308
5	80	39	17,433
5	80	43	1,402
5	80	46	12,675
5	80	50	6,666
5	80	52	5,199
5	80	56	4,045
5	80	58	1,258
5	80	59	4,767
5	80	63	16,46
5	80	66	0,854
5	80	67	1,471
5	80	79	1,712
5	80	84	8,804
5	80	86	3,743
5	80	88	3,612
5	80	89	7,225
5	84	2	2,587
5	84	7	9,751
5	84	8	7,733
5	84	17	0,504
5	84	22	0,524
5	84	26	2,652
5	84	27	18,753
5	84	29	3,06
5	84	39	3,688
5	84	43	0,992
5	84	46	0,87
5	84	50	9,724
5	84	52	15,773
5	84	56	10,235
5	84	58	9,707
5	84	59	2,41
5	84	63	5,871
5	84	66	6,933
5	84	67	1,032
5	84	79	10,632
5	84	80	10,476
5	84	86	2,999
5	84	88	4,309
5	84	89	0,773
5	86	2	1,538
5	86	7	30,577
5	86	8	1,097
5	86	17	3,11
5	86	22	12,735
5	86	26	0,936
5	86	27	2,576
5	86	29	5,91
5	86	39	3,108
5	86	43	3,265
5	86	46	10,417
5	86	50	6,147
5	86	52	2,115
5	86	56	3,074
5	86	58	0,503
5	86	59	5,727
5	86	63	1,13
5	86	66	1,3
5	86	67	2,044
5	86	79	2,186
5	86	80	6,351
5	86	84	5,632
5	86	88	3,924
5	86	89	4,048
5	88	2	0,682
5	88	7	1,099
5	88	8	9,62
5	88	17	3,819
5	88	22	0,968
5	88	26	1,025
5	88	27	1,195
5	88	29	19,763
5	88	39	0,956
5	88	43	3,713
5	88	46	4,873
5	88	50	4,543
5	88	52	7,042
5	88	56	2,2
5	88	58	2,469
5	88	59	3,618
5	88	63	10,548
5	88	66	3,112
5	88	67	1,695
5	88	79	17,845
5	88	80	0,981
5	88	84	34,555
5	88	86	11,829
5	88	89	38,418
5	89	2	9,218
5	89	7	2,616
5	89	8	10,656
5	89	17	5,428
5	89	22	0,951
5	89	26	12,371
5	89	27	12,418
5	89	29	22,53
5	89	39	6,484
5	89	43	37,965
5	89	46	5,405
5	89	50	2,945
5	89	52	3,438
5	89	56	7,189
5	89	58	4,96
5	89	59	5,42
5	89	63	2,327
5	89	66	2,509
5	89	67	14,858
5	89	79	1,512
5	89	80	6,581
5	89	84	2,575
5	89	86	1,687
5	89	88	1,15
6	2	12	14,875
6	2	19	4,419
6	2	25	3,912
6	2	27	1,03
6	2	30	6,877
6	2	31	7,273
6	2	32	0,532
6	2	33	18,136
6	2	36	0,968
6	2	40	1,845
6	2	42	0,806
6	2	47	20,262
6	2	50	16,896
6	2	55	1,819
6	2	60	1,912
6	2	64	10,701
6	2	71	2,842
6	2	72	9,092
6	2	89	11,748
6	2	90	8,868
6	2	93	4,277
6	2	100	5,515
6	12	2	6,042
6	12	19	1,151
6	12	25	20,047
6	12	27	3,728
6	12	30	1,728
6	12	31	6,671
6	12	32	1,564
6	12	33	10,716
6	12	36	14,515
6	12	40	41,345
6	12	42	4,091
6	12	47	0,527
6	12	50	1,287
6	12	55	13,104
6	12	60	12,794
6	12	64	9,185
6	12	71	1,089
6	12	72	7,44
6	12	89	8,684
6	12	90	8,295
6	12	93	3,169
6	12	100	9,429
6	19	2	2,483
6	19	12	1,955
6	19	25	0,565
6	19	27	2,207
6	19	30	0,989
6	19	31	1,192
6	19	32	10,315
6	19	33	5,801
6	19	36	7,742
6	19	40	7,237
6	19	42	0,869
6	19	47	1,068
6	19	50	4,027
6	19	55	11,091
6	19	60	6,58
6	19	64	3,828
6	19	71	16,386
6	19	72	7,951
6	19	89	2,293
6	19	90	1,951
6	19	93	9,294
6	19	100	13,588
6	25	2	1,903
6	25	12	2,413
6	25	19	12,151
6	25	27	16,14
6	25	30	5,127
6	25	31	3,677
6	25	32	3,931
6	25	33	1,678
6	25	36	2,761
6	25	40	3,636
6	25	42	2,387
6	25	47	54,388
6	25	50	2,864
6	25	55	1,358
6	25	60	21,319
6	25	64	3,046
6	25	71	10,148
6	25	72	5,604
6	25	89	3,42
6	25	90	5,232
6	25	93	3,661
6	25	100	6,532
6	27	2	0,813
6	27	12	1,099
6	27	19	0,539
6	27	25	2,88
6	27	30	2,006
6	27	31	0,827
6	27	32	9,438
6	27	33	2,615
6	27	36	1,441
6	27	40	1,917
6	27	42	2,095
6	27	47	10,207
6	27	50	10,261
6	27	55	13,637
6	27	60	2,191
6	27	64	2,357
6	27	71	2,008
6	27	72	2,098
6	27	89	17,578
6	27	90	4,389
6	27	93	6,297
6	27	100	1,316
6	30	2	7,091
6	30	12	15,029
6	30	19	11,07
6	30	25	1,607
6	30	27	0,669
6	30	31	0,687
6	30	32	2,447
6	30	33	0,849
6	30	36	0,783
6	30	40	6,746
6	30	42	12,434
6	30	47	0,967
6	30	50	7,944
6	30	55	13,52
6	30	60	14,635
6	30	64	16,613
6	30	71	15,474
6	30	72	0,671
6	30	89	5,643
6	30	90	2,86
6	30	93	14,633
6	30	100	0,501
6	31	2	6,822
6	31	12	18,192
6	31	19	1,767
6	31	25	23,76
6	31	27	8,966
6	31	30	9,58
6	31	32	1,596
6	31	33	7,427
6	31	36	12,882
6	31	40	1,253
6	31	42	1,461
6	31	47	1,013
6	31	50	2,894
6	31	55	14,535
6	31	60	10,496
6	31	64	2,094
6	31	71	0,651
6	31	72	3,333
6	31	89	1,322
6	31	90	6,899
6	31	93	1,974
6	31	100	0,785
6	32	2	2,984
6	32	12	2,883
6	32	19	8,542
6	32	25	6,292
6	32	27	1,222
6	32	30	34,265
6	32	31	1,439
6	32	33	1,618
6	32	36	1,098
6	32	40	6,521
6	32	42	7,979
6	32	47	6,088
6	32	50	3,509
6	32	55	5,738
6	32	60	5,985
6	32	64	5,357
6	32	71	1,443
6	32	72	9,292
6	32	89	1,48
6	32	90	11,593
6	32	93	4,458
6	32	100	4,07
6	33	2	18,043
6	33	12	2,523
6	33	19	1,362
6	33	25	9,559
6	33	27	9,794
6	33	30	1,681
6	33	31	8,338
6	33	32	2,83
6	33	36	40,034
6	33	40	26,056
6	33	42	5,586
6	33	47	2,394
6	33	50	0,568
6	33	55	4,559
6	33	60	4,655
6	33	64	1,074
6	33	71	7,513
6	33	72	2,578
6	33	89	15,955
6	33	90	3,144
6	33	93	3,759
6	33	100	15,909
6	36	2	23,11
6	36	12	1,969
6	36	19	9,22
6	36	25	1,831
6	36	27	6,942
6	36	30	2,063
6	36	31	6,445
6	36	32	2,731
6	36	33	3,974
6	36	40	2,744
6	36	42	2,716
6	36	47	4,04
6	36	50	9,289
6	36	55	5,7
6	36	60	7,863
6	36	64	3,692
6	36	71	2,932
6	36	72	0,652
6	36	89	22,828
6	36	90	1,714
6	36	93	1,84
6	36	100	3,228
6	40	2	4,657
6	40	12	10,785
6	40	19	16,137
6	40	25	1,469
6	40	27	3,058
6	40	30	3,171
6	40	31	1,196
6	40	32	2,344
6	40	33	7,737
6	40	36	6,965
6	40	42	1,34
6	40	47	2,416
6	40	50	2,333
6	40	55	26,063
6	40	60	5,712
6	40	64	1,267
6	40	71	8,047
6	40	72	3,627
6	40	89	0,762
6	40	90	10,548
6	40	93	1,538
6	40	100	4,412
6	42	2	1,591
6	42	12	2,368
6	42	19	1,439
6	42	25	4,18
6	42	27	0,602
6	42	30	24,953
6	42	31	2,926
6	42	32	2,525
6	42	33	3,925
6	42	36	0,682
6	42	40	3,548
6	42	47	1,123
6	42	50	11,409
6	42	55	12,072
6	42	60	6,659
6	42	64	1,428
6	42	71	12,349
6	42	72	14,212
6	42	89	6,083
6	42	90	12,097
6	42	93	6,362
6	42	100	5,893
6	47	2	3,11
6	47	12	8,748
6	47	19	7,193
6	47	25	10,533
6	47	27	8,971
6	47	30	3,03
6	47	31	0,917
6	47	32	11,793
6	47	33	3,707
6	47	36	0,918
6	47	40	14,466
6	47	42	2,404
6	47	50	11,886
6	47	55	2,989
6	47	60	2,363
6	47	64	5,552
6	47	71	1,263
6	47	72	3,161
6	47	89	3,374
6	47	90	0,617
6	47	93	5,333
6	47	100	5,275
6	50	2	1,223
6	50	12	0,641
6	50	19	3,647
6	50	25	12,451
6	50	27	2,579
6	50	30	9,179
6	50	31	26,838
6	50	32	3,782
6	50	33	3,817
6	50	36	8,159
6	50	40	6,805
6	50	42	2,426
6	50	47	1,294
6	50	55	5,376
6	50	60	8,545
6	50	64	0,726
6	50	71	0,798
6	50	72	8,11
6	50	89	1,588
6	50	90	8,247
6	50	93	12,445
6	50	100	7,637
6	55	2	6,62
6	55	12	5,41
6	55	19	1,078
6	55	25	3,175
6	55	27	3,239
6	55	30	16,548
6	55	31	1,436
6	55	32	22,763
6	55	33	2,281
6	55	36	1,183
6	55	40	20,412
6	55	42	7,278
6	55	47	1,459
6	55	50	2,4
6	55	60	14,664
6	55	64	1,545
6	55	71	6,037
6	55	72	26,213
6	55	89	7,367
6	55	90	9,494
6	55	93	11,618
6	55	100	3,025
6	60	2	9,254
6	60	12	1,902
6	60	19	2,402
6	60	25	1,344
6	60	27	5,656
6	60	30	1,58
6	60	31	18,316
6	60	32	2,804
6	60	33	2,002
6	60	36	0,704
6	60	40	2,895
6	60	42	1,433
6	60	47	3,379
6	60	50	3,794
6	60	55	1,611
6	60	64	1,972
6	60	71	6,208
6	60	72	4,309
6	60	89	10,962
6	60	90	14,172
6	60	93	1,443
6	60	100	2,81
6	64	2	27,06
6	64	12	5,099
6	64	19	7,916
6	64	25	23,04
6	64	27	0,857
6	64	30	1,453
6	64	31	9,498
6	64	32	3,162
6	64	33	1,281
6	64	36	7,401
6	64	40	3,173
6	64	42	0,58
6	64	47	10,221
6	64	50	1,79
6	64	55	2,454
6	64	60	16,631
6	64	71	6,058
6	64	72	0,598
6	64	89	14,665
6	64	90	4,137
6	64	93	18,583
6	64	100	9,485
6	71	2	0,564
6	71	12	3,583
6	71	19	1,14
6	71	25	1,537
6	71	27	5,425
6	71	30	5,791
6	71	31	2,507
6	71	32	5,381
6	71	33	4,668
6	71	36	2,791
6	71	40	2,926
6	71	42	1,53
6	71	47	1,787
6	71	50	17,446
6	71	55	3,812
6	71	60	8,512
6	71	64	4,875
6	71	72	8,556
6	71	89	7,317
6	71	90	6,096
6	71	93	4,914
6	71	100	4,125
6	72	2	4,94
6	72	12	9,143
6	72	19	4,056
6	72	25	15,814
6	72	27	2,023
6	72	30	35,479
6	72	31	4,558
6	72	32	3,139
6	72	33	1,227
6	72	36	9,066
6	72	40	14,843
6	72	42	1,075
6	72	47	0,748
6	72	50	14,542
6	72	55	5,523
6	72	60	9,655
6	72	64	5,813
6	72	71	0,911
6	72	89	4,652
6	72	90	5,638
6	72	93	2,765
6	72	100	4,928
6	89	2	6,795
6	89	12	5,535
6	89	19	1,916
6	89	25	1,154
6	89	27	16,966
6	89	30	0,888
6	89	31	2,178
6	89	32	0,811
6	89	33	31,29
6	89	36	1,215
6	89	40	6,496
6	89	42	2,463
6	89	47	8,044
6	89	50	2,298
6	89	55	4,306
6	89	60	31,24
6	89	64	2,156
6	89	71	25,835
6	89	72	13,073
6	89	90	6,981
6	89	93	30,082
6	89	100	8,074
6	90	2	1,248
6	90	12	5,272
6	90	19	9,095
6	90	25	5,329
6	90	27	15,059
6	90	30	3,73
6	90	31	4,688
6	90	32	1,434
6	90	33	4,748
6	90	36	19,802
6	90	40	1,471
6	90	42	4
6	90	47	1,369
6	90	50	1,251
6	90	55	2,603
6	90	60	1,43
6	90	64	5,605
6	90	71	1,611
6	90	72	22,713
6	90	89	4,622
6	90	93	6,018
6	90	100	22,536
6	93	2	5,031
6	93	12	6,961
6	93	19	11,658
6	93	25	1,963
6	93	27	3,209
6	93	30	2,367
6	93	31	12,645
6	93	32	2,049
6	93	33	3,906
6	93	36	0,588
6	93	40	2,002
6	93	42	8,273
6	93	47	0,987
6	93	50	7,898
6	93	55	2,366
6	93	60	1,046
6	93	64	1,931
6	93	71	7,515
6	93	72	1,476
6	93	89	1,264
6	93	90	1,14
6	93	100	16,165
6	100	2	4,976
6	100	12	4,624
6	100	19	6,128
6	100	25	3,699
6	100	27	6,126
6	100	30	5,884
6	100	31	14,315
6	100	32	4,469
6	100	33	2,156
6	100	36	13,07
6	100	40	15,497
6	100	42	7,317
6	100	47	5,671
6	100	50	8,723
6	100	55	3,94
6	100	60	3,686
6	100	64	1,791
6	100	71	1,251
6	100	72	1,991
6	100	89	0,608
6	100	90	5,677
6	100	93	13,643
7	10	13	36,997
7	10	24	5,891
7	10	34	0,6
7	10	36	0,87
7	10	38	1,16
7	10	48	6,913
7	10	57	5,036
7	10	69	0,785
7	10	70	11,396
7	10	72	5,075
7	10	75	23,622
7	10	81	1,759
7	10	93	12,445
7	10	95	11,229
7	10	98	5,138
7	13	10	8,311
7	13	24	13,907
7	13	34	2,151
7	13	36	1,178
7	13	38	15,531
7	13	48	5,88
7	13	57	1,273
7	13	69	4,04
7	13	70	2,226
7	13	72	0,591
7	13	75	11,931
7	13	81	4,446
7	13	93	11,99
7	13	95	0,909
7	13	98	2,493
7	24	10	1,822
7	24	13	21,87
7	24	34	11,016
7	24	36	13,843
7	24	38	0,52
7	24	48	9,179
7	24	57	5,612
7	24	69	2,678
7	24	70	1,902
7	24	72	2,188
7	24	75	3,343
7	24	81	1,549
7	24	93	2,665
7	24	95	2,668
7	24	98	0,609
7	34	10	2,01
7	34	13	2,257
7	34	24	1,641
7	34	36	19,945
7	34	38	10,234
7	34	48	3,93
7	34	57	23,938
7	34	69	2,831
7	34	70	4,243
7	34	72	5,717
7	34	75	3,265
7	34	81	5,692
7	34	93	17,401
7	34	95	7,236
7	34	98	5,697
7	36	10	4,4
7	36	13	6,65
7	36	24	4,188
7	36	34	25,356
7	36	38	21,055
7	36	48	1,086
7	36	57	8,735
7	36	69	0,748
7	36	70	14,016
7	36	72	1,007
7	36	75	1,414
7	36	81	2,804
7	36	93	1,962
7	36	95	6,281
7	36	98	6,285
7	38	10	0,777
7	38	13	5,568
7	38	24	1,251
7	38	34	16,961
7	38	36	9,782
7	38	48	5,993
7	38	57	3,308
7	38	69	7,234
7	38	70	8,393
7	38	72	8,558
7	38	75	3,937
7	38	81	3,579
7	38	93	0,623
7	38	95	5,482
7	38	98	1,235
7	48	10	13,807
7	48	13	3,13
7	48	24	4,75
7	48	34	3,606
7	48	36	4,316
7	48	38	13,763
7	48	57	1,051
7	48	69	1,099
7	48	70	5,158
7	48	72	4,664
7	48	75	38,018
7	48	81	7,955
7	48	93	3,014
7	48	95	64,907
7	48	98	5,717
7	57	10	18,086
7	57	13	4,033
7	57	24	17,354
7	57	34	0,969
7	57	36	4,142
7	57	38	17,79
7	57	48	4,032
7	57	69	1,899
7	57	70	7,384
7	57	72	8,959
7	57	75	23,826
7	57	81	15,496
7	57	93	8,614
7	57	95	8,957
7	57	98	8,546
7	69	10	6,873
7	69	13	4,609
7	69	24	5,329
7	69	34	10,387
7	69	36	2,748
7	69	38	5,699
7	69	48	11,486
7	69	57	17,611
7	69	70	1,654
7	69	72	2,39
7	69	75	4,936
7	69	81	20,353
7	69	93	5,995
7	69	95	5,276
7	69	98	2,367
7	70	10	2,932
7	70	13	4,656
7	70	24	2,787
7	70	34	1,009
7	70	36	6,523
7	70	38	2,95
7	70	48	10,587
7	70	57	7,978
7	70	69	3,486
7	70	72	2,629
7	70	75	0,639
7	70	81	5,102
7	70	93	8,108
7	70	95	8,682
7	70	98	2,278
7	72	10	10,761
7	72	13	8,713
7	72	24	5,878
7	72	34	8,719
7	72	36	1,464
7	72	38	2,321
7	72	48	11,244
7	72	57	10,985
7	72	69	0,61
7	72	70	4,858
7	72	75	2,072
7	72	81	13,895
7	72	93	7,08
7	72	95	6,661
7	72	98	3,941
7	75	10	3,954
7	75	13	2,33
7	75	24	0,528
7	75	34	14,023
7	75	36	1,517
7	75	38	16,626
7	75	48	1,954
7	75	57	1
7	75	69	3,66
7	75	70	7,981
7	75	72	10,398
7	75	81	7,513
7	75	93	6,447
7	75	95	7,565
7	75	98	18,569
7	81	10	7,679
7	81	13	1,542
7	81	24	1,995
7	81	34	2,73
7	81	36	3,888
7	81	38	0,546
7	81	48	34,053
7	81	57	0,586
7	81	69	17,818
7	81	70	10,826
7	81	72	6,377
7	81	75	1,978
7	81	93	7,26
7	81	95	1,257
7	81	98	1,057
7	93	10	0,795
7	93	13	2,045
7	93	24	6,168
7	93	34	5,641
7	93	36	3,033
7	93	38	0,846
7	93	48	6,194
7	93	57	10,793
7	93	69	5,667
7	93	70	2,62
7	93	72	7,685
7	93	75	0,588
7	93	81	13,531
7	93	95	4,919
7	93	98	21,631
7	95	10	2,538
7	95	13	30,57
7	95	24	0,565
7	95	34	5,324
7	95	36	5,058
7	95	38	13,007
7	95	48	14,695
7	95	57	1,846
7	95	69	17,191
7	95	70	10,132
7	95	72	2,199
7	95	75	5,982
7	95	81	6,233
7	95	93	0,675
7	95	98	8,727
7	98	10	5,426
7	98	13	5,938
7	98	24	2,66
7	98	34	2,978
7	98	36	6,424
7	98	38	3,345
7	98	48	20,274
7	98	57	2,439
7	98	69	4,736
7	98	70	3,621
7	98	72	1,82
7	98	75	8,222
7	98	81	1,053
7	98	93	8,93
7	98	95	3,964
8	9	11	16,896
8	9	15	5,465
8	9	25	2,384
8	9	27	8,106
8	9	41	11,979
8	9	54	16,997
8	9	55	16,995
8	9	66	2,45
8	9	74	6,707
8	9	77	5,957
8	9	82	0,964
8	9	83	1,42
8	9	84	2,179
8	9	86	2,558
8	9	90	14,902
8	9	91	15,079
8	11	9	0,84
8	11	15	18,08
8	11	25	6,701
8	11	27	1,356
8	11	41	6,039
8	11	54	27,14
8	11	55	6,608
8	11	66	0,728
8	11	74	19,436
8	11	77	0,653
8	11	82	3,687
8	11	83	2,506
8	11	84	10,882
8	11	86	10,09
8	11	90	4,347
8	11	91	38,628
8	15	9	6,291
8	15	11	2,736
8	15	25	0,516
8	15	27	2,839
8	15	41	0,67
8	15	54	6,441
8	15	55	1,824
8	15	66	4,435
8	15	74	5,248
8	15	77	3,484
8	15	82	5,715
8	15	83	12,383
8	15	84	19,105
8	15	86	5,522
8	15	90	0,914
8	15	91	27,608
8	25	9	6,288
8	25	11	2
8	25	15	4,095
8	25	27	9,746
8	25	41	8,071
8	25	54	4,998
8	25	55	4,792
8	25	66	4,434
8	25	74	15,274
8	25	77	1,093
8	25	82	18,848
8	25	83	5,826
8	25	84	8,822
8	25	86	7,928
8	25	90	2,345
8	25	91	7,585
8	27	9	1,416
8	27	11	10,101
8	27	15	0,655
8	27	25	23,804
8	27	41	7,882
8	27	54	0,994
8	27	55	8,884
8	27	66	2,694
8	27	74	7,361
8	27	77	2,733
8	27	82	2,956
8	27	83	2,568
8	27	84	1,35
8	27	86	2,216
8	27	90	6,316
8	27	91	9,181
8	41	9	4,706
8	41	11	1,334
8	41	15	0,811
8	41	25	4,632
8	41	27	3,148
8	41	54	2,112
8	41	55	0,965
8	41	66	5,029
8	41	74	1,26
8	41	77	1,022
8	41	82	8,898
8	41	83	1,685
8	41	84	0,892
8	41	86	2,512
8	41	90	1,702
8	41	91	5,063
8	54	9	5,333
8	54	11	11,017
8	54	15	3,426
8	54	25	0,642
8	54	27	4,462
8	54	41	2,704
8	54	55	8,22
8	54	66	3,149
8	54	74	2,959
8	54	77	13,369
8	54	82	15,152
8	54	83	12,455
8	54	84	9,727
8	54	86	0,934
8	54	90	8,259
8	54	91	1,93
8	55	9	2,769
8	55	11	0,548
8	55	15	3,467
8	55	25	9,544
8	55	27	5,876
8	55	41	8,245
8	55	54	6,539
8	55	66	3,487
8	55	74	19,853
8	55	77	8,331
8	55	82	0,918
8	55	83	10,446
8	55	84	5,567
8	55	86	26,494
8	55	90	1,088
8	55	91	15,204
8	66	9	6,759
8	66	11	1,178
8	66	15	7,791
8	66	25	4,077
8	66	27	2,284
8	66	41	3,139
8	66	54	9,423
8	66	55	13,584
8	66	74	5,115
8	66	77	9,011
8	66	82	6,874
8	66	83	2,863
8	66	84	7,79
8	66	86	0,651
8	66	90	10,133
8	66	91	11,586
8	74	9	4,764
8	74	11	1,652
8	74	15	5,885
8	74	25	5,96
8	74	27	17,76
8	74	41	11,78
8	74	54	1,527
8	74	55	2,207
8	74	66	3,337
8	74	77	12,583
8	74	82	4,757
8	74	83	3,459
8	74	84	4,966
8	74	86	4,129
8	74	90	8,081
8	74	91	9,092
8	77	9	0,978
8	77	11	16,751
8	77	15	10,155
8	77	25	3,677
8	77	27	1,147
8	77	41	3,206
8	77	54	2,071
8	77	55	5,748
8	77	66	6,994
8	77	74	7,865
8	77	82	4,23
8	77	83	9,148
8	77	84	1,889
8	77	86	1,684
8	77	90	8,133
8	77	91	3,848
8	82	9	3,207
8	82	11	0,819
8	82	15	3,546
8	82	25	9,534
8	82	27	4,106
8	82	41	2,073
8	82	54	1,625
8	82	55	2,527
8	82	66	7,978
8	82	74	0,975
8	82	77	6,018
8	82	83	3,592
8	82	84	2,417
8	82	86	15,298
8	82	90	17,695
8	82	91	5,784
8	83	9	1,199
8	83	11	1,175
8	83	15	1,367
8	83	25	18,309
8	83	27	6,346
8	83	41	3,329
8	83	54	1,853
8	83	55	8,906
8	83	66	2,544
8	83	74	4,958
8	83	77	9,002
8	83	82	21,593
8	83	84	4,252
8	83	86	9,994
8	83	90	1,865
8	83	91	2,73
8	84	9	15,348
8	84	11	11,1
8	84	15	9,548
8	84	25	1,654
8	84	27	1,534
8	84	41	6,497
8	84	54	4,122
8	84	55	3,16
8	84	66	1,726
8	84	74	12,509
8	84	77	5,744
8	84	82	4,213
8	84	83	11,573
8	84	86	11,134
8	84	90	7,452
8	84	91	2,607
8	86	9	1,142
8	86	11	0,835
8	86	15	29,836
8	86	25	4,712
8	86	27	6,607
8	86	41	3,709
8	86	54	4,355
8	86	55	0,62
8	86	66	0,841
8	86	74	2,062
8	86	77	8,329
8	86	82	7,637
8	86	83	4,363
8	86	84	4,802
8	86	90	1,373
8	86	91	4,526
8	90	9	1,802
8	90	11	0,831
8	90	15	3,276
8	90	25	4,27
8	90	27	0,806
8	90	41	3,474
8	90	54	4,905
8	90	55	3,916
8	90	66	5,511
8	90	74	6,235
8	90	77	1,91
8	90	82	2,378
8	90	83	3,016
8	90	84	7,913
8	90	86	11,448
8	90	91	1,554
8	91	9	10,347
8	91	11	0,582
8	91	15	7,919
8	91	25	6,159
8	91	27	10,835
8	91	41	5,338
8	91	54	11,271
8	91	55	3,02
8	91	66	3,32
8	91	74	5,359
8	91	77	11,991
8	91	82	3,9
8	91	83	2,609
8	91	84	0,65
8	91	86	3,592
8	91	90	27,882
9	3	5	2,887
9	3	27	3,933
9	3	33	2,002
9	3	34	2,687
9	3	37	1,471
9	3	45	5,017
9	3	47	1,098
9	3	49	0,602
9	3	52	9,06
9	3	60	7,663
9	3	66	9,226
9	3	70	2,534
9	3	71	2,338
9	3	75	5,104
9	3	85	5,565
9	3	92	4,023
9	3	99	3,75
9	5	3	11,926
9	5	27	23,924
9	5	33	0,501
9	5	34	1,362
9	5	37	1,587
9	5	45	5,314
9	5	47	3,503
9	5	49	1,592
9	5	52	4,155
9	5	60	6,652
9	5	66	16,191
9	5	70	18,134
9	5	71	4,419
9	5	75	0,577
9	5	85	3,032
9	5	92	2,125
9	5	99	2,877
9	27	3	1,923
9	27	5	22,423
9	27	33	4,111
9	27	34	1,768
9	27	37	6,331
9	27	45	1,059
9	27	47	0,848
9	27	49	2,727
9	27	52	14,086
9	27	60	9,48
9	27	66	22,023
9	27	70	6,367
9	27	71	0,86
9	27	75	10,32
9	27	85	1,979
9	27	92	12,244
9	27	99	2,464
9	33	3	0,524
9	33	5	1,23
9	33	27	3,977
9	33	34	3,386
9	33	37	13,486
9	33	45	7,099
9	33	47	7,242
9	33	49	4,024
9	33	52	14,342
9	33	60	2,597
9	33	66	2,126
9	33	70	9,518
9	33	71	1,253
9	33	75	0,918
9	33	85	16,502
9	33	92	2,703
9	33	99	2,621
9	34	3	2,594
9	34	5	3,055
9	34	27	0,794
9	34	33	3,428
9	34	37	3,7
9	34	45	4,287
9	34	47	4,913
9	34	49	12,555
9	34	52	4,311
9	34	60	1,363
9	34	66	18,094
9	34	70	22,2
9	34	71	1,403
9	34	75	7,346
9	34	85	11,078
9	34	92	3,386
9	34	99	4,994
9	37	3	2,991
9	37	5	4,258
9	37	27	7,04
9	37	33	1,142
9	37	34	3,936
9	37	45	2,299
9	37	47	7,165
9	37	49	0,532
9	37	52	8,502
9	37	60	4,091
9	37	66	16,788
9	37	70	5,973
9	37	71	3,767
9	37	75	2,518
9	37	85	3,049
9	37	92	4,221
9	37	99	6,122
9	45	3	8,631
9	45	5	13,16
9	45	27	3,652
9	45	33	6,641
9	45	34	6,117
9	45	37	0,848
9	45	47	4,806
9	45	49	4,716
9	45	52	13,506
9	45	60	5,316
9	45	66	14,847
9	45	70	2,152
9	45	71	11,484
9	45	75	57,905
9	45	85	6,96
9	45	92	3,232
9	45	99	2,531
9	47	3	1,676
9	47	5	6,868
9	47	27	9,157
9	47	33	13,673
9	47	34	5,517
9	47	37	22,264
9	47	45	2,298
9	47	49	2,779
9	47	52	16,764
9	47	60	12,3
9	47	66	10,433
9	47	70	7,662
9	47	71	2,966
9	47	75	11,378
9	47	85	1,725
9	47	92	7,038
9	47	99	14,403
9	49	3	4,926
9	49	5	5,714
9	49	27	3,507
9	49	33	1,184
9	49	34	4,946
9	49	37	4,357
9	49	45	5,29
9	49	47	14,206
9	49	52	8,014
9	49	60	29,294
9	49	66	1,406
9	49	70	2,53
9	49	71	1,547
9	49	75	9,934
9	49	85	11,278
9	49	92	12,311
9	49	99	2,763
9	52	3	0,583
9	52	5	4,183
9	52	27	12,762
9	52	33	4,38
9	52	34	0,832
9	52	37	15,125
9	52	45	0,505
9	52	47	4,687
9	52	49	2,013
9	52	60	1,934
9	52	66	3,402
9	52	70	1,642
9	52	71	1,445
9	52	75	1,287
9	52	85	0,627
9	52	92	12,23
9	52	99	2,139
9	60	3	3,461
9	60	5	1,05
9	60	27	1,915
9	60	33	1,579
9	60	34	4,615
9	60	37	2,9
9	60	45	1,669
9	60	47	17,22
9	60	49	3,024
9	60	52	4,446
9	60	66	2,446
9	60	70	6,349
9	60	71	3,51
9	60	75	9,458
9	60	85	17,182
9	60	92	1,275
9	60	99	4,303
9	66	3	31,405
9	66	5	4,561
9	66	27	2,841
9	66	33	0,642
9	66	34	3,667
9	66	37	29,073
9	66	45	0,659
9	66	47	7,992
9	66	49	5,098
9	66	52	2,027
9	66	60	5,05
9	66	70	3,386
9	66	71	7,802
9	66	75	2,243
9	66	85	2,211
9	66	92	1,582
9	66	99	16,07
9	70	3	3,351
9	70	5	7,338
9	70	27	16,955
9	70	33	1,092
9	70	34	5,811
9	70	37	1,446
9	70	45	5,84
9	70	47	1,157
9	70	49	5,122
9	70	52	14,732
9	70	60	5,347
9	70	66	0,847
9	70	71	3,105
9	70	75	14,35
9	70	85	18,065
9	70	92	7,167
9	70	99	10,85
9	71	3	2,716
9	71	5	1,095
9	71	27	6,47
9	71	33	0,635
9	71	34	8,61
9	71	37	9,584
9	71	45	24,89
9	71	47	1,841
9	71	49	11,116
9	71	52	2,475
9	71	60	4,055
9	71	66	3,218
9	71	70	13,912
9	71	75	3,688
9	71	85	1,396
9	71	92	0,952
9	71	99	11,88
9	75	3	7,498
9	75	5	0,604
9	75	27	14,748
9	75	33	2,772
9	75	34	12,578
9	75	37	9,271
9	75	45	9,565
9	75	47	3,965
9	75	49	1,748
9	75	52	3,982
9	75	60	4,284
9	75	66	13,327
9	75	70	3,308
9	75	71	3,971
9	75	85	2,518
9	75	92	5,026
9	75	99	1,633
9	85	3	4,648
9	85	5	1,225
9	85	27	7,929
9	85	33	1,753
9	85	34	16,211
9	85	37	2,851
9	85	45	3,069
9	85	47	19,495
9	85	49	2,948
9	85	52	15,965
9	85	60	1,333
9	85	66	22,163
9	85	70	12,758
9	85	71	4,605
9	85	75	10,002
9	85	92	12,653
9	85	99	1,349
9	92	3	1,272
9	92	5	6,664
9	92	27	2,714
9	92	33	0,869
9	92	34	6,079
9	92	37	5,987
9	92	45	1,125
9	92	47	6,603
9	92	49	10,63
9	92	52	4,154
9	92	60	1,612
9	92	66	3,421
9	92	70	7,196
9	92	71	9,61
9	92	75	5,054
9	92	85	1,063
9	92	99	3,326
9	99	3	6,32
9	99	5	7,358
9	99	27	7,045
9	99	33	4,423
9	99	34	4,654
9	99	37	3,481
9	99	45	2,456
9	99	47	0,904
9	99	49	12,355
9	99	52	14
9	99	60	2,183
9	99	66	6,884
9	99	70	20,47
9	99	71	2,967
9	99	75	5,277
9	99	85	10,295
9	99	92	3,74
10	6	14	0,747
10	6	19	2,034
10	6	21	11,959
10	6	23	1,098
10	6	32	11,481
10	6	37	6,647
10	6	46	0,541
10	6	63	3,3
10	6	65	3,065
10	6	68	0,968
10	6	69	6,452
10	6	70	1,58
10	6	78	8,798
10	6	80	3,258
10	6	86	3,616
10	6	99	1,975
10	14	6	5,232
10	14	19	9,564
10	14	21	5,718
10	14	23	4,063
10	14	32	3,531
10	14	37	16,407
10	14	46	15,988
10	14	63	0,586
10	14	65	1,63
10	14	68	0,582
10	14	69	5,114
10	14	70	4,792
10	14	78	5,911
10	14	80	2,773
10	14	86	2,634
10	14	99	8,338
10	19	6	1,196
10	19	14	1,063
10	19	21	1,477
10	19	23	1,051
10	19	32	2,374
10	19	37	3,743
10	19	46	20,856
10	19	63	1,706
10	19	65	6,32
10	19	68	7,919
10	19	69	1,185
10	19	70	1,754
10	19	78	5,258
10	19	80	6,473
10	19	86	3,425
10	19	99	11,47
10	21	6	2,81
10	21	14	1,629
10	21	19	1,567
10	21	23	1,987
10	21	32	9,085
10	21	37	8,433
10	21	46	1,225
10	21	63	1,759
10	21	65	16,868
10	21	68	4,923
10	21	69	3,925
10	21	70	5,413
10	21	78	6,995
10	21	80	2,588
10	21	86	4,066
10	21	99	1,721
10	23	6	0,908
10	23	14	1,791
10	23	19	6,963
10	23	21	2,418
10	23	32	8,397
10	23	37	9,634
10	23	46	3,794
10	23	63	12,828
10	23	65	3,406
10	23	68	4,937
10	23	69	8,119
10	23	70	9,062
10	23	78	6,104
10	23	80	2,801
10	23	86	9,962
10	23	99	5,384
10	32	6	1,645
10	32	14	5,244
10	32	19	8,851
10	32	21	0,878
10	32	23	5,11
10	32	37	5,505
10	32	46	3,185
10	32	63	4,008
10	32	65	1,912
10	32	68	1,254
10	32	69	0,89
10	32	70	2,233
10	32	78	3,67
10	32	80	1,119
10	32	86	10,916
10	32	99	7,806
10	37	6	0,955
10	37	14	4,698
10	37	19	31,781
10	37	21	11,08
10	37	23	11,187
10	37	32	32,47
10	37	46	15,555
10	37	63	9,227
10	37	65	9,756
10	37	68	11,695
10	37	69	5,134
10	37	70	0,943
10	37	78	3,911
10	37	80	4,062
10	37	86	2,914
10	37	99	16,595
10	46	6	2,473
10	46	14	7,712
10	46	19	2,665
10	46	21	1,255
10	46	23	14,013
10	46	32	8,193
10	46	37	6,647
10	46	63	6,549
10	46	65	2,196
10	46	68	5,9
10	46	69	3,036
10	46	70	4,14
10	46	78	5,062
10	46	80	2,053
10	46	86	4,074
10	46	99	5,409
10	63	6	12,953
10	63	14	3,3
10	63	19	2,091
10	63	21	3,674
10	63	23	1,022
10	63	32	1,601
10	63	37	2,214
10	63	46	13,231
10	63	65	2,804
10	63	68	3,735
10	63	69	0,704
10	63	70	23,83
10	63	78	0,822
10	63	80	1,623
10	63	86	4,406
10	63	99	9,879
10	65	6	5,669
10	65	14	3,285
10	65	19	1,468
10	65	21	1,767
10	65	23	14,615
10	65	32	4,428
10	65	37	3,852
10	65	46	9,893
10	65	63	1,132
10	65	68	6,226
10	65	69	6,789
10	65	70	1,314
10	65	78	6,883
10	65	80	2,513
10	65	86	11,321
10	65	99	4,676
10	68	6	9,072
10	68	14	9,142
10	68	19	3,348
10	68	21	8,003
10	68	23	9,892
10	68	32	1,171
10	68	37	10,338
10	68	46	1,732
10	68	63	11,61
10	68	65	1,883
10	68	69	4,43
10	68	70	1,086
10	68	78	3,442
10	68	80	2,763
10	68	86	25,771
10	68	99	3,318
10	69	6	0,78
10	69	14	0,663
10	69	19	2,687
10	69	21	2,804
10	69	23	6,024
10	69	32	6,755
10	69	37	3,754
10	69	46	8,226
10	69	63	4,723
10	69	65	8,91
10	69	68	12,952
10	69	70	3,643
10	69	78	2,481
10	69	80	2,408
10	69	86	4,558
10	69	99	0,957
10	70	6	9,921
10	70	14	3,332
10	70	19	1,289
10	70	21	5,93
10	70	23	1,002
10	70	32	4,628
10	70	37	6,638
10	70	46	5,462
10	70	63	1,115
10	70	65	14,145
10	70	68	11,107
10	70	69	16,801
10	70	78	1,217
10	70	80	8,222
10	70	86	9,517
10	70	99	8,029
10	78	6	4,288
10	78	14	6,718
10	78	19	2,271
10	78	21	3,01
10	78	23	8,218
10	78	32	2,52
10	78	37	11,912
10	78	46	9,268
10	78	63	1,36
10	78	65	3,767
10	78	68	3,374
10	78	69	2,981
10	78	70	3,214
10	78	80	1,202
10	78	86	3,483
10	78	99	24,715
10	80	6	2,016
10	80	14	3,601
10	80	19	24,02
10	80	21	3,791
10	80	23	3,923
10	80	32	13,265
10	80	37	7,15
10	80	46	10,649
10	80	63	10,271
10	80	65	3,731
10	80	68	2,741
10	80	69	15,646
10	80	70	1,072
10	80	78	8,163
10	80	86	2,974
10	80	99	20,214
10	86	6	0,673
10	86	14	6,436
10	86	19	0,91
10	86	21	7,331
10	86	23	1,149
10	86	32	1,847
10	86	37	5,42
10	86	46	1,115
10	86	63	15,361
10	86	65	8,191
10	86	68	5,336
10	86	69	22,201
10	86	70	2,339
10	86	78	1,009
10	86	80	7,863
10	86	99	2,076
10	99	6	5,149
10	99	14	9,774
10	99	19	3,092
10	99	21	4,861
10	99	23	3,02
10	99	32	1,096
10	99	37	10,69
10	99	46	3,74
10	99	63	8,718
10	99	65	6,228
10	99	68	0,966
10	99	69	1,263
10	99	70	0,749
10	99	78	2,929
10	99	80	4,252
10	99	86	22,681

